0,-0.142717741154983,-0.766719610657018,0.909437351812123
3.14787840897963e-05,-0.133134204360946,-0.772667217934787,0.905801422295736
9.44363522693889e-05,-0.113942859450498,-0.784384606559383,0.898327466009902
0.000157393920448981,-0.0947067820594591,-0.795792521892416,0.890499303951886
0.000233886965999359,-0.0712860318273925,-0.809233243889408,0.880519275716804
0.000347433321405697,-0.0364492839481459,-0.828317685278314,0.864766969226492
0.000460979676812035,-0.00156562506026539,-0.846348508979288,0.847914134039577
0.000574526032218373,0.033320291374505,-0.863301512772943,0.829981221398486
0.000648057187327771,0.0558930899438891,-0.873696438923761,0.817803348979889
0.000721588342437169,0.0784359151296806,-0.88362428597613,0.805188370846488
0.000795119497546567,0.100936847347594,-0.893081296674462,0.792144449326899
0.000868650652655964,0.123383874860445,-0.902060990094573,0.778677115234174
0.000961177463427724,0.151534312112685,-0.912676497015694,0.761142184903042
0.00105370427419948,0.179556823834715,-0.922520218705582,0.742963394870884
0.00111268315229262,0.197341911088064,-0.928389309489132,0.731047398401099
0.00117166203038577,0.215059164281457,-0.933939010852656,0.718879846571239
0.00123064090847891,0.232702567838403,-0.939168669427234,0.706466101588882
0.00128961978657205,0.250266040957941,-0.944075299449199,0.693809258491293
0.00136226404239717,0.271780042124912,-0.949673715138048,0.677893673013156
0.00143490829822228,0.293152512845201,-0.954776971865393,0.661624459020179
0.0015075525540474,0.314372340357583,-0.959383483355187,0.645011142997652
0.00158019680987252,0.335428438172346,-0.963489811977443,0.628061373805144
0.00165284106569764,0.356309864224333,-0.967094824997028,0.610784960772725
0.00172548532152276,0.377005714210589,-0.970195671636991,0.593189957426405
0.00181348229712925,0.401811168412927,-0.973275398623249,0.571464230210307
0.00190147927273575,0.426309635430697,-0.975610897271546,0.549301261840899
0.00198947624834225,0.450482376090029,-0.977201272672128,0.526718896582142
0.00207747322394875,0.474310883874507,-0.978044440436468,0.503733556561968
0.00216547019955525,0.497776956850825,-0.978140601614335,0.480363644763529
0.00225346717516175,0.520862641544011,-0.977488859265983,0.456626217721958
0.00234146415076825,0.543550308537344,-0.976090513473933,0.432540204936605
0.00242946112637475,0.565822602772771,-0.973945852050811,0.408123249278064
0.00251745810198125,0.587662516989346,-0.971057274594222,0.383394757604901
0.00262586035838268,0.613947155626983,-0.966478629802074,0.352531474175101
0.00273426261478412,0.639519999846349,-0.960779531512978,0.321259531666638
0.00284266487118555,0.66435129513206,-0.95396590128885,0.289614606156812
0.00295106712758699,0.688412237550206,-0.946046334975069,0.257634097424862
0.00305946938398842,0.711674887572353,-0.937029343854659,0.225354456282336
0.00316787164038986,0.734112282572166,-0.926926044511168,0.192813761938985
0.00327627389679129,0.755698375892713,-0.915747507087638,0.160049131194939
0.00338467615319273,0.776408152092518,-0.903507326459813,0.127099174367259
0.00349307840959416,0.796217570745588,-0.890219077872012,0.0940015071264304
0.0036014806659956,0.815103676935009,-0.875898776199743,0.0607950992647486
0.00370988292239703,0.833044546690397,-0.860562435039728,0.02751788834933
0.00381828517879847,0.850019391710601,-0.844228419005001,-0.00579097270559461
0.00392668743519991,0.866008505773816,-0.826915101947152,-0.039093403826617
0.00399505876056904,0.875578215402775,-0.815500664288544,-0.0600775511142283
0.00406343008593818,0.884743892718192,-0.803709818705788,-0.0810340740123403
0.00413180141130731,0.893501359342099,-0.791548476562886,-0.101952882779176
0.00420017273667645,0.90184656444251,-0.77902173914931,-0.122824825293158
0.00429241889609079,0.912445550388448,-0.761552863291864,-0.150892687096567
0.00438466505550513,0.922278298310321,-0.743444156945107,-0.178834141365213
0.00444460714819657,0.928253206890253,-0.731341270786683,-0.196911936103551
0.00450454924088801,0.933898907303369,-0.718978882153477,-0.214920025149848
0.00456449133357945,0.939213426173124,-0.706361770055562,-0.232851656117557
0.00462443342627089,0.944194863305359,-0.693493999225204,-0.250700864080104
0.00469695689230656,0.949774027984548,-0.677597404704938,-0.272176623279579
0.00476948035834222,0.954860165063824,-0.661348879662589,-0.29351128540118
0.00484200382437789,0.959450650937753,-0.644757229229584,-0.314693421708173
0.00491452729041356,0.963543085394016,-0.627830719000921,-0.33571236639306
0.00498705075644923,0.967135360679051,-0.610578477615655,-0.356556883063387
0.00505957422248489,0.970225596364908,-0.593009132187761,-0.37721646417715
0.00514770440491349,0.973302777288992,-0.571245954105803,-0.402056823183163
0.00523583458734208,0.975633903778844,-0.549044687241812,-0.426589216536976
0.00532396476977068,0.97721720157329,-0.526422690263192,-0.450794511310025
0.00541209495219927,0.978051441583268,-0.503397016671479,-0.474654424911773
0.00550022513462786,0.978135997860887,-0.479985616451828,-0.498150381409042
0.00558835531705646,0.977470791646671,-0.456206152274539,-0.521264639372109
0.00567648549948505,0.976056345982989,-0.432077131641328,-0.543979214341644
0.00576461568191365,0.973893731993821,-0.407616779511453,-0.566276952482311
0.00585274586434224,0.970984619907494,-0.382844109896468,-0.588140510010963
0.00596114997061117,0.966385796225847,-0.351972566079416,-0.614413230146405
0.0060695540768801,0.960666239041926,-0.320692788174141,-0.639973450867744
0.00617795818314903,0.953832589310688,-0.289040908347034,-0.664791680963637
0.00628636228941796,0.945892785138847,-0.257053895890647,-0.68883888924817
0.00639476639568689,0.936856027845017,-0.224768637976874,-0.712087389868145
0.00650317050195582,0.926732804800078,-0.19222280073448,-0.734510004065559
0.00661157460822475,0.915534847909602,-0.159453917948064,-0.756080929961501
0.00671997871449368,0.903275150014757,-0.126500203251533,-0.776774946763205
0.00682838282076261,0.889967920913321,-0.0933996705639722,-0.796568250349315
0.00693678692703154,0.875628599342021,-0.0601909085479248,-0.815437690794076
0.00704519103330047,0.860273807262391,-0.0269122349481702,-0.833361572314191
0.0071535951395694,0.8439213578171,0.00639756367895553,-0.850318921496001
0.00726199924583833,0.826590208009851,0.0397000444998788,-0.866290252509699
0.00732977899240831,0.815265151130455,0.0605021974172322,-0.875767348547662
0.00739755873897828,0.803570538110977,0.0812768403368516,-0.884847378447796
0.00746533848554826,0.791511626455844,0.102014464567019,-0.893526091022856
0.00753311823211823,0.779093873865553,0.122705845068654,-0.901799718934132
0.00762529840154907,0.761640330636207,0.15075425887905,-0.912394589515225
0.0077174785709799,0.743548028677836,0.178676412197387,-0.922224440875169
0.00777762310284411,0.73140599512291,0.196815811280458,-0.928221806403314
0.00783776763470832,0.719002898066639,0.214884926439312,-0.933887824505937
0.00789791216657253,0.706343135159146,0.232877213772893,-0.939220348932004
0.00795805669843674,0.693431226091645,0.25078638061835,-0.944217606709908
0.00803056539214206,0.677536390206281,0.272257317037567,-0.949793707243818
0.00810307408584738,0.661289986044046,0.29358705036908,-0.954877036413101
0.0081755827795527,0.644700445900629,0.314764395622791,-0.95946484152337
0.00824809147325802,0.627776387264052,0.33577846511622,-0.963554852380233
0.00832060016696334,0.610526588548106,0.356618251272514,-0.967144839820522
0.00839310886066866,0.592960006388513,0.377273038755452,-0.97023304514391
0.00848127229539378,0.571187438676482,0.402122096622389,-0.973309535298832
0.00856943573011889,0.548976651563845,0.426662805527634,-0.975639457091415
0.00865759916484401,0.526344717619231,0.450876208539594,-0.977220926158757
0.00874576259956913,0.503309009513396,0.474743811366612,-0.978052820879989
0.00883392603429425,0.479887207609524,0.498247204917543,-0.978134412527025
0.00892208946901936,0.456097279224583,0.521368446874942,-0.977465726099489
0.00901025290374448,0.431957477881539,0.544089711008345,-0.976047188889827
0.0090984163384696,0.407486319380251,0.566393652963318,-0.973879972343538
0.00918657977319472,0.382702578534037,0.588263079153653,-0.970965657687638
0.00929498411635717,0.351829064275082,0.614532607631571,-0.966361671906593
0.00940338845951963,0.320547357689338,0.640089572682404,-0.960636930371664
0.00951179280268209,0.288893836746119,0.664904330782641,-0.953798167528714
0.00962019714584455,0.256905234375628,0.688948007588017,-0.945853241963574
0.009728601489007,0.224618673085265,0.712192771708805,-0.936811444794031
0.00983700583216946,0.19207159225963,0.734611595082575,-0.926683187342111
0.00994541017533192,0.159301750880675,0.756178536857524,-0.915480287738164
0.0100538145184944,0.126347144994205,0.776868521074369,-0.903215666068489
0.0101622188616568,0.0932460039683997,0.796657610930329,-0.889903614898676
0.0102706232048193,0.0600367076201596,0.815522795716128,-0.875559503336205
0.0103790275479818,0.0267577797801705,0.833442252986545,-0.860200032766688
0.0104874318911442,-0.00655219348913693,0.850395143155792,-0.843842949666597
0.0105958362343067,-0.0398545722594886,0.866361859487548,-0.826507287227995
0.0106634651444118,-0.0606103384552003,0.875815410751815,-0.815205072296557
0.0107310940545169,-0.0813385757571677,0.884873580290446,-0.803535004533219
0.010798722964622,-0.102030019322883,0.893532261032943,-0.79150224171001
0.0108663518747272,-0.122675331627542,0.901787600055448,-0.77911226842783
0.0109585130390467,-0.150718137908828,0.912381217780578,-0.761663079871691
0.0110506742033662,-0.178634685283852,0.922210090740053,-0.743575405456131
0.0111108717084693,-0.196790221418439,0.928213376778251,-0.73142315535973
0.0111710692135724,-0.214875282939949,0.933884685583931,-0.719009402643931
0.0112312667186755,-0.232883458176643,0.939221961029383,-0.70633850285268
0.0112914642237786,-0.250808293745426,0.944223333120803,-0.693415039375294
0.0113639700733598,-0.272278284317222,0.949798745857613,-0.677520461540328
0.0114364759229409,-0.293607006205286,0.95488138104448,-0.66127437483912
0.0115089817725221,-0.31478340518974,0.959468569293557,-0.644685164103754
0.0115814876221032,-0.335796469667591,0.963557960796275,-0.627761491128609
0.0116539934716844,-0.356635314820351,0.967147404495277,-0.610512089674853
0.0117264993212655,-0.377289109077169,0.97023506694931,-0.592945957872086
0.0118146722432324,-0.402140657324361,0.973311385278597,-0.571170727954192
0.0119028451651992,-0.42668372142474,0.975640938011875,-0.548957216587061
0.0119910180871661,-0.450899446320851,0.977221909573332,-0.526322463252401
0.012079191009133,-0.47476922693321,0.978053111366778,-0.503283884433525
0.0121673639310998,-0.498274750836441,0.978133880428253,-0.479859129591778
0.0122555368530667,-0.521397970543033,0.977464178706706,-0.456066208163609
0.0123437097750335,-0.544121151567118,0.976044496414935,-0.431923344847749
0.0124318826970004,-0.566426849747502,0.973875945694055,-0.407449095946514
0.0125200556189672,-0.588297958611873,0.970960168016286,-0.382662209404361
0.0126284599107685,-0.614566535169121,0.966354696152428,-0.351788160983242
0.0127368642025698,-0.640122552845182,0.960628505086447,-0.320505952241234
0.0128452684943711,-0.664936283458151,0.953788276140841,-0.288851992682632
0.0129536727861723,-0.688978937907024,0.945841923248371,-0.256862985341315
0.0130620770779736,-0.712222603764694,0.936798686662101,-0.22457608289735
0.0131704813697749,-0.734640334794529,0.926669030781683,-0.192028695987099
0.0132788856615761,-0.756206112597138,0.915464725025243,-0.159258612428071
0.0133872899533774,-0.776894939770007,0.903198740372894,-0.126303800602842
0.0134956942451787,-0.796682805307125,0.889885322731134,-0.093202517423935
0.0136040985369799,-0.815546773921438,0.875539889999426,-0.0599931160779745
0.0137125028287812,-0.833464952165742,0.860179098862152,-0.026714146696377
0.0138209071205825,-0.850416572869486,0.843820742565442,0.00659583030409156
0.0139293114123837,-0.866381961358135,0.826483811466593,0.039898149891572
0.0139968992820455,-0.87582908766432,0.815187801934193,0.0606412857301461
0.0140644871517072,-0.884881273182282,0.803524372977701,0.0813569002046303
0.0141320750213689,-0.893534482434284,0.791498713781748,0.102035768652614
0.0141996628910306,-0.901784807879472,0.779116259749291,0.122668548130225
0.0142918190627665,-0.912378070866252,0.761668200976643,0.150709869889668
0.0143839752345023,-0.922206645871506,0.743581702746792,0.178624943124781
0.0144441850958336,-0.928211321332122,0.73142708258475,0.19678423874744
0.0145043949571649,-0.933883857072089,0.719010833769191,0.214873023302947
0.0145646048184962,-0.939222248492109,0.706337348224812,0.232884900267345
0.0146248146798275,-0.944224573583871,0.693411179733215,0.250813393850717
0.0146973182169994,-0.949799712116042,0.677517038937953,0.272282673178153
0.0147698217541713,-0.954882080717313,0.661271398590973,0.293610682126372
0.0148423252913432,-0.95946905608975,0.644682671907507,0.314786384182302
0.0149148288285151,-0.963558244328347,0.627759491626803,0.335798752701593
0.014987332365687,-0.96714753759836,0.610510618062572,0.356636919535882
0.0150598359028589,-0.970235061008464,0.592945021982842,0.377290039025682
0.0151480094425514,-0.973311380663242,0.571169628866191,0.402141751797114
0.015236182982244,-0.975640904833549,0.54895593655185,0.426684968281774
0.0153243565219366,-0.977221856140417,0.526321009220746,0.450900846919701
0.0154125300616292,-0.978053008762154,0.50328224004741,0.474770768714777
0.0155007036013218,-0.97813373603428,0.479857301970532,0.498276434063775
0.0155888771410144,-0.977463964592966,0.456064182332616,0.521399782260356
0.015677050680707,-0.976044219151039,0.4319211281525,0.544123090998587
0.0157652242203996,-0.973875578353735,0.407446674791766,0.566428903562028
0.0158533977600922,-0.970959716466792,0.382659591416151,0.588300125050652
0.015961802024252,-0.966354147082424,0.351785512509662,0.61456863457279
0.0160702062884119,-0.960627874971944,0.320503286185321,0.640124588786691
0.0161786105525717,-0.953787551074835,0.288849302572143,0.664938248502704
0.0162870148167315,-0.945841119267685,0.25686028368573,0.688980835582014
0.0163954190808914,-0.936797790673058,0.22457336362746,0.712224427045651
0.0165038233450512,-0.926668058400376,0.192025971223117,0.734642087177314
0.016612227609211,-0.915463663936805,0.159255876472906,0.75620778746396
0.0167206318733708,-0.90319760578871,0.1263010651887,0.776896540600033
0.0168290361375307,-0.889884103080767,0.0931997771950012,0.79668432588581
0.0169374404016905,-0.875538600103916,0.0599903823789791,0.815548217724921
0.0170458446658503,-0.860177727861644,0.0267114144827198,0.833466313378955
0.0171542489300102,-0.84381930490289,-0.00659855007499351,0.850417854977903
0.01726265319417,-0.826482296959004,-0.0399008619821052,0.866383158941145
0.0173302399571816,-0.815186435273221,-0.0606436512593533,0.875830086532564
0.0173978267201932,-0.803523155191818,-0.0813589264086042,0.884882081600445
0.0174654134832049,-0.791497668418542,-0.102037448772753,0.893535117191319
0.0175330002462165,-0.779115388097159,-0.122669889839917,0.901785277937087
0.0176251563918953,-0.761667311703087,-0.150711194660232,0.91237850636334
0.0177173125375741,-0.743580786658868,-0.17862625650087,0.92220704315978
0.0177775207336465,-0.731426494025961,-0.19678504284379,0.928211536869789
0.0178377289297188,-0.71901057779743,-0.214873327854495,0.933883905651956
0.0178979371257911,-0.706337448352067,-0.232884703604545,0.939222151956631
0.0179581453218635,-0.693411640972149,-0.250812706335372,0.94422434730754
0.0180306459419676,-0.677518164478235,-0.272281126503579,0.949799290981851
0.0181031465620718,-0.661273207782449,-0.293608293776472,0.954881501558952
0.018175647182176,-0.644685199398331,-0.314783162613955,0.959468362012295
0.0182481478022802,-0.627762755168474,-0.335794717725473,0.963557472894
0.0183206484223844,-0.610514649660004,-0.356632082536685,0.967146732196721
0.0183931490424885,-0.592949837652797,-0.377284422098646,0.970234259751451
0.0184813190285379,-0.571175437240148,-0.402135205059985,0.973310642300153
0.0185694890145873,-0.548962761506755,-0.426677526083102,0.975640287589844
0.0186576590006366,-0.526328886122042,-0.450892537171461,0.97722142329353
0.018745828986686,-0.503291188750517,-0.474761629919983,0.978052818670506
0.0188339989727353,-0.479867353046671,-0.498266498626594,0.978133851673307
0.0189221689587847,-0.456075351423975,-0.521389092651753,0.977464444075712
0.019010338944834,-0.431933440885933,-0.544111683899654,0.97604512478561
0.0190985089308834,-0.407460142422268,-0.566416825208644,0.973876967630904
0.0191866789169327,-0.382674234496363,-0.58828741616688,0.970961650663253
0.0192950831612432,-0.351800364095889,-0.614556257728129,0.966356621824011
0.0194034874055537,-0.320518334559341,-0.640112555259968,0.960630889819338
0.0195118916498641,-0.288864524883778,-0.66492657607352,0.953791100957289
0.0196202958941746,-0.256875667553762,-0.688969534858061,0.945845202411826
0.019728700138485,-0.224588886013994,-0.712213514828615,0.936802400842649
0.0198371043827955,-0.192041619159167,-0.73463157334601,0.926673192505193
0.019945508627106,-0.159271626800342,-0.756197687789153,0.915469314589496
0.0200539128714164,-0.126316904440683,-0.776886864165966,0.903203768606636
0.0201623171157269,-0.0932156821675798,-0.796675087378861,0.889890769546419
0.0202707213600373,-0.0600063392003788,-0.815539425371826,0.875545764572231
0.0203791256043478,-0.0267273999799888,-0.833457980731522,0.860185380711516
0.0204875298486583,0.0065825500846822,-0.850409989346936,0.843827439262248
0.0205959340929687,0.0398848705626238,-0.8663757726982,0.826490902135545
0.0206635374017751,0.0606327497611362,-0.875825267759348,0.815192517998226
0.0207311407105814,0.0813531105516177,-0.884879641793601,0.803526531242006
0.0207987440193877,0.102036699256459,-0.893534859622548,0.791498160366069
0.020866347328194,0.122674188418261,-0.901787007975924,0.779112819557677
0.0209585054339536,0.150716069040025,-0.912380338548912,0.761664269508902
0.0210506635397132,0.178631700943298,-0.922208945816994,0.74357724487371
0.0211108648131284,0.196788381702658,-0.928212669699431,0.731424287996754
0.0211710660865436,0.214874579593253,-0.933884346814204,0.71900976722091
0.0212312673599588,0.232883882167469,-0.939221976058164,0.706338093890692
0.021291468633374,0.250809834398765,-0.944223633725381,0.693413799326594
0.0213639672523285,0.272277680807723,-0.949798496938168,0.677520816130435
0.0214364658712829,0.293604286944435,-0.954880656596001,0.66127636965156
0.0215089644902374,0.314778602296867,-0.959467492137428,0.644688889840549
0.0215814631091919,0.335789618159694,-0.963556607851147,0.627766989691453
0.0216539617281463,0.356626453320802,-0.96714589836197,0.610519445041143
0.0217264603471008,0.377278279052172,-0.970233486962459,0.592955207910248
0.0218146263281285,0.402128013159989,-0.973309931836854,0.57118191867687
0.0219027923091562,0.426669321421224,-0.975639709468958,0.548970388047697
0.0219909582901838,0.450883353422774,-0.977221044493369,0.526337691070609
0.0220791242712115,0.474751507990723,-0.978052709147559,0.503301201156829
0.0221672902522392,0.498255477139252,-0.978134078290832,0.479878601151558
0.0222554562332668,0.521377217108352,-0.977465076314525,0.456087859206143
0.0223436222142945,0.544098997632816,-0.976046228971061,0.431947231338218
0.0224317881953222,0.566403378081248,-0.97387861235396,0.407475234272686
0.0225199541763498,0.588273255964213,-0.970963901291107,0.38269064532688
0.0226283584002409,0.614542466799731,-0.966359475546539,0.351817008746781
0.0227367626241319,0.640099148023992,-0.960634342600373,0.320535194576339
0.0228451668480229,0.664913570431254,-0.953795150543154,0.288881580111906
0.0229535710719139,0.688956944399711,-0.945849843425599,0.256892899025907
0.0230619752958049,0.712201356442246,-0.936807629595446,0.224606273153179
0.023170379519696,0.734619859733054,-0.926679002293,0.192059142559931
0.023278783743587,0.756186434762675,-0.915475700310502,0.159289265547784
0.023387187967478,0.776876083469032,-0.903210722251432,0.12633463878236
0.023495592191369,0.796664793686867,-0.88989828462902,0.0932334909421331
0.02360399641526,0.815529629402672,-0.875553831806054,0.0600242024033801
0.0237124006391511,0.833448695964529,-0.860193992261848,0.0267452962972967
0.0238208048630421,0.850401225412879,-0.843836584599928,-0.00656464081299511
0.0239292090869331,0.866367541826798,-0.826500572118152,-0.0398669697086477
0.0239968296333036,0.875819734131932,-0.815199579044388,-0.0606201550875454
0.024064450179674,0.88487660797148,-0.80353079362506,-0.0813458143464281
0.0241320707260445,0.893534122012206,-0.791499436445175,-0.102034685567013
0.024199691272415,0.901788362813974,-0.779110927596184,-0.122677435217789
0.0242918513826647,0.912381826929676,-0.76166191592311,-0.150719911006586
0.0243840114929145,0.922210534622632,-0.743574404793674,-0.17863612982896
0.024444207131308,0.928213630845288,-0.731422533070009,-0.196791097775261
0.0245044027697015,0.933884743382345,-0.719009147870429,-0.214875595511938
0.024564598408095,0.939221869267244,-0.706338657758108,-0.232883211509147
0.0246247940464885,0.94422308768812,-0.693415594266074,-0.250807493422054
0.0246972927837944,0.949798012445797,-0.677522623132191,-0.272275389313614
0.0247697915211003,0.954880233421108,-0.661278187346155,-0.293602046074975
0.0248422902584062,0.959467127883494,-0.644690715544754,-0.314776412338753
0.0249147889957121,0.963556302146198,-0.627768822045368,-0.33578748010084
0.024987287733018,0.967145648795599,-0.61052128145244,-0.356624367343186
0.025059786470324,0.970233293029065,-0.592957047034105,-0.377276245994991
0.0251479510268277,0.973309754423536,-0.5711841491339,-0.402125605289644
0.0252361155833314,0.975639573809606,-0.548973022922744,-0.426666550886868
0.0253242801398352,0.97722097406452,-0.526340741461094,-0.450880232603448
0.0254124446963389,0.978052729153375,-0.503304678371981,-0.474748050781451
0.0255006092528427,0.978134212191483,-0.47988251453485,-0.498251697656629
0.0255887738093464,0.977465349137461,-0.456092218224652,-0.521373130912799
0.0256769383658501,0.97604666400884,-0.4319520435138,-0.544094620495098
0.0257651029223539,0.97387923431077,-0.407480507168507,-0.566398727142266
0.0258532674788576,0.970964733141592,-0.3826963845828,-0.588268348558822
0.0259616716953751,0.966360515362562,-0.351822828791009,-0.614537686571556
0.0260700759118925,0.960635588708052,-0.32054108833982,-0.640094500368231
0.02617848012841,0.953796602458822,-0.288887541339531,-0.664909061119296
0.0262868843449275,0.945851499024378,-0.256898920499762,-0.688952578524613
0.0263952885614449,0.936809487887277,-0.224612348443915,-0.712197139443381
0.0265036927779624,0.926681060706173,-0.192065264325089,-0.734615796381113
0.0266120969944798,0.915477957356574,-0.159295427213827,-0.75618253014275
0.0267205012109973,0.903213174918722,-0.126340832912656,-0.776872342006072
0.0268289054275148,0.889900930941129,-0.093239710851557,-0.796661220089583
0.0269373096440322,0.875556668320644,-0.0600304405928037,-0.815526227727845
0.0270457138605497,0.860197016526892,-0.0267515460034066,-0.833445470523491
0.0271541180770671,0.843839792753823,0.00655838711961363,-0.850398179873436
0.0272625222935846,0.826503961248003,0.0398607188358055,-0.866364680083834
0.0273301476722349,0.815202257217716,0.0606153934202423,-0.875817650638004
0.0273977730508851,0.803532707639584,0.0813425397459397,-0.884875247385521
0.0274653984295354,0.791500533119394,0.102032894564846,-0.893533427684227
0.0275330238081856,0.779111155932419,0.122677121690989,-0.901788277623412
0.0276251844995114,0.761662037291056,0.15071977529926,-0.912381812590346
0.0277173451908371,0.743574411601167,0.178636170089925,-0.922210581691075
0.0277775407787912,0.731422548169518,0.196791122747921,-0.928213670917439
0.0278377363667453,0.719009172181598,0.214875604991473,-0.93388477717307
0.0278979319546994,0.7063386912951,0.232883205869513,-0.939221897164587
0.0279581275426534,0.693415637893154,0.250807472513285,-0.944223110406443
0.0280306277907224,0.677522330705198,0.272275814305631,-0.949798145010838
0.0281031280387914,0.661277544803302,0.293602910582285,-0.954880455385602
0.0281756282868604,0.644689708580865,0.314777709772482,-0.959467418353356
0.0282481285349294,0.627767437658152,0.335789202715713,-0.963556640373881
0.0283206287829984,0.610519506469855,0.356626507177408,-0.967146013647281
0.0283931290310674,0.592954869569406,0.377278793974825,-0.970233663544263
0.0284812951114782,0.571181544376657,0.402128549181895,-0.973310093558585
0.0285694611918889,0.548969978113493,0.426669877514736,-0.97563985562822
0.0286576272722996,0.526337244116007,0.450883928252834,-0.977221172368835
0.0287457933527103,0.503300717591547,0.474752100413823,-0.978052818005359
0.0288339594331211,0.479878079765221,0.498256085717747,-0.978134165483008
0.0289221255135318,0.456087300501974,0.521377840586426,-0.97746514108842
0.0290102915939425,0.431946634284913,0.544099634475019,-0.976046268759929
0.0290984576743532,0.407474599473176,0.566404026925876,-0.973878626399085
0.029186623754764,0.382689971930288,0.588273915184603,-0.970963887114909
0.0292950279803676,0.351816323230622,0.614543107941402,-0.966359431172035
0.0294034322059712,0.320534497183557,0.640099770154784,-0.960634267338383
0.0295118364315748,0.288880872522169,0.664914172844255,-0.953795045366436
0.0296202406571784,0.256892181536816,0.688957526211276,-0.945849707748142
0.0297286448827821,0.224605547439854,0.712201916987574,-0.936807464427442
0.0298370491083857,0.192058408969364,0.734620398180212,-0.926678807149582
0.0299454533339893,0.159288525747269,0.756186950492421,-0.9154754762397
0.0300538575595929,0.126333893162591,0.776876575704353,-0.903210468866941
0.0301622617851965,0.0932327411590414,0.79666526185781,-0.889898003016846
0.0302706660108001,0.0600234488856325,0.815530072790257,-0.875553521675905
0.0303790702364038,0.0267445406857852,0.833449114051274,-0.860193654737075
0.0304874744620074,-0.00656539805747406,0.850401617540899,-0.843836219483451
0.030595878687611,-0.0398677269640195,0.866367907534102,-0.826500180570089
0.0306634959978028,-0.0606199193707376,0.875819639973316,-0.81519972060258
0.0307311133079945,-0.0813445877740567,0.884876091873926,-0.803531504099887
0.0307987306181863,-0.102032472666742,0.893533222329889,-0.791500749663153
0.0308663479283781,-0.122674240818401,0.901787118596131,-0.779112877777733
0.0309585077058345,-0.150716628654048,0.912380628599728,-0.761663999945699
0.031050667483291,-0.178632762592077,0.922209388738285,-0.743576626146211
0.0311108674076372,-0.196789033098457,0.928212959361946,-0.731423926263464
0.0311710673319835,-0.214874823610768,0.933884499318623,-0.719009675707878
0.0312312672563298,-0.232883722103776,0.939222005072304,-0.706338282968525
0.0312914671806761,-0.250809274001727,0.944223555527102,-0.693414281525356
0.0313639686187843,-0.272277955464042,0.94979863510749,-0.677520679643442
0.0314364700568925,-0.293605385479,0.95488097390806,-0.661275588429065
0.0315089714950008,-0.314780512226175,0.959467948828815,-0.64468743660265
0.031581472933109,-0.335792325738244,0.963557166072377,-0.62776484033412
0.0316539743712173,-0.356629943525715,0.967146517939668,-0.610516574413956
0.0317264758093255,-0.377282535628015,0.970234129588704,-0.59295159396068
0.0318146442594433,-0.402132909276156,0.973310518825309,-0.571177609549186
0.0319028127095611,-0.426674835958569,0.975640199536899,-0.548965363578334
0.0319909811596788,-0.450889463717876,0.977221394455221,-0.526331930737352
0.0320791496097966,-0.474758189895144,0.978052877687265,-0.503294687792162
0.0321673180599144,-0.498262705028001,0.978134022411242,-0.479871317383238
0.0322554865100322,-0.521384963940241,0.977464754926983,-0.456079790986747
0.03234365496015,-0.544107234963456,0.976045599522713,-0.431938364559241
0.0324318234102678,-0.566412076125668,0.973877634243361,-0.407465558117683
0.0325199918603855,-0.58828238361459,0.970962532664285,-0.382680149049731
0.0326283960997916,-0.614551356110938,0.966357715929445,-0.351806359818512
0.0327368003391977,-0.640107788319085,0.960632193004164,-0.320524404685079
0.0328452045786038,-0.66492195133453,0.953792613937952,-0.288870662603449
0.0329536088180098,-0.688965055820582,0.945846921757395,-0.256881865936835
0.0330620130574159,-0.712209188608015,0.936804326704236,-0.22459513809623
0.033170417296822,-0.734627403177412,0.9266753210483,-0.192047917870873
0.0332788215362281,-0.756193680358709,0.915471645410825,-0.159277965052128
0.0333872257756342,-0.776883022418237,0.903206297473586,-0.126323275055361
0.0334956300150402,-0.796671417550917,0.8898934955141,-0.0932220779631968
0.0336040342544463,-0.815535930092651,0.875548683017816,-0.0600127529252123
0.0337124384938524,-0.833454665770868,0.860188490163772,-0.0267338243928893
0.0338208427332585,-0.850406856994814,0.843830734718349,0.00657612227644364
0.0339292469726645,-0.866372828240489,0.826494381614798,0.0398784466257145
0.0339968536632089,-0.875822904249875,0.815195534154568,0.0606273700953106
0.0340644603537533,-0.884877822270347,0.803529047506808,0.0813487747635348
0.0341320670442977,-0.893533543512533,0.791500137931965,0.10203340558056
0.0341996737348421,-0.901786156951385,0.779114223294256,0.122671933657146
0.0342918322748057,-0.912379592140498,0.761665637145809,0.150713954994751
0.0343839908147693,-0.92220829875615,0.743578570702732,0.178629728053418
0.0344441945988246,-0.928212298790733,0.731425127293059,0.196787171497667
0.0345043983828799,-0.933884225740609,0.719010099172538,0.214874126568075
0.0345646021669352,-0.939222075790896,0.706337895756575,0.232884180034337
0.0346248059509906,-0.944223927361872,0.693413051322244,0.250810876039632
0.0346973073460227,-0.949798967104958,0.677519432548983,0.272279534555957
0.0347698087410549,-0.95488126639437,0.661274325452552,0.293606940941794
0.0348423101360871,-0.959468202259304,0.644686158816109,0.31478204344318
0.0349148115311192,-0.963557380823867,0.627763548741501,0.335793832082361
0.0349873129261514,-0.967146694510721,0.610515270077974,0.356631424432699
0.0350598143211836,-0.970234268403974,0.592950277879184,0.377283990524804
0.0351479837999444,-0.973310645585261,0.571176010922396,0.40213463466284
0.0352361532787052,-0.97564029663031,0.548963473336682,0.426676823293621
0.035324322757466,-0.977221444340392,0.526329740492366,0.450891703847995
0.0354124922362268,-0.978052862744191,0.503292189737157,0.474760673007036
0.0355006617149876,-0.978133925138976,0.479868504414516,0.49826542072445
0.0355888311937484,-0.977464557804351,0.456076656609571,0.521387901194759
0.0356770006725092,-0.976045285197293,0.431934903002781,0.544110382194523
0.03576517015127,-0.97387718540004,0.407461764244573,0.566415421155475
0.0358533396300308,-0.970961932206374,0.382676018464631,0.588285913741758
0.0359617438751745,-0.966356965787544,0.351802171180797,0.614554794606735
0.0360701481203181,-0.960631293895992,0.320520162785328,0.6401111311107
0.0361785523654618,-0.953791566683158,0.288866372248221,0.664925194434924
0.0362869566106055,-0.945845727418384,0.256877532036902,0.688968195381447
0.0363953608557492,-0.936802986446708,0.224590765572302,0.712212220874365
0.0365037651008928,-0.926673836275895,0.192043511735954,0.73463032453988
0.0366121693460365,-0.915470017630294,0.15927353031993,0.756196487310336
0.0367205735911802,-0.903204528423933,0.126318816818765,0.776885711605152
0.0368289778363239,-0.889891587036628,0.093217601305884,0.796673985730717
0.0369373820814675,-0.875546637179565,0.0600082629966783,0.815538374182852
0.0370457863266112,-0.860186309132292,0.026729326323183,0.833456982809078
0.0371541905717549,-0.843828420879922,-0.00658062330492352,0.8504090441848
0.0372625948168986,-0.826491937453456,-0.0398829454603921,0.866374882913864
0.0373301980196345,-0.815193603096362,-0.0606307940798958,0.875824397176274
0.0373978012223705,-0.803527668308705,-0.0813511252137046,0.884878793522382
0.0374654044251065,-0.791499348613684,-0.10203468522387,0.893534033837568
0.0375330076278424,-0.779114060998901,-0.122672146698206,0.901786207697055
0.0376251657359377,-0.761665554446081,-0.150714035882679,0.912379590328708
0.037717323844033,-0.743578573574624,-0.178629677961173,0.92220825153581
0.0377775276897131,-0.731425119087285,-0.196787140077684,0.92821225916493
0.0378377315353933,-0.719010079311794,-0.21487411371924,0.933884193031012
0.0378979353810735,-0.706337863722824,-0.232884185605355,0.9392220493282
0.0379581392267537,-0.693413006567788,-0.250810899887251,0.944223906455004
0.0380306397332687,-0.677519585209917,-0.272279296012364,0.949798881222234
0.0381031402397837,-0.661274684017711,-0.293606443623512,0.954881127641176
0.0381756407462987,-0.644686731499103,-0.31478129134813,0.959468022847222
0.0382481412528137,-0.627764343395498,-0.335792829634905,0.963557173030348
0.0383206417593287,-0.610516294262626,-0.356630176430655,0.96714647069324
0.0383931422658436,-0.592951538779793,-0.377282502181466,0.970234040961226
0.038481310960194,-0.571177495040357,-0.402132944554405,0.973310439594758
0.0385694796545444,-0.548965187273035,-0.426674938244798,0.975640125517778
0.0386576483488948,-0.526331690400985,-0.450889631147334,0.977221321548328
0.0387458170432452,-0.503294381249667,-0.474758420438464,0.978052801688106
0.0388339857375956,-0.479870942694316,-0.498262996515336,0.978133939209629
0.0389221544319459,-0.456079346280366,-0.521385314044632,0.977464660324983
0.0390103231262963,-0.431937848200879,-0.544107641224008,0.976045489424878
0.0390984918206467,-0.40746496855162,-0.566412535932083,0.973877504483655
0.0391866605149971,-0.382679484958082,-0.588282894229545,0.970962379187618
0.0392950647551622,-0.351805688319365,-0.614551853630444,0.966357541949773
0.0394034689953272,-0.320523726475378,-0.640108272185319,0.960631998660642
0.0395118732354923,-0.288869978315809,-0.664922420996915,0.953792399312687
0.0396202774756574,-0.256881176282782,-0.688965510752768,0.945846687035514
0.0397286817158224,-0.224594443725111,-0.71220962829184,0.936804072016901
0.0398370859559875,-0.192047219506798,-0.734627827119686,0.926675046626477
0.0399454901961526,-0.159277263358327,-0.756194088075698,0.915471351433973
0.0400538944363176,-0.126322570765572,-0.776883413452088,0.903205984217633
0.0401622986764827,-0.0932213717513316,-0.796671791454692,0.889893163205998
0.0402707029166478,-0.0600120455315068,-0.815536286445961,0.875548331977453
0.0403791071568128,-0.0267331164985884,-0.833455004165685,0.860188120664253
0.0404875113969779,0.00657682992783897,-0.850407177050305,0.84383034712245
0.040595915637143,0.039879153348948,-0.866373129589477,0.826493976240471
0.0406635235780164,0.0606284591996785,-0.875823364815375,0.815194905615656
0.0407311315188898,0.0813502448142269,-0.884878427236371,0.803528182422064
0.0407987394597632,0.102035254570925,-0.893534277853394,0.791499023282454
0.0408663474006366,0.12267415911809,-0.901787005432656,0.779112846314521
0.0409585060394428,0.150716201172655,-0.912380393433361,0.761664192260658
0.0410506646782491,0.178631992890862,-0.922209050558619,0.743577057667706
0.0411108655772017,0.196788559438591,-0.928212731002987,0.731424171564345
0.0411710664761542,0.214874643916175,-0.933884370033143,0.719009726116936
0.0412312673751068,0.232883833979451,-0.939221964136966,0.706338130157471
0.0412914682740594,0.250809674740677,-0.944223592003639,0.693413917262944
0.0413639679256844,0.27227782633404,-0.949798532739112,0.677520706405001
0.0414364675773094,0.293604733539139,-0.954880756946507,0.66127602340733
0.0415089672289343,0.31477934535414,-0.959467641825606,0.644688296471452
0.0415814668805593,0.335790652622334,-0.963556793636724,0.627766141014373
0.0416539665321843,0.356627773653826,-0.967146104922811,0.610518331268928
0.0417264661838093,0.377279879279355,-0.970233700854291,0.592953821574912
0.0418146333018563,0.402129911751078,-0.973310130494619,0.571180218743487
0.0419028004199032,0.426671508930616,-0.975639874384428,0.548968365453778
0.0419909675379502,0.450885819681819,-0.97722115535337,0.52633533567152
0.0420791346559971,0.47475424215087,-0.978052747388998,0.503298505238063
0.0421673017740441,0.498258467660531,-0.978134023693043,0.479875556032446
0.042255468892091,0.521380451801932,-0.977464910380608,0.456084458578644
0.042343636010138,0.544102463652297,-0.976045931689768,0.431943468037457
0.0424318031281849,0.566407061965463,-0.973878165415368,0.407471103449824
0.0425199702462319,0.588277143631394,-0.970963285009428,0.382686141377986
0.0426283744769897,0.614546252292229,-0.966358692504946,0.351812440212672
0.0427367787077474,0.640102826781835,-0.960633392836849,0.320530566054961
0.0428451829385052,0.664917138030127,-0.953794035720533,0.288876897690397
0.042953587169263,0.688960396530361,-0.94584856399685,0.256888167466446
0.0430619914000208,0.712204688937684,-0.936806187578894,0.224601498641155
0.0431703956307786,0.734623068550741,-0.926677398551261,0.192054330000459
0.0432787998615363,0.756189516011055,-0.915473937213195,0.159284421202137
0.0433872040922941,0.776879033390686,-0.90320880106329,0.126329767672576
0.0434956083230519,0.796667608684064,-0.889896208064966,0.0932285993808915
0.0436040125538097,0.815532306020919,-0.875551601523586,0.060019295502613
0.0437124167845675,0.833451230917064,-0.860191611313035,0.0267403803959409
0.0438208210153253,0.850403615564722,-0.84383405502415,-0.00656956054058859
0.043929225246083,0.866369784217879,-0.826497897295104,-0.0398718869228145
0.0439968406055196,0.875821172441766,-0.815197696383691,-0.0606234760581189
0.0440644559649561,0.884877302160756,-0.803529760953112,-0.0813475412076988
0.0441320713243926,0.893534132993745,-0.791499309321722,-0.102034823672053
0.0441996866838291,0.901787752415501,-0.779111761383049,-0.122675991032484
0.0442918461919035,0.912381187344493,-0.761662897737379,-0.150718289607164
0.0443840056999778,0.922209876337709,-0.743575542626389,-0.178634333711347
0.0444442036206031,0.928213225508351,-0.731423230378645,-0.19678999512975
0.0445044015412285,0.933884565951639,-0.719009385021943,-0.214875180929721
0.0445645994618538,0.939221894457959,-0.706338414728161,-0.232883479729803
0.0446247973824791,0.944223290005451,-0.693414852406762,-0.250808437598749
0.0446972967078341,0.949798235146986,-0.67752173439445,-0.272276500752538
0.0447697960331891,0.954880468370948,-0.661277146882964,-0.29360332148803
0.044842295358544,0.959467366891282,-0.644689517945654,-0.314777848945681
0.044914794683899,0.963556536986822,-0.627767462875536,-0.335789074111287
0.0449872940092539,0.967145871205551,-0.610519755771071,-0.356626115434529
0.0450597933346089,0.970233494727013,-0.592955350841809,-0.377278143885246
0.0451479592775564,0.973309940327782,-0.57118207222988,-0.402127868097921
0.045236125220504,0.975639720254345,-0.548970553440388,-0.426669166814016
0.0453242911634515,0.977221057352379,-0.526337867721321,-0.450883189631075
0.045412457106399,0.978052725602379,-0.503301390189624,-0.474751335412786
0.0455006230493465,0.978134098160878,-0.479878801978312,-0.498255296182587
0.045588788992294,0.977465101074237,-0.456088072858542,-0.521377028215741
0.0456769549352415,0.976046258474014,-0.431947457218428,-0.54409880125561
0.0457651208781891,0.973878648024947,-0.407475473320831,-0.566403174704127
0.0458532868211366,0.970963943011599,-0.382690896931989,-0.588273046079649
0.045961691045247,0.966359524157432,-0.351817263278892,-0.614542260878543
0.0460700952693575,0.960634397348877,-0.320535451102067,-0.64009894624683
0.0461784994934679,0.953795212103488,-0.28888183911854,-0.664913372984949
0.0462869037175783,0.945849911058221,-0.256893159603617,-0.688956751454598
0.0463953079416888,0.936807703930036,-0.224606535755938,-0.71220116817412
0.0465037121657992,0.926679082602389,-0.192059406301225,-0.734619676301161
0.0466121163899097,0.915475787181425,-0.159289530850463,-0.756186256330964
0.0467205206140201,0.90321081496811,-0.126334904783176,-0.776875910184914
0.0468289248381305,0.889898383736743,-0.0932337580350022,-0.796664625701768
0.046937329062241,0.875553936599842,-0.0600244697483476,-0.815529466851535
0.0470457332863514,0.860194103246977,-0.0267455642615334,-0.833448538985418
0.0471541375104618,0.843836701081524,0.00656437304608203,-0.850401074127621
0.0472625417345723,0.826500694563121,0.0398667017965016,-0.866367396359639
0.0473301617379516,0.81519979694228,0.0606197210717181,-0.87581951801401
0.047397781741331,0.803531113344064,0.0813452142876182,-0.884876327631708
0.0474654017447103,0.791499863144176,0.102033920821078,-0.893533783965274
0.0475330217480897,0.779111467342653,0.122676506328872,-0.901787973671548
0.0476251818223473,0.761662482084855,0.150718974862738,-0.912381456947632
0.0477173418966048,0.743574997897636,0.178635186776888,-0.922210184674511
0.0477775387332606,0.731422894087118,0.196790518832485,-0.928213412919604
0.0478377355699163,0.71900926672184,0.214875377607242,-0.933884644329091
0.047897932406572,0.706338523732323,0.232883352073572,-0.939221875805931
0.0479581292432278,0.693415197785735,0.250807988645676,-0.944223186431415
0.0480306287130744,0.677522054739966,0.272276097338353,-0.949798152078333
0.048103128182921,0.661277440641628,0.293602963252148,-0.954880403893761
0.0481756276527677,0.644689783610053,0.314777535461466,-0.959467319071515
0.0482481271226143,0.627767698989449,0.335788804882527,-0.963556503871989
0.0483206265924609,0.610519960926632,0.356625889900582,-0.967145850827234
0.0483931260623075,0.592955523684865,0.377277961417562,-0.97023348510244
0.0484812917018373,0.571182323552215,0.40212760284986,-0.973309926402095
0.048569457341367,0.54897088608805,0.426668821097992,-0.975639707186077
0.0486576229808967,0.526338284357383,0.450882765954426,-0.977221050311809
0.0487457886204265,0.503301893294468,0.47475083646899,-0.978052729763411
0.0488339542599562,0.479879393842086,0.498254724851278,-0.978134118693371
0.0489221198994859,0.456088755581161,0.52137638755446,-0.97746514313565
0.0490102855390156,0.43194823270253,0.544098094499258,-0.976046327201775
0.0490984511785454,0.4074763432719,0.566402405256536,-0.973878748528448
0.0491866168180751,0.382691862851999,0.588272217512511,-0.970964080364499
0.0492950210409036,0.351818242356262,0.614541453634203,-0.966359695990468
0.0494034252637321,0.320536442235721,0.64009816126672,-0.960634603502442
0.0495118294865606,0.288882841195151,0.66491261118272,-0.953795452377884
0.0496202337093891,0.256894171494654,0.688956013719365,-0.94585018521404
0.0497286379322176,0.22460755632217,0.712200455365872,-0.936808011688075
0.0498370421550461,0.192060434390543,0.734618989253634,-0.926679423644171
0.0499454463778746,0.159290565302458,0.75618559584695,-0.915476161149399
0.0500538506007031,0.126335944427267,0.776875277038872,-0.903211221466116
0.0501622548235316,0.0932348016949515,0.796664020635475,-0.889898822330431
0.0502706590463602,0.0600255162405202,0.815528890576576,-0.875554406817081
0.0503790632691887,0.0267466123992754,0.833447992179095,-0.860194604578376
0.0504874674920172,-0.00656332445402165,0.850400557435184,-0.843837232981162
0.0505958717148457,-0.0398656539416794,0.86636691039058,-0.826501256448871
0.0506634921674204,-0.0606188123000017,0.875819113091835,-0.81520030079181
0.0507311126199951,-0.08134444463566,0.884875998682715,-0.803531554047053
0.0507987330725698,-0.102033290140109,0.893533525828795,-0.791500235688672
0.0508663535251445,-0.122676014282476,0.901787781101836,-0.779111766819359
0.050958513669439,-0.150718506265039,0.912381285073786,-0.761662778808731
0.0510506738137335,-0.178634741810981,0.922210032469104,-0.743575290658106
0.051110871218434,-0.196790246599369,0.928213323641475,-0.731423077042113
0.0511710686231345,-0.214875276868364,0.933884611740981,-0.719009334872619
0.0512312660278349,-0.232883421408303,0.939221893613273,-0.706338472204975
0.0512914634325354,-0.250808226450247,0.944223248284674,-0.693415021834412
0.0513639632683637,-0.272276441750378,0.949798235096088,-0.677521793345694
0.051436463104192,-0.293603412657199,0.954880503053384,-0.661277090396177
0.0515089629400203,-0.314778088079826,0.959467429316387,-0.644689341236535
0.0515814627758486,-0.335789458769212,0.9635566201147,-0.6277671613455
0.0516539626116769,-0.356626642948951,0.967145967956947,-0.610519325007983
0.0517264624475052,-0.377278811359654,0.97023359798807,-0.59295478662843
0.0518146284818447,-0.402128553257546,0.973310025652621,-0.571181472395071
0.0519027945161841,-0.426669868466847,0.975639786031257,-0.548969917564412
0.0519909605505236,-0.450883906537303,0.977221101982062,-0.526337195444756
0.052079126584863,-0.474752066280131,0.97805274749831,-0.503300681218186
0.0521672926192025,-0.498256039673291,0.978134095753608,-0.479878056080283
0.0522554586535419,-0.521377782942673,0.977465072811864,-0.456087289869166
0.0523436246878814,-0.544099565789116,0.9760462028264,-0.431946637037286
0.0524317907222208,-0.566403947568654,0.973878563484345,-0.407474615915687
0.0525199567565603,-0.588273825760569,0.970963828096826,-0.382690002336258
0.052628360982047,-0.614543020267702,0.966359375195832,-0.351816354928149
0.0527367652075337,-0.640099684413141,0.960634214488389,-0.320534530075247
0.0528451694330205,-0.664914089019765,0.953794995530554,-0.288880906510805
0.0529535736585072,-0.688957444476968,0.945849660999406,-0.256892216522446
0.053061977883994,-0.712201837327424,0.936807420650204,-0.224605583322748
0.0531703821094807,-0.734620320758472,0.926678766405781,-0.192058445647326
0.0532787863349674,-0.756186875291502,0.915475438409979,-0.159288563118483
0.0533871905604542,-0.776876502879499,0.903210434002602,-0.126333931123113
0.0534955947859409,-0.796665191389378,0.889897970994836,-0.0932327796054473
0.0536039990114277,-0.815530004824307,0.87555349253704,-0.0600234877126851
0.0537124032369144,-0.833449048565682,0.860193628354714,-0.0267445797890251
0.0538208074624011,-0.850401554672223,0.843836195888171,0.00656535878406178
0.0539292116878879,-0.866367847257228,0.826500159631795,0.0398676876254437
0.0539968299259751,-0.8758197084049,0.815199543740775,0.0606201646641494
0.0540644481640623,-0.88487627805375,0.803531161193392,0.0813451168603546
0.0541320664021494,-0.89353351527918,0.791500230955578,0.102033284323619
0.0541996846402366,-0.901787507039005,0.779112173599609,0.122675333439384
0.0542918445160869,-0.912380999734335,0.761663252913623,0.15071774682072
0.0543840043919373,-0.922209740537672,0.743575835399553,0.178633905138078
0.054444202862397,-0.928213150308365,0.731423416396883,0.196789733911482
0.0545044013328567,-0.933884545309745,0.719009459452861,0.214875085856853
0.0545645998033165,-0.939221922277577,0.706338372858097,0.232883549419487
0.0546247982737762,-0.944223360136346,0.693414689647526,0.250808670488849
0.0546972985521791,-0.949798369382295,0.677521355666362,0.272277013715926
0.054769798830582,-0.954880653683151,0.661276543156483,0.293604110526628
0.054842299108985,-0.959467590158198,0.644688680528863,0.314778909629338
0.0549147993873879,-0.963556785002764,0.627766383425511,0.335790401577236
0.0549872996657908,-0.967146130697474,0.610518426299913,0.356627704397578
0.0550597999441937,-0.970233752365769,0.592953763727839,0.377279988637962
0.0551479667445564,-0.973310168447643,0.57118023730767,0.402129931139986
0.055236133544919,-0.975639904152143,0.548968463615245,0.426671440536883
0.0553243003452816,-0.977221182325331,0.526335516425074,0.450885665900208
0.0554124671456442,-0.978052776968223,0.503298771393496,0.474754005574718
0.0555006339460068,-0.978134061282679,0.479875910201191,0.498258151081454
0.0555888007463694,-0.977464961380463,0.456084903179034,0.521380058201414
0.0556769675467321,-0.976046001483101,0.431944005282001,0.544101996201086
0.0557651343470947,-0.973878259365477,0.407471735350381,0.566406524015077
0.0558533011474573,-0.970963408446677,0.382686869733809,0.588276538712909
0.0559617053773312,-0.966358840876648,0.351813177580431,0.614545663296218
0.0560701096072052,-0.960633566017748,0.320531311631132,0.640102254386574
0.0561785138370791,-0.953794233558666,0.288877650665897,0.664916582892777
0.0562869180669531,-0.945848786309144,0.256888927018615,0.688959859290527
0.056395322296827,-0.936806434155756,0.224602263942476,0.712204170213293
0.056503726526701,-0.926677669152336,0.192055100211577,0.73462256894077
0.0566121307565749,-0.915474231572049,0.159285195480438,0.756189036091546
0.0567205349864489,-0.903209118883126,0.126330545165677,0.776878573717434
0.0568289392163228,-0.889896549023489,0.0932293792349034,0.796667169788565
0.0569373434461967,-0.87555196526906,0.0600200768559951,0.815531888413041
0.0570457476760707,-0.860191997468743,0.0267411623875213,0.833450835081246
0.0571541519059446,-0.843834463184829,-0.0065687787774974,0.850403241962324
0.0572625561358186,-0.826498327031292,-0.0398711062526645,0.866369433283933
0.057330171156955,-0.815198196714225,-0.0606225929181676,0.875820789632408
0.0573977861780915,-0.803530335343727,-0.0813465562533708,0.884876891597101
0.0574654011992279,-0.791499961150356,-0.102033737701399,0.893533698851775
0.0575330162203643,-0.77911249394017,-0.122674804979485,0.901787298919642
0.0576251756917567,-0.761663663619071,-0.150717097767275,0.912380761386328
0.0577173351631491,-0.743576341717766,-0.178633137156368,0.922209478874109
0.0577775346110921,-0.731423734542761,-0.196789263052544,0.928212997595297
0.0578377340590351,-0.719009580812851,-0.214874910008678,0.933884490821517
0.0578979335069781,-0.706338289034127,-0.23288366615273,0.939221955186804
0.0579581329549211,-0.693414392461879,-0.25080907706125,0.944223469523108
0.0580306336500841,-0.677520959550338,-0.272277540810949,0.949798500361262
0.0581031343452471,-0.661276044270672,-0.293604756251657,0.95488080052231
0.0581756350404101,-0.644688075184607,-0.314779671902023,0.959467747086608
0.0582481357355731,-0.627765668087944,-0.335791278129328,0.963556946217254
0.0583206364307361,-0.610517597592645,-0.356628692775413,0.96714629036803
0.0583931371258991,-0.592952818435651,-0.377281086206405,0.970233904642065
0.0584813047762308,-0.571179060547558,-0.402131253799573,0.97331031434711
0.0585694724265624,-0.54896704783265,-0.426672981335514,0.975640029168162
0.0586576400768941,-0.526333854579945,-0.450887417352565,0.977221271932469
0.0587458077272258,-0.5032968569694,-0.474755959675866,0.97805281664523
0.0588339753775574,-0.479873737217215,-0.49826029931671,0.978134036533878
0.0589221430278891,-0.456082466198558,-0.521382391560332,0.977464857758844
0.0590103106782207,-0.431941299423605,-0.544104505188172,0.976045804611752
0.0590984783285524,-0.40746875629548,-0.566409198664885,0.973877954960323
0.059186645978884,-0.382683613735973,-0.588279368602105,0.970962982338031
0.0592950502132905,-0.35180987513811,-0.614548420361383,0.966358295499444
0.0594034544476969,-0.320527966538507,-0.640104935373819,0.960632901912258
0.0595118586821033,-0.288874266765524,-0.664919184637953,0.953793451403457
0.0596202629165098,-0.256885508201031,-0.688962378719114,0.945847886920123
0.0597286671509162,-0.224598814140424,-0.712206604345419,0.936805418485801
0.0598370713853226,-0.192051623397672,-0.734624914892419,0.926676538290071
0.0599454756197291,-0.159281695660839,-0.756191291080054,0.915472986740881
0.0600538798541355,-0.126327026377293,-0.776880735062531,0.903207761439811
0.0601622840885419,-0.0932258455390064,-0.796669234917783,0.889895080456755
0.0602706883229484,-0.0600165323352565,-0.815533854862601,0.875550387197859
0.0603790925573548,-0.0267376111395494,-0.833452700501065,0.860190311640588
0.0604874967917612,0.00657233264316121,-0.850405004116917,0.843832671473721
0.0605959010261677,0.0398746586210105,-0.866371090056873,0.826496431435821
0.0606635127422914,0.0606251277150667,-0.875821926940161,0.815196799225071
0.0607311244584151,0.0813480750136591,-0.884877547561497,0.803529472547795
0.0607987361745388,0.102034243329917,-0.893533912209158,0.791499668879196
0.0608663478906626,0.122674301749195,-0.901787108987986,0.779112807238743
0.0609585069584209,0.150716474027666,-0.912380540513307,0.761664066485628
0.0610506660261792,0.178632394548124,-0.922209233952356,0.743576839404221
0.0611108664188479,0.196788807569818,-0.928212857905661,0.731424050335803
0.0611710668115166,0.214874739609959,-0.933884445998219,0.719009706388215
0.0612312672041852,0.232883778489748,-0.939221994765486,0.706338216275719
0.0612914675968539,0.250809469483255,-0.944223582949985,0.693414113466708
0.0613639684841533,0.272277987491508,-0.949798619094202,0.677520631602674
0.0614364693714526,0.293605256213304,-0.95488092189315,0.661275665679828
0.061508970258752,0.314780224080418,-0.959467868411119,0.644687644330619
0.0615814711460514,0.33579188137578,-0.963557064799323,0.627765183423508
0.0616539720333508,0.356629345856251,-0.967146403501104,0.610517057644799
0.0617264729206502,0.3772817878056,-0.970234009613212,0.59295222180756
0.0618146411621907,0.402132112662826,-0.973310416691632,0.571178304028757
0.0619028094037311,0.426673992674745,-0.975640118801803,0.548966126127008
0.0619909776452715,0.450888576007741,-0.97722133875607,0.526332762748296
0.0620791458868119,0.474757260125071,-0.978052850561488,0.503295590436353
0.0621673141283524,0.498261735682557,-0.978134027461555,0.479872291778952
0.0622554823698928,0.521383957619961,-0.977464795649373,0.456080838029388
0.0623436506114332,0.544106194380508,-0.97604567946372,0.431939485083155
0.0624318188529736,0.566411004101361,-0.973877756835729,0.407466752734315
0.0625199870945141,0.588281283074652,-0.970962701376681,0.382681418301983
0.0626283913319772,0.614550285514098,-0.966357933810266,0.351807648296104
0.0627367955694403,0.640106749005553,-0.960632459862124,0.320525710856519
0.0628451998069034,0.6649209446086,-0.953792929453038,0.288871984844377
0.0629536040443665,0.688964082948891,-0.945847285622756,0.25688320267382
0.0630620082818295,0.712208250818916,-0.936804738487888,0.224596487668913
0.0631704125192926,0.73462650165893,-0.926675780329458,0.192049278670486
0.0632788167567557,0.756192816257579,-0.915472151646976,0.15927933538938
0.0633872209942188,0.776882196838229,-0.903206850131925,0.126324653293678
0.0634956252316819,0.796670631551895,-0.88989409394384,0.0932234623918903
0.063604029469145,0.81553518468886,-0.875549326576531,0.0600141418876655
0.0637124337066081,0.833453961930211,-0.860189178094975,0.0267352161647296
0.0638208379440712,0.850406195637107,-0.843831466273062,-0.00657472936406136
0.0639292421815343,0.866372210237046,-0.82649515593404,-0.0398770543030288
0.0639968515529282,0.875822680773116,-0.815195879175258,-0.0606268015978988
0.064064460924322,0.884877962115198,-0.803528933876803,-0.0813490282384329
0.0641320702957158,0.893534014986501,-0.79149953697685,-0.10203447800965
0.0641996796671096,0.901786927903505,-0.779113106936313,-0.122673820967243
0.064291838474996,0.912380343512317,-0.761664427269208,-0.150715916243175
0.0643839972828824,0.922209025518683,-0.743577264576741,-0.178631760941982
0.0644441984813952,0.928212739054608,-0.731424320218364,-0.196788418836271
0.064504399679908,0.933884407886886,-0.71900981388311,-0.214874594003796
0.0645646008784208,0.939222028466954,-0.706338154462503,-0.232883874004462
0.0646248020769337,0.944223679461098,-0.693413875606911,-0.250809803854227
0.0646973027738699,0.949798693873871,-0.677520430356706,-0.272278263517216
0.0647698034708061,0.954880977492603,-0.661275503004394,-0.293605474488244
0.0648423041677423,0.959467907405048,-0.644687522117488,-0.314780385287595
0.0649148048646784,0.96355708978419,-0.627765103497967,-0.335791986286232
0.0649873055616146,0.967146417091181,-0.610517021763798,-0.356629395327393
0.0650598062585508,0.970234014439072,-0.592952231658366,-0.377281782780739
0.065147974521796,0.973310422185013,-0.571178308497668,-0.402132113687366
0.0652361427850411,0.975640124595378,-0.548966125002059,-0.426673999593338
0.0653243110482863,0.977221344480986,-0.526332755830579,-0.450888588650424
0.0654124793115314,0.978052855848668,-0.503295577540205,-0.474757278308507
0.0655006475747766,0.978134031941674,-0.479872272732046,-0.498261759209665
0.0655888158380217,0.977464798954071,-0.456080812673131,-0.521383986280974
0.0656769841012669,0.976045681225313,-0.43193945327272,-0.544106227952621
0.065765152364512,0.973877756688778,-0.407466714339095,-0.566411042349689
0.0658533206277572,0.970962698957551,-0.382681373205591,-0.588281325751974
0.0659617248652862,0.966357929372565,-0.351807602455337,-0.614550326917249
0.0660701291028152,0.960632453415945,-0.320525664336535,-0.64010678907947
0.0661785333403442,0.95379292101137,-0.288871937711232,-0.664920983300162
0.0662869375778732,0.945847275200472,-0.256883154994274,-0.688964120206234
0.0663953418154022,0.936804726102558,-0.224596439510503,-0.712208286592077
0.0665037460529312,0.926675766000645,-0.192049230101376,-0.73462653589931
0.0666121502904602,0.915472135396925,-0.15927928647833,-0.756192848918593
0.0667205545279892,0.903206831984716,-0.126324604109899,-0.776882227874825
0.0668289587655182,0.889894073926209,-0.0932234130050856,-0.796670660921167
0.0669373630030472,0.875549304717147,-0.0600140923677882,-0.815535212349402
0.0670457672405762,0.860189154424982,-0.0267351665820564,-0.833453987842922
0.0671541714781052,0.843831440825446,0.00657477893914178,-0.850406219764607
0.0672625757156342,0.826495128744195,0.0398771037999919,-0.86637223254421
0.0673301849157857,0.815195880010083,0.0606267984758608,-0.87582267848596
0.0673977941159372,0.803528964601604,0.0813489726323146,-0.88487793723394
0.0674654033160887,0.791499599416587,0.102034370125356,-0.893533969541949
0.0675330125162402,0.779113202874412,0.122673661081362,-0.901786863955787
0.067625171338489,0.761664523885213,0.15071576128078,-0.912380285165995
0.0677173301607378,0.743577361595548,0.178631610984658,-0.922208972580207
0.0677775315496308,0.731424380421152,0.196788326671204,-0.928212707092402
0.0678377329385238,0.719009835595903,0.214874559214723,-0.933884394810649
0.0678979343274168,0.706338136053102,0.232883896113659,-0.93922203216679
0.0679581357163098,0.69341381548632,0.250809882322941,-0.94422369780927
0.0680306359749775,0.677520465918801,0.272278212032014,-0.949798677950832
0.0681031362336452,0.661275638484822,0.29360529477544,-0.954880933260266
0.0681756364923128,0.644687761596951,0.314780079274874,-0.95946784087181
0.0682481367509805,0.627765450899283,0.335791556099818,-0.963557006999149
0.0683206370096481,0.610517480847222,0.356628843290066,-0.967146324137303
0.0683931372683158,0.592952806018166,0.377281111409137,-0.970233917427325
0.0684813050191812,0.571179022499185,0.402131306636608,-0.973310329135823
0.0685694727700466,0.548966983196767,0.426673061057209,-0.975640044253982
0.0686576405209121,0.52633376246014,0.450887523143433,-0.977221285603557
0.0687458082717775,0.503296736530675,0.474756090658598,-0.97805282718926
0.0688339760226429,0.479873587686784,0.498260454551594,-0.978134042238414
0.0689221437735083,0.45608228686732,0.521382570048678,-0.977464856916024
0.0690103115243738,0.431941089646944,0.544104705872004,-0.976045795518955
0.0690984792752392,0.407468515494575,0.566409420430254,-0.973877935924818
0.0691866470261046,0.382683341398628,0.588279610278951,-0.970962951677568
0.0692950512608929,0.351809598756237,0.614548655378505,-0.966358254134749
0.0694034554956812,0.320527686454926,0.640105163439257,-0.960632849894154
0.0695118597304695,0.288873983327526,0.664919405468726,-0.953793388796261
0.0696202639652577,0.256885221759981,0.688962592039575,-0.945847813799555
0.069728668200046,0.224598525051664,0.712206809889266,-0.936805334940915
0.0698370724348343,0.19205133201994,0.734625112401319,-0.926676444421276
0.0699454766696226,0.159281402356024,0.756191480305595,-0.915472882661636
0.0700538809044109,0.126326731509895,0.776880915764864,-0.903207647274747
0.0701622851391991,0.0932255494758469,0.796669406867456,-0.889894956343299
0.0702706893739874,0.0600162354448676,0.815534017839417,-0.875550253284282
0.0703790936087757,0.0267373137919881,0.83345285429576,-0.860190168087737
0.070487497843564,-0.00657263007701216,0.850405148529915,-0.843832518452885
0.0705959020783522,-0.0398749557696374,0.866371224900118,-0.826496269130439
0.0706635133092929,-0.060625275613417,0.875821989288425,-0.815196713675001
0.0707311245402337,-0.081348073977359,0.884877543052426,-0.803529469075054
0.0707987357711744,-0.102034093875726,0.89353384656833,-0.791499752692589
0.0708663470021151,-0.122674004594384,0.901786988025182,-0.779112983430806
0.0709585060833508,-0.150716181956792,0.912380428415379,-0.761664246458571
0.0710506651645865,-0.178632107750941,0.922209130580131,-0.743577022829161
0.0711108659210343,-0.196788631169297,0.928212794575405,-0.731424163406094
0.071171066677482,-0.214874672810291,0.933884418716217,-0.719009745905927
0.0712312674339298,-0.232883820377674,0.939221999500186,-0.706338179122489
0.0712914681903775,-0.250809619028887,0.944223615635671,-0.69341399660676
0.0713639681303863,-0.272277856257979,0.949798578173791,-0.677520721915781
0.071436468070395,-0.293604847942994,0.954880820255858,-0.661275972312825
0.0715089680104038,-0.314779542950782,0.959467719046522,-0.644688176095704
0.0715814679504126,-0.335790931993281,0.963556880784474,-0.627765948791212
0.0716539678904213,-0.356628133252195,0.967146197986218,-0.610518064734007
0.0717264678304301,-0.377280317430095,0.970233795808742,-0.592953478378592
0.0718146349765326,-0.402130352609017,0.973310212408397,-0.571179859799346
0.071902802122635,-0.426671951935829,0.975639942739976,-0.548967990804131
0.0719909692687374,-0.450886264262247,0.977221209638391,-0.526334945376131
0.0720791364148399,-0.474754687721167,0.978052787105175,-0.503298099383985
0.0721673035609423,-0.498258913624017,0.97813404834902,-0.479875134725004
0.0722554707070447,-0.521380897549785,0.977464919500385,-0.456084021950573
0.0723436378531472,-0.544102908565478,0.976045924805816,-0.431943016240322
0.0724318049992496,-0.566407505414149,0.973878142076719,-0.407470636662534
0.072519972145352,-0.588277584976846,0.970963244775364,-0.382685659798491
0.0726283763768971,-0.614546682104255,0.966358632525598,-0.351811950421306
0.0727367806084423,-0.640103244518825,0.960633313191743,-0.320530068672892
0.0728451848399874,-0.664917543163999,0.953793936515474,-0.288876393351416
0.0729535890715325,-0.688960788548389,0.94584844535708,-0.256887656808642
0.0730619933030776,-0.712205067341864,0.936806049655542,-0.224600982313674
0.0731703975346227,-0.734623432859407,0.926677241514913,-0.192053808655467
0.0732788017661678,-0.756189865758472,0.915473761259754,-0.159283895501241
0.0733872059977129,-0.776879368128607,0.903208606407608,-0.126329238279001
0.073495610229258,-0.79666792798122,0.889895994946871,-0.0932280669656345
0.0736040144608031,-0.815532609464601,0.875551370201475,-0.060018760736866
0.0737124186923482,-0.833451518112566,0.860191362069565,-0.0267398439569962
0.0738208229238933,-0.850403886136668,0.843833788160019,0.00657009797666262
0.0739292271554385,-0.866370037810029,0.826497613134507,0.0398724246755572
0.0739968409357751,-0.875821199086156,0.815197669899275,0.0606235291868651
0.0740644547161117,-0.884877120292028,0.803530009348009,0.0813471109440569
0.0741320684964483,-0.893533761331602,0.791499849426898,0.102033911904736
0.0741996822767849,-0.901787209947043,0.779112609647411,0.122674600299677
0.0742918416431489,-0.912380665889494,0.761663804098318,0.150716861791196
0.0743840010095128,-0.922209378666981,0.743576508305941,0.178632870361073
0.0744442007953999,-0.928212934723857,0.731423835925253,0.196789098798638
0.074504400581287,-0.933884461577127,0.719009614016616,0.214874847560513
0.0745646003671742,-0.939221955825307,0.706338251160199,0.232883704665095
0.0746248001530613,-0.944223496268722,0.693414280688059,0.250809215580672
0.0746973001300688,-0.949798470795805,0.677521004533361,0.27227746626247
0.0747698001070764,-0.954880724415214,0.661276252953668,0.29360447146156
0.0748423000840839,-0.959467634283228,0.64468845425701,0.314779180026226
0.0749148000610915,-0.963556806629931,0.627766223980596,0.335790582649342
0.074987300038099,-0.967146133964472,0.610518336469763,0.356627797494692
0.0750598000151066,-0.970233741436252,0.592953746190053,0.377279995246222
0.0751479669195126,-0.9733101603202,0.571180193738016,0.402129966582218
0.0752361338239186,-0.975639897062538,0.548968393008194,0.426671504054358
0.0753243007283246,-0.977221174503385,0.526335417837017,0.450885756666405
0.0754124676327305,-0.978052766642502,0.503298643943798,0.474754122698706
0.0755006345371365,-0.978134046681264,0.479875753073444,0.498258293607814
0.0755888014415425,-0.977464940735541,0.456084715622252,0.521380225113276
0.0756769683459485,-0.976045973031969,0.431943786611829,0.544102186420142
0.0757651352503545,-0.973878221354943,0.407471484950289,0.566406736404651
0.0758533021547605,-0.970963359134041,0.382686587055993,0.588276772078077
0.0759617063849938,-0.966358781380132,0.351812891144612,0.614545890235539
0.0760701106152271,-0.960633496386409,0.320531021764869,0.640102474621557
0.0761785148454603,-0.95379415385434,0.288877357700986,0.664916796153346
0.0762869190756936,-0.945848696604723,0.256888631290781,0.688960065313939
0.0763953233059269,-0.936806334536805,0.224601965791206,0.712204368745567
0.0765037275361601,-0.926677559715368,0.192054799979634,0.734622759735701
0.0766121317663934,-0.915474112425964,0.159284893513573,0.756189218912389
0.0767205359966267,-0.903208990147857,0.126330241812167,0.776878748335678
0.0768289402268599,-0.889896410830935,0.0932290748452012,0.796667335985709
0.0769373444570932,-0.875551817761712,0.0600197717822433,0.815532045979485
0.0770457486873265,-0.860191840800983,0.0267408569832322,0.833450983817747
0.0771541529175598,-0.84383429752133,-0.00656908415792014,0.850403381679247
0.077262557147793,-0.826498152547972,-0.0398714112543183,0.866369563802298
0.077330172073831,-0.815198033013511,-0.0606228682672888,0.875820901280793
0.077397786999869,-0.803530183530705,-0.081346801902264,0.88487698543296
0.077465401925907,-0.791499822309432,-0.102033953641974,0.893533775951364
0.077533016851945,-0.779112369135157,-0.122674991243175,0.90178736037833
0.0776251763168992,-0.76166353586609,-0.15071728110479,0.912380816970892
0.0777173357818533,-0.743576211206672,-0.178633317430591,0.92220952863726
0.0777775349987773,-0.731423648613753,-0.196789372978777,0.928213021592528
0.0778377342157013,-0.719009541502018,-0.214874950087148,0.93388449158915
0.0778979334326253,-0.706338298326404,-0.232883636958253,0.939221935284661
0.0779581326495493,-0.693414452290563,-0.250808979242684,0.94422343153328
0.0780306329029917,-0.677521118969072,-0.272277313058079,0.94979843202713
0.0781031331564341,-0.661276307476852,-0.293604400401205,0.954880707878039
0.0781756334098765,-0.644688446218223,-0.314779189992592,0.959467636210797
0.0782481336633189,-0.627766150828549,-0.335790672398835,0.963556823227394
0.0783206339167613,-0.610518195754321,-0.356627965659023,0.967146161413313
0.0783931341702037,-0.592953535564113,-0.377280240333804,0.970233775897925
0.0784813012597329,-0.57117993276795,-0.402130260716036,0.973310193483995
0.0785694683492622,-0.548968080047011,-0.426671845722623,0.975639925769647
0.0786576354387914,-0.526335051349363,-0.450886144241865,0.977221195591218
0.0787458025283206,-0.503298222508254,-0.474754554440768,0.978052776949007
0.0788339696178499,-0.479875275384999,-0.498258767665127,0.978134043050111
0.0789221367073791,-0.456084180494407,-0.521380739526287,0.977464920020679
0.0790103037969083,-0.431943192978906,-0.544102739123844,0.976045932102728
0.0790984708864376,-0.407470831869076,-0.566407325231426,0.973878157100493
0.0791866379759668,-0.382685873707918,-0.588277394760823,0.970963268468703
0.0792950422071835,-0.351812167741293,-0.614546497115149,0.966358664856419
0.0794034464384003,-0.320530289128587,-0.640103064993733,0.960633354122315
0.0795118506696171,-0.288876616664388,-0.66491736933311,0.953793985997484
0.0796202549008338,-0.256887882696946,-0.688960620635778,0.945848503332723
0.0797286591320506,-0.224601210492262,-0.712204905564405,0.936806116056652
0.0798370633632673,-0.192054038836364,-0.734623277427422,0.926677316263771
0.0799454675944841,-0.159284127393993,-0.75618971687453,0.9154738442685
0.0800538718257009,-0.126329471590921,-0.776879225988237,0.903208697579129
0.0801622760569176,-0.0932283014021791,-0.796667792771784,0.88989609417395
0.0802706802881344,-0.0600189960019963,-0.815532481365952,0.87555147736791
0.0803790845193511,-0.0267400797534662,-0.833451397295858,0.860191477049338
0.0804874887505679,0.00656986194690234,-0.850403772765274,0.84383391081836
0.0805958929817847,0.0398721887110625,-0.866369932038192,0.826497743327116
0.0806635072445793,0.0606234414525813,-0.875821164186996,0.815197722734376
0.080731121507374,0.0813471710986193,-0.884877150648473,0.80352997954982
0.0807987357701687,0.102034119406867,-0.893533851239236,0.791499731832364
0.0808663500329633,0.122674954408718,-0.901787353618694,0.779112399209967
0.0809585093969598,0.150717213791026,-0.912380800253658,0.76166358646261
0.0810506687609562,0.178633219979531,-0.922209503661795,0.743576283682245
0.0811108681018056,0.196789313216463,-0.928213010563548,0.731423697347083
0.0811710674426549,0.214874927749028,-0.933884493148082,0.719009565399034
0.0812312667835043,0.232883651739358,-0.939221948059882,0.706338296320527
0.0812914661243537,0.250809030798428,-0.944223454141314,0.693414423342907
0.0813639665928246,0.272277427803028,-0.949798469459992,0.67752104165694
0.0814364670612955,0.293604577443563,-0.954880757199828,0.661276179756258
0.0815089675297664,0.314779428342093,-0.959467694463705,0.644688266121594
0.0815814679982373,0.335790970968312,-0.963556887434861,0.627765916466544
0.0816539684667082,0.356628323265149,-0.967146228583118,0.610517905317978
0.0817264689351792,0.377280655698671,-0.970233843025248,0.592953187326547
0.0818146363406112,0.402130759701512,-0.973310258164712,0.571179498463184
0.0819028037460433,0.426672425743836,-0.97563998261271,0.548967556868861
0.0819909711514753,0.450886802515854,-0.977221239198637,0.526334436682793
0.0820791385569074,0.474755287991514,-0.978052801924241,0.503297513932701
0.0821673059623394,0.498259573327248,-0.978134044006239,0.479874470678985
0.0822554733677715,0.521381613950114,-0.977464891588851,0.456083277638703
0.0823436407732035,0.544103678779531,-0.976045868940211,0.431942190160654
0.0824318081786356,0.566408326414423,-0.973878053899024,0.407469727484568
0.0825199755840676,0.588278453596454,-0.970963119962571,0.382684666366114
0.082628379816976,0.614547528831058,-0.966358471934679,0.351810943103622
0.0827367840498845,0.640104068379505,-0.960633116986662,0.320529048607167
0.0828451882827929,0.664918343211658,-0.953793704900979,0.288875361689344
0.0829535925157013,0.688961563863453,-0.945848178579647,0.256886614716198
0.0830619967486098,0.712205817032602,-0.93680574800207,0.22459993096945
0.0831704009815182,0.734624156063368,-0.926676905313331,0.192052749249942
0.0832788052144267,0.75619056164308,-0.915473390877904,0.159282829234835
0.0833872094473351,0.776880035892331,-0.903208202253688,0.126328166361353
0.0834956136802435,0.796668566854505,-0.889895557468065,0.093226990613573
0.083604017913152,0.815533218710746,-0.875550899884409,0.0600176811736487
0.0837124221460604,0.833452097028559,-0.860190859438834,0.0267387624102429
0.0838208263789688,0.850404434054283,-0.843833253778553,-0.00657118027574385
0.0839292306118773,0.866370554096192,-0.826497047601974,-0.0398735064942171
0.0839968435459018,0.875821579394225,-0.815197229147442,-0.0606243502467732
0.0840644564799263,0.884877374353168,-0.803529702784403,-0.0813476715687573
0.0841320694139508,0.893533899035898,-0.791499686267263,-0.102034212768617
0.0841996823479753,0.90178724133458,-0.779112598906893,-0.122674642427705
0.0842918415679029,0.912380680385653,-0.761663821058148,-0.150716859327518
0.0843840007878305,0.92220937870946,-0.743576554982685,-0.178632823726772
0.0844442006328364,0.928212941667249,-0.731423871487986,-0.196789070179278
0.0845044004778424,0.933884474775394,-0.719009637939563,-0.214874836835814
0.0845646003228483,0.939221974626095,-0.706338262931043,-0.232883711695061
0.0846248001678543,0.944223520013932,-0.693414279807387,-0.250809240206543
0.0846973006173642,0.949798529109832,-0.677520898824325,-0.272277630285525
0.0847698010668742,0.954880810858296,-0.661276037890586,-0.293604772967701
0.0848423015163842,0.959467742366366,-0.64468812548175,-0.314779616884605
0.0849148019658942,0.96355692982185,-0.627765777306105,-0.335791152515751
0.0849873024154042,0.967146265698307,-0.610517767885053,-0.356628497813246
0.0850598028649142,0.970233875116431,-0.592953051863687,-0.377280823252771
0.0851479704141533,0.973310289600644,-0.571179324088351,-0.402130965512309
0.0852361379633924,0.975640010940588,-0.548967342293725,-0.426672668646856
0.0853243055126315,0.977221261961955,-0.526334180705959,-0.450887081256017
0.0854124730618706,0.978052816666951,-0.503297215441274,-0.474755601225679
0.0855006406111097,0.978134048276203,-0.479874128650486,-0.498259919625726
0.0855888081603489,0.977464882941916,-0.456082891142636,-0.521381991799258
0.085676975709588,0.976045844943593,-0.431941758360235,-0.544104086583363
0.0857651432588271,0.973878012135429,-0.407469249638099,-0.566408762497333
0.0858533108080662,0.970963058033623,-0.382684141828557,-0.588278916205054
0.0859617150417213,0.966358390349281,-0.351810410901387,-0.614547979447891
0.0860701192753764,0.960633015834035,-0.320528509365013,-0.640104506469029
0.0861785235090315,0.953793584293086,-0.288874816039896,-0.664918768253195
0.0862869277426866,0.945848038650977,-0.256886063300029,-0.688961975350954
0.0863953319763417,0.936805588909742,-0.224599374433974,-0.712206214475742
0.0865037362099968,0.926676727236712,-0.192052188249219,-0.734624538987476
0.0866121404436519,0.915473194018565,-0.159282264428366,-0.756190929590219
0.086720544677307,0.903207986835194,-0.12632759841375,-0.776880388421436
0.0868289489109621,0.889895323735672,-0.0932264201934105,-0.796668903542225
0.0869373531446172,0.875550648104639,-0.0600171089530291,-0.815533539151583
0.0870457573782723,0.86019058989956,-0.0267381890637305,-0.833452400835843
0.0871541616119274,0.8438329667884,0.00657175407162144,-0.850404720860001
0.0872625658455825,0.826496743490042,0.0398740800620695,-0.866370823552093
0.087330178090375,0.815197031677019,0.0606247117909343,-0.875821743467928
0.0873977903351675,0.8035296195464,0.0813478214795179,-0.884877441025908
0.0874654025799599,0.791499724693847,0.102034151721867,-0.893533876415742
0.0875330148247524,0.779112766265038,0.122674371384478,-0.901787137649522
0.0876251739986498,0.761664003277044,0.150716575381321,-0.912380578658356
0.0877173331725472,0.743576752553252,0.178632527234916,-0.922209279788174
0.0877775333948485,0.731423996216585,0.196788888325025,-0.928212884541604
0.0878377336171498,0.719009686505219,0.214874768798777,-0.93388445530401
0.0878979338394511,0.70633823209566,0.232883756532781,-0.939221988628464
0.0879581340617524,0.693414166418131,0.250809396855689,-0.944223563273809
0.0880306343300385,0.677520822837999,0.272277732406425,-0.949798555244434
0.0881031345983245,0.661276001108882,0.293604821207067,-0.954880822315941
0.0881756348666105,0.644688129643431,0.314779611972836,-0.959467741616235
0.0882481351348965,0.6277658240854,0.335791095266142,-0.963556919351516
0.0883206354031826,0.610517858890069,0.356628389120826,-0.967146248010848
0.0883931356714686,0.592953188634802,0.377280664093385,-0.970233852728142
0.0884813031306175,0.571179485985785,0.402130782910443,-0.97331026889621
0.0885694705897664,0.548967530094866,0.426672463365394,-0.975639993460224
0.0886576380489153,0.526334395133519,0.450886854113594,-0.977221249247077
0.0887458055080642,0.50329745716219,0.474755353095727,-0.978052810257879
0.0888339729672131,0.479874398274575,0.498259651435123,-0.978134049709654
0.088922140426362,0.456083189221614,0.521381704527157,-0.977464893748705
0.0890103078855109,0.431942085386634,0.544103781259722,-0.976045866646345
0.0890984753446598,0.407469606044494,0.566408440201689,-0.973878046246142
0.0891866428038087,0.382684527986486,0.588278578064895,-0.970963106051352
0.089295047036931,0.35181080245063,0.614547649794146,-0.96635845224474
0.0894034512700533,0.320528905864199,0.640104185679964,-0.96063309154413
0.0895118555031756,0.28887521704204,0.664918456696849,-0.953793673738857
0.0896202597362979,0.256886468352494,0.688961673384833,-0.945848141737269
0.0897286639694203,0.224599783079278,0.712205922446506,-0.936805705525733
0.0898370682025426,0.19205260002518,0.73462425723037,-0.92667685725553
0.0899454724356649,0.159282678868968,0.756190658429034,-0.915473337297966
0.0900538766687872,0.126328015049344,0.776880128167756,-0.903208143217036
0.0901622809019095,0.0932268385515321,0.796668654495287,-0.889895493046783
0.0902706851350319,0.0600175285587567,0.815533301597864,-0.87555083015658
0.0903790893681542,0.0267386094403503,0.833452175048663,-0.860190784488963
0.0904874936012765,-0.00657133340218419,0.850404507099334,-0.843833173697095
0.0905958978343988,-0.0398736595785154,0.866370622064079,-0.826496962485527
0.0906635103994842,-0.0606243900052852,0.875821593634314,-0.815197203629012
0.0907311229645695,-0.0813475982740572,0.88487733916617,-0.803529740892109
0.0907987355296548,-0.102034026846082,0.893533818789041,-0.791499791942929
0.0908663480947402,-0.122674344455194,0.901787120458257,-0.779112776003044
0.0909585073295705,-0.150716567045029,0.912380568745126,-0.761664001700037
0.0910506665644009,-0.178632537324519,0.922209276141736,-0.743576738817194
0.0911108667739583,-0.196788894521835,0.928212879339876,-0.731423984818011
0.0911710669835157,-0.214874771127285,0.933884448685825,-0.71900967755852
0.091231267193073,-0.232883755021766,0.939221980734007,-0.706338225712219
0.0912914674026304,-0.250809391538005,0.944223554244669,-0.693414162706633
0.0913639675134432,-0.272277680605783,0.949798534592172,-0.677520853986364
0.091436467624256,-0.293604723559122,0.95488079218631,-0.661276068627158
0.0915089677350688,-0.314779469185572,0.959467704171435,-0.644688234985828
0.0915814678458816,-0.335790908118636,0.963556876767861,-0.627765968649219
0.0916539679566944,-0.356628158462696,0.967146202476629,-0.610518044013904
0.0917264680675072,-0.377280390843763,0.970233806441194,-0.592953415597439
0.0918146353386113,-0.402130460173706,0.973310224772257,-0.571179764598503
0.0919028026097154,-0.42667209269834,0.975639954710439,-0.548967862012051
0.0919909698808195,-0.450886437190496,0.977221219086015,-0.526334781895483
0.0920791371519235,-0.474754891705557,0.978052791898808,-0.503297900193195
0.0921673044230276,-0.498259147479331,0.978134046359451,-0.479874898880099
0.0922554716941317,-0.521381160016592,0.977464908603059,-0.456083748586446
0.0923436389652358,-0.544103198312234,0.976045902884773,-0.431942704572487
0.0924318062363399,-0.566407821038791,0.973878107027141,-0.407470285988303
0.092519973507444,-0.588277925009067,0.970963194507493,-0.382685269498418
0.0926283777395255,-0.614547013418072,0.966358568007251,-0.351811554589155
0.092736781971607,-0.64010356672771,0.960633234488926,-0.320529667761179
0.0928451862036885,-0.664917855892084,0.953793843710305,-0.288875987818213
0.09295359043577,-0.688961091430553,0.945848338548311,-0.25688724711769
0.0930619946678515,-0.712205360024211,0.936805928957912,-0.224600568933649
0.093170398899933,-0.734623714999586,0.926677107059383,-0.192053392059759
0.0932788031320145,-0.756190137026038,0.915473613193179,-0.159283476167115
0.093387207364096,-0.776879628205484,0.90320844489294,-0.126328816687426
0.0934956115961775,-0.796668176561999,0.889895820162367,-0.0932276436003281
0.093604015828259,-0.815532846256896,0.875551182341117,-0.0600183360841526
0.0937124200603405,-0.83345174283747,0.860191161342335,-0.0267394185048346
0.093820824292422,-0.850404098529001,0.843833574790179,0.00657052373883633
0.0939292285245035,-0.866370237618581,0.826497387360833,0.039872850257787
0.0939968419085451,-0.875821336641566,0.815197503883891,0.0606238327577034
0.0940644552925866,-0.884877200166267,0.803529907477386,0.0813472926889145
0.0941320686766282,-0.893533788170323,0.791499815997131,0.102033972173245
0.0941996820606697,-0.901787188465661,0.779112648860063,0.122674539605601
0.0942918413803118,-0.912380640935803,0.761663853767983,0.150716787167836
0.0943840006999538,-0.922209351040846,0.743576569038118,0.178632782002729
0.0944442005982613,-0.92821291964971,0.731423875032812,0.196789044616963
0.0945044004965687,-0.93388445782196,0.719009630508406,0.214874827313582
0.0945646003948762,-0.939221962144358,0.706338244070003,0.232883718074379
0.0946248002931837,-0.944223511406629,0.69341424907489,0.250809262331751
0.0946973003849966,-0.949798493360768,0.677520946738095,0.272277546622691
0.0947698004768094,-0.954880752837254,0.6612761678932,0.293604584944048
0.0948423005686223,-0.959467666980869,0.644688340889334,0.314779326091603
0.0949148006604352,-0.963556842012057,0.627766081305385,0.33579076070669
0.0949873007522481,-0.967146170431709,0.610518163529989,0.356628006901753
0.095059800844061,-0.97023377738283,0.592953542072419,0.3772802353104
0.0951479679811987,-0.973310196317466,0.571179927312305,0.402130269005205
0.0952361351183364,-0.975639929144113,0.548968062164699,0.426671866979433
0.0953243022554741,-0.977221198696431,0.52633502060615,0.450886178090311
0.0954124693926118,-0.978052778973736,0.503298178498509,0.474754600475258
0.0955006365297495,-0.978134043183108,0.479875217732543,0.498258825450578
0.0955888036668872,-0.977464917452185,0.456084108852865,0.521380808599362
0.0956769708040249,-0.976045926025495,0.431943107032379,0.544102818993138
0.0957651379411626,-0.973878146711227,0.407470731332601,0.566407415378657
0.0958533050783003,-0.970963252969,0.38268575832799,0.588277494641057
0.0959617093096867,-0.96635864477011,0.351812050545558,0.61454659422458
0.0960701135410731,-0.960633329469828,0.320530170262422,0.640103159207424
0.0961785177724595,-0.953793956804693,0.288876496274928,0.664917460529819
0.0962869220038459,-0.945848469630616,0.256887760933169,0.688960708697495
0.0963953262352323,-0.936806077881577,0.224601087504701,0.71220499037691
0.0965037304666187,-0.926677273657047,0.192053914777115,0.734623358879943
0.0966121346980051,-0.915473797276774,0.159284002416373,0.756189794860411
0.0967205389293915,-0.90320864625396,0.126329345849457,0.776879300404555
0.0968289431607779,-0.889896038572163,0.0932281750523038,0.796667863519868
0.0969373473921643,-0.875551417551028,0.0600188691999428,0.815532548351121
0.0970457516235507,-0.860191413083964,0.026739952656067,0.833451460427943
0.0971541558549371,-0.843833842775858,-0.00656998918238498,0.850403831958294
0.0972625600863235,-0.826497671283659,-0.0398723159271512,0.866369987210859
0.0973301741027717,-0.815197690095854,-0.0606234929870036,0.875821183082868
0.0973977881192198,-0.803529989011098,-0.0813471471237472,0.884877136134895
0.0974654021356679,-0.791499786030882,-0.10203402019711,0.893533806228001
0.097533016152116,-0.779112500723652,-0.122674780340343,0.901787281064007
0.0976251755110778,-0.761663692733401,-0.150717038900735,0.912380731634171
0.0977173348700395,-0.743576394690467,-0.178633044421404,0.922209439111905
0.0977775344344926,-0.731423765139357,-0.196789205605799,0.928212970745161
0.0978377339989457,-0.719009588007669,-0.214874887598629,0.933884475606317
0.0978979335633988,-0.70633827182699,-0.232883678489745,0.939221950316761
0.0979581331278519,-0.693414349879238,-0.25080912381849,0.944223473697754
0.0980306333134275,-0.677521029204945,-0.272277436714861,0.949798465919828
0.0981031334990032,-0.661276231066167,-0.293604503339087,0.954880734405275
0.0981756336845788,-0.644688383844235,-0.314779272443296,0.959467656287527
0.0982481338701545,-0.627766103150946,-0.335790734625656,0.963556837776606
0.0983206340557301,-0.610518163408656,-0.356628007956071,0.967146171364725
0.0983931342413057,-0.592953519161202,-0.377280263025979,0.970233782187191
0.0984813013565717,-0.571179909530003,-0.402130290376808,0.973310199906834
0.0985694684718376,-0.548968049737169,-0.426671882150473,0.975639931887626
0.0986576355871036,-0.526335013746336,-0.450886187218574,0.977221200964942
0.0987458027023695,-0.503298177406494,-0.474754603732408,0.978052781138905
0.0988339698176354,-0.479875222595077,-0.498258823022044,0.978134045617133
0.0989221369329014,-0.456084119843244,-0.521380800683787,0.977464920527012
0.0990103040481673,-0.4319431243101,-0.544102805802225,0.976045930112342
0.0990984711634332,-0.407470755043166,-0.566407397136794,0.973878152179969
0.0991866382786992,-0.382685788602645,-0.588277471585053,0.970963260187747
0.0992950425100405,-0.351812081351842,-0.614546572009913,0.966358653361753
0.0994034467413819,-0.320530201556236,-0.640103137871526,0.960633339427788
0.0995118509727232,-0.288876528011668,-0.664917440108953,0.953793968120613
0.0996202552040645,-0.25688779306774,-0.688960689226992,0.945848482294747
0.0997286594354059,-0.224601119991522,-0.712204971890831,0.936806091882374
0.0998370636667472,-0.192053947570161,-0.734623341411407,0.92667728898158
0.0999454678980886,-0.159284035469238,-0.75618977844125,0.915473813910471
0.10005387212943,-0.126329379115399,-0.776879285065416,0.903208664180823
0.100162276360771,-0.093228208484319,-0.796667849290176,0.889896057774502
0.100270680592113,-0.0600189027508024,-0.815532535258963,0.875551438009785
0.100379084823454,-0.02673998627835,-0.833451448500195,0.860191434778569
0.100487489054795,0.00656995553619998,-0.850403821220457,0.843833865684257
0.100595893286137,0.0398722823046372,-0.866369977687007,0.826497695382371
0.100663507417941,0.0606234947930261,-0.875821190119582,0.815197695326535
0.100731121549745,0.0813471842674197,-0.884877158384734,0.803529974117268
0.100798735681549,0.10203409253977,-0.893533842322979,0.79149974978319
0.100866349813353,0.122674887695679,-0.901787329616428,0.779112441920779
0.100958509161834,0.150717142670476,-0.912380776314629,0.761663633644151
0.101050668510314,0.178633144553067,-0.922209480064539,0.743576335511454
0.101110867947419,0.19678926706313,-0.928212997657785,0.731423730594648
0.101171067384524,0.214874910660043,-0.933884489877184,0.719009579217132
0.101231266821629,0.232883663474767,-0.939221953357228,0.706338289882457
0.101291466258734,0.250809071087434,-0.944223466931254,0.693414395843856
0.101363966550886,0.272277415821211,-0.949798468353825,0.677521052532603
0.101436466843039,0.293604513882856,-0.954880744594896,0.661276230712055
0.101508967135192,0.314779313975391,-0.959467672776143,0.644688358800775
0.101581467427345,0.33579080664847,-0.96355685909722,0.627766052448758
0.101653967719497,0.356628109924034,-0.967146196041634,0.610518086117576
0.10172646801165,0.377280394346249,-0.970233808737405,0.592953414391165
0.101814635195381,0.402130439397416,-0.973310224854096,0.571179785456664
0.101902802379112,0.426672048283725,-0.975639954060339,0.548967905776603
0.101990969562842,0.450886369834386,-0.977221219190821,0.526334849356453
0.102079136746573,0.474754802159223,-0.978052794246909,0.503297992087694
0.102167303930304,0.498259036547676,-0.978134052439094,0.479875015891415
0.102255471114035,0.521381028556529,-0.977464919899452,0.456083891342924
0.102343638297766,0.544103047231806,-0.97604592087834,0.431942873646525
0.102431805481497,0.566407651295431,-0.973878133190861,0.407470481895381
0.102519972665227,0.588277737608681,-0.970963230304869,0.382685492696181
0.10262837689699,0.614546831361748,-0.966358612533341,0.351811781171576
0.102736781128753,0.640103390253312,-0.960633287703055,0.320529897449745
0.102845185360515,0.664917685230639,-0.953793905561579,0.288876220330984
0.102953589592278,0.688960926806631,-0.945848408975952,0.256887482169304
0.103061993824041,0.712205201655264,-0.93680600789089,0.224600806235654
0.103170398055803,0.734623563096155,-0.926677194417025,0.192053631320846
0.103278802287566,0.756189991791139,-0.915473708884703,0.159283717093554
0.103387206519329,0.776879489834692,-0.903208548817938,0.126329058983251
0.103495610751091,0.796668045242892,-0.88989593221068,0.0932278869678271
0.103604014982854,0.815532722169158,-0.875551302393262,0.0600185802240754
0.103712419214616,0.833451626152289,-0.8601912892692,0.0267396631168709
0.103820823446379,0.850403989409428,-0.843833710453551,-0.00657027895585269
0.103929227678142,0.86637013621864,-0.826497530613299,-0.0398726056053762
0.103996841473432,0.875821296442271,-0.815197581907033,-0.0606237145352304
0.104064455268722,0.884877216387228,-0.803529915763571,-0.0813473006236349
0.104132069064013,0.893533855956369,-0.791499750134372,-0.102034105822022
0.104199682859303,0.901787302890643,-0.779112504535383,-0.122674798355244
0.104291842178843,0.912380748754223,-0.761663703842956,-0.150717044911243
0.104384001498382,0.922209452179252,-0.743576413643593,-0.178633038535671
0.104444201070479,0.928212984761388,-0.731423782687646,-0.196789202073717
0.104504400642575,0.933884490488075,-0.719009604082229,-0.214874886405841
0.104564600214671,0.939221965979926,-0.706338286360652,-0.232883679619279
0.104624799786768,0.944223490057381,-0.693414362806426,-0.250809127250947
0.104697300127466,0.949798493729247,-0.677521007770608,-0.272277485958656
0.104769800468163,0.954880771550538,-0.661276173782595,-0.293604597767907
0.104842300808861,0.959467700638492,-0.644688289278819,-0.314779411359694
0.104914801149559,0.963556887189142,-0.627765969927109,-0.335790917262052
0.104987301490256,0.967146223683014,-0.610517990207612,-0.356628233475388
0.105059801830954,0.970233835245889,-0.592953304723139,-0.377280530522765
0.105147969129211,0.973310250764355,-0.571179644745147,-0.402130606019198
0.105236136427468,0.975639977418504,-0.548967732997558,-0.426672244420969
0.105324303725726,0.977221238040376,-0.526334643555026,-0.450886594485336
0.105412471023983,0.978052806631571,-0.503297752379565,-0.474755054251996
0.10550063832224,0.978134056405839,-0.479874741464177,-0.498259314941661
0.105588805620497,0.977464913501648,-0.456083581457524,-0.521381332044123
0.105676972918755,0.976045902178551,-0.43194252763854,-0.544103374540029
0.105765140217012,0.973878100263949,-0.407470099176148,-0.56640800108779
0.105853307515269,0.970963181240923,-0.382685072754048,-0.588278108486865
0.105961711747628,0.966358547719871,-0.351811355080237,-0.614547192639658
0.106070115979987,0.960633207211523,-0.320529465709867,-0.640103741501626
0.106178520212346,0.953793809481489,-0.28887578344967,-0.664918026031808
0.106286924444705,0.945848297415034,-0.256887040659903,-0.688961256755137
0.106395328677064,0.936805880974995,-0.224600360617132,-0.712205520357839
0.106503732909423,0.926677052289723,-0.19205318211741,-0.734623870172318
0.106612137141782,0.915473551707539,-0.159283264833812,-0.756190286873725
0.106720541374141,0.903208376769947,-0.126328604199873,-0.776879772570041
0.1068289456065,0.889895745488316,-0.0932274301967084,-0.796668315291607
0.106937349838859,0.875551101210129,-0.0600181220039172,-0.815532979206203
0.107045754071218,0.860191073855899,-0.0267392039883504,-0.833451869867547
0.107154158303577,0.843833481057434,0.00657073845049721,-0.850404219507937
0.107262562535936,0.826497287498012,0.0398730649231814,-0.866370352421143
0.107330175783431,0.81519742348148,0.0606240053384755,-0.875821428819938
0.107397789030926,0.803529848061975,0.0813474232207397,-0.884877271282712
0.107465402278422,0.791499779064776,0.10203406074841,-0.893533839813153
0.107533015525917,0.779112635874629,0.122674586372972,-0.901787222247586
0.107625174815852,0.76166384556096,0.15071682478276,-0.912380670343734
0.107717334105787,0.743576566036869,0.178632810520835,-0.922209376557687
0.107777533968104,0.731423879040729,0.196789062240472,-0.928212941281204
0.10783773383042,0.719009641840724,0.214874834122853,-0.933884475963582
0.107897933692736,0.706338263033995,0.232883714161309,-0.939221977195264
0.107958133555052,0.693414275969621,0.250809247799788,-0.944223523769377
0.108030633884595,0.677520921268655,0.272277602415037,-0.94979852368369
0.108103134214138,0.66127608777275,0.293604710110023,-0.954880797882759
0.108175634543681,0.644688203915159,0.314779519571415,-0.959467723486547
0.108248134873224,0.627765885360678,0.335791021333008,-0.963556906693682
0.108320635202767,0.610517906586306,0.356628333400707,-0.967146239986994
0.10839313553231,0.592953222191591,0.377280626303138,-0.970233848494701
0.108481302945069,0.571179531781256,0.402130732641554,-0.973310264422783
0.108569470357829,0.548967588554707,0.426672400981327,-0.975639989535991
0.108657637770589,0.526334466655511,0.450886780007319,-0.977221246662809
0.108745805183348,0.503297542115663,0.474755267688749,-0.978052809804396
0.108833972596108,0.479874496999904,0.498259555177142,-0.978134052177015
0.108922140008868,0.45608330202965,0.521381597895013,-0.977464899924643
0.109010307421627,0.431942212558228,0.544103664757164,-0.976045877315347
0.109098474834387,0.407469747829914,0.566408314358165,-0.973878062188023
0.109186642247147,0.382684684605064,0.58827844343524,-0.970963128040242
0.10929504648005,0.351810961270083,0.614547518741295,-0.966358480011328
0.109403450712954,0.320529066700318,0.640104058360762,-0.960633125061071
0.109511854945857,0.288875379708266,0.664918333263701,-0.953793712971963
0.10962025917876,0.256886632660039,0.688961553985898,-0.945848186645896
0.109728663411664,0.224599948837306,0.712205807225099,-0.936805756062438
0.109837067644567,0.192052767040945,0.734624146325461,-0.926676913366391
0.109945471877471,0.159282846948109,0.756190551974378,-0.915473398922458
0.110053876110374,0.126328183996072,0.776880026292344,-0.903208210288409
0.110162280343277,0.0932270081689028,0.796668557322763,-0.889895565491625
0.110270684576181,0.0600176986487777,0.815533209246683,-0.875550907895445
0.110379088809084,0.0267387798043574,0.833452087631676,-0.86019086743602
0.110487493041988,-0.00657116296341928,0.850404424723917,-0.843833261760467
0.110595897274891,-0.0398734892644522,0.86637054483177,-0.826497055567272
0.110663510022757,-0.0606242759728538,0.875821544693071,-0.815197268720193
0.110731122770623,-0.0813475404274413,0.884877316402435,-0.803529775974967
0.110798735518489,-0.102034025013717,0.893533820055548,-0.791499795041804
0.110866348266355,-0.122674398389856,0.901787143575615,-0.779112745185778
0.110958507522214,-0.150716627197218,0.912380592806039,-0.7616639656088
0.111050666778073,-0.178632603587202,0.922209300778472,-0.743576697191261
0.11111086690372,-0.196788935317542,0.92821289468348,-0.731423959365924
0.111171067029368,-0.214874786638101,0.933884455656961,-0.719009669018841
0.111231267155015,-0.232883745456982,0.939221980262029,-0.706338234805015
0.111291467280662,-0.250809357133743,0.944223547266819,-0.693414190133041
0.111363967573529,-0.272277700198377,0.949798541842137,-0.677520841643717
0.111436467866396,-0.293604796430802,0.954880811187103,-0.661276014756295
0.111508968159263,-0.314779594535028,0.959467732426831,-0.644688137891768
0.11158146845213,-0.335791085062,0.963556911764738,-0.627765826702709
0.111653968744997,-0.356628386034519,0.967146241687708,-0.610517855653181
0.111726469037864,-0.377280667997989,0.970233847327721,-0.592953179329718
0.111814636510439,-0.402130790517297,0.973310263651381,-0.571179473134068
0.111902803983015,-0.426672474570195,0.975639988141757,-0.548967513571525
0.11199097145559,-0.450886868803638,0.977221243625235,-0.526334374821564
0.112079138928166,-0.474755371149956,0.978052804102744,-0.503297432952751
0.112167306400741,-0.498259672724446,0.978134042791642,-0.479874370067156
0.112255473873317,-0.521381728914421,0.977464885838733,-0.456083156924285
0.112343641345892,-0.544103808600175,0.976045857516307,-0.431942048916094
0.112431808818468,-0.566408470342851,0.973878035669216,-0.407469565326301
0.112519976291043,-0.588278610847126,0.970963093802316,-0.382684482955139
0.112628380524222,-0.614547681660898,0.966358438418124,-0.351810756757187
0.1127367847574,-0.640104216587165,0.960633076146187,-0.320528859559002
0.112845188990578,-0.664918486601572,0.953793656777602,-0.288875170176022
0.112953593223756,-0.688961702245296,0.945848123222645,-0.256886420977324
0.113061997456934,-0.712205950222224,0.936805685469431,-0.224599735247157
0.113170401690112,-0.734624283882235,0.926676835671142,-0.192052551788891
0.11327880592329,-0.75619068391907,0.915473314200779,-0.159282630281711
0.113387210156469,-0.776880152459489,0.903208118624344,-0.126327966164801
0.113495614389647,-0.796668677553634,0.889895466977382,-0.0932267894237069
0.113604018622825,-0.81553332338925,0.875550802631202,-0.0600174792419278
0.113712422856003,-0.833452195540925,0.860190755529981,-0.026738559989056
0.113820827089181,-0.850404526261899,0.843833143328692,0.00657138293323209
0.113929231322359,-0.866370639867906,0.826496930733398,0.0398737091345402
0.113996843854432,-0.875821606053875,0.815197176640706,0.0606244294132087
0.114064456386505,-0.884877346579426,0.803529719035578,0.0813476275438739
0.114132068918578,-0.893533821580318,0.791499775578862,0.102034046001479
0.114199681450651,-0.901787119017718,0.779112765484202,0.12267435353354
0.114291840671484,-0.912380565610058,0.761663993724708,0.150716571885377
0.114383999892317,-0.922209271542979,0.743576733579822,0.178632537963197
0.114444200101391,-0.92821287475121,0.731423979703962,0.196788895047283
0.114504400310465,-0.933884444112534,0.719009672571187,0.214874771541369
0.11456460051954,-0.939221976181441,0.706338220854937,0.232883755326513
0.114624800728614,-0.944223549718126,0.693414157982617,0.250809391735528
0.114697300986914,-0.949798540987091,0.677520816607319,0.272277724379791
0.114769801245214,-0.954880807492517,0.661275997178396,0.293604810314152
0.114842301503515,-0.959467726363415,0.644688128104894,0.314779598258549
0.114914801761815,-0.963556903806846,0.627765825027045,0.33579107877979
0.114987302020116,-0.967146232312633,0.610517862396396,0.356628369916236
0.115059802278416,-0.970233837015223,0.592953194786492,0.377280642228751
0.115147969715176,-0.97331025303912,0.571179498013084,0.402130755026071
0.115236137151937,-0.975639977839448,0.548967548204183,0.42667242963529
0.115324304588698,-0.977221234243787,0.526334419517889,0.450886814725897
0.115412472025458,-0.978052796253322,0.503297488001015,0.474755308252342
0.115500639462219,-0.978134037084764,0.479874435733216,0.498259601351565
0.115588806898979,-0.97746488288339,0.45608323345133,0.521381649432058
0.11567697433574,-0.976045857918869,0.431942136524145,0.54410372139476
0.1157651417725,-0.973878040032734,0.407469664211876,0.566408375820878
0.115853309209261,-0.970963102725398,0.382684593290839,0.588278509434552
0.115961713442278,-0.966358451669004,0.351810868792138,0.614547582876865
0.116070117675294,-0.960633093705251,0.32052897315593,0.640104120549325
0.116178521908311,-0.953793678620351,0.288875285196039,0.664918393424326
0.116286926141328,-0.945848149319585,0.256886537279732,0.688961612039869
0.116395330374345,-0.936805715786139,0.224599852689778,0.71220586309637
0.116503734607362,-0.926676870168276,0.192052670228071,0.734624199940201
0.116612138840379,-0.915473352834087,0.159282749572632,0.75619060326146
0.116720543073395,-0.903208161344762,0.1263280861615,0.776880075183255
0.116828947306412,-0.889895513731151,0.093226909979354,0.796668603751827
0.116937351539429,-0.875550853359841,0.0600176002089518,0.815533253150892
0.117045755772446,-0.860190810170395,0.0267386812193174,0.833452128951074
0.117154160005463,-0.843833201813001,-0.00657126158831197,0.850404463401319
0.117262564238479,-0.826496992989519,-0.0398735878236941,0.866370580813222
0.117330176960266,-0.815197208970893,-0.0606243664170497,0.875821575387973
0.117397789682052,-0.803529719358669,-0.0813476227403256,0.884877342099007
0.117465402403838,-0.791499741857486,-0.102034099189885,0.893533841047383
0.117533015125624,-0.779112695726825,-0.122674464434774,0.901787160161578
0.117625174334677,-0.761663923859396,-0.150716678769849,0.912380602629261
0.117717333543731,-0.743576663823616,-0.178632640778667,0.922209304602286
0.117777533621847,-0.731423935285971,-0.196788958076449,0.928212893362419
0.117837733699964,-0.719009654643313,-0.214874795070249,0.93388444971359
0.11789793377808,-0.70633823054029,-0.232883739683465,0.939221970223754
0.117958133856197,-0.693414196374661,-0.25080933729088,0.944223533665541
0.11803063409494,-0.677520860356132,-0.272277664534879,0.949798524891017
0.118103134333684,-0.661276046447621,-0.29360474517983,0.954880791627452
0.118175634572428,-0.644688183050737,-0.314779527954376,0.959467711005121
0.118248134811172,-0.627765885798203,-0.335791003433832,0.963556889232048
0.118320635049915,-0.61051792913378,-0.356628289665067,0.967146218798842
0.118393135288659,-0.592953267623195,-0.377280557217293,0.970233824840504
0.118481302615427,-0.571179599940135,-0.40213064028452,0.973310240224643
0.118569469942196,-0.548967680232512,-0.426672286025772,0.975639966258263
0.118657637268964,-0.526334582592458,-0.450886643180087,0.977221225772552
0.118745804595733,-0.503297682999607,-0.474755109769717,0.9780527927693
0.118833971922501,-0.47987466346495,-0.498259376998082,0.97813404046302
0.118922139249269,-0.456083494655425,-0.521381400338443,0.977464894993859
0.119010306576038,-0.431942431868568,-0.544103448755008,0.976045880623566
0.119098473902806,-0.407469994292174,-0.566408080890578,0.973878075182732
0.119186641229575,-0.382684958629104,-0.58827819352904,0.970963152158167
0.119295045462083,-0.351811239456283,-0.614547275279678,0.966358514735956
0.119403449694592,-0.320529348712192,-0.64010382163225,0.96063317034446
0.1195118539271,-0.288875665205191,-0.664918103548773,0.95379376875396
0.119620258159609,-0.256886921297086,-0.688961331557091,0.945848252854193
0.119728662392117,-0.224600240265878,-0.712205592346711,0.936805832612563
0.119837066624626,-0.192053060908886,-0.734623939253029,0.926677000161938
0.119945470857134,-0.159283142900346,-0.756190352954699,0.915473495855037
0.120053875089643,-0.126328481674767,-0.776879835562979,0.903208317237724
0.120162279322151,-0.0932273072140897,-0.796668375111807,0.889895682325861
0.12027068355466,-0.0600179986985897,-0.815533035772587,0.875551034471134
0.120379087787168,-0.0267390804956547,-0.833451923102768,0.860191003598393
0.120487492019677,0.00657086199487886,-0.850404269338384,0.843833407343472
0.120595896252185,0.0398731883833543,-0.866370398777348,0.826497210393942
0.120663509435429,0.0606241089420013,-0.875821464169187,0.815197355227151
0.120731122618672,0.0813475069757459,-0.88487729635662,0.803529789380851
0.120798735801916,0.10203412468971,-0.893533855355623,0.791499730665887
0.12086634898516,0.122674630562009,-0.901787229014231,0.779112598452225
0.120958508224022,0.150716853280169,-0.912380670430659,0.761663817150474
0.121050667462883,0.178632823447742,-0.922209370805793,0.743576547358028
0.12111086730847,0.196789070086575,-0.928212933788626,0.731423863702061
0.121171067154057,0.21487483692685,-0.933884466914872,0.719009629987987
0.121231266999644,0.232883711967203,-0.939221966776473,0.706338254809256
0.121291466845231,0.250809240656907,-0.944223512168228,0.693414271511311
0.121363967085263,0.272277568912913,-0.94979850581155,0.677520936898611
0.121436467325295,0.293604650617703,-0.954880774961432,0.661276124343739
0.121508967565327,0.314779434498889,-0.959467696746931,0.644688262248053
0.121581467805359,0.335790911130628,-0.963556877374588,0.627765966243976
0.121653968045391,0.356628198558894,-0.967146209333801,0.610518010774949
0.121726468285424,0.377280467351718,-0.970233817758193,0.592953350406433
0.121814635515021,0.402130524326802,-0.973310232997863,0.571179708671015
0.121902802744618,0.426672144748427,-0.975639960542943,0.548967815794494
0.121990969974215,0.450886477416972,-0.977221223227493,0.526334745810485
0.122079137203812,0.474754920414455,-0.978052795053487,0.503297874639009
0.122167304433409,0.498259165002893,-0.978134049233185,0.479874884230266
0.122255471663006,0.521381166712579,-0.977464911901878,0.456083745189283
0.122343638892603,0.54410319456352,-0.976045907313921,0.431942712750379
0.1224318061222,0.566407807252596,-0.973878113290003,0.407470306037385
0.122519973351797,0.588277901616493,-0.970963203304513,0.382685301687998
0.122628377583831,0.614546991028453,-0.966358578444241,0.35181158741577
0.122736781815865,0.640103545385252,-0.960633246557636,0.320529701172357
0.122845186047899,0.664917835639463,-0.953793857400491,0.288876021760986
0.122953590279933,0.688961072309449,-0.94584835384796,0.25688728153849
0.123061994511967,0.712205342074688,-0.936805945853056,0.22460060377836
0.123170398744001,0.73462369826054,-0.926677125534356,0.192053427273771
0.123278802976035,0.756190121534954,-0.915473633230415,0.159283511695427
0.123387207208069,0.776879613998424,-0.903208466473014,0.126328852474596
0.123495611440103,0.796668163673497,-0.889895843264156,0.093227679590657
0.123604015672137,0.815532834720128,-0.875551206941764,0.060018372221632
0.123712419904171,0.833451732683784,-0.860191187417149,0.0267394547333263
0.123820824136205,0.850404089788463,-0.843833602312804,-0.00657048747565223
0.123929228368239,0.866370230319433,-0.826497416303234,-0.0398728140162262
0.123996841929289,0.875821354484854,-0.815197503626979,-0.0606238508578972
0.124064455490339,0.884877241081685,-0.803529876096755,-0.0813473649849386
0.12413206905139,0.893533850055882,-0.791499751610023,-0.102034098445877
0.12419968261244,0.901787269189392,-0.779112549626901,-0.122674719562474
0.124291841905249,0.912380714145076,-0.761663755852717,-0.150716958292392
0.124384001198057,0.922209417131841,-0.743576472897213,-0.17863294423462
0.124444200889957,0.928212962994047,-0.731423818833485,-0.196789144160569
0.124504400581856,0.933884480685979,-0.719009616065755,-0.214874864620277
0.124564600273756,0.939221966815786,-0.706338273153583,-0.232883693662228
0.124624799965655,0.944223500192601,-0.693414323407701,-0.250809176784909
0.12469730022419,0.949798496628403,-0.677520985731261,-0.27227751089716
0.124769800482725,0.95488076832683,-0.661276169910706,-0.293604598416111
0.12484230074126,0.959467692414146,-0.644688304353517,-0.314779388060619
0.124914800999795,0.963556875094544,-0.627766004698385,-0.335790870396176
0.12498730125833,0.967146208855307,-0.610518045395165,-0.356628163460165
0.125059801516865,0.970233818827953,-0.592953381015797,-0.377280437812175
0.125147968741254,0.973310234757578,-0.571179741087162,-0.402130493670439
0.125236135965642,0.975639963083368,-0.548967850048825,-0.426672113034545
0.125324303190031,0.977221226639024,-0.526334781930991,-0.450886444708062
0.12541247041442,0.978052799426047,-0.503297912650152,-0.474754886775897
0.125500637638808,0.97813405465597,-0.479874924152958,-0.498259130503014
0.125588804863197,0.977464918463188,-0.456083787040753,-0.521381131422441
0.125676972087586,0.976045915101299,-0.431942756544337,-0.544103158556952
0.125765139311974,0.973878122389763,-0.40747035178379,-0.566407770605975
0.125853306536363,0.970963213801832,-0.382685349393098,-0.588277864408774
0.125961710768335,0.96635859047242,-0.351811635713678,-0.614546954758736
0.126070115000307,0.960633260109798,-0.320529750014146,-0.640103510095631
0.126178519232279,0.953793872467973,-0.288876071097025,-0.66491780137093
0.126286923464251,0.945848370420408,-0.256887331318555,-0.688961039101843
0.126395327696224,0.936805963918334,-0.224600653951673,-0.712205309966649
0.126503731928196,0.926677145078457,-0.192053477789016,-0.734623667289465
0.126612136160168,0.915473654237666,-0.159283562500842,-0.75619009173682
0.12672054039214,0.903208488926105,-0.126328903518021,-0.776879585408069
0.126828944624112,0.889895867143824,-0.0932277308195999,-0.796668136324238
0.126937348856084,0.875551232227282,-0.0600184235833623,-0.815532808643905
0.127045753088056,0.860191214086037,-0.0267395061748859,-0.833451707911154
0.127154157320029,0.843833630340994,0.00657043600738773,-0.850404066348399
0.127262561552001,0.826497445664927,0.0398727625744485,-0.866370208239385
0.127330175119979,0.815197532623467,0.0606238015963751,-0.87582133421982
0.127397788687958,0.80352990464172,0.0813473179177598,-0.884877222559503
0.127465402255936,0.791499779618556,0.102034053584248,-0.89353383320281
0.127533015823915,0.779112577015298,0.12267467691468,-0.901787253929936
0.127625175151359,0.76166377740645,0.150716926318803,-0.912380703725224
0.127717334478804,0.743576488122333,0.178632922862681,-0.922209410985024
0.127777534197974,0.731423828717557,0.196789131060988,-0.928212959778537
0.127837733917144,0.71900962036999,0.214874859731902,-0.933884480101894
0.127897933636314,0.706338271645234,0.232883696915136,-0.939221968560344
0.127958133355485,0.693414315860175,0.25080918810047,-0.944223503960647
0.128030633633331,0.677520973618039,0.27227752781223,-0.949798501430267
0.128103133911178,0.66127615305336,0.293604620843808,-0.954880773897169
0.128175634189025,0.644688282580534,0.314779415905315,-0.95946769848585
0.128248134466872,0.627765977845388,0.335790903553557,-0.963556881398904
0.128320634744719,0.610518013305003,0.356628201817399,-0.967146215122409
0.128393135022566,0.592953343538914,0.377280481247934,-0.970233824786883
0.128481302327304,0.571179682684185,0.402130559034772,-0.973310241718918
0.128569469632041,0.548967769969161,0.426672199711349,-0.975639969680483
0.128657636936778,0.526334679472012,0.450886552030261,-0.97722123150223
0.128745804241515,0.503297787158065,0.474755014026677,-0.978052801184704
0.128833971546253,0.479874775023916,0.49825927691685,-0.978134051940783
0.12892213885099,0.456083613721796,0.521381296186284,-0.977464909908077
0.129010306155727,0.431942558534293,0.544103340811241,-0.976045899345555
0.129098473460465,0.407470128634222,0.566407969446069,-0.973878098080277
0.129186640765202,0.382685100709021,0.588278078886003,-0.970963179595049
0.129295044997519,0.351811383399802,0.614547163564133,-0.966358546963887
0.129403449229837,0.320529494366395,0.640103712975711,-0.96063320734212
0.129511853462154,0.288875812415135,0.664917998079153,-0.953793810494301
0.129620257694472,0.256887069905882,0.688961229398716,-0.945848299304608
0.129728661926789,0.224600390114865,0.712205493620076,-0.936805883734906
0.129837066159106,0.192053211837837,0.734623844074844,-0.926677055912687
0.129945470391424,0.159283294747625,0.756190261437483,-0.91547355618508
0.130053874623741,0.126328634277513,0.776879747815222,-0.903208382092725
0.130162278856059,0.0932274604084241,0.796668291237603,-0.889895751646016
0.130270683088376,0.0600181523197718,0.815532955871632,-0.875551108191408
0.130379087320694,0.0267392343782872,0.833451847270241,-0.860191081648519
0.130487491553011,-0.00657070801662495,0.850404197664827,-0.843833489648202
0.130595895785328,-0.0398730344755886,0.86637033134839,-0.826497296872811
0.130663509039677,-0.0606239770076862,0.875821409176962,-0.815197432169266
0.130731122294026,-0.0813473970119889,0.884877252994419,-0.803529855982419
0.130798735548375,-0.102034036664093,0.893533822802975,-0.791499786138848
0.130866348802724,-0.122674564412627,0.901787206437557,-0.779112642024938
0.130958508117481,-0.150716810411348,0.912380657756893,-0.761663847345531
0.131050667432238,-0.17863280367881,0.922209366785555,-0.743576563106752
0.131110867303117,-0.196789057972716,0.928212932382003,-0.731423874409284
0.131171067173996,-0.214874832409218,0.933884467843006,-0.71900963543376
0.131231267044875,-0.23288371497891,0.93922196975815,-0.706338254779222
0.131291466915754,-0.25080925112301,0.944223516919697,-0.693414265796668
0.131363967196372,-0.272277591233902,0.949798513059065,-0.677520921825173
0.131436467476989,-0.293604684618431,0.954880784149224,-0.661276099530828
0.131508967757607,-0.314779479985689,0.959467707315273,-0.644688227329563
0.131581468038224,-0.335790967891642,0.963556888760309,-0.627765920868681
0.131653968318842,-0.356628266364117,0.967146220970984,-0.610517954606849
0.131726468599459,-0.377280545953404,0.970233829078573,-0.592953283125173
0.131814635985525,-0.402130645702076,0.973310246448917,-0.57117960074684
0.13190280337159,-0.426672307702055,0.975639973463768,-0.548967665761677
0.131990970757655,-0.450886680654546,0.977221232951117,-0.52633455229658
0.13207913814372,-0.474755162544587,0.978052798911177,-0.50329763636661
0.132167305529785,-0.498259444539264,0.978134044558444,-0.479874600019155
0.13225547291585,-0.521381482076187,0.97746489603435,-0.456083413958132
0.132343640301915,-0.544103544084869,0.976045877603829,-0.431942333518887
0.132431807687981,-0.566408189174181,0.973878067101904,-0.407469877927679
0.132519975074046,-0.588278314095147,0.970963138021597,-0.382684823926416
0.132628379306743,-0.61454739259555,0.966358495267091,-0.351811102671548
0.132736783539441,-0.640103935553123,0.960633145567956,-0.32052921001481
0.132845187772138,-0.664918213934063,0.95379373870063,-0.288875524766544
0.132953592004835,-0.68896143827019,0.945848217560889,-0.256886779290693
0.133061996237533,-0.712205695255202,0.936805792122274,-0.224600096867066
0.13317040047023,-0.734624038228888,0.926676954523676,-0.192052916294756
0.133278804702928,-0.75619044787431,0.915473445123759,-0.159282997249444
0.133387208935625,-0.776879926307367,0.903208261474394,-0.126328335167017
0.133495613168323,-0.796668461566783,0.889895621597232,-0.0932271600304399
0.13360401740102,-0.815533117828789,0.875550968849775,-0.0600178510209535
0.133712421633717,-0.83345200065596,0.860190933162509,-0.0267389325065576
0.133820825866415,-0.850404342289415,0.84383333217703,0.0065710101123782
0.133929230099112,-0.866370467032301,0.82649713058632,0.0398733364460005
0.133996843048586,-0.875821497439707,0.815197312298268,0.0606241851414725
0.13406445599806,-0.884877297357849,0.803529785895362,0.0813475114624898
0.134132068947533,-0.893533826845383,0.791499769134384,0.102034057710991
0.134199681897007,-0.901787173790676,0.779112681328911,0.122674492461802
0.134291841166214,-0.912380622040321,0.761663897112768,0.15071672492756
0.134384000435422,-0.922209328781761,0.743576623921935,0.178632704859856
0.134444200432016,-0.928212908387224,0.7314239110223,0.196788997364901
0.134504400428611,-0.933884456477764,0.719009646736945,0.214874809740837
0.134564600425206,-0.939221969629981,0.706338239692508,0.232883729937511
0.134624800421801,-0.944223526624224,0.693414223268407,0.250809303355857
0.134697300687061,-0.94979852046856,0.677520881856919,0.272277638611653
0.134769800952321,-0.954880789466382,0.661276062289777,0.293604727176605
0.134842301217581,-0.959467710744891,0.644688192977842,0.314779517767069
0.134914801482841,-0.963556890509362,0.627765889563151,0.335791000946217
0.134987301748101,-0.967146221248108,0.610517926499174,0.356628294748955
0.135059802013362,-0.97023382809398,0.592953258361397,0.37728056973261
0.135147969404767,-0.973310244951472,0.57117957424715,0.402130670704341
0.135236136796173,-0.975639971360969,0.54896763748934,0.426672333871649
0.135324304187579,-0.977221230150749,0.52633452221832,0.450886707932432
0.135412471578984,-0.978052795321396,0.503297604452666,0.474755190868696
0.13550063897039,-0.978134040087847,0.479874566243402,0.498259473844438
0.135588806361796,-0.97746489059235,0.456083378298001,0.521381512294356
0.135676973753201,-0.976045871100547,0.431942295955452,0.544103575145082
0.135765141144607,-0.973878059448484,0.407469838445753,0.566408221002746
0.135853308536013,-0.970963129130247,0.382684782514533,0.588278346615706
0.135961712768764,-0.966358485045479,0.351811060743962,0.614547424301527
0.136070117001515,-0.960633134022061,0.320529167613981,0.640103966408102
0.136178521234266,-0.953793725837962,0.288875481935442,0.664918243902545
0.136286925467017,-0.945848203390522,0.256886736072856,0.688961467317659
0.136395329699768,-0.936805776654772,0.224600053306496,0.712205723348283
0.136503733932519,-0.926676937771148,0.192052872435927,0.734624065335196
0.13661213816527,-0.915473427099802,0.159282953137191,0.756190473962605
0.136720542398021,-0.903208242194121,0.126328290846525,0.776879951347598
0.136828946630772,-0.889895601077255,0.0932271155471851,0.796668485530039
0.136937350863524,-0.875550947108071,0.0600178064206441,0.815533140687457
0.137045755096275,-0.860190910218691,0.0267388878350644,0.833452022383622
0.137154159329026,-0.843833308051964,-0.00657105480902015,0.850404362860968
0.137262563561777,-0.826497105302257,-0.0398733811217122,0.866370486423985
0.137330176495157,-0.815197289042359,-0.060624224834477,0.875821513876868
0.137397789428537,-0.803529764851393,-0.0813475461701325,0.884877311021523
0.137465402361918,-0.791499750482618,-0.102034087437319,0.893533837919936
0.137533015295298,-0.779112665245892,-0.122674517217535,0.901787182463393
0.1376251745287,-0.761663887482384,-0.150716738727161,0.912380626209542
0.137717333762103,-0.743576621245063,-0.178632707793821,0.922209329038876
0.137777533754899,-0.731423909152639,-0.196788999159615,0.928212908312256
0.137837733747695,-0.719009645706641,-0.214874810406403,0.933884456113038
0.137897933740492,-0.706338239532904,-0.232883729485207,0.939221969018099
0.137958133733288,-0.693414224010005,-0.250809301798144,0.94422352580813
0.138030633980075,-0.677520886803531,-0.272277631638945,0.94979851844244
0.138103134226863,-0.661276071615889,-0.293604714866993,0.954880786482864
0.13817563447365,-0.644688206851355,-0.31477950020708,0.959467707058394
0.138248134720438,-0.627765908145172,-0.335790978230711,0.963556886375875
0.138320634967225,-0.610517949943927,-0.356628266981013,0.967146216924937
0.138393135214013,-0.592953286816092,-0.37728053702344,0.970233823839504
0.138481302537364,-0.571179620354696,-0.402130619377496,0.973310239732178
0.138569469860716,-0.548967701888041,-0.426672264446069,0.97563996633409
0.138657637184067,-0.526334605505959,-0.450886620970253,0.977221226476201
0.138745804507419,-0.503297707185714,-0.474755086974197,0.978052794159902
0.13883397183077,-0.479874688936013,-0.498259353663215,0.9781340425992
0.138922139154121,-0.456083521421321,-0.521381376512346,0.977464897933671
0.139010306477473,-0.431942459936789,-0.544103424487562,0.976045884424374
0.139098473800824,-0.407470023667831,-0.566408056233344,0.973878079901159
0.139186641124176,-0.382684989314745,-0.588278168535258,0.970963157849996
0.139295045356641,-0.351811270560354,-0.614547250941204,0.966358521501544
0.139403449589106,-0.320529380200261,-0.640103797978768,0.960633178179017
0.139511853821571,-0.288875697042345,-0.664918080609283,0.953793777651628
0.139620258054036,-0.256886953447995,-0.688961309359642,0.945848262807664
0.1397286622865,-0.22460027269477,-0.712205570918578,0.936805843613344
0.139837066518965,-0.192053093579676,-0.734623918620634,0.926677012200291
0.13994547075143,-0.159283175776578,-0.756190333143402,0.915473508919995
0.140053874983895,-0.126328514719732,-0.776879816597402,0.903208331317086
0.14016227921636,-0.0932273403908302,-0.796668357015472,0.889895697406237
0.140270683448825,-0.0600180319699712,-0.815533018568022,0.875551050537992
0.14037908768129,-0.0267391138243595,-0.833451906811574,0.860191020635925
0.140487491913755,0.00657082864623196,-0.850404253980997,0.843833425334736
0.14059589614622,0.0398731550522541,-0.866370384373161,0.826497229320895
0.140663509332486,0.0606240765761431,-0.875821450786258,0.815197374210098
0.140731122518752,0.0813474755868442,-0.884877283965977,0.803529808379099
0.140798735705018,0.102034094288168,-0.893533843927472,0.79149974963925
0.140866348891284,0.122674601156955,-0.901787218517958,0.77911261736099
0.140958508130219,0.150716824017324,-0.912380660705612,0.76166383668825
0.141050667369155,0.178632794350584,-0.9222093618595,0.743576567508896
0.14111086725178,0.196789052244906,-0.928212928941675,0.73142387669674
0.141171067134404,0.214874830260067,-0.933884465760648,0.719009635500577
0.141231267017029,0.232883716382782,-0.939221968904701,0.706338252521916
0.141291466899653,0.250809256050449,-0.944223517164973,0.693414261114511
0.14136396714096,0.272277584582644,-0.94979851052411,0.677520925941453
0.141436467382267,0.293604666549963,-0.954880779370396,0.661276112820411
0.141508967623573,0.314779450679512,-0.959467700832875,0.644688250153344
0.14158146786488,0.335790927544987,-0.963556881118239,0.62776595357324
0.141653968106186,0.356628215191783,-0.967146212715963,0.610517997524155
0.141726468347493,0.377280484187524,-0.970233820759637,0.59295333657211
0.141814635599979,0.402130547364958,-0.973310236165144,0.571179688800188
0.141902802852465,0.426672173810508,-0.975639963486491,0.548967789675987
0.14199097010495,0.450886512310071,-0.977221225556844,0.526334713246768
0.142079137357436,0.474754960931525,-0.978052796378181,0.503297835446583
0.142167304609922,0.498259210923061,-0.978134049163052,0.479874838239955
0.142255471862408,0.521381217801446,-0.977464910047778,0.4560836922463
0.142343639114894,0.54410325057353,-0.976045903288419,0.431942652714885
0.14243180636738,0.566407867923356,-0.973878106707885,0.4074702387845
0.142519973619865,0.588277966675146,-0.970963193783331,0.382685227108149
0.142628377852003,0.614547054387277,-0.966358566126539,0.351811511739249
0.142736782084141,0.640103606968125,-0.960633231456118,0.320529624487987
0.142845186316279,0.66491789537245,-0.953793839531154,0.288875944158688
0.142953590548417,0.688961130120664,-0.945848333230025,0.25688720310932
0.143061994780554,0.712205397894495,-0.936805922508895,0.224600524614356
0.143170399012692,0.734623752021559,-0.926677099489479,0.192053347467909
0.14327880324483,0.756190173172065,-0.91547360451349,0.159283431341422
0.143387207476968,0.776879663449014,-0.903208435115914,0.126328771666906
0.143495611709105,0.796668210877431,-0.889895809301742,0.0932275984242834
0.143604015941243,0.815532879619837,-0.87555117041195,0.060018290792101
0.143712420173381,0.833451775224328,-0.860191148360867,0.0267393731364903
0.143820824405519,0.850404129917646,-0.843833560773971,-0.00657056914366722
0.143929228637657,0.866370267987686,-0.826497372328547,-0.0398728956591674
0.143996842085301,0.875821375064618,-0.815197477430952,-0.0606238976336909
0.144064455532946,0.884877245888832,-0.803529868925117,-0.0813473769637197
0.14413206898059,0.893533840427035,-0.791499764682297,-0.102034075744755
0.144199682428235,0.901787246480717,-0.779112584135311,-0.122674662345456
0.144291841707666,0.912380691471662,-0.761663794221749,-0.150716897249938
0.144384000987097,0.922209394733986,-0.743576515280286,-0.178632879453712
0.144444200761471,0.928212949751859,-0.731423845305945,-0.196789104445918
0.144504400535845,0.933884475694251,-0.719009625901416,-0.214874849792883
0.144564600310218,0.939221969160773,-0.706338265644381,-0.23288370351639
0.144624800084592,0.944223508952754,-0.693414297864261,-0.250809211088523
0.144697300336094,0.94979850406365,-0.677520961155493,-0.27227754290816
0.144769800587597,0.954880774528389,-0.661276146383875,-0.293604628144513
0.1448423008391,0.959467697474431,-0.644688281954622,-0.314779415519815
0.144914801090602,0.963556879107003,-0.627765983504098,-0.33579089560292
0.144987301342105,0.967146211914376,-0.610518025479837,-0.356628186434533
0.145059801593607,0.970233821028893,-0.592953362451439,-0.377280458577472
0.145147968836965,0.973310236888187,-0.57117971739356,-0.40213051949461
0.145236136080323,0.975639964820139,-0.548967821055823,-0.426672143764309
0.14532430332368,0.977221227657809,-0.526334747479707,-0.450886480178114
0.145412470567038,0.978052799402914,-0.503297872593545,-0.474754926809361
0.145500637810396,0.978134053267381,-0.479874878355828,-0.498259174911562
0.145588805053753,0.977464915386741,-0.456083735380052,-0.521381180006688
0.145676972297111,0.976045910015945,-0.431942698909327,-0.544103211106647
0.145765139540469,0.973878114976623,-0.40747028807634,-0.566407826900323
0.145853306783827,0.970963203744437,-0.38268527952774,-0.588277924216727
0.145961711015896,0.96635857784139,-0.351811564838301,-0.6145470130031
0.146070115247966,0.960633244916767,-0.320529678210589,-0.640103566706156
0.146178519480036,0.953793854727536,-0.288875998448234,-0.664917856279283
0.146286923712106,0.945848350150081,-0.256887257908483,-0.688961092241573
0.146395327944176,0.936805941138579,-0.224600579865211,-0.712205361273402
0.146503732176246,0.926677119812779,-0.192053403111898,-0.734623716700925
0.146612136408316,0.915473626512387,-0.159283487319508,-0.756190139192894
0.146720540640386,0.90320845877039,-0.126328827919606,-0.776879630850803
0.146828944872455,0.88989583458979,-0.0932276548917588,-0.796668179698041
0.146937349104525,0.87555119730975,-0.0600183474141804,-0.815532849895577
0.147045753336595,0.860191176842615,-0.02673942985279,-0.833451746989852
0.147154157568665,0.843833590812077,0.00657051239369559,-0.850404103205784
0.147262561800735,0.82649740389359,0.0398728389361741,-0.866370242829754
0.14733017528692,0.815197503379252,0.0606238527922405,-0.875821356171473
0.147397788773106,0.803529888827264,0.081347343990826,-0.884877232818094
0.147465402259292,0.791499778117654,0.102034054611447,-0.893533832729123
0.147533015745477,0.779112590692314,0.122674653006813,-0.901787243699116
0.147625175063361,0.761663793472942,0.150716899610897,-0.912380693083855
0.147717334381245,0.743576506696424,0.178632893403364,-0.922209400099796
0.147777534137946,0.731423840058688,0.19678911301119,-0.928212953069913
0.147837733894647,0.719009624147545,0.214874853010336,-0.933884477157876
0.147897933651347,0.706338267536888,0.232883701428355,-0.93922196896527
0.147958133408048,0.693414303552038,0.250809203743012,-0.944223507295039
0.14803063367454,0.677520963565787,0.272277540009052,-0.949798503574855
0.148103133941033,0.661276145371829,0.293604629632659,-0.954880775004525
0.148175634207525,0.644688277380796,0.31477942132923,-0.959467698710039
0.148248134474018,0.627765975234335,0.335790905660787,-0.963556880895119
0.14832063474051,0.610518013385639,0.356628200661307,-0.967146214046949
0.148393135007003,0.592953346409913,0.377280476887007,-0.970233823296924
0.148481302302917,0.571179687831591,0.402130552259025,-0.97331024009062
0.148569469598831,0.548967777476076,0.426672190587607,-0.975639968063691
0.148657636894745,0.526334689416244,0.450886540630929,-0.977221230047198
0.148745804190659,0.503297799612123,0.474755000429688,-0.978052800041811
0.148833971486573,0.479874790054841,0.498259261205428,-0.978134051260247
0.148922138782487,0.456083631391009,0.521381278448875,-0.977464909839882
0.149010306078401,0.431942578897569,0.544103321141485,-0.976045900039057
0.149098473374315,0.40747015174156,0.56640794794245,-0.973878099684001
0.149186640670229,0.382685126604595,0.588278055651988,-0.970963182256567
0.149295044902509,0.351811409675364,0.614547140935825,-0.966358550611179
0.149403449134789,0.320529520990616,0.640103690979752,-0.96063321197034
0.14951185336707,0.288875839356304,0.664917976741558,-0.953793816097873
0.14962025759935,0.256887097131915,0.688961208744699,-0.9458483058766
0.149728661831631,0.224600417593313,0.712205473674021,-0.936805891267376
0.149837066063911,0.19205323953596,0.734623824860413,-0.926677064396376
0.149945470296191,0.159283322632361,0.756190242977453,-0.91547356560982
0.150053874528472,0.126328662315567,0.776879730131593,-0.903208392447148
0.150162278760752,0.0932274885663023,0.796668274351433,-0.889895762917717
0.150270682993033,0.0600181805638217,0.815532939803121,-0.875551120366925
0.150379087225313,0.026739262674732,0.833451832038527,-0.860191094713304
0.150487491457593,-0.00657067970167381,0.850404183288268,-0.843833503586601
0.150595895689874,-0.0398730061760468,0.866370317844292,-0.826497311668205
0.150663508991279,-0.0606239631747784,0.87582140266869,-0.815197439493947
0.150731122292684,-0.0813473976142859,0.884877252934921,-0.803529855320614
0.15079873559409,-0.102034051650667,0.893533828636596,-0.791499776985915
0.150866348895495,-0.122674593713095,0.901787217600537,-0.779112623887433
0.15095850821577,-0.150716841274264,0.912380668766452,-0.761663827492155
0.151050667536044,-0.178632836063874,0.922209377540881,-0.743576541477004
0.151110867365755,-0.196789077850947,0.928212938574811,-0.731423860723856
0.151171067195465,-0.214874839870073,0.933884469925145,-0.719009630055055
0.151231267025176,-0.23288371012515,0.939221968185709,-0.706338258060531
0.151291466854886,-0.250809234070578,0.944223512152606,-0.693414278082054
0.151363967128548,-0.272277572244016,0.949798508193356,-0.677520935949335
0.15143646740221,-0.293604663728532,0.954880779281915,-0.661276115553372
0.151508967675873,-0.314779457236375,0.959467702543889,-0.644688245307507
0.151581467949535,-0.335790943326516,0.96355688418286,-0.627765940856309
0.151653968223197,-0.35662824002987,0.967146216685678,-0.610517976655788
0.151726468496859,-0.377280517899648,0.970233825183901,-0.592953307284252
0.151814635851489,-0.402130609192263,0.973310242457751,-0.571179633265468
0.151902803206119,-0.426672262984705,0.975639969911481,-0.548967706926767
0.151990970560749,-0.450886627997995,0.977221230374151,-0.526334602376132
0.152079137915379,-0.474755102236537,0.978052797846027,-0.503297695609463
0.152167305270008,-0.498259376886349,0.978134045540846,-0.479874668654489
0.152255472624638,-0.521381407403583,0.977464899598646,-0.456083492195033
0.152343639979268,-0.544103462735771,0.976045884281907,-0.431942421546124
0.152431807333898,-0.566408101509305,0.973878077422602,-0.407469975913274
0.152519974688528,-0.588278220492287,0.970963152509626,-0.382684932017329
0.152628378921075,-0.614547301438007,0.966358513756468,-0.351811212318394
0.152736783153621,-0.640103846949979,0.960633168040275,-0.32052932109028
0.152845187386168,-0.664918127991271,0.953793765132902,-0.288875637141637
0.152953591618715,-0.688961355090704,0.945848247925577,-0.256886892834861
0.153061995851261,-0.712205614938845,0.936805826387212,-0.224600211448334
0.153170400083808,-0.73462396087224,0.926676992652087,-0.192053031779847
0.153278804316355,-0.756190373570496,0.915473487074418,-0.159283113503935
0.153387208548901,-0.776879855146161,0.903208307201631,-0.126328452055453
0.153495612781448,-0.796668393634308,0.889895671050922,-0.093227277416596
0.153604017013995,-0.815533053207568,0.875551021975406,-0.0600179687678407
0.153712421246542,-0.8334519394246,0.860190989901338,-0.0267390504767132
0.153820825479088,-0.850404284522768,0.843833392465967,0.00657089205678894
0.153929229711635,-0.866370412801204,0.826497194358171,0.0398732184430138
0.153996842798263,-0.875821464231945,0.815197354895018,0.0606241093369276
0.154064455884891,-0.884877283585663,0.803529805805729,0.0813474777799677
0.15413206897152,-0.89353383089581,0.791499764878538,0.102034066017257
0.154199682058148,-0.901787194026838,0.779112651459962,0.122674542566842
0.154291841343344,-0.912380642718047,0.761663863028347,0.150716779689678
0.15438400062854,-0.922209349619069,0.743576585429239,0.178632764189842
0.154444200549684,-0.928212920845801,0.731423887077004,0.196789033768811
0.154504400470827,-0.933884461385688,0.719009638003357,0.214874823382321
0.154564600391971,-0.939221967823128,0.70633824681851,0.232883721004623
0.154624800313114,-0.944223518945516,0.693414246884693,0.250809272060833
0.154697300583229,-0.949798513882317,0.677520904927904,0.272277608954427
0.154769800853344,-0.954880783910545,0.661276084756285,0.293604699154255
0.154842301123459,-0.959467706156502,0.644688214782203,0.314779491374302
0.154914801393574,-0.963556886824651,0.62776591064924,0.335790976175395
0.154987301663689,-0.967146218402509,0.610517946812396,0.356628271590105
0.155059801933804,-0.970233826022272,0.592953277848788,0.377280548173451
0.155147969301648,-0.973310242828717,0.571179600011843,0.402130642816896
0.155236136669491,-0.975639969588588,0.548967669745865,0.426672299842708
0.155324304037335,-0.977221229130778,0.526334561167094,0.450886667963697
0.155412471405178,-0.978052795456007,0.503297650279645,0.474755145176361
0.155500638773022,-0.978134041778669,0.479874619119739,0.498259422658915
0.155588806140866,-0.977464894239813,0.456083438379878,0.521381455859924
0.155676973508709,-0.97604587710331,0.431942363383782,0.544103513719528
0.155765140876553,-0.97387806820285,0.407469913345871,0.566408154856974
0.155853308244397,-0.970963141029417,0.382684864996029,0.588278276033415
0.155961712477033,-0.966358499969939,0.35181114439989,0.61454735557004
0.15607011670967,-0.960633151957822,0.320529252347918,0.640103899609907
0.156178520942307,-0.953793746767647,0.28887556764982,0.664918179117833
0.156286925174944,-0.945848227293272,0.256886822668888,0.688961404624387
0.156395329407581,-0.93680580350623,0.224600140684314,0.712205662821931
0.156503733640218,-0.926676967543497,0.192052960494679,0.734624007048832
0.156612137872855,-0.915473459761873,0.159283041775166,0.756190417986721
0.156720542105492,-0.903208277711327,0.126328379961216,0.776879897750093
0.156828946338129,-0.889895639411648,0.0932272050354963,0.796668434376132
0.156937350570766,-0.875550988218463,0.0600178961789392,0.815533092039523
0.157045754803403,-0.860190954060498,0.0267389777593288,0.833451976301211
0.15715415903604,-0.843833354577525,-0.00657096482310557,0.85040431940063
0.157262563268677,-0.826497154460726,-0.039873291178587,0.866370445639303
0.157330176292484,-0.815197324444878,-0.0606241627276476,0.87582148717253
0.15739778931629,-0.803529785498653,-0.0813475118544486,0.884877297353094
0.157465402340097,-0.791499755395999,-0.102034080830134,0.89353383622614
0.157533015363904,-0.779112653468401,-0.122674538198793,0.901787191667179
0.157625174607814,-0.761663873194099,-0.150716762818138,0.912380636012233
0.157717333851724,-0.743576604313318,-0.178632734945377,0.922209339258708
0.157777533810013,-0.731423898866586,-0.196789015826994,0.928212914693603
0.157837733768302,-0.719009642370295,-0.214874816664283,0.933884459034579
0.157897933726592,-0.706338243442557,-0.232883725419459,0.939221968862037
0.157958133684881,-0.693414235454259,-0.250809287505687,0.944223522959964
0.158030633947763,-0.677520894914727,-0.27227762219077,0.949798517105464
0.158103134210645,-0.661276076234128,-0.293604710205439,0.954880786439582
0.158175634473527,-0.644688207822386,-0.314779500267056,0.959467708089433
0.158248134736409,-0.627765905320433,-0.335790982939763,0.963556888260194
0.158320634999291,-0.610517943180713,-0.35662827625944,0.967146219440169
0.158393135262173,-0.592953275977751,-0.377280550784336,0.970233826762073
0.158481302596364,-0.571179606564166,-0.402130636015672,0.973310242579822
0.158569469930554,-0.548967685048813,-0.426672283872974,0.975639968921781
0.158657637264745,-0.526334585528057,-0.450886643090589,0.97722122861866
0.158745804598936,-0.503297683985858,-0.474755111686054,0.978052795671904
0.158833971933126,-0.479874662437704,-0.498259380858155,0.978134043295858
0.158922139267317,-0.45608349155503,-0.521381406075626,0.977464897630639
0.159010306601507,-0.431942426640049,-0.544103456298287,0.976045882938305
0.159098473935698,-0.407469986885319,-0.566408090164526,0.973878077049849
0.159186641269889,-0.382684948998506,-0.588278204454152,0.970963153452614
0.159295045502411,-0.351811229649138,-0.614547285941361,0.966358515590501
0.159403449734933,-0.320529338742156,-0.640103832018986,0.960633170761094
0.159511853967455,-0.288875655085994,-0.664918113649334,0.953793768735289
0.159620258199977,-0.256886911042678,-0.688961341360542,0.945848252403219
0.159728662432499,-0.224600229890282,-0.712205601842532,0.936805831732796
0.159837066665022,-0.192053050426323,-0.734623948431019,0.926676998857337
0.159945470897544,-0.15928313232513,-0.756190361805009,0.915473494130103
0.160053875130066,-0.126328471021314,-0.776879844076101,0.903208315097402
0.160162279362588,-0.0932272964968817,-0.796668383278669,0.889895679775507
0.16027068359511,-0.0600179879322043,-0.815533043584462,0.875551031516618
0.160379087827633,-0.0267390696946784,-0.833451930551355,0.860191000246036
0.160487492060155,0.00657087281576283,-0.850404276415805,0.843833403600021
0.160595896292677,0.0398731992094992,-0.866370405476078,0.826497206266565
0.16066350941863,0.0606241021895476,-0.875821462786081,0.815197360596511
0.160731122544582,0.0813474826933194,-0.884877287562297,0.803529804868913
0.160798735670535,0.10203408294964,-0.89353383983093,0.791499756881293
0.160866348796487,0.122674571460298,-0.901787207449781,0.779112635989444
0.160958508028404,0.150716792312809,-0.91238064964554,0.761663857332722
0.161050667260321,0.178632760683531,-0.922209350933404,0.743576590249908
0.161110867185816,0.196789031607779,-0.928212922773467,0.731423891165683
0.161171067111311,0.214874822559793,-0.933884463879741,0.719009641319937
0.161231267036806,0.232883721512419,-0.939221970836093,0.706338249323676
0.161291466962302,0.250809273889285,-0.944223522429639,0.693414248540365
0.161363967221926,0.272277607715311,-0.949798516713386,0.677520908998053
0.16143646748155,0.293604694892701,-0.954880786232136,0.661276091339426
0.161508967741174,0.314779484140281,-0.959467708113401,0.644688223973099
0.161581468000798,0.335790966023547,-0.963556888562346,0.62776592253876
0.161653968260422,0.356628258579792,-0.967146220067331,0.610517961487553
0.161726468520046,0.377280532368613,-0.970233827761078,0.592953295392448
0.161814635814724,0.402130606785187,-0.973310243004097,0.57117963621892
0.161902803109401,0.426672244128713,-0.975639969443248,0.548967725314519
0.161990970404079,0.450886593158614,-0.977221229910727,0.526334636752111
0.162079137698756,0.474755051916874,-0.978052798408548,0.503297746491661
0.162167304993434,0.498259311626344,-0.978134048150501,0.479874736524118
0.162255472288111,0.521381327779125,-0.977464905275091,0.456083577495943
0.162343639582789,0.544103369357927,-0.976045894041818,0.431942524683874
0.162431806877466,0.566407995023372,-0.973878092277991,0.40747009725461
0.162519974172144,0.588278101576918,-0.970963173466401,0.382685071889471
0.162628378404499,0.614547185794888,-0.966358540078514,0.351811354283604
0.162736782636854,0.6401037347253,-0.960633199702979,0.320529464977626
0.16284518686921,0.664918019327131,-0.953793802105428,0.288875782778275
0.162953591101565,0.688961250125145,-0.945848290170902,0.256887040045761
0.163061995333921,0.712205513805579,-0.936805873862234,0.224600360056601
0.163170399566276,0.734623863700781,-0.926677045307601,0.192053181606806
0.163278803798631,0.756190280485693,-0.915473544855151,0.159283264369463
0.163387208030987,0.776879766268235,-0.903208370046283,0.126328603778017
0.163495612263342,0.7966683090787,-0.889895738892289,0.0932274298135984
0.163604016495698,0.815532973084743,-0.875551094740505,0.0600181216557531
0.163712420728053,0.833451863839991,-0.86019106751138,0.0267392036713531
0.163820824960408,0.850404213576583,-0.843833474836462,-0.00657073874014961
0.163929229192764,0.866370346588359,-0.826497281399073,-0.0398730651893105
0.163996842454939,0.875821425059041,-0.815197414964058,-0.0606240100949885
0.164064455717113,0.884877269422009,-0.803529836966809,-0.0813474324551965
0.164132068979288,0.89353383967831,-0.791499765236021,-0.102034074442323
0.164199682241463,0.901787223661828,-0.779112619160052,-0.122674604501768
0.164291841499359,0.912380667813287,-0.761663834710039,-0.150716833103249
0.164384000757256,0.922209370612966,-0.743576561496484,-0.17863280911651
0.16444420062114,0.928212935577948,-0.731423874266088,-0.196789061311901
0.164504400485024,0.933884470485203,-0.719009636817236,-0.214874833668014
0.164564600348907,0.939221971924895,-0.706338257747264,-0.232883714177664
0.164624800212791,0.944223518689999,-0.693414270405752,-0.250809248284232
0.164697300473815,0.949798513636489,-0.677520930958825,-0.272277582677642
0.164769800734838,0.954880783802139,-0.661276113372649,-0.293604670429506
0.164842300995861,0.959467706313939,-0.644688246056031,-0.314779460257924
0.164914801256885,0.9635568873767,-0.627765944649114,-0.335790942727593
0.164987301517908,0.967146219478316,-0.610517983603228,-0.356628235875115
0.165059801778931,0.970233827751187,-0.592953317491839,-0.377280510259358
0.165147969065683,0.973310243379103,-0.571179660671476,-0.402130582707626
0.165236136352434,0.975639970339327,-0.548967752183364,-0.426672218155981
0.165324303639186,0.977221231464029,-0.526334666095376,-0.45088656536867
0.165412470925937,0.978052800754905,-0.503297778362431,-0.474755022392475
0.165500638212688,0.978134051425179,-0.479874770970358,-0.498259280454827
0.16558880549944,0.977464909612773,-0.456083614560421,-0.521381295052358
0.165676972786191,0.976045899576212,-0.43194256440406,-0.544103335172144
0.165765140072942,0.973878099141715,-0.407470139662611,-0.566407959479107
0.165853307359694,0.970963181790742,-0.382685117011958,-0.588278064778759
0.165961711591989,0.966358549914727,-0.351811399994843,-0.614547149919885
0.166070115824285,0.960633211044319,-0.320529511229583,-0.640103699814732
0.166178520056581,0.953793814943348,-0.2888758295222,-0.664917985421164
0.166286924288877,0.945848304495115,-0.256887087232306,-0.688961217262798
0.166395328521172,0.93680588966061,-0.224600407635908,-0.712205482024713
0.166503732753468,0.926677062566455,-0.192053229528489,-0.734623833037979
0.166612136985764,0.915473563558967,-0.15928331258268,-0.756190250976287
0.16672054121806,0.903208390177901,-0.126328652231589,-0.776879737946305
0.166828945450356,0.889895760432885,-0.0932274784559942,-0.7966682819769
0.166937349682651,0.875551117669554,-0.0600181704351941,-0.815532947234407
0.167045753914947,0.860191091806761,-0.0267392525358382,-0.833451839270925
0.167154158147243,0.843833500474479,0.00657068984276053,-0.850404190317273
0.167262562379539,0.826497308354369,0.0398730163112195,-0.866370324665597
0.167330175686078,0.815197435185864,0.0606239748739201,-0.875821410059778
0.167397788992618,0.803529849964659,0.0813474108693782,-0.884877260834003
0.167465402299157,0.791499770529558,0.102034066451586,-0.893533836981169
0.167533015605697,0.779112616279616,0.122674610047576,-0.901787226327194
0.167625174902762,0.761663824059356,0.150716850504126,-0.912380674563464
0.167717334199827,0.743576542544095,0.17863283824743,-0.92220938079152
0.167777534026701,0.731423862385924,0.196789079181062,-0.928212941566984
0.167837733853574,0.71900963233624,0.214874840354075,-0.933884472690337
0.167897933680448,0.706338260984413,0.232883709771261,-0.939221970755675
0.167958133507321,0.693414281671565,0.250809232887927,-0.944223514559483
0.168030633770175,0.677520942008305,0.272277567894957,-0.949798509903257
0.168103134033029,0.661276124183725,0.293604656259031,-0.954880780442776
0.168175634295882,0.644688256607298,0.314779446697321,-0.959467703304631
0.168248134558736,0.627765954919635,0.335790929773673,-0.963556884693306
0.16832063482159,0.610517993572707,0.356628223523806,-0.967146217096534
0.168393135084444,0.592953327140695,0.377280498505696,-0.970233825646355
0.16848130239511,0.571179664494189,0.402130577748329,-0.973310242242502
0.168569469705776,0.548967749941427,0.426672219824652,-0.975639969766079
0.168657637016443,0.526334657564173,0.450886573483637,-0.977221231047791
0.168745804327109,0.503297763331618,0.474755036756899,-0.978052800088508
0.168833971637776,0.479874749244211,0.498259300857221,-0.978134050101458
0.168922138948442,0.456083585958122,0.521381321266751,-0.977464907224853
0.169010306259108,0.431942528759896,0.544103366958552,-0.976045895718402
0.169098473569775,0.407470096826341,0.566407996583694,-0.97387809341001
0.169186640880441,0.382685066849064,0.588278106934471,-0.970963173783524
0.169295045112805,0.351811349074258,0.614547190887417,-0.966358539961662
0.169403449345169,0.320529459613267,0.640103739541061,-0.960633199154352
0.169511853577533,0.288875777272933,0.664918023854755,-0.953793801127668
0.169620257809896,0.25688703441362,0.688961254353603,-0.945848288767207
0.16972866204226,0.224600354311982,0.712205517724245,-0.936805872036222
0.169837066274624,0.192053175764154,0.734623867299273,-0.926677043063406
0.169945470506987,0.159283258443314,0.756190283754105,-0.915473542197404
0.170053874739351,0.126328597783049,0.776879769197048,-0.903208366980098
0.170162278971715,0.093227423764539,0.796668311658704,-0.889895735423253
0.170270683204079,0.0600181155673974,0.815532975307206,-0.875551090874589
0.170379087436442,0.026739197558567,0.833451865696583,-0.86019106325511
0.170487491668806,-0.00657074486249353,0.85040421505935,-0.84383347019683
0.17059589590117,-0.0398730713063268,0.866370347689809,-0.826497276383455
0.17066350914762,-0.0606240113764938,0.875821423766156,-0.815197412389653
0.17073112239407,-0.0813474289103241,0.884877265917055,-0.803529837006695
0.17079873564052,-0.102034066086707,0.893533834146365,-0.791499768059651
0.170866348886969,-0.12267459135755,0.901787216290661,-0.779112624933121
0.170958508200931,-0.150716837009326,0.912380666829505,-0.76166382982018
0.171050667514892,-0.1786328299108,0.92220937508314,-0.743576545172332
0.171110867352409,-0.196789074069407,0.928212936991811,-0.731423862922374
0.171171067189926,-0.214874838443316,0.933884469131254,-0.719009630687915
0.171231267027443,-0.232883711033881,0.939221968094469,-0.706338257060593
0.171291466864959,-0.250809237292998,0.944223512676959,-0.693414275383955
0.17136396712741,-0.272277572136366,0.949798507827227,-0.677520935690829
0.171436467389861,-0.293604660334678,0.954880778177771,-0.661276117843087
0.171508967652311,-0.314779450605309,0.959467700855373,-0.644688250250036
0.171581467914762,-0.335790933512333,0.963556882064605,-0.627765948552274
0.171653968177212,-0.356628227091634,0.967146214293316,-0.610517987201652
0.171726468439663,-0.377280501901458,0.970233822673712,-0.592953320772215
0.171814635776434,-0.402130588383263,0.973310239886105,-0.571179651502836
0.171902803113206,-0.426672237505959,0.975639967582699,-0.548967730076667
0.171990970449978,-0.450886598001823,0.977221228592949,-0.526334630591108
0.172079137786749,-0.474755067886243,0.978052796917265,-0.503297729031025
0.172167305123521,-0.498259338356034,0.978134045769024,-0.479874707412959
0.172255472460292,-0.521381364877835,0.977464901287324,-0.456083536409479
0.172343639797064,-0.544103416409419,0.976045887733404,-0.431942471323957
0.172431807133835,-0.566408051587185,0.973878082937387,-0.40747003135015
0.172519974470607,-0.588278167188886,0.970963160385888,-0.382684993196998
0.172628378703069,-0.61454724951405,0.966358523898639,-0.351811274384579
0.17273678293553,-0.640103796467168,0.960633180438128,-0.320529383970926
0.172845187167992,-0.664918079009702,0.953793779773539,-0.288875700763825
0.172953591400453,-0.688961307668694,0.945848264793498,-0.256886957124764
0.173061995632915,-0.712205569132976,0.93680584546428,-0.224600276331297
0.173170399865376,-0.734623916737235,0.926677013917707,-0.192053097180458
0.173278804097838,-0.756190331159197,0.915473510505394,-0.159283179346164
0.1733872083303,-0.776879814509439,0.903208332772164,-0.126328518262698
0.173495612562761,-0.79666835482095,0.889895698732786,-0.0932273439117693
0.173604016795223,-0.815533016264334,0.875551051737852,-0.0600180354734863
0.173712421027684,-0.833451904396168,0.860191021711218,-0.0267391173150377
0.173820825260146,-0.85040425145152,0.843833426287791,0.00657082516375457
0.173929229492608,-0.866370381727307,0.826497230153968,0.0398731515733633
0.173996842657128,-0.875821445090884,0.815197378662841,0.0606240664280257
0.174064455821647,-0.884877275475723,0.80352981668744,0.0813474587883172
0.174132068986167,-0.893533832900884,0.791499762033912,0.102034070867045
0.174199682150687,-0.901787205217391,0.77911263406736,0.122674571150072
0.174291841444985,-0.91238065415261,0.761663843235112,0.150716810917528
0.174384000739282,-0.9222093611372,0.743576563125802,0.178632798011399
0.174444200617367,-0.928212927579204,0.731423873076239,0.196789054503008
0.174504400495452,-0.933884463806929,0.71900963268445,0.214874831122507
0.174564600373537,-0.939221966409203,0.706338250551129,0.232883715858096
0.174624800251622,-0.944223514177582,0.693414260028927,0.250809254148683
0.174697300512969,-0.949798508886025,0.677520920319751,0.272277588566315
0.174769800774315,-0.954880778807731,0.661276102472614,0.293604676335141
0.174842301035662,-0.959467701069823,0.644688234896704,0.314779466173113
0.174914801297008,-0.963556881877172,0.627765933232278,0.335790948644893
0.174987301558355,-0.967146213717801,0.610517971930926,0.356628241786921
0.175059801819702,-0.970233821724274,0.592953305566301,0.377280516157998
0.175147969158788,-0.973310238613494,0.571179635484045,0.402130603129446
0.175236136497873,-0.975639965946549,0.548967713231471,0.426672252715076
0.175324303836959,-0.977221226553111,0.526334612907321,0.450886613645797
0.175412471176045,-0.978052794433827,0.503297710498119,0.474755083935725
0.175500638515131,-0.978134042802318,0.479874688021991,0.498259354780358
0.175588805854217,-0.977464897798196,0.456083516153125,0.521381381645091
0.175676973193303,-0.976045883683023,0.431942450196448,0.544103433486556
0.175765140532389,-0.973878078287345,0.407470009347414,0.566408068939964
0.175853307871475,-0.970963155098534,0.382684970316602,0.588278184781966
0.175961712103965,-0.966358517910944,0.35181125123185,0.614547266679143
0.176070116336455,-0.960633173753286,0.320529360568143,0.640103813185152
0.176178520568946,-0.953793772395509,0.288875677133565,0.664918095261983
0.176286924801436,-0.945848256727007,0.256886933289861,0.68896132343717
0.176395329033926,-0.936805836714963,0.224600252314871,0.71220558440011
0.176503733266416,-0.926677004491869,0.19205307300586,0.734623931486029
0.176612137498907,-0.915473500410194,0.15928315503693,0.756190345373295
0.176720541731397,-0.903208322015601,0.126328493842547,0.776879828173046
0.176828945963887,-0.889895687323488,0.0932273194045579,0.796668367918945
0.176937350196378,-0.875551039685391,0.0600180109032202,0.815533028782174
0.177045754428868,-0.860191009025841,0.0267390927058221,0.833451916320025
0.177154158661358,-0.843833412980414,-0.00657084978777021,0.850404262768186
0.177262562893848,-0.826497216236332,-0.039873176187998,0.866370392424353
0.177330176035193,-0.815197368310223,-0.0606240839109639,0.87582145222117
0.177397789176538,-0.803529810155292,-0.0813474691521292,0.88487727930742
0.177465402317883,-0.791499759572498,-0.102034074133925,0.89353383370641
0.177533015459228,-0.779112635921378,-0.122674567351767,0.90178720327313
0.177625174716799,-0.76166385234503,-0.150716795998249,0.912380648343269
0.17771733397437,-0.743576579990693,-0.178632772087225,0.922209352077912
0.177777533885383,-0.731423883653357,-0.196789038599558,0.928212922252875
0.177837733796397,-0.719009636682747,-0.214874825169907,0.933884461852695
0.177897933707411,-0.706338247686856,-0.232883719775806,0.939221967462655
0.177958133618424,-0.693414250025731,-0.250809267845584,0.944223517871314
0.178030633880226,-0.677520910052083,-0.272277602334151,0.949798512386212
0.178103134142028,-0.661276091940024,-0.293604690166898,0.954880782106889
0.17817563440383,-0.644688224098925,-0.314779480061636,0.95946770416054
0.178248134665633,-0.627765922169287,-0.33579096258286,0.963556884752113
0.178320634927435,-0.610517960602926,-0.356628255766851,0.967146216369795
0.178393135189237,-0.592953293973792,-0.377280530172298,0.970233824146087
0.178481302508165,-0.571179628737696,-0.402130611373247,0.973310240110925
0.178569469827092,-0.548967711534743,-0.426672255325868,0.975639966860618
0.17865763714602,-0.526334616452049,-0.450886610774034,0.977221227226091
0.178745804464948,-0.503297719464157,-0.474755075744636,0.978052795208786
0.178833971783876,-0.479874702576923,-0.498259341445602,0.978134044022537
0.178922139102804,-0.456083536451973,-0.521381363354525,0.977464899806524
0.179010306421732,-0.431942476381584,-0.544103410439927,0.976045886821491
0.17909847374066,-0.407470041548156,-0.566408041348701,0.973878082896867
0.179186641059587,-0.382685008649046,-0.588278152868772,0.97096316151784
0.179295045292026,-0.35181129015117,-0.614547235686437,0.966358525837637
0.179403449524465,-0.32052940002622,-0.640103783154081,0.960633183180279
0.179511853756904,-0.288875717081791,-0.664918066232391,0.953793783314184
0.179620257989343,-0.256886973679002,-0.688961295447873,0.945848269126923
0.179728662221782,-0.224600293095212,-0.712205557488653,0.936805850583882
0.179837066454221,-0.192053114127166,-0.734623905688807,0.926677019815935
0.17994547068666,-0.159283196448571,-0.75619032072532,0.915473517173855
0.180053874919099,-0.126328535493483,-0.776879804708057,0.903208340201548
0.180162279151538,-0.093227361243469,-0.796668345669368,0.88989570691281
0.180270683383977,-0.06001805287851,-0.815533007779051,0.875551060657555
0.180379087616416,-0.0267391347657314,-0.833451896592866,0.860191031358613
0.180487491848855,0.00657080769516675,-0.850404244345199,0.843833436650019
0.180595896081294,0.0398731341146617,-0.866370375332078,0.826497241217439
0.180663509267011,0.0606240554954825,-0.875821442049086,0.815197386553603
0.180731122452729,0.0813474543726136,-0.884877275543136,0.80352982117049
0.180798735638447,0.102034072950109,-0.893533835829313,0.791499762879175
0.180866348824164,0.122674579705021,-0.901787210754755,0.779112631049731
0.180958508063006,0.150716802624907,-0.912380653487783,0.761663850862842
0.181050667301847,0.17863277303508,-0.922209355194844,0.743576582159765
0.181110867211617,0.196789039178761,-0.928212925280573,0.731423886101818
0.181171067121387,0.214874825384165,-0.93388446480514,0.71900963942094
0.181231267031156,0.232883719629218,-0.939221970353981,0.706338250724771
0.181291466940926,0.250809267342603,-0.944223520715689,0.693414253373051
0.181363967204259,0.272277602302434,-0.94979851541559,0.677520913113144
0.181436467467592,0.293604690601911,-0.954880785300809,0.661276094698927
0.181508967730924,0.314779480958139,-0.959467707498404,0.644688226540228
0.181581467994257,0.335790963934888,-0.963556888213079,0.627765924278171
0.18165396825759,0.356628257567785,-0.96714621993284,0.610517962365046
0.181726468520923,0.37728053241475,-0.970233827790176,0.59295329537539
0.181814635819962,0.402130608049197,-0.973310243158078,0.571179635108865
0.181902803119001,0.426672246578973,-0.975639969648237,0.548967723069257
0.18199097041804,0.45088659676068,-0.977221230092528,0.526334633331822
0.182079137717079,0.474755056633621,-0.978052798492834,0.503297741859192
0.182167305016119,0.498259317417956,-0.978134048062981,0.479874730645014
0.182255472315158,0.521381334603216,-0.97746490494169,0.456083570338472
0.182343639614197,0.544103377169488,-0.976045893388588,0.431942516219088
0.182431806913236,0.566408003774994,-0.973878091231407,0.407470087456403
0.182519974212275,0.588278111218742,-0.970963171953337,0.38268506073459
0.182628378444646,0.614547195181144,-0.966358538147369,0.351811342966214
0.182736782677018,0.640103743844672,-0.960633197355744,0.320529453511058
0.182845186909389,0.664918028168533,-0.953793799344511,0.288875771175967
0.18295359114176,0.688961258677863,-0.94584828699924,0.256887028321345
0.183061995374131,0.71220552205925,-0.936805870283138,0.224600348223866
0.183170399606503,0.734623871645238,-0.926677041324892,0.192053169679659
0.183278803838874,0.756190288111286,-0.915473540473221,0.159283252361917
0.183387208071245,0.77687977356567,-0.903208365269918,0.126328591704231
0.183495612303616,0.796668316038957,-0.889895733726753,0.0932274176877591
0.183604016535987,0.815532979699232,-0.875551089191413,0.060018109492185
0.183712420768359,0.833451870100537,-0.860191061584965,0.0267391914843865
0.18382082500073,0.850404219475397,-0.843833468539278,-0.00657075093613212
0.183929229233101,0.866370352118053,-0.826497274738147,-0.0398730773799118
0.183996842477272,0.875821427889444,-0.815197411139767,-0.060624016749716
0.184064455721442,0.884877269762262,-0.803529836176741,-0.0813474335855362
0.184132068965612,0.893533837740748,-0.79149976767358,-0.102034070067196
0.184199682209783,0.901787219661905,-0.779112625014342,-0.122674594647554
0.184291841465551,0.912380663838049,-0.761663841196233,-0.150716822641846
0.184384000721319,0.922209366700932,-0.743576568638618,-0.178632798062361
0.184444200599261,0.928212933226246,-0.731423878696731,-0.196789054529519
0.184504400477204,0.933884469539465,-0.719009638412578,-0.214874831126894
0.184564600355146,0.939221972229436,-0.706338256386709,-0.232883715842741
0.184624800233089,0.944223520087683,-0.693414265971727,-0.25080925411595
0.184697300496599,0.949798515078827,-0.677520925873684,-0.272277589205158
0.18476980076011,0.954880785254462,-0.661276107614849,-0.293604677639643
0.18484230102362,0.959467707741373,-0.644688239605063,-0.314779468136346
0.18491480128713,0.96355688874431,-0.62776593748535,-0.335790951258933
0.184987301550641,0.967146220750941,-0.610517975708072,-0.356628245042868
0.185059801814151,0.970233828893596,-0.592953308847635,-0.37728052004596
0.18514796911293,0.973310244591734,-0.571179648848373,-0.40213059574335
0.185236136411708,0.975639971417357,-0.548967737070826,-0.426672234346543
0.185324303710486,0.977221232202322,-0.526334647590096,-0.450886584612256
0.185412471009265,0.978052800948174,-0.50329775636842,-0.474755044579776
0.185500638308043,0.978134050868493,-0.479874745399148,-0.498259305469338
0.185588805606821,0.977464908101636,-0.456083585331199,-0.521381322770456
0.1856769729056,0.976045896907068,-0.431942531443789,-0.544103365463286
0.185765140204378,0.973878095112174,-0.407470102906157,-0.566407992205999
0.185853307503156,0.970963176199911,-0.382685076402269,-0.588278099797642
0.185961711735508,0.966358542833635,-0.351811358805191,-0.614547184028436
0.18607011596786,0.960633202479794,-0.320529469507402,-0.640103732972385
0.186178520200211,0.953793804903916,-0.288875787315515,-0.664918017588395
0.186286924432563,0.945848292990986,-0.256887044589754,-0.688961248401226
0.186395328664914,0.936805876703796,-0.224600364606624,-0.7122055120972
0.186503732897266,0.926677048170542,-0.192053186162109,-0.734623862008452
0.186612137129617,0.915473547739329,-0.159283268929254,-0.756190278810079
0.186720541361969,0.903208372951568,-0.12632860834158,-0.776879764609972
0.186828945594321,0.889895741818413,-0.0932274343801334,-0.7966683074383
0.186937349826672,0.875551097687292,-0.0600181262244707,-0.815532971462783
0.187045754059024,0.860191070478486,-0.0267392082414518,-0.833451862237078
0.187154158291375,0.843833477823696,0.00657073416946063,-0.850404211993193
0.187262562523727,0.826497284406085,0.0398730606188241,-0.8663703450249
0.187330175785476,0.815197418055142,0.0606240053952178,-0.87582142345038
0.187397789047225,0.803529840146417,0.0813474276268586,-0.884877267773251
0.187465402308974,0.791499768508456,0.102034069486301,-0.893533837994757
0.187533015570724,0.779112622529558,0.122674599419132,-0.901787221948688
0.187625174862561,0.761663831562405,0.150716838331133,-0.912380669893507
0.187717334154398,0.743576551366083,0.178632824554511,-0.922209375920624
0.187777533998689,0.731423867852965,0.196789070781366,-0.928212938634328
0.187837733842979,0.719009634294912,0.214874837209911,-0.933884471504836
0.18789793368727,0.706338259285062,0.232883711839311,-0.939221971124364
0.187958133531561,0.69341427616851,0.250809240119253,-0.944223516287799
0.188030633792883,0.677520936725785,0.272277574628426,-0.949798511354207
0.188103134054205,0.661276119139216,0.293604662497098,-0.954880781636295
0.188175634315527,0.644688251817775,0.314779452443155,-0.959467704260953
0.188248134576849,0.627765950401637,0.335790935031202,-0.963556885432841
0.188320634838171,0.610517989342211,0.356628228297642,-0.967146217639878
0.188393135099493,0.592953323213143,0.37728050280119,-0.970233826014307
0.188481302415432,0.571179659175116,0.402130583469152,-0.973310242644273
0.188569469731371,0.548967743182253,0.426672226929578,-0.975639970111822
0.188657637047311,0.526334649319512,0.45088658192805,-0.977221231247565
0.18874580436325,0.503297753559357,0.474755046492983,-0.978052800052362
0.188833971679189,0.479874737905474,0.498259311833977,-0.978134049739413
0.188922138995128,0.456083573017386,0.521381333430031,-0.977464906447401
0.189010306311068,0.431942514185069,0.54410338025118,-0.97604589443626
0.189098473627007,0.407470080588827,0.566408010945601,-0.973878091534423
0.189186640942946,0.38268504892376,0.588278122302648,-0.970963171226368
0.189295045175334,0.351811330896368,0.614547205858424,-0.966358536754813
0.189403449407723,0.320529441203528,0.640103754097168,-0.96063319530068
0.189511853640111,0.288875758652243,0.664918037978771,-0.953793796630974
0.1896202578725,0.256887015603177,0.688961268028742,-0.94584828363189
0.189728662104888,0.224600335333199,0.712205530934286,-0.936805866267502
0.189837066337277,0.192053156638686,0.734623880028517,-0.926677036667187
0.189945470569665,0.159283239192978,0.756190295987438,-0.915473535180398
0.190053874802053,0.126328578429826,0.776879780919851,-0.903208359349686
0.190162279034442,0.093227404330553,0.796668322856972,-0.889895727187522
0.19027068326683,0.0600180960749115,0.815532985967542,-0.875551082042434
0.190379087499219,0.0267391780298529,0.833451875806146,-0.860191053836022
0.190487491731607,-0.00657076440503004,0.850404224606044,-0.843833460201022
0.190595895963995,-0.0398730908402824,0.866370356662047,-0.826497265821753
0.190663509195184,-0.0606240262083026,0.875821430283839,-0.815197404075527
0.190731122426373,-0.0813474390457513,0.884877270155598,-0.803529831109784
0.190798735657562,-0.102034071537839,0.893533836284078,-0.791499764746202
0.190866348888751,-0.122674592142803,0.901787216508541,-0.779112624365706
0.190958508200915,-0.150716837246135,0.912380666832549,-0.761663829586409
0.19105066751308,-0.178632829604086,0.922209374901158,-0.743576545297038
0.191110867350984,-0.196789073881011,0.928212936856679,-0.731423862975664
0.191171067188889,-0.214874838372497,0.933884469038783,-0.719009630666284
0.191231267026793,-0.232883711079738,0.939221968040377,-0.70633825696061
0.191291466864698,-0.250809237454541,0.944223512656996,-0.693414275202408
0.191363967123506,-0.272277571222613,0.949798507540417,-0.677520936317794
0.191436467382313,-0.293604658360398,0.954880777673793,-0.661276119313382
0.19150896764112,-0.314779447586938,0.959467700184249,-0.644688252597288
0.191581467899928,-0.335790929467946,0.963556881276771,-0.627765951808787
0.191653968158735,-0.356628222040954,0.967146213439321,-0.610517991398346
0.191726468417543,-0.377280495865808,0.97023382180441,-0.592953325938588
0.191814635748871,-0.40213058089712,0.973310239035967,-0.571179658138824
0.191902803080199,-0.426672228613308,0.975639966844515,-0.54896773823118
0.191990970411528,-0.450886587750044,0.977221228059734,-0.526334640309674
0.192079137742856,-0.474755056326075,0.978052796681972,-0.503297740355882
0.192167305074184,-0.498259325541474,0.978134045924441,-0.479874720382951
0.192255472405513,-0.521381350866047,0.977464901926002,-0.456083551059937
0.192343639736841,-0.544103401260708,0.976045888947374,-0.431942487686659
0.192431807068169,-0.566408035364865,0.973878084818189,-0.407470049453302
0.192519974399497,-0.588278149959232,0.970963163024377,-0.382685013065097
0.192628378631932,-0.614547232734491,0.966358527274056,-0.351811294539555
0.192736782864368,-0.640103780157832,0.960633184547149,-0.320529404389272
0.192845187096803,-0.664918063190101,0.953793784611915,-0.288875721421818
0.192953591329238,-0.688961292357813,0.945848270356122,-0.256886977998297
0.193061995561673,-0.712205554349183,0.93680585174529,-0.224600297396064
0.193170399794108,-0.734623902498315,0.926677020910255,-0.192053118411896
0.193278804026543,-0.756190317482338,0.91547351820189,-0.159283200719501
0.193387208258978,-0.776879801411179,0.903208341164143,-0.126328539752966
0.193495612491414,-0.796668342317175,0.889895707811037,-0.0932273654938482
0.193604016723849,-0.8155330043702,0.875551061492354,-0.0600180571221375
0.193712420956284,-0.833451893126138,0.860191032131131,-0.0267391390049429
0.193820825188719,-0.850404240819382,0.843833437361425,0.00657080345799988
0.193929229421154,-0.866370371746133,0.82649724186896,0.039873129877198
0.19399684261155,-0.875821439065676,0.815197386373417,0.0606240526922587
0.194064455801946,-0.88487727310686,0.803529820108591,0.0813474529982796
0.194132068992342,-0.893533833883994,0.791499760886638,0.102034072997389
0.194199682182738,-0.901787209243495,0.779112628078805,0.122674581164702
0.194291841480028,-0.912380658244769,0.761663836443668,0.150716821801101
0.194384000777319,-0.922209365242462,0.743576555495781,0.178632809746714
0.194444200640476,-0.928212930027103,0.731423868324765,0.196789061702356
0.194504400503634,-0.933884464761259,0.719009630942993,0.214874833818274
0.194564600366791,-0.939221966035338,0.706338251947824,0.232883714087502
0.194624800229948,-0.94422351264233,0.693414264688601,0.250809247953736
0.194697300488911,-0.949798507321471,0.67752092561329,0.272277581708176
0.194769800747874,-0.954880777247194,0.661276108420413,0.293604668826786
0.194842301006837,-0.959467699546784,0.64468824151821,0.314779458028571
0.194914801265799,-0.96355688042521,0.627765940545999,0.335790939879225
0.194987301524762,-0.96714621237071,0.610517979954464,0.356628232416277
0.195059801783725,-0.97023382051581,0.592953314316306,0.377280506199518
0.195147969113038,-0.97331023740846,0.571179646853383,0.402130590555092
0.19523613644235,-0.975639964911458,0.548967727308504,0.426672237603006
0.195324303771663,-0.977221225854914,0.52633462977458,0.450886596080338
0.195412471100976,-0.978052794239347,0.503297730232223,0.474755064007155
0.195500638430289,-0.978134043278203,0.479874710693324,0.498259332584881
0.195588805759601,-0.977464899110525,0.456083541825894,0.521381357284639
0.195676973088914,-0.976045885997108,0.431942478928505,0.544103407068611
0.195765140418227,-0.97387808176769,0.407470041190159,0.566408040577504
0.19585330774754,-0.970963159908094,0.38268500531485,0.58827815459325
0.195961711979981,-0.966358524005811,0.35181128673023,0.614547237275613
0.196070116212422,-0.960633181127578,0.320529396525715,0.640103784601877
0.196178520444863,-0.953793781041947,0.288875713508915,0.664918067533038
0.196286924677304,-0.945848266636705,0.256886970041034,0.68896129659568
0.196395328909746,-0.936805847877699,0.224600289399466,0.712205558478233
0.196503733142187,-0.926677016895852,0.192053110381032,0.734623906514818
0.196612137374628,-0.915473514042168,0.159283192659481,0.756190321382736
0.196720541607069,-0.903208336860958,0.126328531668972,0.776879805191999
0.196828945839511,-0.889895703366186,0.0932273573910641,0.796668345975121
0.196937350071952,-0.875551056907931,0.0600180490057722,0.815533007902181
0.197045754304393,-0.860191027409342,0.0267391308802473,0.833451896529072
0.197154158536834,-0.843833432504673,-0.00657081158578072,0.85040424409045
0.197262562769276,-0.826497236879776,-0.0398731380027991,0.866370374882575
0.197330175949078,-0.815197383103019,-0.0606240575634813,0.875821440666492
0.19739778912888,-0.803529818672467,-0.0813474546231379,0.884877273295563
0.197465402308683,-0.791499761397893,-0.10203407138825,0.893533832786137
0.197533015488485,-0.779112630647946,-0.122674576338341,0.901787206986313
0.197625174750524,-0.761663846003712,-0.150716806305745,0.912380652309445
0.197717334012562,-0.743576572525054,-0.178632783694734,0.922209356219765
0.197777533908815,-0.731423879031126,-0.196789045721887,0.928212924753029
0.197837733805069,-0.719009635034105,-0.214874827839017,0.933884462873079
0.197897933701322,-0.706338249138438,-0.232883718028452,0.939221967166872
0.197958133597576,-0.693414254700981,-0.250809261723219,0.944223516424191
0.198030633859877,-0.677520914717925,-0.272277596398532,0.94979851111648
0.198103134122177,-0.661276096589277,-0.29360468441923,0.954880781008509
0.198175634384478,-0.644688228724561,-0.314779474502824,0.959467703227379
0.198248134646779,-0.627765926764346,-0.335790957213593,0.963556883977931
0.19832063490908,-0.610517965160647,-0.356628250587554,0.967146215748192
0.198393135171381,-0.592953298487543,-0.377280525183102,0.970233823670617
0.198481302484471,-0.57117963479681,-0.402130604809919,0.973310239606717
0.198569469797561,-0.54896771919277,-0.426672247234309,0.975639966427093
0.198657637110651,-0.526334625759051,-0.450886601203808,0.977221226962894
0.198745804423741,-0.503297730466541,-0.474755064748915,0.978052795215472
0.19883397173683,-0.479874715317505,-0.498259329081095,0.978134044398585
0.19892213904992,-0.456083550969865,-0.5213813496814,0.97746490065127
0.19901030636301,-0.431942492712042,-0.544103395521669,0.97604588823369
0.1990984736761,-0.40747005972269,-0.566408025252033,0.973878084974732
0.19918664098919,-0.382685028695223,-0.588278135663668,0.970963164358896
0.199295045221601,-0.351811310480575,-0.614547218928026,0.966358529408608
0.199403449454011,-0.320529420615629,-0.640103766862251,0.960633187477879
0.199511853686421,-0.288875737907659,-0.664918050426581,0.953793788334239
0.199620257918832,-0.25688699471754,-0.688961280146879,0.945848274864417
0.199728662151242,-0.224600314322302,-0.712205542710698,0.936805857032976
0.199837066383653,-0.192053135518489,-0.734623891451532,0.926677026969998
0.199945470616063,-0.159283217979575,-0.75619030704578,0.915473525025327
0.200053874848473,-0.12632855713945,-0.776879791602656,0.903208348742128
0.200162279080884,-0.0932273829795242,-0.796668333153891,0.889895716133448
0.200270683313294,-0.0600180746796418,-0.815532995868557,0.875551070548189
0.200379087545705,-0.026739156606855,-0.833451885301756,0.860191041908594
0.200487491778115,0.0065707858392326,-0.850404233687106,0.84383344784785
0.200595896010525,0.0398731122691177,-0.866370365320021,0.826497253050892
0.200663509214825,0.0606240393739152,-0.875821434991778,0.815197395617831
0.200731122419124,0.0813474439671905,-0.884877271226518,0.80352982725935
0.200798735623424,0.102034068245294,-0.893533834036016,0.791499765790712
0.200866348827723,0.122674580677599,-0.901787211264057,0.779112630586437
0.200958508068741,0.150716804255183,-0.912380654209177,0.761663849953969
0.201050667309758,0.178632775315591,-0.922209356091544,0.743576580775921
0.201110867216637,0.196789040581056,-0.928212925853636,0.73142388527257
0.201171067123516,0.21487482591445,-0.933884465086199,0.719009639171738
0.201231267030394,0.232883719294631,-0.939221970375079,0.706338251080433
0.201291466937273,0.250809266151227,-0.944223520509051,0.693414254357785
0.201363967203124,0.272277601862312,-0.949798515418985,0.677520913556678
0.201436467468976,0.293604690903408,-0.95488078548007,0.661276094576658
0.201508967734827,0.31477948199046,-0.959467707819023,0.644688225828534
0.201581468000679,0.335790965686107,-0.963556888640334,0.627765922954193
0.201653968266531,0.356628260024829,-0.967146220431867,0.610517960406978
0.201726468532382,0.377280535563438,-0.970233828325807,0.592953292762347
0.201814635832738,0.402130611529028,-0.973310243637355,0.571179632108296
0.201902803133093,0.426672250377948,-0.97563997004842,0.548967719670444
0.201990970433449,0.450886600866081,-0.977221230391043,0.526334629524963
0.202079137733805,0.474755061031855,-0.978052798667181,0.503297737635318
0.20216730503416,0.498259322094719,-0.978134048090707,0.479874725995946
0.202255472334516,0.521381339543384,-0.977464904800348,0.45608356525692
0.202343639634872,0.544103382357302,-0.976045893055973,0.431942510698626
0.202431806935227,0.566408009193871,-0.973878090685407,0.407470081491534
0.202519974235583,0.588278116851485,-0.97096317117219,0.382685054320688
0.202628378467962,0.614547200667253,-0.966358537124313,0.35181133645702
0.202736782700341,0.640103749177486,-0.960633196091809,0.32052944691428
0.20284518693272,0.664918033341723,-0.953793797841125,0.288875764499406
0.2029535911651,0.688961263685146,-0.945848285258081,0.256887021572904
0.203061995397479,0.712205526894563,-0.936805868306126,0.224600341411526
0.203170399629858,0.734623876302779,-0.926677039114278,0.192053162811462
0.203278803862237,0.756190292585416,-0.915473538031483,0.159283245446004
0.203387208094616,0.776879777851001,-0.903208362599772,0.126328584748767
0.203495612326996,0.796668320130198,-0.889895730831269,0.0932274107010255
0.203604016559375,0.815532983591468,-0.875551086073874,0.0600181024824117
0.203712420791754,0.833451873788975,-0.860191058248873,0.0267391844599003
0.203820825024133,0.850404222955498,-0.843833464988532,-0.00657075796699838
0.203929229256512,0.866370355385566,-0.826497270976765,-0.0398730844088183
0.203996842490178,0.875821429583946,-0.815197409034216,-0.0606240205497569
0.204064455723844,0.884877270005677,-0.803529835842308,-0.0813474341634162
0.20413206895751,0.893533836657073,-0.791499769223102,-0.102034067433991
0.204199682191175,0.901787217376783,-0.77911262855812,-0.12267458881868
0.204291841445739,0.912380661574013,-0.761663845102402,-0.150716816471631
0.204384000700303,0.922209364479783,-0.743576572920642,-0.178632791559167
0.204444200586527,0.928212931924318,-0.731423881380804,-0.196789050543565
0.204504400472752,0.933884469065913,-0.719009639425773,-0.214874829640193
0.204564600358976,0.939221972492469,-0.706338255657914,-0.232883716834628
0.204624800245201,0.944223520994792,-0.693414263431729,-0.250809257563107
0.204697300511346,0.949798516098285,-0.67752092268989,-0.272277593408436
0.204769800777492,0.954880786349943,-0.661276103763404,-0.293604682586526
0.204842301043638,0.959467708876217,-0.644688235063124,-0.314779473813095
0.204914801309784,0.963556889881631,-0.627765932230993,-0.335790957650661
0.204987301575929,0.967146221853857,-0.610517969720346,-0.356628252133535
0.205059801842075,0.970233829925021,-0.592953302106684,-0.37728052781833
0.205147969147016,0.973310245576823,-0.571179640428361,-0.40213060514845
0.205236136451957,0.975639972250908,-0.548967726916975,-0.426672245333943
0.205324303756898,0.977221232779019,-0.526334635651374,-0.450886597127675
0.205412471061839,0.978052801162697,-0.503297742597571,-0.474755058565149
0.20550063836678,0.978134050615746,-0.479874729752826,-0.498259320862943
0.205588805671722,0.977464907276911,-0.456083567769983,-0.521381339506924
0.205676972976663,0.976045895406058,-0.431942511932302,-0.54410338347378
0.205765140281604,0.973878092831371,-0.407470081413129,-0.566408011418252
0.205853307586545,0.97096317303657,-0.382685052900507,-0.588278120136057
0.20596171181893,0.966358538805286,-0.351811334965403,-0.614547203839917
0.206070116051316,0.960633197590307,-0.320529445357083,-0.640103752233267
0.206178520283702,0.953793799158243,-0.288875762882537,-0.664918036275707
0.206286924516088,0.945848286395005,-0.256887019902333,-0.688961266492675
0.206395328748474,0.936805869264378,-0.224600339693287,-0.712205529571087
0.20650373298086,0.926677039895551,-0.192053161051662,-0.734623878843897
0.206612137213245,0.915473538637596,-0.159283243650785,-0.756190294986837
0.206720541445631,0.903208363032867,-0.126328582924338,-0.776879780108536
0.206828945678017,0.889895731093603,-0.0932274088536037,-0.796668322240011
0.206937349910403,0.875551086167995,-0.0600181006182801,-0.815532985549743
0.207045754142789,0.860191058177442,-0.0267391825853313,-0.833451875592115
0.207154158375174,0.843833464754425,0.00657075984569819,-0.850404224600141
0.20726256260756,0.826497270583053,0.039873086285334,-0.866370356868375
0.207330175842713,0.815197408290773,0.060624022876487,-0.875821431167275
0.207397789077865,0.803529834734406,0.081347436936514,-0.884877271670905
0.207465402313018,0.791499767736407,0.102034070648975,-0.893533838385389
0.207533015548171,0.779112626678746,0.122674592470483,-0.901787219149257
0.207625174836919,0.761663836465937,0.150716830472938,-0.912380666938879
0.207717334125667,0.743576557062628,0.178632815801819,-0.922209372864462
0.207777533981095,0.731423871403079,0.196789065413749,-0.928212936816852
0.207837733836524,0.719009635600516,0.214874835203255,-0.933884470803772
0.207897933691953,0.706338258250504,0.232883713165853,-0.939221971416365
0.207958133547381,0.693414272700684,0.250809244747714,-0.944223517448391
0.208030633810199,0.677520932849209,0.272277579669164,-0.949798512518365
0.208103134073017,0.661276114841365,0.293604667941656,-0.954880782783016
0.208175634335835,0.64468824708673,0.314779458282372,-0.959467705369096
0.208248134598653,0.627765945225982,0.335790941255279,-0.963556886481262
0.20832063486147,0.610517983711226,0.356628234896123,-0.967146218607379
0.208393135124288,0.592953317116625,0.377280509762997,-0.970233826879634
0.208481302446988,0.571179651266946,0.402130592241142,-0.973310243508075
0.208569469769688,0.548967733401214,0.426672237457702,-0.975639970858897
0.208657637092388,0.526334637608535,0.450886594154018,-0.977221231762543
0.208745804415088,0.50329773986541,0.474755060354318,-0.978052800219717
0.208833971737788,0.479874722179823,0.498259327264163,-0.978134049443988
0.208922139060488,0.456083555215578,0.521381350358583,-0.977464905574101
0.209010306383188,0.431942494267113,0.54410339860371,-0.9760458928708
0.209098473705887,0.407470058519102,0.566408030643974,-0.973878089163057
0.209186641028587,0.38268502467125,0.588278143265104,-0.97096316793631
0.20929504526101,0.351811306297953,0.614547226278647,-0.966358532576558
0.209403449493432,0.320529416287466,0.640103773950863,-0.960633190238329
0.209511853725854,0.288875733447152,0.664918057242381,-0.953793790689518
0.209620257958277,0.256886990138039,0.688961286679409,-0.945848276817436
0.209728662190699,0.224600309637323,0.712205548949783,-0.936805858587119
0.209837066423121,0.192053130741668,0.734623897387364,-0.926677028129025
0.209945470655544,0.159283213124668,0.756190312668887,-0.915473525793535
0.210053874887966,0.126328552220303,0.776879796903927,-0.903208349124238
0.210162279120388,0.093227378010068,0.796668338124536,-0.889895716134603
0.210270683352811,0.0600180696738707,0.815533000500218,-0.875551070174065
0.210379087585233,0.026739151578786,0.833451889586401,-0.860191041165192
0.210487491817655,-0.00657079087550373,0.850404237617226,-0.843833446741715
0.210595896050078,-0.0398731172994936,0.866370368888398,-0.826497251588913
0.210663509256438,-0.0606240450231538,0.875821438612058,-0.815197393588875
0.210731122462798,-0.081347450227858,0.884877274872081,-0.803529824644206
0.210798735669157,-0.10203407510913,0.893533837679899,-0.791499762570739
0.210866348875517,-0.122674588135481,0.901787214879132,-0.779112626743643
0.210958508184794,-0.150716832378131,0.912380664992858,-0.761663832614709
0.211050667494071,-0.178632823887489,0.922209372900596,-0.743576549013107
0.211110867339247,-0.196789070374402,0.92821293566614,-0.731423865291735
0.211171067184423,-0.214874837060166,0.933884468578466,-0.71900963151828
0.2112312670296,-0.232883711943619,0.939221968229741,-0.706338256286095
0.211291466874776,-0.250809240474211,0.944223513414655,-0.693414272940438
0.211363967133774,-0.272277574279307,0.949798508244199,-0.677520933964886
0.211436467392771,-0.293604661451795,0.954880778320715,-0.661276116868913
0.211508967651768,-0.314779450710648,0.959467700771321,-0.644688250060625
0.211581467910765,-0.335790932621515,0.96355688180103,-0.627765949179491
0.211653968169763,-0.356628225221856,0.967146213897902,-0.610517988675991
0.21172646842876,-0.377280499071448,0.970233822194375,-0.592953323122919
0.211814635764299,-0.402130585244022,0.973310239460684,-0.571179654216631
0.211902803099838,-0.426672234068727,0.975639967232292,-0.548967733163517
0.211990970435377,-0.450886594278588,0.977221228338744,-0.526334634060128
0.212079137770915,-0.474755063889742,0.97805279678034,-0.503297732890604
0.212167305106454,-0.498259334099686,0.978134045770427,-0.479874711670727
0.212255472441993,-0.521381360375781,0.977464901448018,-0.456083541072209
0.212343639777532,-0.544103411676494,0.976045888074152,-0.43194247639765
0.212431807113071,-0.566408046638853,0.973878083478793,-0.407470036839925
0.21251997444861,-0.588278162041287,0.970963161148442,-0.382684999107133
0.212628378681063,-0.614547244504761,0.966358524888866,-0.351811280384096
0.212736782913516,-0.640103791602438,0.960633181654978,-0.320529390052517
0.212845187145969,-0.664918074295537,0.953793781215714,-0.288875706920173
0.212953591378422,-0.688961303110979,0.945848266459419,-0.256886963348411
0.213061995610876,-0.712205564737398,0.936805847352131,-0.224600282614721
0.213170399843329,-0.734623912509278,0.926677016025376,-0.192053103516083
0.213278804075782,-0.756190327104173,0.915473512830545,-0.159283185726323
0.213387208308235,-0.776879810632454,0.903208335312131,-0.126328524679669
0.213495612540688,-0.796668351126942,0.889895701484742,-0.0932273503577743
0.213604016773141,-0.815533012757971,0.875551054698712,-0.0600180419407282
0.213712421005594,-0.833451901081924,0.860191024877656,-0.026739123795702
0.213820825238047,-0.850404248333701,0.843833429656126,0.00657081867754671
0.213929229470501,-0.866370378809881,0.826497233720428,0.0398731450894677
0.21399684264782,-0.875821444052781,0.815197380176003,0.0606240638767816
0.214064455825139,-0.884877276167962,0.803529816007342,0.0813474601606369
0.214132069002458,-0.893533835172152,0.791499759023584,0.102034076148571
0.214199682179777,-0.901787208914056,0.779112628592954,0.122674580321121
0.214291841475544,-0.912380657770996,0.76166383727269,0.150716820498304
0.214384000771311,-0.922209364650072,0.743576556660011,0.178632807990057
0.2144442006367,-0.928212929684094,0.731423869060226,0.196789060623888
0.21450440050209,-0.933884464643224,0.719009631229992,0.214874833413208
0.214564600367479,-0.939221966117498,0.70633825176722,0.232883714350313
0.214624800232868,-0.944223512899802,0.693414264021634,0.250809248878173
0.214697300491107,-0.94979850750598,0.677520925092698,0.27227758241329
0.214769800749346,-0.95488077736852,0.661276108053465,0.29360466931504
0.214842301007585,-0.95946769961468,0.644688241311903,0.314779458302792
0.214914801265825,-0.9635568804497,0.627765940507125,0.335790939942572
0.214987301524064,-0.967146212361705,0.610517980089491,0.356628232272221
0.215059801782303,-0.970233820483345,0.592953314631457,0.377280505851856
0.215147969111908,-0.973310237396971,0.571179647103053,0.402130590293932
0.215236136441514,-0.975639964916124,0.548967727489543,0.42667223742656
0.21532430377112,-0.977221225870649,0.526334629884062,0.450886595986592
0.215412471100725,-0.97805279426124,0.503297730267299,0.474755063993959
0.215500638430331,-0.978134043301302,0.479874710651412,0.498259332649857
0.215588805759936,-0.977464899129745,0.456083541704512,0.521381357425251
0.215676973089542,-0.976045886007557,0.431942478725427,0.544103407282159
0.215765140419147,-0.973878081764349,0.407470040903277,0.566408040861086
0.215853307748753,-0.970963159886122,0.382685004942311,0.588278154943818
0.215961711981195,-0.966358523971223,0.35181128635294,0.614547237618274
0.216070116213638,-0.960633181080462,0.32052939614409,0.640103784936358
0.21617852044608,-0.953793780982298,0.288875713123326,0.664918067858975
0.216286924678523,-0.945848266564657,0.256886969651894,0.688961296912766
0.216395328910965,-0.936805847793297,0.224600289007172,0.71220555878609
0.216503733143407,-0.926677016799197,0.192053109985985,0.734623906813219
0.21661213737585,-0.915473513933431,0.15928319226211,0.756190321671343
0.216720541608292,-0.903208336740184,0.12632853126967,0.776879805470545
0.216828945840735,-0.889895703233608,0.0932273569902669,0.796668346243335
0.216937350073177,-0.87555105676365,0.0600180486039016,0.815533008159754
0.217045754305619,-0.860191027253541,0.0267391304777377,0.833451896775794
0.217154158538062,-0.843833432337541,-0.00657081198851463,0.850404244326074
0.217262562770504,-0.826497236701525,-0.0398731384053265,0.866370375106887
0.217330175950713,-0.815197382849083,-0.0606240580899401,0.875821440939045
0.217397789130921,-0.803529818338611,-0.0813474552729797,0.884877273611583
0.217465402311129,-0.79149976097987,-0.102034072160764,0.893533833140634
0.217533015491338,-0.779112630141738,-0.122674577232639,0.901787207374367
0.217625174753441,-0.761663845464942,-0.150716807216074,0.912380652681004
0.217717334015545,-0.743576571953316,-0.178632784620182,0.922209356573515
0.217777533910619,-0.731423878686925,-0.196789046289069,0.928212924975993
0.217837733805694,-0.71900963492768,-0.214874828050495,0.933884462978197
0.217897933700769,-0.706338249280031,-0.232883717887153,0.939221967167156
0.217958133595843,-0.693414255100367,-0.250809261232483,0.94422351633283
0.218030633857007,-0.677520915377858,-0.272277595575302,0.949798510953151
0.218103134118171,-0.661276097520491,-0.293604683268373,0.954880780788863
0.218175634379335,-0.64468822993728,-0.314779473029733,0.959467702967006
0.218248134640499,-0.627765928268468,-0.335790955424164,0.963556883692626
0.218320634901662,-0.610517966965606,-0.356628248488201,0.967146215453827
0.218393135162826,-0.592953300602322,-0.377280522780727,0.970233823383071
0.218481302472628,-0.571179637775235,-0.402130601515362,0.973310239290571
0.21856946978243,-0.548967723065245,-0.426672243073094,0.975639966138339
0.218657637092231,-0.526334630554054,-0.450886596203573,0.977221226757591
0.218745804402033,-0.503297736210495,-0.47475505893929,0.978052795149762
0.218833971711835,-0.479874722034812,-0.498259322493737,0.978134044528535
0.218922139021637,-0.456083558682871,-0.521381342349883,0.977464901032734
0.219010306331438,-0.431942501440961,-0.544103387481471,0.976045888922431
0.21909847364124,-0.407470069485522,-0.56640801654049,0.973878086026004
0.219186640951042,-0.38268503950783,-0.588278126319869,0.970963165827681
0.219295045183438,-0.35181132144735,-0.614547209826059,0.966358531273378
0.219403449415833,-0.320529431723959,-0.640103758012941,0.960633189736902
0.219511853648229,-0.288875749144788,-0.664918041840371,0.953793790985182
0.219620257880625,-0.256887006070535,-0.688961271834035,0.945848277904526
0.21972866211302,-0.224600325778105,-0.712205534681085,0.936805860459183
0.219837066345416,-0.192053147063883,-0.734623883714712,0.926677030778594
0.219945470577812,-0.159283229601278,-0.756190299611033,0.915473529212293
0.220053874810208,-0.126328568824054,-0.77687978447889,0.903208353302915
0.220162279042603,-0.0932273947135479,-0.796668326349609,0.889895721063111
0.220270683274999,-0.0600180864495229,-0.815532989391867,0.875551075841414
0.220379087507395,-0.0267391683989761,-0.833451879160531,0.860191047559475
0.22048749173979,0.00657077403850828,-0.850404227888782,0.843833453850279
0.220595895972186,0.0398731004734599,-0.866370359871598,0.826497259398096
0.220663509187549,0.0606240309843761,-0.875821431280341,0.815197400295966
0.220731122402912,0.0813474389785922,-0.884877269124511,0.803529830145895
0.220798735618275,0.10203406664788,-0.893533833413725,0.791499766765807
0.220866348833637,0.122674582457009,-0.901787211989835,0.779112629532816
0.220958508075963,0.150716806424653,-0.912380655031172,0.761663848606482
0.221050667318289,0.178632777869675,-0.922209356987405,0.74357657911771
0.221110867221919,0.196789042147564,-0.928212926387553,0.731423884239942
0.221171067125548,0.214874826500391,-0.93388446529378,0.719009638793324
0.221231267029177,0.232883718908094,-0.939221970292362,0.706338251384236
0.221291466932806,0.250809264801324,-0.944223520172286,0.693414255370956
0.221363967197689,0.272277600234791,-0.949798515041337,0.677520914806501
0.221436467462571,0.29360468900289,-0.954880785074877,0.661276096071974
0.221508967727454,0.314779479821997,-0.95946770739973,0.644688227577715
0.221581467992336,0.335790963255172,-0.963556888220506,0.627765924965339
0.221653968257219,0.356628257337333,-0.967146220025096,0.610517962687746
0.221726468522101,0.3772805326257,-0.970233827945768,0.592953295320031
0.221814635817734,0.402130607303476,-0.97331024319954,0.571179635896024
0.221902803113368,0.426672244900826,-0.975639969633185,0.54896772473234
0.221990970409001,0.450886594176611,-0.977221230078911,0.526334635902308
0.222079137704634,0.47475505317221,-0.978052798538688,0.503297745366467
0.222167305000268,0.498259313109911,-0.978134048226305,0.479874735116381
0.222255472295901,0.521381329481238,-0.977464905280344,0.456083575799102
0.222343639591535,0.544103371268316,-0.976045893960345,0.431942522692023
0.222431806887168,0.566407997131318,-0.973878092093748,0.407470094962408
0.222519974182801,0.588278103871146,-0.970963173163427,0.382685069292281
0.222628378415161,0.614547188021942,-0.966358539663629,0.35181135164167
0.222736782647521,0.640103736882155,-0.960633199176727,0.320529462294577
0.22284518687988,0.664918021410893,-0.953793801468568,0.288875780057659
0.22295359111224,0.688961252132939,-0.94584828942418,0.256887037291226
0.2230619953446,0.712205515734645,-0.936805873006499,0.224600357271831
0.223170399576959,0.734623865548416,-0.926677044343926,0.192053178795534
0.223278803809319,0.756190282249273,-0.915473543784715,0.159283261535418
0.223387208041679,0.77687976794538,-0.903208368870413,0.126328600924993
0.223495612274038,0.796668310666968,-0.889895737612407,0.0932274269453877
0.223604016506398,0.815532974581872,-0.875551093358062,0.0600181187761691
0.223712420738758,0.833451865243822,-0.860191066028071,0.0267392007842257
0.223820824971117,0.850404214885027,-0.843833473254101,-0.00657074163097983
0.223929229203477,0.866370347799418,-0.826497279719467,-0.0398730680799888
0.223996842452248,0.875821424373595,-0.815197415501918,-0.0606240088716922
0.224064455701019,0.884877266996922,-0.80352983986782,-0.0813474271291374
0.22413206894979,0.893533835672821,-0.791499770642585,-0.102034065030267
0.224199682198561,0.90178721823741,-0.779112627211404,-0.122674591026015
0.224291841454894,0.912380662569998,-0.761663843362908,-0.150716819207114
0.224384000711227,0.922209365580874,-0.743576570765275,-0.178632794815601
0.224444200593309,0.928212932563757,-0.73142388002309,-0.196789052540663
0.22450440047539,0.933884469289115,-0.719009638902225,-0.214874830386906
0.224564600357471,0.939221972345375,-0.706338256004149,-0.232883716341246
0.224624800239552,0.944223520523611,-0.693414264682373,-0.250809255841246
0.224697300505513,0.949798515651941,-0.677520924009495,-0.272277591642464
0.224769800771473,0.954880785931127,-0.661276105153114,-0.293604680778042
0.224842301037433,0.959467708487749,-0.644688236523951,-0.314779471963824
0.224914801303394,0.963556889526222,-0.627765933763894,-0.335790955762353
0.224987301569354,0.967146221534226,-0.610517971326222,-0.356628250208052
0.225059801835314,0.970233829643935,-0.592953303786361,-0.377280525857587
0.225147969137439,0.973310245266767,-0.571179642845051,-0.402130602421719
0.225236136439564,0.975639971959827,-0.548967730096853,-0.426672241863018
0.225324303741688,0.977221232554971,-0.52633463961894,-0.450886592936063
0.225412471043813,0.978052801053726,-0.503297747375606,-0.474755053678126
0.225500638345937,0.978134050669864,-0.479874735362381,-0.498259315307495
0.225588805648062,0.977464907541981,-0.4560835742303,-0.521381333311695
0.225676972950186,0.976045895929821,-0.431942519260797,-0.544103376669033
0.225765140252311,0.97387809366116,-0.40747008962532,-0.566408004035858
0.225853307554435,0.970963174219542,-0.382685062010138,-0.588278112209405
0.225961711786808,0.966358540322059,-0.35181134420516,-0.614547196116892
0.226070116019182,0.960633199439294,-0.320529454716362,-0.640103744722942
0.226178520251555,0.953793801337504,-0.28887577235058,-0.66491802898695
0.226286924483928,0.945848288902348,-0.256887029468291,-0.688961259434046
0.226395328716301,0.936805872097102,-0.224600349346173,-0.712205522750945
0.226503732948674,0.926677043050622,-0.192053170780375,-0.734623872270258
0.226612137181047,0.915473542111627,-0.159283253444112,-0.756190288667506
0.22672054141342,0.903208366822048,-0.126328592771023,-0.776879774051057
0.226828945645793,0.889895735193787,-0.0932274187422956,-0.79666831645152
0.226937349878166,0.875551090574679,-0.0600181105375584,-0.815532980037127
0.227045754110539,0.860191062885741,-0.0267391925237548,-0.833451870361971
0.227154158342912,0.843833469759058,0.00657074989962662,-0.850404219658696
0.227262562575285,0.826497275878489,0.0398730763430864,-0.866370352221561
0.227330175819748,0.815197412181796,0.0606240158006184,-0.875821427982414
0.227397789064212,0.803529837117999,0.0813474327226432,-0.884877269840607
0.227465402308675,0.791499768511644,0.102034069288897,-0.893533837800554
0.227533015553138,0.779112625746957,0.122674593952105,-0.901787219699075
0.227625174842949,0.761663835294773,0.150716832270818,-0.912380667565571
0.227717334132759,0.743576555638337,0.17863281791149,-0.922209373549843
0.227777533985503,0.731423870495787,0.196789066707145,-0.928212937202949
0.227837733838247,0.719009635233901,0.214874835686144,-0.933884470920036
0.22789793369099,0.706338258447664,0.232883712844937,-0.939221971292596
0.227958133543734,0.693414273484058,0.250809243630502,-0.944223517114529
0.228030633807232,0.677520933500026,0.272277578759305,-0.949798512259319
0.228103134070729,0.661276115352702,0.293604667236924,-0.954880782589652
0.228175634334227,0.644688247451909,0.314779457780291,-0.959467705232207
0.228248134597725,0.627765945438567,0.335790940953012,-0.963556886391579
0.228320634861222,0.610517983764915,0.356628234790553,-0.967146218555502
0.22839313512472,0.592953317005484,0.377280509850677,-0.970233826856202
0.228481302448698,0.571179650835088,0.402130592685249,-0.973310243520335
0.228569469772676,0.548967732636257,0.426672238248912,-0.975639970885183
0.228657637096655,0.526334636498839,0.450886595282199,-0.977221231781004
0.228745804420633,0.503297738400114,0.474755061808578,-0.978052800208714
0.228833971744611,0.47987472034885,0.498259329032762,-0.978134049381631
0.228922139068589,0.456083553009679,0.52138135242908,-0.977464905438769
0.229010306392567,0.43194249167785,0.544103400962908,-0.976045892640742
0.229098473716545,0.407470055538832,0.566408033277936,-0.973878088816755
0.229186641040523,0.382685021293192,0.588278146159132,-0.970963167452322
0.229295045272952,0.351811302871586,0.614547229097177,-0.966358531968751
0.229403449505381,0.320529412816693,0.640103776690533,-0.960633189507214
0.22951185373781,0.288875729936012,0.664918059899848,-0.953793789835849
0.229620257970238,0.256886986590566,0.688961289251476,-0.945848275842004
0.229728662202667,0.224600306057581,0.712205551433298,-0.936805857490885
0.229837066435096,0.192053127133774,0.734623899779326,-0.926677026913056
0.229945470667524,0.159283209492772,0.756190314966344,-0.915473524459101
0.230053874899953,0.126328548568634,0.776879799104123,-0.903208347672763
0.230162279132382,0.0932273743428209,0.796668340224732,-0.889895714567576
0.23027068336481,0.0600180659952894,0.815533002497853,-0.875551068493107
0.230379087597239,0.0267391478931532,0.833451891479026,-0.860191039372148
0.230487491829668,-0.00657079456392308,0.850404239402469,-0.843833444838531
0.230595896062096,-0.0398731209864273,0.866370370564025,-0.826497249577583
0.230663509265039,-0.0606240476574867,0.875821439749941,-0.815197392092433
0.230731122467981,-0.0813474518111686,0.884877275511614,-0.803529823700448
0.230798735670923,-0.102034075644424,0.893533837861143,-0.791499762216717
0.230866348873865,-0.122674587627161,0.901787214642769,-0.779112627015588
0.230958508182715,-0.150716831741814,0.912380664722683,-0.761663832980833
0.231050667491564,-0.178632823124874,0.922209372603895,-0.743576549478978
0.231110867337707,-0.196789069905239,0.928212935476796,-0.731423865571541
0.23117106718385,-0.21487483688233,0.933884468485859,-0.719009631603531
0.231231267029993,-0.232883712054724,0.939221968223266,-0.706338256168516
0.231291466876136,-0.250809240871531,0.944223513483464,-0.693414272611911
0.231363967135976,-0.272277574922588,0.949798508365665,-0.677520933443053
0.231436467395816,-0.293604662337412,0.954880778483228,-0.661276116145824
0.231508967655656,-0.314779451834588,0.959467700963352,-0.644688249128721
0.231581467915497,-0.335790933979396,0.963556882010802,-0.627765948031375
0.231653968175337,-0.356628226808927,0.967146214113711,-0.610517987304753
0.231726468435177,-0.377280500882553,0.970233822404454,-0.592953321521843
0.231814635774896,-0.402130588203746,0.97331023974446,-0.571179651540695
0.231902803114614,-0.426672238145584,0.975639967518766,-0.548967729373138
0.231990970454332,-0.450886599438404,0.977221228556711,-0.526334629118309
0.232079137794051,-0.474755070095763,0.978052796858578,-0.503297726762814
0.232167305133769,-0.498259341312627,0.97813404563771,-0.479874704325034
0.232255472473488,-0.521381368553867,0.977464901033243,-0.456083532479364
0.232343639813206,-0.544103420775495,0.976045887306539,-0.431942466530983
0.232431807152925,-0.566408056612273,0.973878082287945,-0.407470025675623
0.232519974492643,-0.588278172840248,0.970963159464339,-0.382684986624076
0.232628378725113,-0.614547255024056,0.966358522747464,-0.351811267723358
0.232736782957584,-0.640103801829594,0.960633179058327,-0.320529377228675
0.232845187190054,-0.664918084218467,0.953793778166411,-0.288875693947939
0.232953591422524,-0.688961312717894,0.945848262960667,-0.256886950242737
0.233061995654995,-0.712205574016871,0.936805843407517,-0.22460026939065
0.233170399887465,-0.734623921450265,0.926677011639166,-0.192053090188854
0.233278804119935,-0.756190335696056,0.915473508007347,-0.159283172311294
0.233387208352405,-0.776879818864949,0.903208330057264,-0.126328511192302
0.233495612584876,-0.796668358990159,0.889895695803872,-0.0932273368136443
0.233604016817346,-0.815533020242548,0.875551048598032,-0.0600180283554755
0.233712421049816,-0.833451908178828,0.860191018363873,-0.0267391101850383
0.233820825282286,-0.850404255034342,0.843833422736489,0.00657083229786573
0.233929229514757,-0.866370385106178,0.826497226402555,0.0398731587036897
0.233996842679257,-0.875821448337174,0.81519737479296,0.0606240735442369
0.234064455843757,-0.884877278588312,0.803529812700945,0.0813474658873712
0.234132069008257,-0.893533835878672,0.791499757932823,0.102034077945895
0.234199682172757,-0.901787208059318,0.779112629853669,0.122674578205697
0.234291841467011,-0.912380656806095,0.761663838874415,0.150716817931693
0.234384000761265,-0.922209363600874,0.743576558622342,0.178632804978577
0.234444200630482,-0.928212929061096,0.731423870285444,0.196789058775659
0.234504400499699,-0.933884464404381,0.71900963168441,0.214874832719943
0.234564600368916,-0.939221966220437,0.706338251417945,0.232883714802499
0.234624800238133,-0.94422351330174,0.693414262836663,0.250809250465078
0.23469730049645,-0.949798507877635,0.677520923864631,0.272277584013027
0.234769800754767,-0.954880777708649,0.661276106782188,0.293604670926488
0.234842301013084,-0.959467699922061,0.644688239997311,0.314779459924785
0.234914801271401,-0.963556880723061,0.627765939149137,0.335790941573938
0.234987301529718,-0.967146212599814,0.61051797868812,0.356628233911736
0.235059801788035,-0.970233820685042,0.592953313186742,0.377280507498303
0.235147969120804,-0.973310237646831,0.571179644840108,0.402130592806718
0.235236136453573,-0.9756399651603,0.548967724378651,0.426672240781652
0.235324303786342,-0.97722122605532,0.526334625897384,0.450886600157949
0.235412471119111,-0.978052794332423,0.503297725378848,0.474755068953578
0.23550063845188,-0.978134043205048,0.479874704837241,0.498259338367816
0.235588805784649,-0.977464898812375,0.4560835349426,0.521381363869794
0.235676973117418,-0.976045885415426,0.431942470995838,0.544103414419592
0.235765140450187,-0.973878080844181,0.407470032188117,0.566408048656059
0.235853307782956,-0.970963158584936,0.38268499522581,0.588278163359151
0.23596171201541,-0.966358522314603,0.351811276498515,0.614547245816091
0.236070116247865,-0.96063317906994,0.32052938616303,0.640103792906938
0.23617852048032,-0.953793778620012,0.288875703027066,0.664918075592937
0.236286924712774,-0.94584826385302,0.256886959452047,0.688961304401002
0.236395328945229,-0.936805844735141,0.224600278715441,0.712205566019743
0.236503733177684,-0.9266770133979,0.192053099614203,0.734623913783688
0.236612137410138,-0.915473510192574,0.159283181822209,0.756190328370377
0.236720541642593,-0.903208332663896,0.126328520773701,0.776879811890175
0.236828945875048,-0.889895698826241,0.0932273464502962,0.796668352375988
0.236937350107502,-0.875551052030181,0.0600180380320843,0.815533013998096
0.237045754339957,-0.860191022199123,0.0267391198862743,0.833451902312881
0.237154158572412,-0.843833426967852,-0.00657082258738935,0.850404249555227
0.237262562804866,-0.826497231022482,-0.0398731489993627,0.866370380021832
0.237330175975229,-0.815197378653839,-0.0606240656526586,0.875821444306487
0.237397789145592,-0.803529815736135,-0.0813474598089427,0.884877275545084
0.237465402315955,-0.791499760076961,-0.102034073678633,0.893533833755585
0.237533015486317,-0.779112631042757,-0.12267457574514,0.9017872067879
0.23762517474729,-0.76166384661881,-0.150716805391499,0.912380652010319
0.237717334008264,-0.743576573374712,-0.178632782463217,0.922209355837948
0.237777533906082,-0.73142387958017,-0.196789044966013,0.928212924546221
0.2378377338039,-0.719009635268688,-0.214874827555435,0.933884462824124
0.237897933701718,-0.706338249045168,-0.232883718213287,0.939221967258434
0.237958133599536,-0.693414254266723,-0.250809262372102,0.944223516638837
0.238030633859734,-0.677520914740076,-0.272277596422691,0.949798511162764
0.238103134119931,-0.661276097088253,-0.29360468382687,0.954880780915126
0.238175634380129,-0.644688229719977,-0.314779473303131,0.959467703023081
0.238248134640326,-0.627765928275069,-0.335790955416678,0.963556883691769
0.238320634900523,-0.610517967204832,-0.356628248204504,0.967146215409354
0.238393135160721,-0.592953301082486,-0.377280522225945,0.970233823308391
0.238481302469425,-0.571179638539416,-0.402130600660337,0.973310239199706
0.23856946977813,-0.548967724123782,-0.426672241926159,0.975639966049915
0.238657637086835,-0.526334631916541,-0.450886594773825,0.97722122669038
0.23874580439554,-0.503297737885987,-0.474755057236421,0.978052795122409
0.238833971704244,-0.479874724031596,-0.498259320528168,0.97813404455978
0.238922139012949,-0.456083561008509,-0.521381340132668,0.977464901141157
0.239010306321654,-0.431942504102354,-0.544103385024298,0.976045889126622
0.239098473630359,-0.407470072488895,-0.566408013855621,0.973878086344504
0.239186640939064,-0.382685042858579,-0.588278123420233,0.970963166278808
0.239295045171455,-0.351811324846169,-0.614547207002278,0.966358531848416
0.239403449403846,-0.320529435166901,-0.640103755268361,0.960633190435285
0.239511853636237,-0.288875752627865,-0.66491803917835,0.953793791806193
0.239620257868629,-0.256887009589655,-0.6889612692577,0.945848278847357
0.23972866210102,-0.224600329329203,-0.712205532193579,0.936805861522774
0.239837066333411,-0.192053150642823,-0.734623881319047,0.92667703196187
0.239945470565802,-0.15928323320387,-0.756190297310037,0.915473530513919
0.240053874798194,-0.12632857244611,-0.776879782275418,0.903208354721517
0.240162279030585,-0.093227398350813,-0.79666832424624,0.889895722597058
0.240270683262976,-0.0600180900977611,-0.815532987391298,0.875551077489041
0.240379087495367,-0.0267391720539276,-0.833451877265104,0.860191049318991
0.240487491727759,0.00657077038113686,-0.850404226100844,0.843833455719682
0.24059589596015,0.0398730968179476,-0.866370358193338,0.826497261375383
0.240663509179454,0.0606240285419631,-0.875821430211391,0.815197401669405
0.240731122398758,0.0813474377472021,-0.884877268619281,0.803529830872075
0.240798735618063,0.102034066623806,-0.893533833425905,0.791499766802105
0.240866348837367,0.122674583634924,-0.901787212472464,0.779112628837524
0.240958508080185,0.150716807747485,-0.912380655537338,0.761663847789831
0.241050667323003,0.178632779334997,-0.922209357508637,0.743576578173613
0.24111086722477,0.196789043047094,-0.92821292670211,0.731423883654992
0.241171067126536,0.214874826838191,-0.93388446542217,0.719009638584019
0.241231267028303,0.2328837186888,-0.939221970255182,0.70633825156641
0.24129146693007,0.250809264030178,-0.944223519990407,0.693414255960227
0.241363967193774,0.272277599121237,-0.94979851479125,0.677520915669993
0.241436467457479,0.293604687552106,-0.954880784772804,0.661276097220688
0.241508967721183,0.314779478039703,-0.959467707061906,0.644688229022192
0.241581467984888,0.335790961147618,-0.96355688786332,0.627765926715688
0.241653968248592,0.356628254911297,-0.967146219665003,0.610517964753662
0.241726468512297,0.377280529888478,-0.970233827599207,0.592953297710723
0.241814635803346,0.402130603315575,-0.97331024279518,0.571179639479584
0.241902803094396,0.426672239697421,-0.975639969249029,0.548967729551587
0.241990970385445,0.450886587795721,-0.977221229793078,0.526334641997324
0.242079137676494,0.474755045654735,-0.978052798429329,0.503297752774589
0.242167304967544,0.498259304499508,-0.978134048371598,0.479874743872073
0.242255472258593,0.521381319824276,-0.977464905758241,0.45608358593394
0.242343639549642,0.544103360613865,-0.976045894848442,0.431942534234548
0.242431806840692,0.566407985530927,-0.973878093469232,0.407470107938276
0.242519974131741,0.588278091378922,-0.970963175102938,0.382685083724015
0.242628378364082,0.614547175853847,-0.966358542133029,0.351811366279161
0.242736782596423,0.640103725052679,-0.960633202173628,0.320529477120929
0.242845186828764,0.664918009934,-0.953793804989873,0.288875795055821
0.242953591061104,0.688961241022301,-0.945848293466194,0.25688705244389
0.243061995293445,0.712205505003475,-0.936805877565028,0.224600372561526
0.243170399525786,0.734623855209472,-0.926677049414058,0.192053194204592
0.243278803758127,0.756190272314968,-0.915473549361043,0.159283277046032
0.243387207990468,0.776879758427498,-0.903208374946783,0.126328616519229
0.243495612222808,0.796668301576962,-0.889895744182172,0.0932274426052148
0.243604016455149,0.81553296593066,-0.875551100414125,0.0600181344834521
0.24371242068749,0.833451857041779,-0.860191073562529,0.02673921652075
0.243820824919831,0.850404207142078,-0.843833481258616,-0.00657072588346233
0.243929229152172,0.866370340524922,-0.826497288185158,-0.0398730523397633
0.243996842416393,0.875821419511963,-0.815197421624314,-0.0606239978876933
0.244064455680614,0.884877264369825,-0.803529843475977,-0.0813474208938242
0.244132068944836,0.893533835098938,-0.791499771569296,-0.102034063529672
0.244199682209057,0.901787219532796,-0.779112625293036,-0.122674594239793
0.244291841467191,0.91238066397839,-0.761663841023598,-0.150716822954788
0.244384000725324,0.922209367071194,-0.743576567982149,-0.178632799089074
0.244444200601971,0.928212933449685,-0.731423878286867,-0.19678905516281
0.244504400478618,0.933884469630281,-0.71900963826082,-0.214874831369471
0.244564600355265,0.939221972201935,-0.706338256504213,-0.232883715697764
0.244624800231912,0.944223519956362,-0.693414266369385,-0.250809253586986
0.244697300497588,0.949798515115601,-0.677520925796844,-0.272277589318779
0.244769800763264,0.95488078542988,-0.661276107042644,-0.293604678387259
0.24484230102894,0.959467708025744,-0.64468823851738,-0.314779469508397
0.244914801294616,0.96355688910769,-0.627765935862848,-0.335790953244847
0.244987301560292,0.96714622116329,-0.61051797353215,-0.356628247631131
0.245059801825968,0.970233829324685,-0.592953306100647,-0.377280523224057
0.24514796912414,0.973310244905425,-0.571179646192548,-0.402130598712899
0.245236136422312,0.975639971623719,-0.548967734514331,-0.426672237109392
0.245324303720483,0.977221232311395,-0.526334645140777,-0.450886587170614
0.245412471018655,0.978052800970147,-0.503297754033839,-0.474755046936324
0.245500638316827,0.978134050813634,-0.479874743186508,-0.49825930762713
0.245588805614998,0.977464907980302,-0.456083583247362,-0.521381324732972
0.24567697291317,0.976045896729659,-0.431942529495231,-0.544103367234416
0.245765140211342,0.973878094889086,-0.407470101099095,-0.566407993789981
0.245853307509514,0.970963175941553,-0.382685074742443,-0.58827810119912
0.245961711741869,0.966358542510506,-0.35181135711891,-0.614547185391627
0.246070115974224,0.960633202092151,-0.320529467796714,-0.640103734295448
0.24617852020658,0.953793804452106,-0.288875785582519,-0.664918018869576
0.246286924438935,0.945848292475369,-0.256887042836599,-0.688961249638826
0.24639532867129,0.936805876124934,-0.224600362835449,-0.712205513289506
0.246503732903645,0.926677047528974,-0.192053184375123,-0.734623863153846
0.246612137136001,0.915473547035661,-0.159283267128662,-0.756190279907014
0.246720541368356,0.903208372186513,-0.126328606529591,-0.776879765656927
0.246828945600711,0.889895740992824,-0.0932274325589927,-0.796668308433835
0.246937349833067,0.875551096801954,-0.0600181243964502,-0.815532972405511
0.247045754065422,0.860191069534402,-0.0267392064087994,-0.833451863125629
0.247154158297777,0.843833476821839,0.00657073600446774,-0.850404212826314
0.247262562530132,0.826497283347491,0.039873062453932,-0.866370345801449
0.247330175787788,0.815197417657414,0.0606240059730404,-0.875821423630452
0.247397789045444,0.803529840454198,0.0813474269504037,-0.884877267404634
0.2474654023031,0.791499769565558,0.102034067560258,-0.893533837125819
0.247533015560756,0.779112624378718,0.122674596249897,-0.901787220628616
0.24762517485209,0.761663833579236,0.150716835022077,-0.912380668601332
0.247717334143425,0.743576553555948,0.178632821109713,-0.922209374665649
0.247777533992101,0.731423869196722,0.1967890686691,-0.928212937865754
0.247837733840776,0.719009634753902,0.214874836420644,-0.933884471174557
0.247897933689452,0.706338258821761,0.232883712362091,-0.939221971183852
0.247958133538128,0.693414274746234,0.250809241941717,-0.94422351668795
0.248030633802512,0.677520934593289,0.272277577342698,-0.949798511935991
0.248103134066896,0.6612761162679,0.293604666089793,-0.954880782357643
0.24817563433128,0.644688248180196,0.314779456899488,-0.959467705079673
0.248248134595663,0.627765945971401,0.335790940335,-0.963556886306365
0.248320634860047,0.61051798409412,0.356628234431383,-0.967146218525479
0.248393135124431,0.592953317123106,0.377280509746009,-0.970233826869072
0.248481302448668,0.571179650889607,0.40213059265421,-0.973310243543766
0.248569469772905,0.548967732625075,0.426672238289722,-0.975639970914791
0.248657637097142,0.5263346364195,0.45088659539289,-0.977221231812372
0.248745804421379,0.503297738250397,0.474755061987008,-0.978052800237392
0.248833971745616,0.479874720126654,0.498259329276657,-0.97813404940329
0.248922139069853,0.456083552713009,0.521381352735959,-0.977464905448954
0.24901030639409,0.431942491304878,0.54410340133018,-0.976045892635064
0.249098473718326,0.407470055087997,0.566408033702868,-0.973878088790863
0.249186641042563,0.382685020763019,0.588278146638845,-0.970963167401841
0.249295045274991,0.351811302333668,0.614547229563684,-0.966358531897325
0.249403449507419,0.320529412271763,0.64010377714329,-0.960633189415017
0.249511853739846,0.288875729384713,0.664918060338344,-0.953793789723026
0.249620257972274,0.256886986033592,0.688961289675142,-0.945848275708714
0.249728662204701,0.224600305495668,0.712205551841684,-0.936805857337344
0.249837066437129,0.192053126567615,0.734623900171912,-0.926677026739533
0.249945470669556,0.159283208923102,0.756190315342753,-0.915473524265798
0.250053874901984,0.126328547996127,0.776879799463822,-0.903208347459933
0.250162279134411,0.0932273737682179,0.796668340567345,-0.889895714335568
0.250270683366839,0.0600180654193271,0.815533002822933,-0.875551068242262
0.250379087599267,0.0267391473165284,0.833451891786238,-0.860191039102773
0.250487491831694,-0.0065707951404904,0.850404239691446,-0.843833444550931
0.250595896064122,-0.0398731215622037,0.866370370834424,-0.826497249272209
0.250663509265812,-0.0606240478485404,0.875821439837267,-0.815197391988705
0.250731122467502,-0.081347451618427,0.884877275430522,-0.803529823812077
0.250798735669192,-0.102034075069285,0.893533837626416,-0.79149976255711
0.250866348870881,-0.122674586671587,0.901787214269426,-0.779112627597828
0.250958508179549,-0.150716830734585,0.912380664353886,-0.761663833619269
0.251050667488216,-0.178632822067305,0.922209372242947,-0.743576550175617
0.251110867335705,-0.196789069256683,0.928212935264924,-0.731423866008222
0.251171067183194,-0.214874836639858,0.933884468408275,-0.719009631768392
0.251231267030683,-0.232883712214969,0.939221968264991,-0.706338256050025
0.251291466878172,-0.2508092414307,0.944223513629541,-0.693414272198816
0.251363967139299,-0.272277575857807,0.949798508592612,-0.677520932734778
0.251436467400426,-0.293604663643168,0.954880778773488,-0.661276115130313
0.251508967661553,-0.314779453504772,0.959467701299115,-0.644688247794338
0.25158146792268,-0.335790936007337,0.963556882374284,-0.627765946366936
0.251653968183808,-0.356628229187343,0.967146214486941,-0.610517985299572
0.251726468444935,-0.377280503603644,0.970233822769399,-0.592953319165719
0.251814635788803,-0.402130592054231,0.973310240154239,-0.571179648100037
0.251902803132671,-0.426672243093443,0.975639967902797,-0.548967724809343
0.251990970476539,-0.450886605448994,0.977221228844242,-0.526334623395227
0.252079137820407,-0.474755077131897,0.978052796978779,-0.503297719846867
0.252167305164276,-0.498259349334609,0.978134045519853,-0.479874696185196
0.252255472508144,-0.521381377519535,0.97746490060675,-0.456083523087232
0.252343639852012,-0.544103430640291,0.976045886501155,-0.431942455860864
0.25243180719588,-0.566408067329268,0.973878081033814,-0.40747001370452
0.252519974539748,-0.588278184360341,0.970963157692134,-0.382684973331768
0.252628378772237,-0.614547266245586,0.966358520486258,-0.351811254240665
0.252736783004726,-0.640103812739224,0.960633176310418,-0.320529363571153
0.252845187237214,-0.664918094803204,0.953793774934608,-0.288875680131355
0.252953591469703,-0.688961322965168,0.94584825924821,-0.256886936283009
0.253061995702192,-0.712205583914471,0.936805839218417,-0.224600255303929
0.253170399934681,-0.734623930986375,0.926677006977778,-0.192053075991406
0.253278804167169,-0.756190344859261,0.91547350287886,-0.159283158019545
0.253387208399658,-0.776879827644275,0.903208324467091,-0.126328496822809
0.253495612632147,-0.796668367375093,0.889895689758175,-0.0932273223830448
0.253604016864635,-0.815533028222964,0.875551042103513,-0.060018013880525
0.253712421097124,-0.833451915745099,0.860191011427633,-0.0267390956825112
0.253820825329613,-0.850404262177298,0.843833415366176,0.00657084681112215
0.253929229562102,-0.86637039181725,0.82649721860645,0.0398731732107983
0.25399684271192,-0.875821452763683,0.815197369231264,0.0606240835324242
0.254064455861739,-0.884877280899824,0.803529809535864,0.0813474713639885
0.254132069011557,-0.8935338362476,0.791499757323187,0.102034078924402
0.254199682161376,-0.901787206660508,0.779112631954897,0.122674574705625
0.254291841453914,-0.912380655311058,0.761663841386425,0.150716813924655
0.254384000746452,-0.922209362039376,0.743576561566749,0.178632800472661
0.254444200621401,-0.928212928136995,0.731423872125076,0.196789056011942
0.254504400496351,-0.933884464054764,0.719009632368737,0.21487483168602
0.254564600371301,-0.939221966381799,0.706338250897701,0.232883715484094
0.254624800246251,-0.944223513910008,0.693414261063942,0.250809252846071
0.254697300505123,-0.949798508471747,0.677520921929187,0.272277586542572
0.254769800763995,-0.954880778280702,0.661276104679592,0.293604673601124
0.254842301022867,-0.959467700464153,0.644688237723419,0.314779462740753
0.254914801281739,-0.963556881227272,0.627765936699987,0.335790944527273
0.254987301540611,-0.967146213058259,0.610517976060049,0.356628236998207
0.255059801799483,-0.970233821089682,0.592953310376198,0.377280510713467
0.255147969136429,-0.973310238082795,0.571179640929716,0.402130597153095
0.255236136473375,-0.975639965556467,0.548967719329807,0.42667224622668
0.255324303810321,-0.977221226340438,0.526334619674025,0.450886606666434
0.255412471147267,-0.978052794435223,0.503297717947501,0.474755076487743
0.255500638484213,-0.978134043054324,0.479874696166994,0.498259346887352
0.255588805821159,-0.977464898337138,0.456083525005215,0.521381373331914
0.255676973158105,-0.976045884544926,0.431942459765764,0.544103424779163
0.255765140495051,-0.973878079508096,0.407470019642593,0.566408059865523
0.255853307831997,-0.97096315671349,0.382684981344803,0.588278175368719
0.255961712064471,-0.966358519934025,0.351811262419221,0.614547257514769
0.256070116296945,-0.960633176182531,0.320529371901649,0.640103804280861
0.256178520529419,-0.95379377522865,0.288875688600013,0.664918086628624
0.256286924761893,-0.945848259961221,0.256886944875916,0.688961315085321
0.256395328994367,-0.936805840346974,0.224600264007002,0.712205576339955
0.256503733226841,-0.926677008517943,0.192053084790444,0.734623923727497
0.256612137459316,-0.915473504826164,0.159283166900214,0.756190337925928
0.25672054169179,-0.903208326816741,0.126328505770672,0.776879821046048
0.256828945924264,-0.889895692504732,0.0932273313835808,0.79666836112117
0.256937350156738,-0.875551045241178,0.0600180229191195,0.815533022322058
0.257045754389212,-0.860191014950159,0.0267391047445274,0.833451910205636
0.257154158621686,-0.843833419266852,-0.0065708377403808,0.850404257007234
0.257262562854161,-0.826497222878028,-0.0398731641460282,0.866370387024044
0.257330176009854,-0.815197372730894,-0.0606240762836082,0.875821449014515
0.257397789165548,-0.803529812196984,-0.0813474659312559,0.884877278128249
0.257465402321242,-0.791499759080459,-0.102034075305475,0.893533834385943
0.257533015476935,-0.779112632744307,-0.122674572895762,0.901787205640089
0.257625174736233,-0.761663848709266,-0.150716802044995,0.912380650754245
0.257717333995531,-0.743576575875422,-0.178632778627026,0.922209354502444
0.257777533898231,-0.731423881140727,-0.196789042613356,0.928212923754053
0.25783773380093,-0.719009635846018,-0.214874826675763,0.933884462521793
0.25789793370363,-0.706338248597307,-0.232883718794456,0.939221967391764
0.25795813360633,-0.693414252752918,-0.250809264400399,0.944223517153295
0.258030633865993,-0.677520913311274,-0.272277598280757,0.949798511592041
0.258103134125657,-0.661276095750333,-0.293604685515788,0.954880781266136
0.258175634385321,-0.644688228478676,-0.314779474824304,0.959467703302976
0.258248134644984,-0.627765927135969,-0.335790956771692,0.963556883907659
0.258320634904648,-0.610517966173221,-0.356628249395253,0.967146215568477
0.258393135164312,-0.592953300163583,-0.377280523254512,0.970233823418077
0.258481302473649,-0.571179637444705,-0.402130601853706,0.973310239298378
0.258569469782985,-0.548967722847774,-0.426672243279034,0.975639966126802
0.258657637092322,-0.526334630454197,-0.450886596280463,0.97722122673463
0.258745804401659,-0.503297736232516,-0.474755058890737,0.978052795123247
0.258833971710996,-0.479874722182764,-0.49825932232366,0.97813404450643
0.258922139020333,-0.456083558960421,-0.521381342062474,0.977464901022883
0.259010306329669,-0.431942501851539,-0.544103387081224,0.976045888932776
0.259098473639006,-0.407470070032256,-0.566408016032155,0.973878086064398
0.259186640948343,-0.38268504019352,-0.588278125708445,0.970963165901945
0.259295045180738,-0.351811322143515,-0.614547209231715,0.96635853137522
0.259403449413134,-0.320529432429726,-0.640103757436412,0.960633189866142
0.259511853645529,-0.288875749859255,-0.664918041282414,0.953793791141644
0.259620257877924,-0.256887006792765,-0.688961271295321,0.945848278088056
0.25972866211032,-0.224600326507186,-0.712205534162351,0.936805860669537
0.259837066342715,-0.192053147798885,-0.734623883216582,0.926677031015458
0.25994547057511,-0.159283230341255,-0.756190299134147,0.915473529475377
0.260053874807506,-0.126328569568066,-0.776879784023861,0.903208353591942
0.260162279039901,-0.0932273954606377,-0.796668325917027,0.889895721377639
0.260270683272296,-0.0600180871987493,-0.815532988982344,0.875551076181101
0.260379087504692,-0.0267391691493627,-0.833451878774566,0.860191047923924
0.260487491737087,0.00657077328791378,-0.850404227526906,0.843833454238964
0.260595895969482,0.039873099723615,-0.866370359534268,0.826497259810622
0.260663509186641,0.0606240307865266,-0.875821431204464,0.815197400417938
0.260731122403801,0.0813474393314021,-0.884877269289125,0.80352982995772
0.26079873562096,0.102034067549276,-0.893533833797487,0.791499766248257
0.260866348838119,0.122674583904166,-0.901787212571275,0.779112628667132
0.260958508080718,0.150716807949419,-0.912380655605743,0.761663847656303
0.261050667323318,0.178632779470062,-0.922209357550128,0.743576578080054
0.261110867224912,0.196789043129988,-0.928212926725198,0.731423883595187
0.261171067126507,0.21487482686929,-0.933884465428717,0.719009638559417
0.261231267028102,0.232883718668555,-0.939221970247092,0.706338251578524
0.261291466929696,0.250809263959089,-0.944223519969611,0.693414256010482
0.261363967192419,0.272277598761039,-0.949798514700799,0.677520915939778
0.261436467455142,0.293604686906832,-0.954880784626103,0.661276097719238
0.261508967717864,0.31477947711383,-0.959467706872423,0.64468822975857
0.261581467980587,0.335790959946079,-0.963556887644665,0.62776592769856
0.26165396824331,0.356628253439434,-0.967146219430836,0.610517965991351
0.261726468506032,0.377280528152104,-0.970233827363244,0.592953299211103
0.261814635794102,0.402130600765836,-0.973310242520814,0.571179641754973
0.261902803082172,0.42667223635709,-0.975639968986954,0.548967732629828
0.261990970370242,0.450886583689524,-0.977221229594043,0.5263346459045
0.262079137658312,0.474755040809235,-0.978052798344238,0.503297757534972
0.262167304946382,0.49825929894307,-0.978134048451182,0.479874749508073
0.262255472234452,0.521381313587013,-0.977464906053098,0.456083592466088
0.262343639522522,0.544103353727614,-0.976045895409152,0.431942541681497
0.262431806810592,0.566407978029232,-0.973878094345901,0.407470116316628
0.262519974098662,0.588278083296911,-0.970963176345443,0.382685093048466
0.262628378330989,0.614547167981442,-0.966358543718976,0.351811375737537
0.262736782563316,0.640103717399163,-0.960633204101473,0.320529486702288
0.262845186795644,0.66491800250853,-0.953793807257646,0.288875804749098
0.262953591027971,0.688961233833708,-0.945848296071633,0.256887062237901
0.263061995260298,0.712205498060402,-0.936805880505363,0.22460038244494
0.263170399492625,0.734623848520171,-0.926677052686184,0.19205320416598
0.263278803724953,0.75619026588747,-0.915473552961384,0.159283287073869
0.26338720795728,0.776879752269562,-0.903208378871459,0.126328626601888
0.263495612189607,0.796668295695928,-0.889895748426954,0.0932274527309939
0.263604016421935,0.815532960333668,-0.87555110497429,0.0600181446405981
0.263712420654262,0.833451851735614,-0.860191078433121,0.0267392266974836
0.263820824886589,0.850404202133174,-0.843833486434215,-0.00657071569898491
0.263929229118916,0.866370335819362,-0.826497293660017,-0.0398730421593858
0.263996842393711,0.87582141644684,-0.81519742548535,-0.0606239909614875
0.264064455668506,0.884877262822876,-0.803529845606514,-0.081347417216352
0.264132068943301,0.893533834946119,-0.791499771854957,-0.102034063091156
0.264199682218096,0.901787220648048,-0.779112623622024,-0.122674597026038
0.26429184147749,0.912380665158722,-0.761663839046076,-0.150716826112658
0.264384000736884,0.922209368294778,-0.743576565682339,-0.178632802612463
0.264444200609049,0.928212934175033,-0.731423876851076,-0.196789057323968
0.264504400481213,0.933884469906581,-0.719009637728471,-0.214874832178118
0.264564600353378,0.93922197207887,-0.706338256913796,-0.232883715165058
0.264624800225542,0.944223519483933,-0.693414267758443,-0.250809251725515
0.264697300490714,0.949798514649315,-0.67752092732877,-0.272277587320564
0.264769800755887,0.95488078497685,-0.661276108721525,-0.293604676255307
0.264842301021059,0.959467707593066,-0.64468824034715,-0.314779467245951
0.264914801286231,0.963556888702532,-0.62776593784717,-0.335790950855372
0.264987301551404,0.967146220792821,-0.610517975674556,-0.356628245118301
0.265059801816576,0.970233828996162,-0.592953308404448,-0.377280520591766
0.265147969111269,0.973310244549629,-0.571179649411702,-0.402130595137937
0.265236136405962,0.975639971299901,-0.548967738681043,-0.426672232618819
0.265324303700654,0.977221232078876,-0.526334650285101,-0.450886581793767
0.265412470995347,0.978052800888302,-0.503297760183671,-0.474755040704615
0.26550063829004,0.978134050941759,-0.479874750367636,-0.498259300574133
0.265588805584733,0.97746490837754,-0.456083591483315,-0.521381316894234
0.265676972879425,0.976045897454964,-0.431942538807373,-0.544103358647541
0.265765140174118,0.973878096000897,-0.407470111506379,-0.566407984494558
0.265853307468811,0.970963177498089,-0.382685086261544,-0.588278091236559
0.265961711701151,0.966358544489617,-0.351811368802279,-0.61454717568738
0.266070115933491,0.960633204491872,-0.320529479630886,-0.640103724860994
0.266178520165832,0.953793807269982,-0.288875797553885,-0.664918009716155
0.266286924398172,0.945848295708607,-0.256887054931347,-0.68896124077724
0.266395328630512,0.936805879769983,-0.224600375039677,-0.712205504730319
0.266503732862853,0.926677051581965,-0.192053196674733,-0.734623854907264
0.266612137095193,0.915473551492332,-0.159283279509479,-0.75619027198288
0.266720541327533,0.903208377041945,-0.126328618977298,-0.776879758064677
0.266828945559874,0.889895746241803,-0.0932274450592043,-0.79666830118261
0.266937349792214,0.875551102438675,-0.060018136934697,-0.815532965503992
0.267045754024554,0.860191075552681,-0.026739218970586,-0.833451856582083
0.267154158256895,0.843833483214965,0.00657072343371241,-0.850404206648662
0.267262562489235,0.826497290108383,0.0398730498887686,-0.866370339997131
0.267330175759134,0.815197422562784,0.0606239971767693,-0.875821419739551
0.267397789029033,0.803529843368709,0.0813474219170685,-0.884877265285781
0.267465402298933,0.791499770356554,0.102034066278851,-0.893533836635411
0.267533015568832,0.779112622916574,0.122674598704314,-0.90178722162088
0.267625174861567,0.761663831790283,0.150716837891984,-0.912380669682259
0.267717334154303,0.743576551422274,0.178632824388817,-0.922209375811094
0.267777533998807,0.731423867866583,0.196789070680328,-0.928212938546914
0.267837733843311,0.719009634264145,0.214874837173009,-0.933884471437144
0.267897933687815,0.706338259208101,0.232883711865942,-0.939221971074071
0.267958133532319,0.693414276043618,0.250809240208797,-0.944223516252445
0.268030633797081,0.677520935835224,0.272277575732482,-0.949798511567691
0.268103134061844,0.661276117450042,0.293604664601626,-0.954880782051654
0.268175634326607,0.64468824929835,0.314779455532574,-0.959467704830938
0.26824813459137,0.627765947021541,0.33579093908833,-0.963556886109852
0.268320634856132,0.61051798507231,0.356628233303777,-0.967146218376092
0.268393135120895,0.592953318025547,0.377280508736117,-0.970233826761701
0.268481302444322,0.571179652011909,0.402130591429561,-0.973310243441415
0.26856946976775,0.548967733974435,0.426672236856929,-0.97563997083134
0.268657637091177,0.526334638002691,0.450886593759042,-0.977221231761716
0.268745804414604,0.50329774007362,0.474755060159691,-0.978052800233313
0.268833971738031,0.479874722195599,0.498259327263957,-0.97813404945955
0.268922139061459,0.456083555032901,0.521381350546453,-0.977464905579384
0.269010306384886,0.431942493880417,0.544103398972901,-0.976045892853312
0.269098473708313,0.407470057923311,0.566408031187231,-0.973878089110525
0.269186641031741,0.382685023861686,0.588278143974785,-0.970963167836472
0.269295045264164,0.351811305476014,0.614547226968347,-0.966358532444353
0.269403449496588,0.320529415454178,0.640103774619735,-0.960633190073925
0.269511853729011,0.288875732603585,0.664918057889546,-0.953793790493102
0.269620257961435,0.256886989285283,0.688961287304017,-0.945848276589256
0.269728662193858,0.224600308776447,0.712205549551007,-0.936805858327423
0.269837066426282,0.192053129873754,0.734623897964407,-0.926677027838158
0.269945470658705,0.159283212250813,0.756190313220972,-0.91547352547178
0.270053874891129,0.126328551341628,0.776879797430374,-0.903208348771992
0.270162279123553,0.0932273771276675,0.79666833862463,-0.889895715752265
0.270270683355976,0.0600180687888743,0.815533000973215,-0.875551069762096
0.2703790875884,0.0267391506923269,0.833451890031761,-0.860191040724089
0.270487491820823,-0.00657079176229647,0.850404238034291,-0.843833446271968
0.270595896053247,-0.0398731181855115,0.866370369276606,-0.826497251091096
0.270663509257579,-0.0606240452860922,0.875821438704405,-0.815197393418309
0.270731122461912,-0.0813474498692119,0.884877274692212,-0.803529824823026
0.270798735666245,-0.102034074131218,0.893533837251789,-0.791499763120588
0.270866348870577,-0.122674586541466,0.901787214227148,-0.779112627685661
0.270958508179509,-0.150716830685248,0.91238066434352,-0.761663833658225
0.271050667488441,-0.178632822098029,0.922209372260064,-0.743576550162018
0.27111086733589,-0.196789069275241,0.928212935277004,-0.731423866001743
0.27117106718334,-0.214874836646307,0.933884468415727,-0.719009631769381
0.271231267030789,-0.232883712209396,0.939221968268257,-0.706338256058819
0.271291466878238,-0.250809241413217,0.944223513629086,-0.693414272215845
0.271363967140112,-0.272277576060694,0.949798508646598,-0.677520932585913
0.271436467401987,-0.293604664063403,0.954880778871839,-0.661276114808408
0.271508967663861,-0.314779454138976,0.959467701431472,-0.644688247292481
0.271581467925735,-0.335790936851786,0.963556882530403,-0.627765945678553
0.271653968187609,-0.356628230238011,0.967146214656379,-0.610517984418349
0.271726468449483,-0.377280504856148,0.970233822941737,-0.59295331808556
0.271814635795489,-0.402130593890088,0.973310240353711,-0.57117964646363
0.271902803141494,-0.426672245496276,0.975639968093058,-0.548967722596745
0.2719909704875,-0.450886608401073,0.977221228988781,-0.52633462058771
0.272079137833506,-0.474755080614176,0.978052797041221,-0.503297716427045
0.272167305179511,-0.498259353326695,0.978134045463674,-0.479874692136969
0.272255472525517,-0.521381381999815,0.977464900395741,-0.456083518395886
0.272343639871522,-0.544103435585933,0.976045886099005,-0.431942450513068
0.272431807217528,-0.566408072716193,0.973878080404551,-0.407470007688344
0.272519974563534,-0.588278190163306,0.970963156800043,-0.382684966636717
0.272628378796032,-0.61454727189779,0.966358519347275,-0.351811247449474
0.272736783028529,-0.640103818233907,0.960633174925654,-0.32052935669171
0.272845187261027,-0.664918100133833,0.95379377330548,-0.288875673171604
0.272953591493525,-0.688961328125379,0.945848257376444,-0.256886929251031
0.273061995726023,-0.712205588898076,0.936805837105981,-0.224600248207853
0.273170399958521,-0.734623935787473,0.926677004626936,-0.192053068839458
0.273278804191019,-0.75619034947206,0.915473500292068,-0.159283150820006
0.273387208423517,-0.776879832063234,0.903208321647304,-0.12632848958406
0.273495612656015,-0.796668371594897,0.889895686708404,-0.0932273151134767
0.273604016888512,-0.815533032238535,0.875551038827092,-0.0600180065885727
0.27371242112101,-0.833451919551579,0.860191007928273,-0.0267390883766742
0.273820825353508,-0.850404265770052,0.84383341164772,0.00657085412234954
0.273929229586006,-0.866370395191852,0.826497214672959,0.0398731805189022
0.273996842728038,-0.875821454933642,0.815197366489516,0.0606240884441523
0.274064455870069,-0.884877281955186,0.803529808071784,0.0813474738834233
0.274132069012101,-0.893533836279798,0.791499757220952,0.102034079058865
0.274199682154132,-0.901787205762361,0.779112633296748,0.122674572465633
0.274291841445742,-0.912380654369906,0.761663842958026,0.15071681141188
0.274384000737352,-0.922209361071385,0.743576563379676,0.178632797691743
0.274444200615841,-0.92821292756213,0.731423873255932,0.196789054306211
0.274504400494329,-0.933884463834232,0.719009632786415,0.214874831047809
0.274564600372817,-0.939221966476408,0.706338250571834,0.232883715904591
0.274624800251305,-0.944223514280212,0.693414259964905,0.25080925431534
0.274697300510541,-0.949798508834476,0.677520920724731,0.272277588109803
0.274769800769777,-0.954880778630833,0.661276103366809,0.29360467526406
0.274842301029012,-0.959467700796494,0.644688236299532,0.314779464496995
0.274914801288248,-0.963556881536661,0.627765935162453,0.335790946374251
0.274987301547484,-0.967146213339452,0.610517974406294,0.356628238933209
0.27505980180672,-0.970233821337553,0.592953308604004,0.377280512733582
0.27514796914636,-0.973310238352122,0.571179638448805,0.402130599903358
0.275236136486,-0.975639965801414,0.548967716115322,0.426672249686123
0.27532430382564,-0.977221226515023,0.526334615702646,0.450886610812363
0.275412471165281,-0.978052794493455,0.503297713197641,0.474755081295853
0.275500638504921,-0.978134042950348,0.479874690618664,0.49825935233166
0.275588805844561,-0.977464898025015,0.456083518640192,0.521381379384842
0.275676973184201,-0.976045883979195,0.431942452567559,0.54410343141165
0.275765140523841,-0.973878078643341,0.407470011596437,0.566408067046899
0.275853307863482,-0.970963155504713,0.382684972437779,0.588278183066936
0.275961712095967,-0.966358518398424,0.351811253385277,0.614547265013139
0.276070116328453,-0.960633174321615,0.320529362751184,0.640103811570469
0.276178520560938,-0.953793773044351,0.288875679343561,0.664918093700821
0.276286924793424,-0.945848257455775,0.256886935524124,0.688961321931671
0.276395329025909,-0.936805837523001,0.224600254570677,0.712205582952367
0.276503733258395,-0.926677005378523,0.192053075280477,0.734623930098051
0.27661213749088,-0.915473501374637,0.159283157327555,0.756190344047085
0.276720541723366,-0.903208323056824,0.126328496146408,0.776879826910431
0.276828945955851,-0.889895688440574,0.0932273217188366,0.796668366721762
0.276937350188337,-0.875551040877231,0.060018013225078,0.815533027652144
0.277045754420822,-0.860191010291191,0.0267390950324214,0.833451915258766
0.277154158653308,-0.843833414318047,-0.00657084745929853,0.850404261777323
0.277262562885793,-0.826497217644849,-0.0398731738604932,0.866370391505352
0.277330176031975,-0.815197368940098,-0.0606240830700338,0.875821452010161
0.277397789178157,-0.803529809953697,-0.0813474697942936,0.884877279748
0.277465402324339,-0.791499758487725,-0.102034076253705,0.893533834741401
0.277533015470521,-0.779112633902791,-0.122674570941703,0.901787204844493
0.277625174728724,-0.761663850123883,-0.15071679976637,0.912380649890275
0.277717333986927,-0.743576577560189,-0.178632776028751,0.922209353588979
0.277777533892931,-0.731423882188964,-0.196789041019353,0.928212923208332
0.277837733798935,-0.719009636228641,-0.214874826078875,0.933884462307506
0.277897933704939,-0.706338248285936,-0.232883719186459,0.939221967472421
0.277958133610943,-0.693414251719884,-0.250809265772032,0.944223517491927
0.278030633870336,-0.677520912315666,-0.272277599563793,0.949798511879456
0.278103134129729,-0.661276094795268,-0.293604686710657,0.954880781505927
0.278175634389122,-0.644688227567214,-0.31477947593148,0.959467703498666
0.278248134648515,-0.627765926271024,-0.335790957791856,0.963556884062887
0.278320634907908,-0.610517965357723,-0.35662825032914,0.967146215686839
0.278393135167301,-0.592953299400235,-0.377280524103052,0.970233823503301
0.278481302477449,-0.571179636464107,-0.402130602919091,0.973310239383206
0.278569469787596,-0.548967721642591,-0.426672244554809,0.975639966197388
0.278657637097744,-0.52633462901751,-0.450886597759617,0.977221226777106
0.278745804407891,-0.503297734558067,-0.474755060565771,0.978052795123806
0.278833971718039,-0.479874720264642,-0.498259324186613,0.978134044451251
0.278922139028186,-0.456083556793334,-0.521381344104888,0.977464900898219
0.279010306338333,-0.431942499430667,-0.544103389294207,0.97604588872484
0.279098473648481,-0.407470067353357,-0.566408018406255,0.97387808575964
0.279186640958628,-0.382685037252891,-0.588278128233878,0.970963165486784
0.279295045191027,-0.351811319161595,-0.614547211691733,0.966358530853313
0.279403449423426,-0.320529429409906,-0.640103759828058,0.960633189237977
0.279511853655824,-0.288875746804993,-0.664918043602881,0.953793790407875
0.279620257888223,-0.256887003707531,-0.68896127354191,0.945848277249408
0.279728662120622,-0.224600323394517,-0.712205536332359,0.936805859726831
0.279837066353021,-0.192053144662324,-0.734623885307467,0.926677029969778
0.279945470585419,-0.159283227184404,-0.756190301143412,0.915473528327826
0.280053874817818,-0.126328566394531,-0.776879785949124,0.903208352343669
0.280162279050217,-0.0932273922740667,-0.796668327755989,0.889895720030075
0.280270683282615,-0.0600180840027792,-0.815532990732874,0.875551074735628
0.280379087515014,-0.026739165947685,-0.833451880434527,0.860191046382176
0.280487491747413,0.0065707764916444,-0.850404229094292,0.843833452602634
0.280595895979812,0.0398731029257079,-0.866370361007223,0.826497258081496
0.280663509194438,0.0606240332081148,-0.875821432270605,0.81519739906249
0.280731122409064,0.081347440973476,-0.884877269977621,0.803529829004137
0.280798735623689,0.102034068413847,-0.893533834137951,0.791499765724092
0.280866348838315,0.122674583994307,-0.901787212593733,0.77911262859939
0.280958508080652,0.150716807959432,-0.912380655597319,0.761663847637885
0.281050667322989,0.178632779400689,-0.92220935751532,0.743576578114591
0.28111086722467,0.196789043086891,-0.928212926700466,0.731423883613578
0.281171067126351,0.214874826852297,-0.933884465413226,0.719009638560922
0.281231267028031,0.232883718677466,-0.939221970239809,0.706338251562362
0.281291466929712,0.25080926399368,-0.944223519969628,0.693414255975903
0.281363967191864,0.272277598626951,-0.949798514658698,0.677520916031697
0.281436467454016,0.293604686606402,-0.954880784549593,0.661276097943208
0.281508967716167,0.314779476649599,-0.959467706769432,0.644688230119843
0.281581467978319,0.33579095932088,-0.963556887523078,0.627765928202186
0.28165396824047,0.356628252656357,-0.967146219298491,0.610517966642143
0.281726468502622,0.377280527214488,-0.970233827228241,0.592953300013734
0.281814635789235,0.40213059943151,-0.973310242369911,0.571179642938399
0.281902803075848,0.426672234637334,-0.975639968844944,0.548967734207571
0.281990970362461,0.45088658159648,-0.9772212294858,0.526334647889313
0.282079137649073,0.474755038355909,-0.978052798294573,0.503297759938638
0.282167304935686,0.49825929614345,-0.978134048484943,0.479874752341477
0.282255472222299,0.521381310455898,-0.977464906195115,0.456083595739198
0.282343639508912,0.544103350280619,-0.97604589568397,0.431942545403351
0.282431806795525,0.566407974282834,-0.973878094778155,0.407470120495331
0.282519974082137,0.588278079268363,-0.970963176959507,0.3826850976911
0.282628378314458,0.614547164057473,-0.966358544504583,0.351811380447103
0.282736782546778,0.640103713584457,-0.960633205057832,0.32052949147334
0.282845186779099,0.664917998807647,-0.953793808383789,0.288875809576128
0.282953591011419,0.688961230251053,-0.945848297366372,0.256887067115311
0.28306199524374,0.712205494600246,-0.936805881967314,0.224600387367077
0.28317039947606,0.73462384518667,-0.926677054313805,0.192053209127111
0.283278803708381,0.756190262684638,-0.915473554752937,0.159283292068252
0.283387207940701,0.77687974920125,-0.903208380825016,0.126328631623716
0.283495612173022,0.796668292765892,-0.889895750540354,0.0932274577744295
0.283604016405342,0.815532957545391,-0.875551107245187,0.0600181496997785
0.283712420637663,0.833451849092493,-0.860191080858999,0.026739231766485
0.283820824869983,0.850404199638401,-0.843833489012382,-0.00657071062604593
0.283929229102304,0.866370333476039,-0.826497296387651,-0.0398730370884328
0.283996842382682,0.875821414964083,-0.8151974273557,-0.0606239876084071
0.28406445566306,0.884877262136108,-0.803529846557988,-0.0813474155781589
0.284132068943438,0.893533834989739,-0.791499771827268,-0.102034063162527
0.284199682223815,0.901787221355486,-0.779112622556138,-0.122674598799362
0.284291841483882,0.912380665893482,-0.761663837810338,-0.150716828083159
0.284384000743949,0.922209369045009,-0.743576564268382,-0.178632804776661
0.28444420061336,0.928212934619299,-0.731423875968001,-0.19678905865131
0.284504400482771,0.933884470075161,-0.719009637400588,-0.214874832674586
0.284564600352181,0.939221972002226,-0.706338257164714,-0.232883714837505
0.284624800221592,0.944223519192865,-0.693414268611159,-0.25080925058169
0.284697300486461,0.949798514362613,-0.677520928268152,-0.272277586094465
0.284769800751329,0.954880784698785,-0.661276109750031,-0.29360467494878
0.284842301016198,0.959467707328008,-0.644688241467055,-0.314779465860948
0.284914801281067,0.963556888454725,-0.627765939060726,-0.335790949394012
0.284987301545935,0.967146220566651,-0.610517976983882,-0.356628243582791
0.285059801810804,0.970233828795919,-0.592953309811444,-0.37728051898449
0.285147969103464,0.973310244335795,-0.571179651355019,-0.402130592980801
0.285236136396124,0.975639971107013,-0.548967741179363,-0.426672229927702
0.285324303688784,0.977221231941674,-0.526334653355874,-0.450886578585832
0.285412470981444,0.978052800841501,-0.503297763843182,-0.474755036998296
0.285500638274104,0.978134051019969,-0.479874754630877,-0.498259296389085
0.285588805566764,0.977464908615358,-0.456083596364031,-0.521381312251321
0.285676972859424,0.97604589788668,-0.43194254431791,-0.544103353568785
0.285765140152084,0.973878096660889,-0.407470117657782,-0.566407979003104
0.285853307444744,0.970963178420222,-0.382685093063558,-0.588278085356672
0.285961711677074,0.966358545661581,-0.35181137570181,-0.614547169959766
0.286070115909404,0.960633205912484,-0.320529486620009,-0.640103719292487
0.286178520141734,0.953793808937888,-0.288875804624568,-0.664918004313366
0.286286924374064,0.94584829762211,-0.256887062075464,-0.688961235546654
0.286395328606394,0.936805881927124,-0.224600382248964,-0.712205499678139
0.286503732838724,0.926677053980452,-0.19205320394088,-0.734623850039585
0.286612137071054,0.915473554129603,-0.159283286824097,-0.756190267305517
0.286720541303383,0.903208379915247,-0.126328626331933,-0.776879753583345
0.286828945535713,0.889895749347929,-0.0932274524453501,-0.79666829690259
0.286937349768043,0.875551105774311,-0.0600181443438187,-0.815532961430497
0.287045754000373,0.86019107911414,-0.0267392263940819,-0.833451852720061
0.287154158232703,0.843833486998392,0.00657071600444111,-0.850404203002817
0.287262562465033,0.826497294109569,0.0398730424623496,-0.866370336571938
0.28733017574228,0.815197425448397,0.0606239920123025,-0.875821417460705
0.287397789019528,0.803529845057494,0.0813474190109406,-0.884877264068402
0.287465402296775,0.791499770768955,0.102034065624389,-0.893533836393313
0.287533015574023,0.779112621974745,0.122674600291814,-0.901787222266557
0.287625174867597,0.761663830650233,0.150716839727758,-0.912380670377984
0.287717334161172,0.743576550073381,0.178632826469008,-0.92220937654238
0.287777534003028,0.731423867027715,0.196789071955972,-0.928212938983644
0.287837733844885,0.719009633958588,0.214874837649836,-0.933884471608411
0.287897933686741,0.706338259458653,0.232883711550567,-0.939221971009229
0.287958133528598,0.693414276872379,0.25080923910864,-0.944223515981033
0.288030633793475,0.677520936656723,0.27227757467312,-0.949798511329822
0.288103134058352,0.66127611826281,0.293604663583181,-0.954880781846014
0.28817563432323,0.644688250100857,0.314779454555083,-0.959467704655998
0.288248134588107,0.627765947812348,0.335790938151795,-0.963556885964158
0.288320634852984,0.610517985849987,0.356628232408149,-0.967146218258163
0.288393135117861,0.592953318788731,0.377280507881246,-0.970233826669993
0.288481302440431,0.571179653004244,0.40213059034483,-0.973310243349077
0.288569469763001,0.548967735203771,0.426672235549131,-0.975639970752879
0.288657637085571,0.526334639476246,0.450886592235567,-0.977221231711783
0.28874580440814,0.503297741798135,0.474755058428446,-0.97805280022657
0.28883397173071,0.479874724177307,0.49825932533333,-0.978134049510607
0.28892213905328,0.456083557277449,0.521381348425384,-0.977464905702837
0.28901030637585,0.431942496392883,0.544103396670772,-0.97604589306363
0.28909847369842,0.407470060708258,0.566408028713984,-0.973878089422211
0.289186641020989,0.382685026923064,0.588278141340706,-0.970963168263763
0.289295045253409,0.351811308580774,0.614547224402462,-0.966358532983203
0.289403449485828,0.320529418598737,0.640103772125113,-0.960633190723799
0.289511853718247,0.288875735784382,0.664918055469081,-0.953793791253453
0.289620257950666,0.256886992498635,0.688961284960609,-0.945848277459226
0.289728662183086,0.224600312018713,0.712205547287458,-0.936805859306145
0.289837066415505,0.192053133141194,0.734623895783398,-0.926677028924595
0.289945470647924,0.159283215539686,0.756190311125143,-0.915473526664816
0.290053874880343,0.126328554648156,0.776879795422185,-0.903208350070314
0.290162279112763,0.0932273804480599,0.796668336706491,-0.889895717154526
0.290270683345182,0.0600180721193043,0.815532999147474,-0.875551071266754
0.290379087577601,0.0267391540289621,0.833451888300589,-0.860191042329536
0.29048749181002,-0.00657078842330821,0.850404236399761,-0.843833447976428
0.29059589604244,-0.0398731148479989,0.866370367740706,-0.826497252892673
0.290663509249575,-0.0606240428120183,0.875821437614981,-0.815197394802963
0.290731122456711,-0.0813474482574133,0.884877274016998,-0.803529825759587
0.290798735663847,-0.102034073379377,0.89353383695802,-0.79149976357865
0.290866348870983,-0.122674586646095,0.901787214281481,-0.779112627635373
0.2909585081802,-0.150716830876233,0.912380664426178,-0.761663833549923
0.291050667489418,-0.178632822374413,0.922209372366248,-0.743576549991818
0.291110867336516,-0.196789069444817,0.92821293534378,-0.731423865898904
0.291171067183614,-0.214874836709851,0.933884468446943,-0.719009631737055
0.291231267030712,-0.23288371216776,0.939221968267753,-0.70633825609999
0.29129146687781,-0.250809241267383,0.944223513600795,-0.693414272333419
0.291363967140021,-0.272277576015385,0.949798508646166,-0.677520932630729
0.291436467402233,-0.293604664117333,0.954880778894444,-0.661276114777122
0.291508967664445,-0.314779454290676,0.959467701472671,-0.644688247181966
0.291581467926657,-0.335790937099645,0.963556882585439,-0.627765945485751
0.291653968188868,-0.356628230580284,0.967146214720599,-0.610517984140302
0.29172646845108,-0.377280505290897,0.970233823010465,-0.59295331771956
0.291814635797812,-0.40213059452294,0.973310240431181,-0.57117964590828
0.291902803144544,-0.42667224632166,0.975639968166972,-0.548967721845287
0.291990970491276,-0.450886609412942,0.977221229046741,-0.52633461963381
0.292079137838007,-0.474755081806033,0.978052797070849,-0.503297715264786
0.292167305184739,-0.498259354691637,0.978134045452607,-0.479874690760929
0.292255472531471,-0.52138138353048,0.977464900331604,-0.45608351680109
0.292343639878203,-0.544103437274531,0.976045885969502,-0.431942448694956
0.292431807224935,-0.566408074554568,0.973878080197452,-0.407470005642859
0.292519974571667,-0.588278192142857,0.970963156503198,-0.382684964360314
0.292628378804168,-0.614547273826036,0.966358518965965,-0.351811245139908
0.29273678303667,-0.640103820108562,0.960633174460243,-0.320529354351662
0.292845187269172,-0.664918101952643,0.953793772756439,-0.288875670803779
0.292953591501674,-0.688961329886168,0.94584825674436,-0.256886926858166
0.293061995734175,-0.712205590598726,0.93680583639152,-0.224600245792728
0.293170399966677,-0.7346239374259,0.926677003830842,-0.192053066404909
0.293278804199179,-0.756190351046307,0.915473499415187,-0.159283148368857
0.293387208431681,-0.776879833571412,0.903208320690566,-0.126328487119153
0.293495612664182,-0.79666837303515,0.889895685672863,-0.0932273126377045
0.293604016896684,-0.815533033609085,0.875551037713919,-0.0600180041048206
0.293712421129186,-0.833451920850774,0.860191006738624,-0.0267390858878396
0.293820825361688,-0.850404266996295,0.843833410382971,0.00657085661334939
0.293929229594189,-0.866370396343632,0.826497213334501,0.039873183009145
0.293996842733264,-0.875821455633279,0.815197365608421,0.0606240900248862
0.294064455872339,-0.88487728223689,0.803529807680622,0.0813474745563052
0.294132069011414,-0.893533836178342,0.791499757351595,0.102034078826789
0.294199682150489,-0.901787205313079,0.779112633980389,0.122674571332717
0.294291841441728,-0.912380653909649,0.761663843738833,0.150716810170818
0.294384000732966,-0.922209360606658,0.743576564262117,0.178632796344561
0.294444200613168,-0.928212927287771,0.731423873807946,0.19678905347984
0.29450440049337,-0.93388446373137,0.719009632992864,0.214874830738527
0.294564600373572,-0.939221966526107,0.706338250418003,0.232883716108127
0.294624800253774,-0.944223514463328,0.69341425943649,0.250809255026867
0.294697300513253,-0.949798509018805,0.677520920130291,0.272277588888519
0.294769800772732,-0.954880778812964,0.661276102704374,0.293604676108609
0.294842301032211,-0.959467700973007,0.644688235567127,0.314779465405892
0.294914801291689,-0.963556881704094,0.62776593435819,0.335790947345918
0.294987301551168,-0.967146213494412,0.610517973528443,0.356628239965982
0.295059801810647,-0.970233821476512,0.592953307650881,0.377280513825671
0.295147969151624,-0.973310238498929,0.571179637142292,0.402130601356669
0.295236136492601,-0.975639965933321,0.548967714443162,0.426672251490184
0.295324303833578,-0.977221226609179,0.526334613653368,0.45088661295586
0.295412471174555,-0.978052794527133,0.503297710760526,0.474755083766615
0.295500638515532,-0.978134042900648,0.479874687783915,0.498259355116742
0.295588805856509,-0.977464897869352,0.456083515398829,0.521381382470507
0.295676973197486,-0.97604588369479,0.43194244891143,0.544103434783366
0.295765140538464,-0.973878078207762,0.407470007518356,0.566408070689441
0.295853307879441,-0.970963154895625,0.382684967931348,0.588278186964289
0.295961712111933,-0.966358517623707,0.35181124881406,0.614547268809642
0.296070116344426,-0.960633173381978,0.320529358120421,0.640103815261582
0.296178520576919,-0.953793771940716,0.288875674658613,0.66491809728211
0.296286924809411,-0.945848256189308,0.256886930790385,0.688961325398903
0.296395329041904,-0.936805836094945,0.224600249793594,0.712205586301381
0.296503733274397,-0.926677003790379,0.192053070465563,0.734623933324821
0.296612137506889,-0.915473499628096,0.159283152480384,0.756190347147699
0.296720541739382,-0.903208321153746,0.126328491272567,0.776879829881205
0.296828945971875,-0.889895686383036,0.0932273168239854,0.796668369559077
0.296937350204368,-0.875551038667421,0.0600180083148843,0.815533030352544
0.29704575443686,-0.860191007931554,0.0267390901125605,0.833451917819027
0.297154158669353,-0.843833411811164,-0.00657085238309476,0.850404264194272
0.297262562901846,-0.826497214993529,-0.0398731787825203,0.866370393776031
0.29733017604309,-0.815197367039477,-0.060624086472407,0.875821453511893
0.297397789184335,-0.803529808858305,-0.0813474716794776,0.884877280537797
0.29746540232558,-0.791499758250997,-0.102034076626196,0.893533834877222
0.297533015466825,-0.77911263457701,-0.122674569808049,0.901787204385079
0.297625174724465,-0.761663850932691,-0.150716798466329,0.91238064939904
0.297717333982105,-0.743576578510651,-0.178632774564965,0.922209353075619
0.297777533889971,-0.731423882780625,-0.196789040121507,0.928212922902102
0.297837733797837,-0.719009636445068,-0.214874825742935,0.933884462187985
0.297897933705704,-0.70633824811121,-0.232883719407774,0.939221967518939
0.29795813361357,-0.693414251138341,-0.250809266545398,0.94422351768375
0.298030633872953,-0.677520911723477,-0.272277600329359,0.949798512052824
0.298103134132337,-0.661276094192811,-0.293604687468064,0.954880781660872
0.29817563439172,-0.644688226954889,-0.314779476680353,0.959467703635245
0.298248134651103,-0.627765925649265,-0.335790958531867,0.963556884181094
0.298320634910487,-0.610517964726872,-0.356628251059944,0.967146215786816
0.29839313516987,-0.592953298760748,-0.377280524824305,0.970233823585032
0.298481302480771,-0.571179635623604,-0.402130603842834,0.97331023946639
0.298569469791673,-0.548967720594184,-0.426672245675021,0.975639966269217
0.298657637102574,-0.526334627754848,-0.45088659906987,0.977221226824698
0.298745804413475,-0.503297733075159,-0.474755062059147,0.978052795134315
0.298833971724377,-0.479874718556018,-0.498259325855715,0.978134044411708
0.298922139035278,-0.456083554854024,-0.5213813459419,0.977464900795905
0.29901030634618,-0.431942497256152,-0.54410339129084,0.976045888546965
0.299098473657081,-0.407470064939626,-0.566408020553904,0.973878085493494
0.299186640967982,-0.382685034596438,-0.588278130523428,0.970963165119872
0.299295045200385,-0.351811316467444,-0.614547213921891,0.966358530389339
0.299403449432787,-0.320529426681191,-0.640103761996244,0.96063318867742
0.299511853665189,-0.288875744044782,-0.664918045706547,0.953793789751303
0.299620257897591,-0.256887000919054,-0.688961275578429,0.945848276497459
0.299728662129993,-0.224600320580922,-0.71220553829942,0.936805858880314
0.299837066362396,-0.192053141826897,-0.734623887202695,0.926677029029541
0.299945470594798,-0.159283224330362,-0.756190302964558,0.915473527294875
0.3000538748272,-0.126328563525174,-0.776879787694007,0.903208351219167
0.300162279059602,-0.0932273893927162,-0.796668329422512,0.889895718815218
0.300270683292004,-0.0600180811127454,-0.815532992319006,0.875551073431765
0.300379087524407,-0.0267391630522841,-0.833451881938394,0.860191044990635
0.300487491756809,0.00657077938904249,-0.850404230514073,0.843833451124996
0.300595895989211,0.0398731058217591,-0.866370362341173,0.826497256519414
0.300663509201315,0.0606240353275596,-0.875821433204844,0.815197397877252
0.30073112241342,0.0813474423174045,-0.884877270541138,0.803529828223707
0.300798735625524,0.102034068984397,-0.893533834360289,0.791499765375868
0.300866348837629,0.122674583794667,-0.901787212504852,0.779112628710167
0.300958508079726,0.150716807687864,-0.912380655487627,0.761663847799726
0.301050667321823,0.178632779058122,-0.92220935738876,0.743576578330638
0.301110867223941,0.196789042877097,-0.928212926622736,0.73142388374562
0.301171067126059,0.214874826774345,-0.933884465379456,0.719009638605093
0.301231267028177,0.232883718730262,-0.939221970245173,0.706338251514936
0.301291466930295,0.250809264175998,-0.944223520009225,0.693414255833234
0.30136396719232,0.272277598770936,-0.949798514685123,0.677520915914147
0.301436467454346,0.293604686712457,-0.954880784564523,0.661276097852055
0.301508967716371,0.314779476718221,-0.959467706774579,0.644688230056319
0.301581467978397,0.3357909593526,-0.963556887520069,0.627765928167478
0.301653968240423,0.356628252651788,-0.96714621928917,0.610517966637379
0.301726468502448,0.377280527174254,-0.970233827214308,0.592953300040069
0.301814635788889,0.402130599343589,-0.973310242352188,0.571179643008588
0.30190280307533,0.426672234502992,-0.975639968826314,0.548967734323304
0.30199097036177,0.450886581417121,-0.977221229469218,0.526334648052112
0.302079137648211,0.474755038133038,-0.978052798282976,0.503297760149913
0.302167304934652,0.498259295878644,-0.978134048481238,0.47987475260259
0.302255472221093,0.521381310150858,-0.977464906202292,0.456083596051394
0.302343639507533,0.544103349937188,-0.976045895704897,0.431942545767699
0.302431806793974,0.566407973902871,-0.973878094815745,0.407470120912847
0.302519974080415,0.588278078853891,-0.970963177016573,0.38268509816269
0.302628378312735,0.614547163653933,-0.966358544579535,0.351811380925588
0.302736782545055,0.640103713192372,-0.960633205150566,0.320529491958172
0.302845186777376,0.664917998427449,-0.953793808494192,0.288875810066703
0.302953591009696,0.688961229883244,-0.945848297494273,0.256887067611044
0.303061995242016,0.712205494245237,-0.936805882112633,0.224600387867378
0.303170399474337,0.734623844844874,-0.926677054476271,0.192053209631389
0.303278803706657,0.756190262356492,-0.915473554932421,0.159283292575894
0.303387207938977,0.77687974888714,-0.903208381021274,0.126328632134131
0.303495612171298,0.796668292466169,-0.889895750753195,0.0932274582869967
0.303604016403618,0.815532957260427,-0.875551107474338,0.0600181502138775
0.303712420635938,0.833451848822624,-0.860191081104162,0.0267392322815201
0.303820824868259,0.850404199383968,-0.843833489273303,-0.00657071011070487
0.303929229100579,0.866370333237367,-0.826497296663997,-0.0398730365733872
0.303996842381846,0.875821414857129,-0.81519742749045,-0.0606239873667086
0.304064455663114,0.884877262150514,-0.803529846541345,-0.0813474156091975
0.304132068944381,0.893533835115022,-0.791499771649709,-0.102034063465327
0.304199682225648,0.901787221580963,-0.7791126222084,-0.122674599372592
0.30429184148585,0.912380666118628,-0.761663837423827,-0.150716828694839
0.304384000746051,0.922209369267506,-0.743576563841586,-0.178632805425931
0.304444200614637,0.928212934750157,-0.731423875700402,-0.196789059049784
0.304504400483222,0.933884470123423,-0.719009637299421,-0.214874832824063
0.304564600351807,0.939221971977064,-0.706338257237058,-0.232883714740025
0.304624800220393,0.944223519103507,-0.693414268863924,-0.250809250239599
0.304697300485149,0.949798514273097,-0.677520928551669,-0.272277585721477
0.304769800749906,0.954880784610714,-0.661276110065181,-0.293604674545536
0.304842301014663,0.959467707242921,-0.644688241814743,-0.314779465428154
0.304914801279419,0.963556888374198,-0.627765939441828,-0.335790948932381
0.304987301544176,0.96714622049226,-0.610517977399181,-0.356628243093127
0.305059801808932,0.970233828729328,-0.592953310261697,-0.377280518467613
0.305147969100919,0.973310244264296,-0.571179651982828,-0.40213059228146
0.305236136392905,0.975639971042136,-0.548967741990967,-0.426672229051169
0.305324303684891,0.977221231894852,-0.526334654357099,-0.450886577537781
0.305412470976877,0.97805280082424,-0.503297765039422,-0.474755035784831
0.305500638268863,0.978134051043766,-0.479874756027103,-0.498259295016703
0.30558880556085,0.977464908691668,-0.45608359796477,-0.521381310726909
0.305676972852836,0.976045898026911,-0.431942546127285,-0.544103351899654
0.305765140144822,0.973878096876366,-0.407470119679463,-0.566407977196919
0.305853307436808,0.970963178722228,-0.382685095300761,-0.588278083421508
0.305961711669135,0.966358546045946,-0.351811377971151,-0.614547168074799
0.306070115901461,0.960633206378857,-0.320529488918846,-0.640103717459985
0.306178520133788,0.953793809485731,-0.288875806950248,-0.664918002535512
0.306286924366115,0.945848298250841,-0.256887064425288,-0.688961233825565
0.306395328598441,0.936805882636126,-0.224600384620238,-0.712205498015938
0.306503732830768,0.926677054769032,-0.192053206330853,-0.7346238484382
0.306612137063095,0.915473554996857,-0.159283289229991,-0.75619026576688
0.306720541295421,0.90320838086021,-0.126328628750965,-0.776879752109271
0.306828945527748,0.889895750369633,-0.09322745487472,-0.796668295494915
0.306937349760075,0.875551106871621,-0.0600181467806989,-0.815532960090928
0.307045753992401,0.860191080285849,-0.0267392288356492,-0.833451851450192
0.307154158224728,0.843833488243183,0.00657071356102853,-0.85040420180421
0.307262562457055,0.826497295426096,0.039873040019928,-0.866370335446055
0.307330175736809,0.81519742638273,0.0606239903415307,-0.875821416724256
0.307397789016564,0.803529845581915,0.0813474181105536,-0.884877263692482
0.307465402296319,0.791499770856391,0.102034065492065,-0.893533836348458
0.307533015576073,0.779112621598687,0.12267460092421,-0.901787222522895
0.307625174869922,0.76166383020682,0.150716840440909,-0.912380670647755
0.307717334163771,0.743576549559245,0.178632827261576,-0.922209376820802
0.30777753400462,0.731423866707689,0.19678907244236,-0.928212939150045
0.307837733845469,0.719009633841614,0.214874837832245,-0.933884471673853
0.307897933686318,0.706338259553342,0.232883711431487,-0.939221970984851
0.307958133527167,0.693414277187194,0.250809238690909,-0.944223515878107
0.308030633792002,0.677520936987802,0.272277574245697,-0.949798511233494
0.308103134056838,0.661276118610405,0.293604663146457,-0.954880781756846
0.308175634321673,0.644688250465155,0.314779454109471,-0.959467704574652
0.308248134586508,0.627765948193549,0.335790937697707,-0.96355688589128
0.308320634851344,0.610517986248279,0.356628231946032,-0.967146218194319
0.308393135116179,0.592953319204262,0.377280507411571,-0.97023382661583
0.308481302438202,0.571179653564741,0.402130589727599,-0.973310243292312
0.308569469760224,0.54896773591422,0.42667223478866,-0.975639970702866
0.308657637082247,0.526334640341353,0.450886591336502,-0.977221231677849
0.30874580440427,0.50329774282222,0.474755057395753,-0.978052800217982
0.308833971726292,0.479874725364423,0.498259324172358,-0.97813404953679
0.308922139048315,0.456083558631239,0.521381347141752,-0.977464905773008
0.309010306370338,0.431942497916664,0.544103395270448,-0.976045893187098
0.30909847369236,0.407470062404929,0.566408027203196,-0.973878089608144
0.309186641014383,0.382685028795243,0.588278139726074,-0.970963168521315
0.309295045246799,0.351811310479636,0.614547222829669,-0.966358533309282
0.309403449479216,0.320529420522115,0.640103770596033,-0.960633191118167
0.309511853711632,0.288875737730072,0.664918053985537,-0.953793791715576
0.309620257944049,0.25688699446441,0.688961283524398,-0.945848277988804
0.309728662176465,0.224600314002276,0.712205545900265,-0.936805859902532
0.309837066408882,0.192053135140287,0.734623894446901,-0.92667702958719
0.309945470641298,0.159283217551992,0.756190309840935,-0.915473527392916
0.310053874873715,0.126328556671359,0.776879794191773,-0.90320835086311
0.310162279106131,0.0932273824798289,0.796668335531409,-0.889895718011211
0.310270683338548,0.0600180741572978,0.815532998029129,-0.87555107218641
0.310379087570964,0.0267391560708208,0.833451887240339,-0.860191043311143
0.310487491803381,-0.00657078637995676,0.850404235398882,-0.843833449018898
0.310595896035797,-0.039873112805524,0.866370366800403,-0.826497253994868
0.310663509244746,-0.0606240413278586,0.875821436961436,-0.815197395633569
0.310731122453695,-0.081347447330771,0.884877273629331,-0.803529826298517
0.310798735662643,-0.102034073008696,0.893533836814909,-0.791499763806224
0.310866348871592,-0.12267458682908,0.901787214361456,-0.779112627532334
0.310958508180978,-0.150716831109809,0.912380664519815,-0.761663833410001
0.311050667490365,-0.178632822657921,0.922209372470733,-0.743576549812787
0.311110867337104,-0.196789069619225,0.928212935408243,-0.731423865788963
0.311171067183843,-0.214874836775943,0.933884468475302,-0.719009631699332
0.311231267030582,-0.232883712126419,0.939221968264022,-0.706338256137603
0.311291466877321,-0.250809241119615,0.944223513568996,-0.693414272449379
0.311363967139543,-0.272277575871822,0.949798508618414,-0.677520932746577
0.311436467401766,-0.293604663977977,0.954880778870743,-0.661276114892744
0.311508967663989,-0.314779454155575,0.959467701452801,-0.644688247297186
0.311581467926211,-0.335790936968808,0.963556882569289,-0.62776594560048
0.311653968188434,-0.356628230453723,0.967146214708055,-0.610517984254325
0.311726468450656,-0.377280505168625,0.970233823001383,-0.592953317832725
0.311814635797261,-0.402130594366406,0.97331024042179,-0.57117964605538
0.311902803143865,-0.426672246131868,0.975639968159368,-0.548967722027499
0.311990970490469,-0.45088660919098,0.977221229043231,-0.526334619852228
0.312079137837073,-0.474755081553066,0.978052797073475,-0.503297715520382
0.312167305183677,-0.498259354408923,0.978134045463661,-0.479874691054686
0.312255472530281,-0.521381383219342,0.977464900353147,-0.456083517133782
0.312343639876886,-0.544103436936362,0.976045886003773,-0.431942449067421
0.31243180722349,-0.566408074190827,0.97387808024658,-0.407470006055746
0.312519974570094,-0.588278191755091,0.970963156569354,-0.382684964814218
0.312628378802595,-0.614547273448275,0.966358519048425,-0.351811245600148
0.312736783035096,-0.640103819741244,0.960633174558987,-0.320529354817732
0.312845187267597,-0.664918101596223,0.953793772871373,-0.288875671275141
0.312953591500098,-0.68896132954105,0.945848256875358,-0.256886927334303
0.313061995732599,-0.712205590265323,0.936805836538437,-0.224600246273117
0.3131703999651,-0.734623937104589,0.926677003993577,-0.192053066888967
0.313278804197601,-0.756190350737491,0.915473499593534,-0.159283148856056
0.313387208430102,-0.77687983327544,0.903208320884376,-0.126328487608939
0.313495612662603,-0.796668372752441,0.88989568588195,-0.0932273131295154
0.313604016895104,-0.815533033339897,0.875551037938031,-0.0600180045981035
0.313712421127605,-0.833451920595475,0.860191006977552,-0.0267390863820301
0.313820825360106,-0.850404266755201,0.843833410636432,0.00657085611881107
0.313929229592607,-0.866370396117022,0.826497213602234,0.0398731825148261
0.313996842731906,-0.87582145544667,0.815197365846644,0.0606240896000402
0.314064455871206,-0.884877282087732,0.803529807886806,0.0813474742009426
0.314132069010505,-0.893533836064047,0.791499757523245,0.102034078540812
0.314199682149805,-0.901787205231012,0.779112634115089,0.122674571115945
0.314291841441041,-0.912380653832954,0.761663843878895,0.150716809954074
0.314384000732277,-0.92220936053545,0.743576564407402,0.178632796128049
0.314444200612754,-0.928212927247072,0.731423873900092,0.196789053346977
0.314504400493231,-0.93388446371818,0.719009633029477,0.214874830688729
0.314564600373708,-0.939221966537382,0.706338250396711,0.232883716140685
0.314624800254185,-0.944223514495982,0.693414259354986,0.250809255141014
0.314697300513697,-0.949798509051143,0.67752092003944,0.272277589011753
0.314769800773209,-0.954880778844567,0.661276102603866,0.293604676240702
0.314842301032721,-0.959467701003361,0.644688235456685,0.314779465546666
0.314914801292233,-0.963556881732748,0.627765934237641,0.335790947495131
0.314987301551745,-0.967146213520867,0.610517973397479,0.356628240123381
0.315059801811257,-0.970233821500296,0.592953307509316,0.37728051399101
0.315147969152458,-0.973310238524471,0.571179636941886,0.402130601582598
0.315236136493658,-0.975639965956797,0.548967714181858,0.426672251774944
0.315324303834859,-0.977221226626829,0.526334613329239,0.450886613297588
0.315412471176059,-0.978052794535007,0.503297710371781,0.474755084163258
0.31550063851726,-0.97813404289508,0.479874687328892,0.49825935556619
0.315588805858461,-0.977464897846477,0.45608351487601,0.52138138297045
0.315676973199661,-0.976045883650868,0.431942448319463,0.544103435331394
0.315765140540862,-0.97387807813899,0.407470006855996,0.566408071282966
0.315853307882062,-0.970963154798269,0.382684967197575,0.588278187600718
0.315961712114557,-0.96635851749915,0.351811248069469,0.614547269429691
0.316070116347051,-0.960633173230394,0.32052935736592,0.640103815864466
0.316178520579545,-0.953793771762184,0.288875673895073,0.664918097867094
0.31628692481204,-0.945848255983965,0.25688693001867,0.688961325965295
0.316395329044534,-0.936805835863064,0.22460024901463,0.712205586848478
0.316503733277028,-0.926677003532208,0.192053069680221,0.734623933851972
0.316612137509523,-0.915473499343832,0.159283151689597,0.756190347654254
0.316720541742017,-0.903208320843791,0.12632849047726,0.77687983036651
0.316828945974511,-0.889895686047639,0.0932273160250713,0.796668370022558
0.316937350207006,-0.875551038306979,0.0600180075132939,0.815533030793679
0.3170457544395,-0.860191007546451,0.0267390893092438,0.833451918237179
0.317154158671995,-0.843833411401752,-0.0065708531872174,0.850404264589003
0.317262562904489,-0.826497214560298,-0.0398731795864938,0.866370394146781
0.317330176044841,-0.815197366743455,-0.0606240870016707,0.875821453745109
0.317397789185193,-0.803529808709341,-0.0813474719345102,0.884877280643872
0.317465402325545,-0.791499758258727,-0.102034076607854,0.893533834866571
0.317533015465897,-0.779112634750843,-0.122674569517539,0.901787204268379
0.317625174723439,-0.761663851132014,-0.150716798147194,0.912380649279208
0.317717333980981,-0.743576578736627,-0.178632774217734,0.922209352954341
0.317777533889289,-0.731423882921451,-0.196789039908432,0.928212922829868
0.317837733797596,-0.719009636496918,-0.214874825663058,0.933884462159959
0.317897933705904,-0.706338248070193,-0.232883719460003,0.939221967530234
0.317958133614212,-0.69341425100086,-0.250809266728474,0.944223517729313
0.318030633873663,-0.677520911568022,-0.272277600531041,0.949798512099048
0.318103134133113,-0.661276094018814,-0.293604687687962,0.954880781706793
0.318175634392563,-0.644688226761809,-0.314779476918085,0.959467703679894
0.318248134652014,-0.627765925436564,-0.335790958786987,0.963556884223543
0.318320634911464,-0.61051796449409,-0.356628251332005,0.967146215826111
0.318393135170914,-0.592953298507392,-0.377280525112809,0.970233823620167
0.318481302482198,-0.5711796352696,-0.402130604234926,0.973310239504528
0.318569469793482,-0.548967720136043,-0.42667224616772,0.975639966303748
0.318657637104766,-0.526334627189207,-0.450886599659936,0.977221226849146
0.318745804416049,-0.503297732399014,-0.474755062743146,0.978052795142149
0.318833971727333,-0.479874717766508,-0.498259326629934,0.978134044396454
0.318922139038617,-0.456083553948531,-0.521381346802436,0.977464900750965
0.319010306349901,-0.431942496232385,-0.54410339223356,0.976045888465905
0.319098473661185,-0.407470063795475,-0.566408021574458,0.973878085369932
0.319186640972468,-0.382685033330076,-0.588278131617272,0.970963164947366
0.319295045204872,-0.351811315183041,-0.614547214987295,0.966358530170337
0.319403449437276,-0.320529425380164,-0.640103763031954,0.960633188412103
0.31951185366968,-0.288875742728687,-0.664918046711251,0.953793789439938
0.319620257902084,-0.256886999589387,-0.688961276551043,0.945848276140391
0.319728662134488,-0.22460031923924,-0.712205539238679,0.936805858477899
0.319837066366892,-0.192053140474719,-0.734623888107512,0.92667702858223
0.319945470599296,-0.159283222969293,-0.756190303833852,0.915473526803128
0.3200538748317,-0.126328562156774,-0.77687978852673,0.903208350683501
0.320162279064104,-0.0932273880185255,-0.796668330217667,0.889895718236203
0.320270683296508,-0.0600180797344024,-0.815532993075629,0.875551072810033
0.320379087528912,-0.0267391616713926,-0.833451882655562,0.860191044326951
0.320487491761316,0.00657078077088756,-0.850404231190912,0.843833450420021
0.32059589599372,0.0398731072029566,-0.866370362976901,0.826497255773934
0.320663509204552,0.0606240363172223,-0.8758214336403,0.815197397323096
0.320731122415385,0.0813474429160882,-0.884877270791053,0.803529827874939
0.320798735626218,0.102034069193215,-0.893533834439537,0.791499765246323
0.320866348837051,0.122674583615261,-0.901787212428546,0.779112628813292
0.320958508079049,0.150716807479003,-0.912380655405092,0.761663847926046
0.321050667321047,0.178632778820239,-0.922209357301731,0.743576578481492
0.321110867223467,0.196789042731007,-0.928212926569248,0.73142388383825
0.321171067125887,0.214874826719386,-0.933884465356224,0.719009638636839
0.321231267028307,0.232883718765678,-0.939221970248891,0.7063382514832
0.321291466930727,0.250809264300943,-0.944223520036471,0.69341425573554
0.321363967192805,0.272277598910555,-0.949798514713252,0.677520915802703
0.321436467454883,0.293604686866467,-0.954880784592911,0.661276097726405
0.321508967716961,0.314779476886318,-0.959467706802373,0.644688229916043
0.32158146797904,0.335790959534449,-0.963556887546648,0.627765928012195
0.321653968241118,0.356628252847045,-0.967146219313734,0.610517966466685
0.321726468503196,0.377280527382552,-0.970233827236097,0.592953299853552
0.32181463578994,0.402130599634291,-0.97331024237696,0.57117964274264
0.321902803076684,0.426672234873738,-0.975639968848931,0.548967733975154
0.321990970363428,0.45088658186538,-0.977221229484452,0.526334647619069
0.322079137650172,0.474755038656094,-0.97805279828571,0.503297759629596
0.322167304936916,0.498259296473572,-0.978134048466271,0.479874751992682
0.32225547222366,0.521381310814558,-0.977464906164431,0.45608359534985
0.322343639510405,0.544103350666421,-0.976045895639076,0.431942544972634
0.322431806797149,0.566407974694185,-0.973878094716803,0.407470120022612
0.322519974083893,0.588278079703701,-0.97096317687947,0.382685097175762
0.322628378316214,0.614547164481475,-0.96635854440637,0.351811379924869
0.322736782548535,0.640103713996687,-0.960633204941472,0.32052949094477
0.322845186780856,0.664917999207589,-0.95379380824942,0.288875809041826
0.322953591013177,0.688961230638238,-0.945848297214104,0.256887066575865
0.323061995245498,0.712205494974237,-0.936805881797336,0.224600386823085
0.323170399477819,0.734623845547025,-0.926677054126243,0.192053208579204
0.32327880371014,0.756190263030914,-0.915473554547988,0.15928329151702
0.323387207942461,0.776879749533072,-0.903208380602899,0.126328631069788
0.323495612174782,0.796668293082852,-0.889895750301273,0.0932274572184096
0.323604016407103,0.815532957847129,-0.875551106989427,0.0600181491422897
0.323712420639424,0.833451849378662,-0.86019108058683,0.0267392312081708
0.323820824871745,0.850404199908658,-0.843833488724109,-0.00657071118457633
0.323929229104066,0.866370333730079,-0.82649729608351,-0.0398730376465524
0.323996842384429,0.87582141520586,-0.815197427044361,-0.0606239881615098
0.324064455664793,0.884877262365692,-0.803529846239693,-0.0813474161260193
0.324132068945157,0.893533835207163,-0.79149977150228,-0.102034063704929
0.324199682225521,0.901787221560888,-0.779112622224819,-0.122674599336084
0.324291841485645,0.912380666091007,-0.761663837455981,-0.150716828635044
0.324384000745769,0.922209369233644,-0.743576563890555,-0.17863280534311
0.32444420061446,0.928212934728051,-0.731423875729164,-0.196789058998873
0.32450440048315,0.933884470111858,-0.719009637307036,-0.214874832804836
0.324564600351841,0.939221971974897,-0.706338257222661,-0.232883714752235
0.324624800220531,0.944223519109561,-0.693414268826642,-0.250809250282935
0.324697300485271,0.949798514276948,-0.677520928517386,-0.272277585759555
0.324769800750011,0.954880784612545,-0.661276110034159,-0.2936046745784
0.324842301014751,0.959467707242966,-0.644688241787145,-0.314779465455864
0.32491480127949,0.963556888372757,-0.627765939417775,-0.335790948954991
0.32498730154423,0.967146220489552,-0.610517977378841,-0.356628243110712
0.32505980180897,0.970233828725531,-0.592953310245271,-0.377280518480263
0.325147969101001,0.973310244261488,-0.57117965195517,-0.402130592306326
0.325236136393031,0.975639971039596,-0.548967741951617,-0.426672229087942
0.325324303685061,0.977221231891808,-0.526334654305726,-0.450886577586098
0.325412470977092,0.978052800819906,-0.50329776497562,-0.474755035844292
0.325500638269122,0.978134051037456,-0.479874755950511,-0.498259295086936
0.325588805561153,0.977464908682561,-0.456083597875089,-0.52138131080747
0.325676972853183,0.976045898014306,-0.431942546024244,-0.544103351990065
0.325765140145214,0.97387809685948,-0.407470119562791,-0.566407977296709
0.325853307437244,0.970963178700368,-0.382685095170235,-0.588278083530132
0.325961711669571,0.966358546019488,-0.351811377838907,-0.614547168180587
0.326070115901898,0.960633206347831,-0.320529488785082,-0.640103717562788
0.326178520134224,0.953793809450241,-0.28887580681507,-0.664918002635143
0.326286924366551,0.945848298210883,-0.256887064288866,-0.688961233921998
0.326395328598877,0.936805882591734,-0.224600384482725,-0.712205498109005
0.326503732831204,0.926677054720246,-0.192053206192401,-0.734623848527823
0.326612137063531,0.915473554943723,-0.159283289090759,-0.756190265852975
0.326720541295857,0.903208380802801,-0.126328628611098,-0.776879752191732
0.326828945528184,0.889895750308029,-0.0932274547343651,-0.796668295573658
0.32693734976051,0.875551106805843,-0.0600181466400053,-0.815532960165798
0.327045753992837,0.860191080215973,-0.0267392286947879,-0.833451851521191
0.327154158225164,0.843833488169331,0.00657071370190765,-0.850404201871214
0.32726256245749,0.826497295348295,0.0398730401606631,-0.866370335508978
0.327330175737202,0.815197426309687,0.0606239904690904,-0.875821416778824
0.327397789016915,0.80352984551424,0.081347418224913,-0.884877263739156
0.327465402296627,0.791499770794475,0.102034065593224,-0.893533836387693
0.327533015576339,0.779112621543005,0.122674601012181,-0.901787222555166
0.327625174870169,0.761663830152828,0.150716840522915,-0.912380670675748
0.327717334163999,0.743576549507208,0.178632827337601,-0.922209376844785
0.327777534004751,0.731423866674526,0.196789072488795,-0.928212939163318
0.327837733845503,0.719009633828154,0.214874837849288,-0.933884471677429
0.327897933686254,0.70633825956044,0.232883711419402,-0.939221970979847
0.327958133527006,0.693414277215658,0.25080923864996,-0.944223515865578
0.328030633791756,0.677520937035943,0.272277574179854,-0.949798511215792
0.328103134056506,0.661276118679009,0.293604663056084,-0.95488078173509
0.328175634321256,0.64468825055507,0.314779453994953,-0.959467704550035
0.328248134586006,0.627765948305446,0.335790937559526,-0.96355688586494
0.328320634850756,0.610517986382867,0.356628231784647,-0.967146218167485
0.328393135115506,0.592953319362227,0.377280507227528,-0.970233826589712
0.328481302437264,0.571179653792011,0.402130589471757,-0.97331024326376
0.328569469759022,0.548967736213287,0.426672234463056,-0.975639970676317
0.32865763708078,0.526334640714497,0.450886590943366,-0.977221231657844
0.328745804402539,0.503297743271622,0.47475505693751,-0.978052800209092
0.328833971724297,0.479874725891944,0.498259323651509,-0.978134049543446
0.328922139046055,0.456083559238746,0.521381346561004,-0.977464905799732
0.329010306367813,0.431942498605775,0.544103394632622,-0.976045893238395
0.329098473689572,0.407470063177084,0.566408026511331,-0.973878089688397
0.32918664101133,0.382685029651764,0.588278138983276,-0.970963168635027
0.329295045243746,0.351811311348116,0.614547222106477,-0.966358533454602
0.329403449476163,0.320529421401572,0.640103769893307,-0.960633191294867
0.329511853708579,0.288875738619432,0.664918053304121,-0.953793791923554
0.329620257940996,0.256886995362685,0.688961282865022,-0.945848278227681
0.329728662173412,0.224600314908393,0.712205545263766,-0.936805860172139
0.329837066405828,0.192053136053185,0.734623893833992,-0.92667702988717
0.329945470638245,0.159283218470637,0.756190309252347,-0.915473527722956
0.330053874870661,0.126328557594638,0.776879793628239,-0.903208351222842
0.330162279103078,0.0932273834066872,0.796668334993532,-0.889895718400229
0.330270683335494,0.060018075086645,0.815532997517546,-0.87555107260418
0.330379087567911,0.0267391570015656,0.833451886755689,-0.860191043757244
0.330487491800327,-0.00657078544890162,0.850404234941677,-0.843833449492815
0.330595896032743,-0.0398731118752389,0.866370366371249,-0.826497254496034
0.330663509242606,-0.0606240406787424,0.875821436675032,-0.815197395996257
0.330731122452468,-0.0813474469623918,0.884877273475114,-0.80352982651268
0.33079873566233,-0.102034072920219,0.893533836782195,-0.791499763861953
0.330866348872192,-0.122674587019308,0.901787214439346,-0.779112627420029
0.330958508181636,-0.150716831316809,0.912380664599164,-0.761663833282329
0.33105066749108,-0.17863282288136,0.922209372550449,-0.743576549669089
0.331110867337534,-0.196789069756168,0.928212935456401,-0.73142386570022
0.331171067183988,-0.214874836827004,0.933884468495044,-0.719009631668032
0.331231267030442,-0.232883712092323,0.939221968258528,-0.706338256166177
0.331291466876896,-0.250809241001151,0.944223513541403,-0.693414272540216
0.33136396713901,-0.27227757572201,0.949798508585666,-0.67752093286365
0.331436467401124,-0.293604663797321,0.954880778834373,-0.661276115036988
0.331508967663237,-0.314779453944625,0.959467701414295,-0.644688247469649
0.331581467925351,-0.335790936728186,0.963556882530159,-0.627765945801962
0.331653968187465,-0.356628230184081,0.967146214669835,-0.610517984485735
0.331726468449578,-0.377280504870649,0.970233822965586,-0.592953318094917
0.331814635795762,-0.402130593954437,0.973310240382265,-0.571179646427814
0.331902803141947,-0.426672245609172,0.975639968123212,-0.548967722514042
0.331990970488131,-0.450886608561091,0.977221229017571,-0.526334620456484
0.332079137834315,-0.474755080819767,0.97805279706555,-0.50329771624577
0.332167305180499,-0.498259353576252,0.978134045480581,-0.479874691904326
0.332255472526683,-0.521381382291575,0.977464900402086,-0.456083518110513
0.332343639872867,-0.544103435918026,0.9760458860919,-0.431942450173817
0.332431807219051,-0.566408073086694,0.97387808038084,-0.407470007294144
0.332519974565235,-0.588278190570161,0.970963156756795,-0.382684966186624
0.332628378797734,-0.614547272293996,0.966358519286397,-0.351811246992373
0.332736783030232,-0.640103818619039,0.960633174847177,-0.320529356228131
0.33284518726273,-0.664918100507379,0.953793773209571,-0.28887567270214
0.332953591495229,-0.688961328486948,0.94584825726319,-0.256886928776241
0.333061995727727,-0.712205589247185,0.936805836975535,-0.224600247728312
0.333170399960226,-0.73462393612367,0.926677004479459,-0.192053068355768
0.333278804192724,-0.756190349794948,0.915473500127733,-0.159283150332769
0.333387208425222,-0.77687983237244,0.903208321466316,-0.126328489093852
0.333495612657721,-0.796668371890089,0.889895686511062,-0.0932273146209193
0.333604016890219,-0.815533032519263,0.875551038613566,-0.0600180060942635
0.333712421122717,-0.833451919817521,0.860191007698759,-0.0267390878812192
0.333820825355216,-0.850404266020906,0.843833411402594,0.00657085461834785
0.333929229587714,-0.866370395427348,0.8264972144125,0.039873181014818
0.333996842728424,-0.875821454978351,0.815197366444225,0.0606240885341163
0.334064455869133,-0.884877281824561,0.803529808256139,0.0813474735684387
0.334132069009842,-0.893533835989503,0.79149975764903,0.102034078340496
0.334199682150552,-0.901787205328316,0.779112633982353,0.122674571345987
0.334291841441923,-0.912380653939126,0.76166384371475,0.150716810224394
0.334384000733295,-0.922209360648221,0.743576564210169,0.178632796438055
0.334444200613379,-0.928212927316124,0.731423873778588,0.196789053537543
0.334504400493463,-0.933884463747854,0.719009632987157,0.214874830760675
0.334564600373547,-0.939221966531958,0.706338250436969,0.232883716095029
0.334624800253631,-0.944223514459948,0.693414259481121,0.25080925497883
0.334697300513116,-0.949798509016885,0.677520920174302,0.272277588842617
0.3347698007726,-0.954880778812437,0.661276102747637,0.293604676064822
0.334842301032085,-0.959467700973813,0.644688235609622,0.314779465364236
0.33491480129157,-0.963556881706128,0.627765934399805,0.335790947306367
0.334987301551055,-0.967146213497623,0.610517973569134,0.356628239928508
0.33505980181054,-0.970233821480825,0.592953307690537,0.377280513790294
0.335147969151488,-0.973310238503315,0.571179637189785,0.402130601313545
0.335236136492436,-0.975639965938268,0.548967714498741,0.42667225143954
0.335324303833384,-0.977221226615257,0.526334613717295,0.450886612897951
0.335412471174331,-0.978052794534717,0.503297710833037,0.474755083701729
0.335500638515279,-0.978134042910326,0.479874687865206,0.49825935504515
0.335588805856227,-0.977464897881596,0.456083515489087,0.521381382392512
0.335676973197175,-0.976045883710121,0.431942449010835,0.544103434699291
0.335765140538123,-0.973878078226658,0.407470007627042,0.566408070599644
0.33585330787907,-0.97096315491857,0.382684968049469,0.58827818686912
0.335961712111564,-0.966358517650501,0.351811248933448,0.614547268717082
0.336070116344057,-0.960633173412706,0.320529358240935,0.640103815171773
0.33617852057655,-0.953793771975222,0.288875674780115,0.664918097195119
0.336286924809044,-0.945848256227588,0.256886930912758,0.688961325314841
0.336395329041537,-0.936805836136996,0.224600249916704,0.71220558622027
0.33650373327403,-0.926677003836087,0.192053070589266,0.734623933246806
0.336612137506524,-0.915473499677414,0.159283152604563,0.756190347072825
0.336720541739017,-0.903208321206643,0.126328491397103,0.776879829809561
0.336828945971511,-0.889895686439469,0.0932273169487283,0.796668369490728
0.336937350204004,-0.875551038727285,0.0600180084397003,0.815533030287565
0.337045754436497,-0.860191007994786,0.0267390902373374,0.833451917757416
0.337154158668991,-0.843833411877653,-0.0065708522584984,0.850404264136169
0.337262562901484,-0.826497215063195,-0.0398731786582336,0.866370393721427
0.337330176042672,-0.815197367120948,-0.0606240863306674,0.875821453451622
0.337397789183859,-0.803529808952173,-0.0813474715203786,0.884877280472545
0.337465402325046,-0.7914997583578,-0.102034076449882,0.893533834807675
0.337533015466234,-0.779112634697307,-0.122674569614655,0.901787204311964
0.33762517472389,-0.761663851054129,-0.15071679827854,0.912380649332666
0.337717333981546,-0.743576578632881,-0.178632774382889,0.922209353015798
0.337777533889643,-0.731423882858125,-0.196789040009704,0.928212922867849
0.337837733797741,-0.719009636475837,-0.214874825700906,0.93388446217677
0.337897933705839,-0.706338248093211,-0.232883719434955,0.939221967528182
0.337958133613937,-0.693414251069695,-0.250809266641107,0.94422351771081
0.338030633873477,-0.67752091161824,-0.272277600470844,0.949798512089036
0.338103134133018,-0.661276094049474,-0.293604687654593,0.954880781704069
0.338175634392558,-0.644688226772053,-0.314779476911197,0.959467703683252
0.338248134652099,-0.6277659254256,-0.335790958806177,0.963556884231754
0.33832063491164,-0.610517964461074,-0.356628251376819,0.967146215837912
0.33839313517118,-0.592953298451596,-0.377280525182772,0.970233823634374
0.3384813024826,-0.57117963517853,-0.402130604342064,0.973310239520617
0.33856946979402,-0.548967720008461,-0.426672246311014,0.975639966319442
0.338657637105439,-0.526334627023921,-0.450886599838252,0.977221226862179
0.338745804416859,-0.50329773219487,-0.47475506295527,0.978052795150157
0.338833971728279,-0.479874717522528,-0.498259326874613,0.978134044397142
0.338922139039699,-0.456083553663781,-0.521381347078262,0.97746490074203
0.339010306351118,-0.431942495905988,-0.544103392539095,0.976045888445108
0.339098473662538,-0.407470063426686,-0.566408021908176,0.973878085334844
0.339186640973958,-0.382685032918193,-0.588278131977588,0.97096316489576
0.339295045206364,-0.35181131476461,-0.61454721533862,0.966358530103214
0.339403449438771,-0.320529424955706,-0.640103763373801,0.960633188329536
0.339511853671177,-0.288875742298661,-0.664918047043235,0.953793789341897
0.339620257903583,-0.256886999154301,-0.688961276872698,0.945848276027005
0.33972866213599,-0.224600318799594,-0.712205539549643,0.936805858349233
0.339837066368396,-0.19205314003102,-0.734623888407357,0.926677028438384
0.339945470600802,-0.159283222522055,-0.756190304122186,0.915473526644238
0.340053874833209,-0.126328561706511,-0.776879788803172,0.903208350509716
0.340162279065615,-0.0932273875658003,-0.796668330481875,0.889895718047679
0.340270683298021,-0.0600180792797072,-0.815532993327174,0.875551072606882
0.340379087530428,-0.02673916121529,-0.833451882894173,0.860191044109443
0.340487491762834,0.00657078122788818,-0.850404231416278,0.843833450188365
0.34059589599524,0.0398731076602898,-0.866370363188649,0.82649725552836
0.340663509205567,0.060624036618944,-0.875821433774036,0.815197397155084
0.340731122415894,0.0813474430624685,-0.884877270852582,0.803529827790096
0.340798735626221,0.102034069184738,-0.893533834434834,0.791499765250064
0.340866348836549,0.122674583452606,-0.901787212363597,0.779112628910974
0.340958508078528,0.150716807311164,-0.912380655342174,0.761663848031009
0.341050667320507,0.178632778647393,-0.92220935724125,0.743576578593855
0.341110867223147,0.196789042625162,-0.928212926533134,0.731423883907983
0.341171067125788,0.214874826680056,-0.933884465342058,0.719009638661984
0.341231267028428,0.232883718792318,-0.939221970254211,0.70633825146188
0.341291466931069,0.250809264392927,-0.944223520058844,0.693414255665886
0.341363967193272,0.272277599038699,-0.949798514742479,0.677520915703784
0.341436467455475,0.293604687030193,-0.954880784627259,0.661276097597056
0.341508967717678,0.314779477085027,-0.959467706840151,0.644688229755125
0.34158146797988,0.3357909597675,-0.963556887586118,0.627765927818638
0.341653968242083,0.356628253113671,-0.967146219353158,0.610517966239477
0.341726468504286,0.377280527681978,-0.970233827273749,0.592953299591727
0.34181463579146,0.402130600050363,-0.973310242418557,0.571179642368161
0.341902803078634,0.426672235403131,-0.975639968887146,0.548967733484001
0.341990970365807,0.450886582504486,-0.977221229512033,0.526334647007515
0.342079137652981,0.474755039401049,-0.978052798295246,0.503297758894168
0.342167304940155,0.498259297320215,-0.978134048450487,0.479874751130235
0.342255472227329,0.521381311758567,-0.977464906116015,0.456083594357424
0.342343639514502,0.544103351703103,-0.976045895550751,0.431942543847622
0.342431806801676,0.566407975818716,-0.973878094581348,0.407470118762584
0.34251997408885,0.588278080910965,-0.970963176689657,0.3826850957787
0.342628378321173,0.614547165657286,-0.96635854416508,0.351811378507801
0.342736782553496,0.640103715139646,-0.960633204648999,0.320529489509335
0.342845186785819,0.66491800031634,-0.953793807906004,0.288875807589655
0.342953591018142,0.688961231711479,-0.945848296820127,0.256887065108638
0.343061995250465,0.712205496010632,-0.936805881353165,0.224600385342539
0.343170399482788,0.734623846545365,-0.926677053632398,0.192053207087015
0.34327880371511,0.756190263990016,-0.915473554004941,0.159283290014926
0.343387207947433,0.776879750451745,-0.90320838001127,0.126328629559522
0.343495612179756,0.796668293959985,-0.88989574966175,0.0932274557017465
0.343604016412079,0.815532958681673,-0.875551106302669,0.0600181476209721
0.343712420644402,0.833451850169596,-0.860191079853552,0.0267392296839762
0.343820824876725,0.850404200655062,-0.84383348794518,-0.00657071270988365
0.343929229109048,0.866370334431003,-0.82649729525981,-0.0398730391711852
0.343996842387909,0.875821415672132,-0.815197426448541,-0.0606239892235968
0.34406445566677,0.884877262614695,-0.803529845888437,-0.0813474167262848
0.344132068945631,0.893533835256571,-0.79149977141185,-0.102034063844721
0.344199682224492,0.901787221428488,-0.779112622411121,-0.122674599017392
0.344291841484474,0.91238066595128,-0.761663837677014,-0.150716828274259
0.344384000744456,0.922209369089035,-0.743576564148121,-0.178632804940911
0.344444200613657,0.928212934640192,-0.731423875888219,-0.196789058751981
0.344504400482859,0.93388447007518,-0.719009637363083,-0.214874832712121
0.34456460035206,0.939221971983731,-0.70633825717131,-0.23288371481244
0.344624800221262,0.944223519158186,-0.693414268663599,-0.250809250494612
0.344697300486064,0.949798514325216,-0.677520928336908,-0.27227758598832
0.344769800750867,0.954880784659606,-0.661276109835718,-0.29360467482389
0.344842301015669,0.959467707287937,-0.644688241570288,-0.314779465717675
0.344914801280471,0.963556888414672,-0.627765939181985,-0.335790949232696
0.344987301545274,0.967146220527578,-0.610517977123693,-0.356628243403882
0.345059801810076,0.970233828758741,-0.592953309970347,-0.37728051878839
0.345147969102473,0.973310244296581,-0.571179651583234,-0.402130592713369
0.34523613639487,0.975639971070259,-0.54896774147929,-0.426672229591014
0.345324303687267,0.977221231911879,-0.526334653729826,-0.450886578182078
0.345412470979664,0.978052800823144,-0.503297764293288,-0.474755036529862
0.345500638272061,0.978134051017529,-0.479874755159055,-0.498259295858509
0.345588805564458,0.977464908633357,-0.45608359697202,-0.521381311661294
0.345676972856855,0.976045897929494,-0.431942545007335,-0.544103352922163
0.345765140149252,0.973878096732949,-0.4074701184301,-0.566407978302874
0.345853307441649,0.970963178525992,-0.382685093919992,-0.588278084605978
0.345961711673979,0.96635854579932,-0.351811376570595,-0.614547169228726
0.346070115906308,0.960633206082026,-0.320529487500096,-0.640103718581962
0.346178520138637,0.953793809139059,-0.288875805514916,-0.664918003624162
0.346286924370967,0.945848297854624,-0.256887062975023,-0.688961234879611
0.346395328603296,0.936805882190785,-0.22460038315668,-0.712205499034075
0.346503732835626,0.926677054274957,-0.192053204855661,-0.734623849419267
0.346612137067955,0.915473554454536,-0.159283287744887,-0.756190266709663
0.346720541300284,0.903208380270206,-0.126328627257616,-0.776879753012638
0.346828945532614,0.889895749732602,-0.0932274533748538,-0.796668296357778
0.346937349764943,0.875551106188209,-0.060018145276039,-0.815532960912196
0.347045753997272,0.860191079556769,-0.0267392273279203,-0.833451852228866
0.347154158229602,0.843833487469257,0.00657071507009262,-0.850404202539326
0.347262562461931,0.826497294608111,0.0398730415286014,-0.866370336136709
0.347330175740353,0.815197425764434,0.0606239914396401,-0.875821417204091
0.347397789018774,0.803529845178118,0.0813474187986884,-0.884877263976788
0.347465402297196,0.791499770681522,0.102034065771372,-0.89353383645291
0.347533015575617,0.779112621666922,0.122674600796373,-0.901787222463309
0.347625174869288,0.76166383031249,0.150716840259702,-0.91238067057219
0.347717334162959,0.743576549704628,0.178632827027639,-0.922209376732255
0.347777534004106,0.731423866795837,0.196789072299015,-0.928212939094862
0.347837733845253,0.719009633869831,0.214874837778841,-0.933884471648649
0.3478979336864,0.706338259519089,0.232883711467294,-0.939221970986397
0.347958133527547,0.693414277088022,0.250809238815095,-0.9442235159031
0.348030633792233,0.677520936919944,0.27227757432491,-0.949798511244853
0.348103134056918,0.66127611857537,0.293604663181237,-0.954880781756567
0.348175634321604,0.64468825046438,0.314779454100413,-0.959467704564794
0.348248134586289,0.627765948228401,0.335790937645524,-0.963556885873918
0.348320634850974,0.610517986320053,0.356628231851471,-0.967146218171552
0.34839313511566,0.592953319314258,0.377280507275455,-0.970233826589704
0.348481302437399,0.571179653747977,0.40213058951389,-0.973310243261842
0.348569469759139,0.548967736173337,0.426672234499503,-0.975639970672837
0.348657637080878,0.526334640678873,0.450886590974232,-0.977221231653112
0.348745804402618,0.50329774324048,0.474755056962906,-0.978052800203383
0.348833971724357,0.47987472586554,0.498259323671591,-0.978134049537128
0.348922139046096,0.45608355921719,0.521381346575926,-0.977464905793115
0.349010306367836,0.431942498589235,0.544103394642547,-0.976045893231816
0.349098473689575,0.407470063165731,0.566408026516415,-0.973878089682152
0.349186641011315,0.382685029645687,0.58827813898371,-0.970963168629404
0.34929504524373,0.351811311342303,0.614547222106847,-0.96635853344917
0.349403449476146,0.320529421396017,0.640103769893582,-0.960633191289621
0.349511853708562,0.288875738614152,0.664918053304352,-0.953793791918483
0.349620257940978,0.256886995357661,0.688961282865225,-0.945848278222855
0.349728662173393,0.224600314903624,0.712205545263935,-0.936805860167548
0.349837066405809,0.192053136048677,0.734623893834159,-0.926677029882805
0.349945470638225,0.159283218466364,0.756190309252489,-0.915473527718858
0.35005387487064,0.126328557590636,0.776879793628427,-0.903208351219036
0.350162279103056,0.0932273834029158,0.796668334993742,-0.889895718396637
0.350270683335472,0.0600180750830991,0.815532997517829,-0.875551072600884
0.350379087567887,0.0267391569982441,0.833451886756023,-0.860191043754245
0.350487491800303,-0.00657078545199434,0.850404234942149,-0.843833449490124
0.350595896032719,-0.0398731118781205,0.866370366371801,-0.826497254493674
0.350663509242661,-0.0606240407063219,0.8758214366867,-0.81519739598036
0.350731122452604,-0.0813474470145916,0.884877273496966,-0.803529826482362
0.350798735662546,-0.102034072996944,0.893533836813346,-0.791499763816366
0.350866348872489,-0.122674587120417,0.901787214478786,-0.779112627358362
0.350958508181913,-0.150716831411346,0.912380664633823,-0.761663833222488
0.351050667491336,-0.178632822969314,0.922209372580744,-0.743576549611392
0.351110867337678,-0.19678906981018,0.928212935474431,-0.731423865664221
0.351171067184021,-0.214874836847322,0.933884468502037,-0.719009631654678
0.351231267030363,-0.232883712079223,0.939221968255718,-0.706338256176462
0.351291466876706,-0.250809240954974,0.944223513530022,-0.693414272575034
0.351363967138696,-0.272277575639921,0.949798508566586,-0.67752093292665
0.351436467400687,-0.29360466367986,0.954880778809183,-0.661276115129303
0.351508967662678,-0.314779453792378,0.959467701384744,-0.644688247592344
0.351581467924669,-0.33579093654179,0.963556882497985,-0.62776594595616
0.35165396818666,-0.356628229964207,0.967146214636689,-0.610517984672455
0.351726468448651,-0.377280504618079,0.970233822933216,-0.592953318315096
0.351814635794458,-0.402130593599471,0.973310240346136,-0.571179646746658
0.351902803140265,-0.426672245154723,0.975639968089805,-0.54896772293506
0.351990970486073,-0.450886608010323,0.977221228993296,-0.526334620982944
0.35207913783188,-0.474755080176052,0.978052797056833,-0.503297716880746
0.352167305177687,-0.498259352843223,0.978134045493796,-0.479874692650588
0.352255472523495,-0.521381381473033,0.977464900443687,-0.456083518970662
0.352343639869302,-0.544103435018064,0.976045886168205,-0.431942451150138
0.352431807215109,-0.566408072109585,0.973878080498309,-0.407470008388737
0.352519974560917,-0.588278189520336,0.970963156921614,-0.38268496740129
0.352628378793414,-0.614547271271711,0.966358519496013,-0.351811248224305
0.352736783025911,-0.640103817625488,0.960633175101416,-0.320529357475896
0.352845187258409,-0.664918099543766,0.953793773508097,-0.288875673964312
0.352953591490906,-0.688961327554377,0.945848257605715,-0.256886930051318
0.353061995723403,-0.712205588346806,0.936805837361673,-0.224600249014841
0.353170399955901,-0.734623935256564,0.926677004908816,-0.192053069652229
0.353278804188398,-0.756190348962108,0.915473500599817,-0.159283151637671
0.353387208420895,-0.776879831574909,0.903208321980604,-0.126328490405685
0.353495612653393,-0.796668371128795,0.889895687066965,-0.0932273159381484
0.35360401688589,-0.815533031795102,0.875551039210463,-0.0600180074153434
0.353712421118387,-0.833451919131378,0.860191008336034,-0.026739089204621
0.353820825350884,-0.850404265373609,0.843833412079485,0.00657085329415929
0.353929229583382,-0.866370394819665,0.826497215128294,0.0398731796913922
0.35399684272544,-0.875821454580484,0.815197366954634,0.0606240876258703
0.354064455867498,-0.884877281620922,0.803529808546237,0.0813474730746942
0.354132069009557,-0.893533835964243,0.791499757704272,0.102034078260002
0.354199682151615,-0.901787205465364,0.779112633788394,0.12267457167696
0.354291841443114,-0.912380654081568,0.761663843488722,0.150716810592852
0.354384000734613,-0.922209360793765,0.743576563950457,0.178632796843323
0.354444200614181,-0.928212927404385,0.731423873618453,0.196789053785952
0.354504400493749,-0.933884463784488,0.71900963293112,0.214874830853352
0.354564600373317,-0.939221966522702,0.706338250489466,0.232883716033246
0.354624800252884,-0.944223514410487,0.693414259646437,0.250809254764054
0.354697300512325,-0.949798508969216,0.67752092035321,0.272277588616046
0.354769800771765,-0.954880778767196,0.661276102940413,0.293604675826749
0.354842301031205,-0.959467700931639,0.644688235816654,0.31477946511498
0.354914801290645,-0.963556881667659,0.627765934621391,0.33579094704628
0.354987301550085,-0.967146213463433,0.610517973805517,0.356628239657931
0.355059801809526,-0.970233821451632,0.592953307942018,0.377280513509592
0.355147969150116,-0.973310238471724,0.571179637535546,0.402130600936156
0.355236136490706,-0.975639965910366,0.548967714942141,0.426672250968248
0.355324303831297,-0.977221226597187,0.526334614261373,0.450886612335772
0.355412471171887,-0.978052794532539,0.503297711480643,0.474755083051904
0.355500638512477,-0.978134042930148,0.479874688618999,0.498259354311186
0.355588805853068,-0.977464897929496,0.456083516351453,0.521381381578037
0.355676973193658,-0.976045883792127,0.431942449983979,0.544103433808183
0.355765140534248,-0.973878078348846,0.407470008712887,0.566408069635959
0.355853307874838,-0.970963155086849,0.382684969249751,0.588278185837139
0.355961712107328,-0.966358517862848,0.351811250151276,0.614547267711579
0.356070116339818,-0.960633173668861,0.320529359474957,0.640103814193912
0.356178520572309,-0.953793772275026,0.288875676028924,0.664918096246145
0.356286924804799,-0.945848256570752,0.256886932174924,0.688961324395871
0.356395329037289,-0.936805836523205,0.22460025119077,0.712205585332437
0.356503733269779,-0.926677004264982,0.192053071873791,0.734623932391191
0.356612137502269,-0.91547350014858,0.159283153898087,0.756190346250492
0.356720541734759,-0.903208321719625,0.126328492698123,0.776879829021503
0.356828945967249,-0.889895686993692,0.0932273182557622,0.796668368737917
0.356937350199739,-0.875551039322179,0.0600180097512301,0.815533029570996
0.357045754432229,-0.860191008629797,0.0267390915518565,0.833451917077967
0.357154158664719,-0.843833412552129,-0.00657085094250751,0.850404263494644
0.357262562897209,-0.826497215776418,-0.03987317734229,0.866370393118735
0.357330176039655,-0.815197367643746,-0.0606240854022568,0.875821453046022
0.357397789182101,-0.803529809270626,-0.0813474709789071,0.884877280249576
0.357465402324548,-0.791499758458286,-0.102034076294218,0.893533834752556
0.357533015466994,-0.779112634566516,-0.12267456984316,0.901787204409694
0.357625174724806,-0.761663850887936,-0.150716798553483,0.912380649441415
0.357717333982618,-0.743576578429287,-0.178632774703601,0.922209353132874
0.357777533890307,-0.731423882733126,-0.196789040206331,0.928212922939465
0.357837733797997,-0.719009636433063,-0.214874825774316,0.933884462207357
0.357897933705686,-0.706338248136131,-0.232883719386174,0.939221967522304
0.357958133613376,-0.69341425120176,-0.250809266471273,0.944223517673028
0.358030633872966,-0.677520911742011,-0.272277600316722,0.949798512058758
0.358103134132556,-0.661276094164475,-0.293604687516099,0.954880781680561
0.358175634392147,-0.644688226877733,-0.314779476788167,0.959467703665869
0.358248134651737,-0.627765925521426,-0.33579095869845,0.963556884219861
0.358320634911327,-0.610517964546581,-0.356628251284214,0.967146215830781
0.358393135170917,-0.59295329852629,-0.377280525105073,0.970233823631357
0.358481302482308,-0.571179635261856,-0.402130604257078,0.973310239518941
0.358569469793698,-0.548967720100649,-0.426672246219005,0.975639966319656
0.358657637105089,-0.5263346271252,-0.450886599739515,0.977221226864682
0.358745804416479,-0.503297732305409,-0.474755062850087,0.978052795155492
0.35883397172787,-0.479874717642551,-0.498259326763288,0.978134044405799
0.35892213903926,-0.456083553793416,-0.521381346961166,0.977464900754562
0.359010306350651,-0.431942496045355,-0.544103392416576,0.97604588846192
0.359098473662041,-0.407470063575915,-0.566408021780603,0.973878085356536
0.359186640973432,-0.382685033077415,-0.588278131845321,0.970963164922721
0.359295045205837,-0.351811314926347,-0.614547215209371,0.966358530135705
0.359403449438241,-0.320529425119784,-0.640103763247746,0.96063318836752
0.359511853670646,-0.288875742464939,-0.664918046920564,0.953793789385455
0.359620257903051,-0.256886999322549,-0.688961276753552,0.945848276076097
0.359728662135456,-0.224600318969694,-0.712205539434141,0.936805858403808
0.35983706636786,-0.192053140202771,-0.734623888295689,0.926677028498453
0.359945470600265,-0.159283222695279,-0.7561903040145,0.915473526709746
0.36005387483267,-0.12632856188102,-0.776879788699615,0.903208350580662
0.360162279065075,-0.0932273877414149,-0.796668330382571,0.889895718123986
0.36027068329748,-0.0600180794562535,-0.815532993232309,0.875551072688528
0.360379087529884,-0.026739161392547,-0.833451882803827,0.860191044196386
0.360487491762289,0.00657078105009345,-0.850404231330576,0.843833450280487
0.360595895994694,0.0398731074821687,-0.866370363107766,0.826497255625611
0.360663509205102,0.0606240364657867,-0.875821433707407,0.815197397241622
0.36073112241551,0.0813474429342822,-0.884877270799269,0.803529827864978
0.360798735625918,0.102034069081488,-0.893533834393906,0.791499765312415
0.360866348836326,0.122674583374232,-0.901787212334156,0.7791126289599
0.360958508078355,0.150716807248385,-0.912380655320131,0.761663848071743
0.361050667320384,0.178632778600125,-0.922209357225843,0.743576578625695
0.361110867223085,0.196789042596198,-0.928212926524259,0.731423883928035
0.361171067125786,0.214874826669253,-0.933884465339012,0.719009638669752
0.361231267028487,0.232883718799544,-0.939221970256418,0.706338251456857
0.361291466931188,0.250809264417993,-0.94422352006557,0.693414255647524
0.361363967193493,0.272277599093545,-0.949798514755836,0.677520915662304
0.361436467455797,0.293604687114415,-0.954880784645917,0.6612760975315
0.361508967718102,0.314779477198136,-0.959467706862705,0.644688229664539
0.361581467980406,0.335790959908949,-0.963556887611133,0.627765927702171
0.361653968242711,0.356628253282935,-0.967146219379211,0.610517966096279
0.361726468505015,0.377280527878421,-0.970233827299406,0.592953299420983
0.361814635792486,0.402130600327422,-0.973310242447177,0.571179642119706
0.361902803079956,0.426672235758505,-0.975639968913668,0.548967733155145
0.361990970367426,0.45088658293568,-0.977221229531365,0.526334646595679
0.362079137654897,0.474755039905399,-0.978052798302358,0.503297758396948
0.362167304942367,0.498259297894905,-0.978134048440318,0.479874750545395
0.362255472229837,0.521381312400544,-0.977464906083513,0.456083593682964
0.362343639517308,0.544103352409209,-0.976045895490881,0.431942543081673
0.362431806804778,0.566407976585575,-0.973878094489158,0.407470117903571
0.362519974092248,0.588278081735033,-0.970963176560205,0.382685094825159
0.362628378324573,0.614547166459988,-0.966358544000312,0.351811377540308
0.362736782556898,0.640103715919977,-0.96063320444903,0.320529488529036
0.362845186789223,0.664918001073377,-0.953793807671084,0.288875806597658
0.362953591021548,0.688961232444321,-0.945848296550456,0.256887064106126
0.363061995253873,0.712205496718403,-0.936805881049016,0.22460038433061
0.363170399486198,0.73462384722717,-0.926677053294059,0.192053206066892
0.363278803718523,0.756190264645041,-0.915473553632822,0.159283288987776
0.363387207950848,0.776879751079165,-0.903208379605699,0.126328628526533
0.363495612183173,0.79666829455904,-0.889895749223139,0.0932274546641048
0.363604016415498,0.815532959251636,-0.875551105831528,0.0600181465799092
0.363712420647823,0.833451850709682,-0.860191079350384,0.0267392286406877
0.363820824880148,0.850404201164647,-0.843833487410513,-0.0065707137541578
0.363929229112473,0.866370334909435,-0.826497294694215,-0.0398730402152411
0.363996842390237,0.875821415980539,-0.815197426050518,-0.0606239899300272
0.364064455668001,0.884877262765755,-0.803529845670105,-0.08134741709566
0.364132068945765,0.893533835263125,-0.79149977138507,-0.10203406387806
0.364199682223529,0.901787221303649,-0.779112622587475,-0.122674598716175
0.364291841483409,0.912380665823128,-0.761663837879737,-0.150716827943413
0.36438400074329,0.922209368959371,-0.743576564378415,-0.178632804580984
0.364444200612949,0.928212934561299,-0.731423876030251,-0.196789058531051
0.364504400482608,0.933884470042049,-0.719009637412845,-0.214874832629224
0.364564600352267,0.939221971991294,-0.706338257124884,-0.232883714866418
0.364624800221926,0.944223519201298,-0.693414268517163,-0.250809250684175
0.364697300486755,0.949798514365836,-0.677520928181261,-0.272277586184576
0.364769800751584,0.95488078469729,-0.661276109670661,-0.29360467502664
0.364842301016413,0.959467707322296,-0.644688241395649,-0.314779465926687
0.364914801281243,0.963556888445366,-0.627765938997655,-0.335790949447749
0.364987301546072,0.967146220554171,-0.610517976929485,-0.356628243624708
0.365059801810901,0.970233828780891,-0.592953309766118,-0.377280519014764
0.365147969103599,0.973310244320956,-0.571179651299917,-0.402130593021058
0.365236136396296,0.975639971091785,-0.548967741114151,-0.426672229977653
0.365324303688993,0.977221231925385,-0.526334653280264,-0.45088657864516
0.36541247098169,0.978052800823492,-0.503297763756868,-0.474755037066666
0.365500638274388,0.978134050999685,-0.479874754533557,-0.498259296466124
0.365588805567085,0.977464908592109,-0.456083596255448,-0.521381312336659
0.365676972859782,0.976045897859853,-0.431942544197835,-0.544103353662039
0.36576514015248,0.973878096629844,-0.40747011752601,-0.566407979103825
0.365853307445177,0.970963178384358,-0.382685092919923,-0.588278085464452
0.365961711677505,0.966358545621176,-0.351811375556943,-0.614547170064227
0.366070115909834,0.960633205867586,-0.320529486474076,-0.640103719393553
0.366178520142162,0.953793808888612,-0.288875804477704,-0.664918004410917
0.36628692437449,0.945848297568413,-0.256887061927808,-0.688961235640633
0.366395328606819,0.936805881869215,-0.224600382100696,-0.712205499768477
0.366503732839147,0.926677053918339,-0.192053203792155,-0.734623850126191
0.366612137071476,0.915473554063388,-0.15928328667506,-0.756190267388325
0.366720541303804,0.903208379844908,-0.126328626182729,-0.776879753662188
0.366828945536132,0.889895749273692,-0.0932274522961639,-0.796668296977508
0.366937349768461,0.875551105696181,-0.0600181441947661,-0.815532961501405
0.367045754000789,0.86019107903223,-0.0267392262453294,-0.833451852786894
0.367154158233118,0.843833486912801,0.00657071615275202,-0.850404203065556
0.367262562465446,0.826497294020434,0.0398730426100589,-0.866370336630506
0.367330175742824,0.815197425334767,0.0606239921998238,-0.875821417534597
0.367397789020202,0.803529844917997,0.0813474192381044,-0.884877264156095
0.367465402297579,0.791499770602294,0.102034065890946,-0.893533836493224
0.367533015574957,0.779112621779597,0.122674600597489,-0.901787222377083
0.367625174868495,0.76166383045551,0.15071684002107,-0.912380670476578
0.367717334162032,0.743576549879782,0.178632826749816,-0.922209376629582
0.367777534003532,0.73142386690304,0.196789072128439,-0.928212939031482
0.367837733845032,0.719009633906015,0.214874837714754,-0.933884471620752
0.367897933686532,0.70633825948123,0.232883711508813,-0.939221970990019
0.367958133528032,0.693414276973077,0.250809238961233,-0.944223515934287
0.368030633792681,0.677520936810739,0.272277574459375,-0.949798511270074
0.36810313405733,0.661276118472244,0.293604663304125,-0.954880781776355
0.368175634321979,0.644688250367755,0.314779454211797,-0.959467704579548
0.368248134586628,0.62776594813865,0.335790937745512,-0.963556885884189
0.368320634851277,0.610517986237568,0.356628231940188,-0.967146218177789
0.368393135115926,0.592953319239351,0.377280507353056,-0.970233826592405
0.368481302437717,0.571179653658914,0.402130589604986,-0.973310243263871
0.368569469759507,0.548967736069672,0.426672234603659,-0.975639970673339
0.368657637081298,0.526334640560185,0.450886591090991,-0.977221231651147
0.368745804403089,0.503297743106361,0.474755057091755,-0.978052800198116
0.36883397172488,0.479874725715668,0.49825932381204,-0.978134049527699
0.368922139046671,0.456083559051203,0.521381346727401,-0.977464905778596
0.369010306368462,0.431942498406868,0.544103394804487,-0.976045893211367
0.369098473690253,0.407470062966727,0.566408026688209,-0.973878089654929
0.369186641012043,0.382685029429828,0.588278139164716,-0.970963168594546
0.369295045244459,0.351811311123653,0.614547222283096,-0.96635853340675
0.369403449476874,0.320529421174818,0.640103770064914,-0.960633191239708
0.36951185370929,0.288875738390632,0.664918053470534,-0.95379379186115
0.369620257941706,0.256886995132074,0.688961283026066,-0.945848278158151
0.369728662174121,0.224600314676221,0.712205545419284,-0.936805860095506
0.369837066406537,0.192053135819718,0.734623893983804,-0.92667702980354
0.369945470638952,0.159283218236094,0.75619030939633,-0.915473527632426
0.370053874871368,0.126328557359308,0.776879793766241,-0.90320835112553
0.370162279103783,0.0932273831708025,0.796668335125425,-0.889895718296173
0.370270683336199,0.0600180748504533,0.815532997643197,-0.87555107249362
0.370379087568614,0.026739156765333,0.833451886874908,-0.860191043640214
0.37048749180103,-0.00657078568492602,0.850404235054467,-0.84383344936951
0.370595896033445,-0.039873112110812,0.866370366477405,-0.826497254366584
0.370663509243252,-0.0606240408972017,0.875821436769521,-0.815197395872342
0.370731122453059,-0.0813474471636701,0.884877273558571,-0.803529826394883
0.370798735662866,-0.102034073104312,0.893533836855272,-0.791499763750957
0.370866348872673,-0.1226745871862,0.901787214502675,-0.779112627316462
0.370958508182037,-0.150716831458761,0.912380664649568,-0.761663833190786
0.371050667491401,-0.178632822998482,0.922209372589307,-0.743576549590784
0.371110867337706,-0.196789069827969,0.928212935478969,-0.731423865650998
0.37117106718401,-0.214874836853814,0.933884468502991,-0.719009631649143
0.371231267030315,-0.232883712074506,0.939221968253501,-0.706338256178994
0.37129146687662,-0.250809240939151,0.94422351352511,-0.693414272585932
0.371363967138556,-0.272277575607974,0.949798508558149,-0.677520932950146
0.371436467400491,-0.293604663632008,0.954880778798008,-0.661276115166014
0.371508967662427,-0.31477945372889,0.959467701371643,-0.64468824764271
0.371581467924363,-0.335790936462962,0.96355688248365,-0.627765946020658
0.371653968186298,-0.356628229870341,0.967146214621888,-0.61051798475156
0.371726468448234,-0.377280504509498,0.97023382291878,-0.592953318409259
0.371814635793838,-0.402130593435431,0.97331024032901,-0.571179646893584
0.371902803139443,-0.426672244936748,0.975639968073432,-0.548967723136673
0.371990970485047,-0.450886607740122,0.977221228981155,-0.526334621241003
0.372079137830651,-0.474755079855415,0.978052797052316,-0.503297717196889
0.372167305176256,-0.49825935247406,0.978134045500457,-0.47987469302635
0.37225547252186,-0.521381381057431,0.977464900464887,-0.456083519407447
0.372343639867464,-0.54410343455817,0.976045886207443,-0.431942451649254
0.372431807213068,-0.566408071607671,0.973878080558961,-0.407470008951291
0.372519974558673,-0.588278188978844,0.970963157007155,-0.382684968028313
0.372628378791169,-0.614547270744329,0.966358519604867,-0.351811248860546
0.372736783023665,-0.640103817112836,0.960633175233505,-0.32052935812064
0.37284518725616,-0.664918099046468,0.953793773663266,-0.288875674616755
0.372953591488656,-0.68896132707306,0.945848257783795,-0.25688693071074
0.373061995721152,-0.712205587882073,0.936805837562556,-0.224600249680479
0.373170399953648,-0.734623934808917,0.926677005132266,-0.192053070323311
0.373278804186144,-0.756190348532194,0.915473500845615,-0.159283152313411
0.37338720841864,-0.776879831163214,0.903208322248492,-0.126328491085284
0.373495612651136,-0.796668370735768,0.889895687356647,-0.0932273166208308
0.373604016883632,-0.81553303142131,0.87555103952163,-0.0600180081003032
0.373712421116128,-0.833451918777304,0.860191008668396,-0.0267390898910635
0.373820825348624,-0.850404265039637,0.843833412432608,0.0065708526070457
0.37392922958112,-0.86637039450625,0.826497215501839,0.0398731790044108
0.373996842723932,-0.875821454383416,0.815197367212545,0.0606240871708855
0.374064455866744,-0.884877281531449,0.803529808680142,0.0813474728513095
0.374132069009556,-0.893533835973497,0.791499757706031,0.102034078267507
0.374199682152369,-0.901787205564409,0.779112633650096,0.122674571914312
0.374291841443922,-0.91238065418043,0.761663843334624,0.150716810845801
0.374384000735476,-0.922209360891457,0.74357656377996,0.178632797111511
0.374444200614703,-0.928212927464285,0.731423873513612,0.196789053950716
0.374504400493931,-0.933884463810365,0.719009632894973,0.214874830915426
0.374564600373158,-0.939221966518319,0.70633825052488,0.232883715993463
0.374624800252385,-0.944223514379697,0.693414259756316,0.2508092546234
0.374697300511774,-0.949798508937999,0.677520920476939,0.272277588461068
0.374769800771162,-0.954880778736267,0.661276103078529,0.293604675657748
0.374842301030551,-0.959467700901738,0.644688235969491,0.314779464932256
0.374914801289939,-0.963556881639481,0.627765934789335,0.335790946850145
0.374987301549328,-0.967146213437768,0.610517973989014,0.356628239448779
0.375059801808717,-0.970233821429159,0.592953308141419,0.377280513287746
0.375147969149034,-0.97331023844777,0.57117963780712,0.402130600640658
0.375236136489352,-0.975639965889532,0.548967715288304,0.426672250601245
0.375324303829669,-0.97722122658407,0.526334614684492,0.450886611899578
0.375412471169987,-0.978052794531912,0.503297711982923,0.474755082548978
0.375500638510304,-0.978134042946564,0.47987468920244,0.498259353744141
0.375588805850622,-0.977464897967632,0.45608351701788,0.52138138094974
0.37567697319094,-0.97604588385658,0.431942450735032,0.544103433121546
0.375765140531257,-0.973878078444198,0.40747000955007,0.566408068894128
0.375853307871575,-0.970963155217692,0.382684970174348,0.588278185043367
0.375961712104064,-0.966358518027526,0.351811251088925,0.614547266938598
0.376070116336553,-0.960633173867235,0.320529360424586,0.640103813442649
0.376178520569042,-0.953793772506882,0.288875676989432,0.664918095517457
0.376286924801532,-0.945848256835851,0.256886933145201,0.688961323690649
0.376395329034021,-0.936805836821282,0.224600252169735,0.712205584651549
0.37650373326651,-0.926677004595713,0.192053072860303,0.734623931735441
0.376612137498999,-0.91547350051161,0.159283154890988,0.756190345620637
0.376720541731488,-0.903208322114488,0.126328493696264,0.776879828418253
0.376828945963978,-0.889895687420074,0.0932273192579992,0.796668368162079
0.376937350196467,-0.875551039779598,0.0600180107563955,0.815533029023219
0.377045754428956,-0.860191009117669,0.0267390925587871,0.833451916558928
0.377154158661445,-0.843833413069968,-0.00657084993497303,0.850404263004937
0.377262562893934,-0.826497216323642,-0.0398731763353197,0.866370392658964
0.377330176037367,-0.815197368041353,-0.0606240846989298,0.875821452740268
0.3773977891808,-0.803529809507754,-0.0813474705787396,0.884877280086483
0.377465402324232,-0.791499758524195,-0.102034076196318,0.893533834720512
0.377533015467665,-0.779112634450788,-0.122674570046223,0.90178720449701
0.3776251747256,-0.761663850743746,-0.150716798793082,0.912380649536817
0.377717333983535,-0.743576578255073,-0.178632774979188,0.922209353234287
0.377777533890874,-0.731423882626501,-0.19678904037529,0.928212923001773
0.377837733798212,-0.719009636397047,-0.214874825837415,0.933884462234463
0.377897933705551,-0.706338248173832,-0.232883719344272,0.939221967518091
0.377958133612889,-0.693414251316022,-0.250809266325373,0.944223517641412
0.378030633872509,-0.677520911852241,-0.272277600180293,0.949798512032533
0.378103134132128,-0.661276094270313,-0.293604687389069,0.954880781659382
0.378175634391747,-0.644688226978875,-0.314779476670509,0.959467703649379
0.378248134651366,-0.62776592561755,-0.335790958590089,0.96355688420764
0.378320634910986,-0.610517964637371,-0.356628251185088,0.967146215822479
0.378393135170605,-0.592953298611455,-0.377280525015037,0.970233823626511
0.378481302481924,-0.571179635366346,-0.402130604148215,0.973310239514561
0.378569469793244,-0.548967720225057,-0.426672246091871,0.975639966316947
0.378657637104563,-0.526334627270116,-0.450886599594757,0.977221226864872
0.378745804415883,-0.503297732471417,-0.474755062688365,0.978052795159755
0.378833971727202,-0.479874717830066,-0.498259326585332,0.978134044415424
0.378922139038522,-0.456083554002969,-0.521381346767693,0.977464900770643
0.379010306349841,-0.431942496277365,-0.544103392208395,0.976045888485784
0.379098473661161,-0.407470063830726,-0.566408021558517,0.973878085389271
0.37918664097248,-0.38268503335534,-0.588278131610238,0.970963164965566
0.379295045204885,-0.351811315207996,-0.614547214980441,0.966358530188408
0.37940344943729,-0.32052942540483,-0.640103763025232,0.960633188430055
0.379511853669694,-0.288875742753024,-0.664918046704688,0.953793789457716
0.379620257902099,-0.256886999613424,-0.688961276544571,0.945848276157996
0.379728662134504,-0.224600319262973,-0.712205539232356,0.936805858495301
0.379837066366909,-0.192053140498148,-0.734623888101262,0.926677028599426
0.379945470599314,-0.159283222992412,-0.756190303827662,0.915473526820091
0.380053874831719,-0.126328562179587,-0.776879788520636,0.903208350700219
0.380162279064123,-0.0932273880410648,-0.796668330211595,0.889895718252631
0.380270683296528,-0.0600180797566464,-0.815532993069578,0.875551072826191
0.380379087528933,-0.0267391616933442,-0.833451882649482,0.860191044342829
0.380487491761338,0.0065707807492185,-0.850404231184837,0.84383345043559
0.380595895993743,0.0398731071815588,-0.866370362970777,0.826497255789227
0.380663509204368,0.0606240362322649,-0.875821433605706,0.815197397373456
0.380731122414994,0.0813474427677716,-0.884877270730391,0.803529827962607
0.380798735625619,0.102034068981827,-0.893533834355328,0.791499765373489
0.380866348836245,0.122674583341159,-0.901787212323252,0.779112628982095
0.380958508078335,0.150716807233696,-0.912380655316644,0.761663848082908
0.381050667320424,0.178632778603678,-0.922209357228649,0.743576578624945
0.381110867223121,0.196789042598438,-0.928212926526415,0.731423883927974
0.381171067125818,0.214874826670192,-0.933884465340631,0.719009638670408
0.381231267028515,0.232883718799171,-0.939221970257473,0.706338251458258
0.381291466931211,0.250809264416331,-0.944223520066106,0.693414255649755
0.381363967193564,0.272277599106188,-0.94979851475981,0.67752091565364
0.381436467455918,0.29360468714116,-0.954880784652651,0.661276097511486
0.381508967718271,0.31477947723876,-0.95946770687152,0.644688229632731
0.381581467980624,0.335790959963219,-0.963556887621342,0.627765927658141
0.381653968242977,0.356628253350552,-0.967146219390226,0.610517966039608
0.38172646850533,0.377280527959141,-0.970233827310463,0.592953299351281
0.38181463579295,0.402130600448961,-0.973310242460146,0.571179642011148
0.38190280308057,0.426672235919732,-0.975639968926025,0.548967733006283
0.38199097036819,0.450886583135354,-0.977221229540573,0.526334646405218
0.382079137655809,0.474755040142209,-0.978052798305832,0.503297758163622
0.382167304943429,0.498259298167394,-0.978134048435546,0.479874750268139
0.382255472231049,0.521381312707209,-0.977464906067949,0.45608359336071
0.382343639518669,0.544103352748459,-0.976045895461997,0.43194254271352
0.382431806806289,0.566407976955722,-0.973878094444377,0.407470117488648
0.382519974093909,0.588278082134301,-0.970963176497057,0.382685094362731
0.382628378326233,0.614547166848553,-0.966358543919964,0.351811377071404
0.382736782558558,0.640103716297396,-0.96063320435162,0.320529488054219
0.382845186790883,0.664918001439148,-0.95379380755666,0.288875806117502
0.382953591023208,0.688961232798036,-0.945848296419187,0.256887063621132
0.383061995255532,0.712205497059619,-0.936805880901107,0.224600383841433
0.383170399487857,0.734623847555562,-0.926677053129621,0.192053205574068
0.383278803720182,0.756190264960131,-0.915473553452033,0.159283288491889
0.383387207952507,0.776879751380645,-0.903208379408795,0.126328628028163
0.383495612184832,0.796668294846519,-0.889895749010423,0.0932274541638639
0.383604016417156,0.815532959524759,-0.875551105603133,0.0600181460783628
0.383712420649481,0.833451850968201,-0.860191079106661,0.0267392281384382
0.383820824881806,0.850404201408186,-0.843833487151656,-0.00657071425653617
0.383929229114131,0.866370335137729,-0.82649729442061,-0.0398730407171445
0.383996842391326,0.875821416121362,-0.815197425864454,-0.0606239902569531
0.384064455668521,0.884877262825713,-0.803529845577826,-0.0813474172479176
0.384132068945717,0.893533835248869,-0.791499771392685,-0.102034063856196
0.384199682222912,0.901787221222013,-0.779112622701027,-0.122674598520968
0.384291841482754,0.912380665742356,-0.761663838005034,-0.150716827737335
0.384384000742596,0.922209368880124,-0.743576564515835,-0.178632804364313
0.384444200612531,0.92821293451272,-0.731423876114328,-0.1967890583984
0.384504400482467,0.933884470021054,-0.719009637441099,-0.214874832579962
0.384564600352402,0.939221971994807,-0.706338257094972,-0.232883714899868
0.384624800222338,0.944223519226307,-0.693414268426736,-0.250809250799572
0.384697300487209,0.949798514391143,-0.677520928079512,-0.272277586311635
0.38476980075208,0.954880784722296,-0.661276109557195,-0.293604675165111
0.384842301016952,0.959467707346458,-0.644688241270095,-0.314779466076331
0.384914801281823,0.963556888468055,-0.627765938859728,-0.335790949608292
0.384987301546695,0.967146220574811,-0.610517976778936,-0.356628243795865
0.385059801811566,0.970233828798807,-0.592953309602619,-0.377280519196221
0.385147969104492,0.973310244340308,-0.571179651076093,-0.402130593264217
0.385236136397417,0.975639971108623,-0.54896774082791,-0.426672230280755
0.385324303690343,0.977221231935855,-0.526334652929614,-0.450886579006238
0.385412470983268,0.978052800823669,-0.503297763340009,-0.474755037483667
0.385500638276194,0.97813405098566,-0.479874754048818,-0.498259296936837
0.38558880556912,0.977464908560036,-0.456083595701292,-0.521381312858749
0.385676972862045,0.976045897805834,-0.431942543572844,-0.544103354232982
0.385765140154971,0.97387809655005,-0.407470116828999,-0.566407979721047
0.385853307447896,0.970963178274968,-0.38268509214976,-0.588278086125216
0.385961711680228,0.966358545483503,-0.351811374775287,-0.6145471707082
0.386070115912559,0.960633205701706,-0.320529485681782,-0.640103720019932
0.38617852014489,0.953793808694638,-0.288875803675676,-0.664918005018965
0.386286924377221,0.945848297346493,-0.256887061116958,-0.68896123622955
0.386395328609553,0.936805881619503,-0.224600381281958,-0.712205500337518
0.386503732841884,0.926677053641116,-0.192053202966453,-0.734623850674671
0.386612137074215,0.915473553758878,-0.159283285843344,-0.756190267915513
0.386720541306546,0.903208379513457,-0.126328625345962,-0.776879754167519
0.386828945538878,0.889895748915503,-0.0932274514552808,-0.796668297460252
0.386937349771209,0.875551105311711,-0.0600181433507553,-0.815532961960969
0.38704575400354,0.860191078621868,-0.0267392253991636,-0.833451853222687
0.387154158235872,0.843833486476921,0.00657071700009446,-0.85040420347704
0.387262562468203,0.826497293559474,0.0398730434576044,-0.866370337017075
0.387330175744742,0.815197425001207,0.0606239927891527,-0.875821417790346
0.387397789021281,0.803529844721076,0.0813474195696218,-0.884877264290743
0.38746540229782,0.791499770551107,0.102034065965416,-0.893533836516508
0.387533015574359,0.779112621883032,0.122674600416022,-0.901787222299063
0.387625174867795,0.761663830582751,0.150716839809518,-0.912380670392264
0.387717334161231,0.743576550032092,0.17863282650865,-0.922209376540741
0.387777534003037,0.731423866996241,0.196789071980546,-0.928212938976805
0.387837733844844,0.719009633937427,0.214874837659463,-0.933884471596894
0.387897933686651,0.706338259448173,0.232883711545354,-0.939221970993509
0.387958133528458,0.693414276873037,0.250809239088761,-0.944223515961789
0.388030633793097,0.677520936710677,0.272277574583335,-0.949798511293987
0.388103134057737,0.66127611837233,0.293604663424471,-0.954880781796788
0.388175634322377,0.64468825026813,0.314779454328539,-0.959467704596678
0.388248134587016,0.627765948039457,0.335790937858621,-0.963556885898049
0.388320634851656,0.610517986138881,0.356628232049648,-0.967146218188522
0.388393135116295,0.59295331914136,0.377280507458837,-0.970233826600188
0.388481302438176,0.571179653536798,0.402130589734509,-0.973310243271269
0.388569469760056,0.548967735922605,0.426672234756219,-0.975639970678816
0.388657637081936,0.526334640387435,0.450886591265783,-0.977221231653222
0.388745804403816,0.50329774290726,0.474755057287978,-0.978052800195213
0.388833971725696,0.479874725489533,0.498259324028781,-0.978134049518312
0.388922139047576,0.456083558797508,0.521381346963742,-0.977464905761267
0.389010306369456,0.431942498125088,0.5441033950594,-0.97604589318448
0.389098473691336,0.407470062656388,0.566408026960691,-0.973878089617035
0.389186641013216,0.382685029090512,0.588278139453656,-0.970963168544171
0.389295045245633,0.351811310779418,0.614547222564773,-0.966358533344168
0.38940344947805,0.320529420826022,0.640103770338985,-0.960633191164987
0.389511853710466,0.288875738037677,0.664918053736623,-0.953793791774307
0.389620257942883,0.25688699477533,0.688961283283927,-0.945848278059241
0.3897286621753,0.22460031431612,0.71220554566854,-0.936805859984638
0.389837066407717,0.192053135456658,0.734623894224192,-0.926677029680827
0.389945470640133,0.159283217870462,0.756190309627529,-0.915473527497952
0.39005387487255,0.126328556991526,0.776879793987973,-0.903208350979484
0.390162279104967,0.0932273828012842,0.79666833533737,-0.889895718138629
0.390270683337383,0.0600180744796216,0.815532997845133,-0.875551072324742
0.3903790875698,0.026739156393596,0.83345188706663,-0.860191043460163
0.390487491802217,-0.0065707860571384,0.850404235235648,-0.843833449178475
0.390595896034634,-0.0398731124830668,0.866370366647873,-0.826497254164766
0.390663509244133,-0.0606240411747146,0.875821436890983,-0.815197395716239
0.390731122453632,-0.081347447346574,0.884877273634544,-0.803529826287973
0.390798735663132,-0.102034073192855,0.893533836889387,-0.791499763696542
0.390866348872631,-0.122674587180779,0.901787214498529,-0.779112627317776
0.390958508181929,-0.150716831433278,0.912380664638466,-0.761663833205193
0.391050667491226,-0.178632822953147,0.922209372572332,-0.743576549619165
0.391110867337589,-0.19678906980015,0.928212935468544,-0.731423865668376
0.391171067183951,-0.214874836843405,0.933884468498519,-0.71900963165503
0.391231267030314,-0.232883712081372,0.939221968254281,-0.706338256172862
0.391291466876676,-0.250809240963121,0.944223513530448,-0.693414272567337
0.391363967138564,-0.272277575617833,0.949798508559661,-0.677520932941775
0.391436467400453,-0.293604663627962,0.954880778796336,-0.66127611516833
0.391508967662341,-0.314779453711113,0.959467701367334,-0.644688247656172
0.391581467924229,-0.335790936431704,0.96355688247742,-0.627765946045707
0.391653968186117,-0.356628229825836,0.967146214614438,-0.610517984788608
0.391726468448006,-0.377280504452035,0.970233822910729,-0.592953318458643
0.391814635793515,-0.402130593352177,0.973310240319959,-0.571179646967802
0.391902803139025,-0.426672244828439,0.97563996806502,-0.548967723236573
0.391990970484534,-0.450886607607531,0.977221228974957,-0.526334621367411
0.392079137830044,-0.474755079699422,0.978052797050028,-0.503297717350594
0.392167305175553,-0.498259352295565,0.978134045503644,-0.479874693208038
0.392255472521063,-0.521381380857385,0.977464900475192,-0.456083519617794
0.392343639866572,-0.544103434337621,0.976045886226474,-0.431942451888825
0.392431807212081,-0.566408071367635,0.973878080588281,-0.40747000922062
0.392519974557591,-0.588278188720481,0.97096315704834,-0.382684968327853
0.392628378790087,-0.614547270492818,0.966358519657292,-0.351811249164439
0.392736783022582,-0.640103816868515,0.960633175297095,-0.320529358428529
0.392845187255078,-0.664918098809631,0.953793773737941,-0.288875674928295
0.392953591487573,-0.688961326843944,0.945848257869535,-0.256886931025547
0.393061995720069,-0.71220558766102,0.936805837659243,-0.2246002499982
0.393170399952564,-0.734623934596145,0.92667700523974,-0.192053070643555
0.39327880418506,-0.756190348327976,0.915473500963826,-0.159283152635807
0.393387208417556,-0.776879830967783,0.903208322377282,-0.126328491409448
0.393495612650051,-0.796668370549437,0.889895687495837,-0.0932273169463712
0.393604016882547,-0.815533031244254,0.875551039671171,-0.0600180084268507
0.393712421115042,-0.833451918609725,0.860191008827997,-0.0267390902182203
0.393820825347538,-0.850404264881814,0.843833412602221,0.00657085227964396
0.393929229580034,-0.866370394358329,0.82649721568118,0.0398731786771705
0.393996842723233,-0.875821454294823,0.815197367331968,0.0606240869628904
0.394064455866433,-0.884877281497738,0.803529808735432,0.0813474727623314
0.394132069009633,-0.893533835990124,0.791499757693,0.102034078297173
0.394199682152833,-0.901787205626684,0.779112633564622,0.122674572062084
0.394291841444407,-0.912380654241167,0.761663843241898,0.150716810999275
0.394384000735982,-0.922209360950238,0.74357656367977,0.178632797270515
0.394444200615006,-0.928212927500577,0.731423873452639,0.196789054048009
0.39450440049403,-0.933884463826417,0.719009632874958,0.214874830951475
0.394564600373054,-0.939221966516395,0.706338250547657,0.232883715968779
0.394624800252079,-0.944223514362029,0.693414259823506,0.250809254538535
0.394697300511455,-0.94979850892156,0.677520920548307,0.272277588373267
0.394769800770832,-0.954880778721148,0.661276103154101,0.293604675567094
0.394842301030209,-0.959467700888177,0.644688236049345,0.31477946483885
0.394914801289585,-0.963556881627644,0.627765934873568,0.335790946754106
0.394987301548962,-0.967146213427832,0.610517974077674,0.356628239350197
0.395059801808339,-0.970233821421307,0.592953308234534,0.377280513186772
0.395147969148533,-0.973310238439302,0.571179637932916,0.402130600506409
0.395236136488727,-0.975639965882585,0.548967715447899,0.426672250434713
0.395324303828922,-0.977221226580694,0.526334614878951,0.450886611701803
0.395412471169116,-0.978052794534254,0.503297712213211,0.474755082321063
0.39550063850931,-0.978134042956731,0.479874689469429,0.498259353487329
0.395588805849504,-0.977464897987691,0.456083517322449,0.521381380665248
0.395676973189699,-0.976045883888697,0.431942451077911,0.544103432810796
0.395765140529893,-0.973878078490358,0.407470009931913,0.566408068558457
0.395853307870087,-0.970963155279981,0.382684970595741,0.588278184684264
0.395961712102576,-0.966358518105216,0.351811251516213,0.614547266589021
0.396070116335065,-0.960633173960281,0.320529360857286,0.640103813102992
0.396178520567554,-0.953793772615172,0.288875677427035,0.664918095188154
0.396286924800043,-0.945848256959283,0.256886933587208,0.68896132337208
0.396395329032532,-0.936805836959705,0.224600252615629,0.712205584344063
0.396503733265022,-0.926677004748934,0.192053073309544,0.73462393143941
0.396612137497511,-0.915473500679502,0.159283155343083,0.756190345336441
0.39672054173,-0.903208322296948,0.126328494150684,0.776879828146255
0.396828945962489,-0.88989568761679,0.0932273197142043,0.796668367902556
0.396937350194978,-0.87555103999034,0.0600180112138829,0.815533028776489
0.397045754427467,-0.860191009342287,0.0267390930170239,0.833451916325276
0.397154158659956,-0.843833413308176,-0.00657084947653225,0.850404262784708
0.397262562892445,-0.826497216575135,-0.039873175877197,0.866370392452362
0.397330176036337,-0.815197368222964,-0.0606240843822877,0.875821452605268
0.397397789180229,-0.803529809614365,-0.0813474704033379,0.884877280017696
0.397465402324122,-0.791499758550854,-0.102034076161744,0.893533834712592
0.397533015468014,-0.779112634392603,-0.12267457015187,0.901787204544473
0.397625174726022,-0.761663850669059,-0.150716798920423,0.912380649589487
0.39771733398403,-0.743576578162945,-0.178632775127925,0.92220935329086
0.39777753389118,-0.73142388257062,-0.196789040466761,0.928212923037379
0.39783773379833,-0.719009636379119,-0.214874825872031,0.933884462251138
0.39789793370548,-0.706338248195428,-0.232883719322499,0.939221967517917
0.397958133612631,-0.693414251378762,-0.250809266247728,0.944223517626514
0.398030633872245,-0.677520911917192,-0.272277600101838,0.949798512019042
0.39810313413186,-0.661276094337511,-0.293604687309883,0.954880781647431
0.398175634391475,-0.644688227048357,-0.31477947659063,0.959467703638966
0.39824813465109,-0.627765925689294,-0.335790958509564,0.963556884198859
0.398320634910705,-0.61051796471139,-0.356628251103985,0.967146215815398
0.39839313517032,-0.592953298687744,-0.377280524933458,0.970233823621152
0.398481302481574,-0.57117963546026,-0.402130604049425,0.973310239509674
0.398569469792829,-0.548967720337162,-0.426672245976429,0.975639966313566
0.398657637104084,-0.526334627400896,-0.450886599463211,0.977221226864139
0.398745804415338,-0.503297732621445,-0.474755062541344,0.978052795162802
0.398833971726593,-0.4798747179998,-0.498259326423457,0.978134044423267
0.398922139037847,-0.456083554192779,-0.521381346591678,0.97746490078444
0.399010306349102,-0.431942496487656,-0.544103392018946,0.976045888506601
0.399098473660357,-0.407470064061826,-0.566408021356394,0.973878085418194
0.399186640971611,-0.38268503360752,-0.588278131396233,0.970963165003733
0.399295045204016,-0.35181131546361,-0.614547214772008,0.966358530235619
0.39940344943642,-0.320529425663614,-0.640103762822598,0.960633188486223
0.399511853668825,-0.288875743014687,-0.664918046508071,0.953793789522763
0.39962025790123,-0.256886999877649,-0.688961276354228,0.945848276231864
0.399728662133634,-0.224600319529468,-0.712205539048505,0.93680585857792
0.399837066366039,-0.192053140766625,-0.734623887924133,0.926677028690746
0.399945470598444,-0.15928322326256,-0.756190303657415,0.915473526919986
0.400053874830848,-0.126328562451106,-0.776879788357487,0.90320835080858
0.400162279063253,-0.0932273883136385,-0.796668330055766,0.889895718369367
0.400270683295658,-0.060018080029978,-0.815532992921209,0.87555107295121
0.400379087528062,-0.0267391619671213,-0.833451882508781,0.860191044475902
0.400487491760467,0.00657078047531054,-0.850404231051948,0.84383345057662
0.400595895992872,0.0398731069078248,-0.866370362845887,0.826497255938027
0.400663509203723,0.0606240360279692,-0.87582143351674,0.815197397488743
0.400731122414574,0.081347442632829,-0.88487727067473,0.803529828041903
0.400798735625425,0.102034068916036,-0.893533834330337,0.791499765414302
0.400866348836276,0.122674583344241,-0.901787212326301,0.779112628982051
0.400958508078421,0.150716807253609,-0.912380655325541,0.761663848071924
0.401050667320566,0.178632778640224,-0.922209357242528,0.743576578602317
0.401110867223215,0.196789042620479,-0.92821292653487,0.731423883914427
0.401171067125864,0.21487482667783,-0.933884465344259,0.719009638666387
0.401231267028513,0.232883718792534,-0.939221970256722,0.706338251464171
0.401291466931162,0.250809264395532,-0.944223520061576,0.693414255666023
0.401363967193538,0.27227759909227,-0.949798514757296,0.677520915664998
0.401436467455914,0.293604687134039,-0.954880784651807,0.66127609751777
0.401508967718291,0.314779477238333,-0.959467706872073,0.644688229633751
0.401581467980667,0.335790959969399,-0.963556887623008,0.627765927653623
0.401653968243043,0.356628253363214,-0.9671462193926,0.610517966029395
0.401726468505419,0.377280527978137,-0.970233827313315,0.592953299335167
0.401814635793087,0.402130600481276,-0.973310242463703,0.571179641982414
0.401902803080756,0.426672235964994,-0.975639968929541,0.548967732964485
0.401990970368424,0.450886583193164,-0.977221229543173,0.526334646349966
0.402079137656092,0.474755040212118,-0.978052798306685,0.503297758094544
0.402167304943761,0.498259298248963,-0.97813404843381,0.479874750184835
0.402255472231429,0.521381312799949,-0.977464906062804,0.456083593262834
0.402343639519098,0.544103352851866,-0.97604589545265,0.431942542600781
0.402431806806766,0.566407977069206,-0.973878094430009,0.407470117360753
0.402519974094435,0.588278082257335,-0.970963176476829,0.382685094219456
0.40262837832676,0.614547166968321,-0.966358543894277,0.351811376925959
0.402736782559085,0.640103716413719,-0.960633204320499,0.320529487906753
0.40284518679141,0.664918001551878,-0.953793807520098,0.28887580596819
0.402953591023735,0.688961232907013,-0.945848296377251,0.256887063470182
0.40306199525606,0.712205497164777,-0.936805880853781,0.224600383688982
0.403170399488386,0.734623847656693,-0.926677053076973,0.192053205420315
0.403278803720711,0.756190265057145,-0.915473553394165,0.159283288337027
0.403387207953036,0.776879751473376,-0.903208379345802,0.126328627872375
0.403495612185361,0.796668294934922,-0.889895748942237,0.0932274540073075
0.403604016417686,0.815532959608627,-0.875551105529918,0.0600181459212499
0.403712420650011,0.833451851047483,-0.860191079028431,0.0267392279809446
0.403820824882337,0.850404201482786,-0.843833487068608,-0.00657071441420958
0.403929229114662,0.866370335207525,-0.826497294332741,-0.0398730408748022
0.403996842391654,0.875821416160338,-0.815197425808096,-0.0606239903522629
0.404064455668647,0.884877262836189,-0.803529845555189,-0.0813474172809896
0.40413206894564,0.893533835233241,-0.791499771406044,-0.102034063827245
0.404199682222632,0.901787221182698,-0.779112622752447,-0.122674598430263
0.404291841482473,0.912380665705278,-0.76166383805852,-0.150716827646784
0.404384000742314,0.922209368845345,-0.743576564571402,-0.178632804273987
0.404444200612364,0.928212934490524,-0.731423876147885,-0.196789058342669
0.404504400482413,0.933884470010269,-0.719009637451676,-0.214874832558589
0.404564600352463,0.939221971994088,-0.706338257081518,-0.232883714912578
0.404624800222512,0.944223519234375,-0.693414268388371,-0.250809250846022
0.404697300487399,0.949798514399174,-0.677520928036833,-0.272277586362341
0.404769800752286,0.954880784730077,-0.66127610951012,-0.293604675219987
0.404842301017173,0.959467707353764,-0.6446882412185,-0.314779466135272
0.404914801282059,0.963556888474686,-0.627765938803487,-0.335790949671193
0.404987301546946,0.967146220580502,-0.610517976717885,-0.356628243862639
0.405059801811833,0.970233828803425,-0.5929533095367,-0.37728051926673
0.405147969104844,0.97331024434525,-0.571179650987698,-0.40213059335757
0.405236136397854,0.975639971112475,-0.548967740716223,-0.426672230396248
0.405324303690864,0.97722123193714,-0.526334652793952,-0.450886579143205
0.405412470983875,0.97805280082097,-0.50329776317968,-0.474755037641305
0.405500638276885,0.978134050977525,-0.479874753863212,-0.498259297114335
0.405588805569895,0.977464908545002,-0.456083595489811,-0.521381313055215
0.405676972862906,0.976045897782526,-0.431942543335013,-0.544103354447522
0.405765140155916,0.97387809651698,-0.40747011656434,-0.566407979952659
0.405853307448926,0.970963178230783,-0.38268509185787,-0.588278086372909
0.405961711681259,0.966358545428555,-0.351811374479072,-0.614547170949517
0.406070115913591,0.960633205636126,-0.320529485381583,-0.640103720254555
0.406178520145923,0.95379380861837,-0.288875803371816,-0.664918005246598
0.406286924378255,0.945848297259732,-0.256887060809823,-0.688961236449905
0.406395328610588,0.936805881522214,-0.224600380971866,-0.712205500550356
0.40650373284292,0.926677053533453,-0.192053202653764,-0.734623850879709
0.406612137075252,0.915473553640912,-0.15928328552842,-0.756190268112485
0.406720541307584,0.903208379385272,-0.126328625029169,-0.77687975435614
0.406828945539916,0.88989574877733,-0.0932274511369797,-0.796668297640336
0.406937349772249,0.875551105163592,-0.0600181430312984,-0.815532962132279
0.407045754004581,0.86019107846395,-0.0267392250789342,-0.833451853384974
0.407154158236913,0.843833486309369,0.00657071732072604,-0.85040420363006
0.407262562469245,0.826497293382456,0.0398730437782601,-0.86637033716072
0.407330175745457,0.815197424874046,0.0606239930091099,-0.87582141788316
0.407397789021669,0.803529844647414,0.0813474196890469,-0.88487726433647
0.40746540229788,0.791499770534468,0.102034065984612,-0.893533836519054
0.407533015574092,0.779112621926898,0.122674600335418,-0.901787222262282
0.407625174867471,0.761663830639437,0.150716839711998,-0.912380670351403
0.407717334160851,0.743576550102334,0.17863282639445,-0.922209376496765
0.407777534002803,0.731423867038401,0.196789071910678,-0.928212938949072
0.407837733844756,0.719009633950185,0.214874837633602,-0.933884471583784
0.407897933686709,0.706338259430298,0.232883711563162,-0.93922197099346
0.407958133528661,0.693414276823319,0.250809239149793,-0.944223515973112
0.408030633793299,0.677520936660429,0.272277574643358,-0.949798511303801
0.408103134057936,0.66127611832162,0.293604663483464,-0.954880781805084
0.408175634322574,0.644688250216982,0.314779454386467,-0.959467704603426
0.408248134587211,0.627765947987887,0.335790937915457,-0.963556885903348
0.408320634851849,0.610517986087036,0.356628232105391,-0.96714621819241
0.408393135116486,0.592953319089185,0.377280507513491,-0.970233826602657
0.40848130243841,0.571179653472627,0.402130589800866,-0.973310243273469
0.408569469760335,0.548967735846093,0.426672234833953,-0.975639970680027
0.408657637082259,0.52633464029817,0.450886591354508,-0.977221231652674
0.408745804404183,0.503297742804911,0.474755057387272,-0.978052800192198
0.408833971726108,0.479874725373785,0.498259324138209,-0.978134049511985
0.408922139048032,0.456083558668103,0.521381347082811,-0.977464905750905
0.409010306369956,0.431942497981739,0.54410339518766,-0.976045893169393
0.40909847369188,0.407470062498867,0.56640802709758,-0.973878089596446
0.409186641013805,0.382685028918635,0.588278139598697,-0.970963168517298
0.409295045246221,0.351811310605396,0.614547222705865,-0.966358533311251
0.409403449478637,0.320529420650083,0.640103770475974,-0.960633191126048
0.409511853711053,0.288875737860003,0.664918053869412,-0.953793791729373
0.409620257943469,0.256886994596133,0.688961283412291,-0.94584827800841
0.409728662175885,0.224600314135622,0.712205545792398,-0.936805859927991
0.409837066408301,0.192053135275035,0.734623894343412,-0.926677029618453
0.409945470640717,0.159283217687948,0.756190309741934,-0.915473527429851
0.410053874873133,0.12632855680831,0.776879794097484,-0.903208350905764
0.41016227910555,0.0932273826175789,0.796668335441854,-0.889895718059469
0.410270683337966,0.0600180742956238,0.815532997944521,-0.875551072240104
0.410379087570382,0.0267391562095194,0.833451887160741,-0.860191043370231
0.410487491802798,-0.00657078624107177,0.850404235324426,-0.84383344908335
0.410595896035214,-0.0398731126666589,0.866370366731214,-0.826497254064545
0.410663509244563,-0.0606240413119189,0.875821436950384,-0.815197395638417
0.410731122453912,-0.0813474474374546,0.884877273671689,-0.803529826234204
0.41079873566326,-0.102034073237532,0.893533836906017,-0.791499763668448
0.410866348872609,-0.122674587179441,0.901787214496474,-0.779112627317063
0.410958508181845,-0.150716831413047,0.912380664629686,-0.761663833216638
0.41105066749108,-0.178632822914213,0.922209372557856,-0.743576549643619
0.411110867337491,-0.196789069776028,0.928212935459585,-0.731423865683539
0.411171067183902,-0.214874836833968,0.933884468494559,-0.719009631660506
0.411231267030313,-0.232883712086504,0.939221968254768,-0.706338256168218
0.411291466876724,-0.250809240982706,0.944223513534885,-0.693414272552182
0.41136396713862,-0.272277575639508,0.949798508564299,-0.677520932924777
0.411436467400515,-0.293604663651686,0.95488077880107,-0.661276115149387
0.411508967662411,-0.314779453736865,0.959467701372101,-0.644688247635203
0.411581467924307,-0.335790936459419,0.963556882482102,-0.627765946022652
0.411653968186202,-0.356628229855486,0.96714621461895,-0.610517984763449
0.411726468448098,-0.377280504483556,0.970233822914901,-0.592953318431327
0.411814635793597,-0.402130593380279,0.973310240323038,-0.571179646942738
0.411902803139095,-0.426672244853233,0.975639968067126,-0.548967723213883
0.411990970484594,-0.450886607629052,0.977221228976341,-0.526334621347255
0.412079137830092,-0.474755079717746,0.978052797050822,-0.503297717333069
0.412167305175591,-0.498259352310801,0.97813404550406,-0.479874693193235
0.412255472521089,-0.521381380869611,0.977464900475443,-0.456083519605829
0.412343639866588,-0.544103434346892,0.976045886226714,-0.431942451879755
0.412431807212087,-0.566408071374124,0.973878080588699,-0.407470009214542
0.412519974557585,-0.588278188724232,0.970963157049122,-0.382684968324872
0.41262837879008,-0.614547270496388,0.966358519658141,-0.351811249161748
0.412736783022574,-0.640103816871892,0.960633175298033,-0.320529358426131
0.412845187255069,-0.664918098812871,0.953793773739058,-0.288875674926171
0.412953591487564,-0.688961326847043,0.94584825787082,-0.256886931023734
0.413061995720059,-0.712205587663959,0.936805837660678,-0.224600249996682
0.413170399952553,-0.734623934599043,0.926677005241385,-0.192053070642349
0.413278804185048,-0.756190348330761,0.915473500965668,-0.159283152634892
0.413387208417543,-0.776879830970526,0.90320832237936,-0.126328491408833
0.413495612650037,-0.796668370552082,0.889895687498123,-0.0932273169460431
0.413604016882532,-0.815533031246888,0.875551039673701,-0.0600180084268152
0.413712421115027,-0.833451918612329,0.860191008830852,-0.0267390902184714
0.413820825347521,-0.850404264884423,0.843833412605314,0.00657085227911785
0.413929229580016,-0.86637039436096,0.826497215684582,0.0398731786763744
0.41399684272325,-0.875821454302224,0.815197367329707,0.0606240869725605
0.414064455866484,-0.884877281509504,0.803529808727037,0.0813474727824663
0.414132069009718,-0.89353383600585,0.791499757678154,0.102034078327714
0.414199682152952,-0.901787205645958,0.779112633542991,0.122674572102979
0.414291841444496,-0.91238065425599,0.761663843225401,0.150716811030619
0.414384000736039,-0.92220936096121,0.743576563668876,0.178632797292361
0.414444200615035,-0.928212927508531,0.731423873447246,0.196789054061296
0.414504400494031,-0.933884463831595,0.719009632875342,0.214874830956261
0.414564600373027,-0.939221966519113,0.70633825055401,0.232883715965141
0.414624800252023,-0.94422351436262,0.693414259836109,0.250809254526549
0.414697300511387,-0.949798508921574,0.677520920563922,0.272277588357683
0.414769800770752,-0.954880778720848,0.661276103172865,0.293604675547969
0.414842301030116,-0.959467700887657,0.644688236071389,0.314779464816248
0.41491480128948,-0.963556881627113,0.627765934898998,0.335790946728105
0.414987301548844,-0.967146213427437,0.610517974106557,0.356628239320865
0.415059801808208,-0.9702338214212,0.592953308267007,0.377280513154207
0.415147969148338,-0.973310238438332,0.571179637981996,0.402130600456378
0.415236136488469,-0.975639965881873,0.548967715514174,0.426672250367694
0.415324303828599,-0.977221226581297,0.526334614962991,0.450886611618334
0.41541247116873,-0.978052794537259,0.50329771231552,0.474755082221739
0.41550063850886,-0.978134042963204,0.479874689590501,0.498259353372729
0.41558880584899,-0.977464897998772,0.45608351746275,0.521381380536014
0.415676973189121,-0.976045883905416,0.431942451237812,0.544103432667628
0.415765140529251,-0.97387807851383,0.407470010111765,0.566408068402067
0.415853307869382,-0.970963155311264,0.382684970795875,0.588278184515385
0.41596171210187,-0.96635851814381,0.351811251719179,0.614547266424627
0.416070116334359,-0.960633174006155,0.320529361062839,0.640103812943316
0.416178520566848,-0.953793772668259,0.28887567763493,0.664918095033349
0.416286924799337,-0.94584825701954,0.256886933797198,0.688961323222338
0.416395329031826,-0.936805837027052,0.224600252827494,0.712205584199607
0.416503733264315,-0.926677004823396,0.192053073523023,0.734623931300382
0.416612137496804,-0.915473500760929,0.159283155557947,0.756190345202976
0.416720541729293,-0.903208322385233,0.126328494366676,0.776879828018595
0.416828945961781,-0.889895687711911,0.093227319931082,0.796668367780792
0.41693735019427,-0.875551040092148,0.06001801143139,0.815533028660761
0.417045754426759,-0.860191009450679,0.0267390932349124,0.833451916215773
0.417154158659248,-0.843833413423006,-0.00657084925851745,0.850404262681551
0.417262562891737,-0.826497216696348,-0.0398731756593036,0.866370392355633
0.417330176035855,-0.815197368309712,-0.0606240842338172,0.875821452543539
0.417397789179973,-0.803529809664167,-0.081347470324176,0.884877279988351
0.417465402324091,-0.791499758561297,-0.102034076151683,0.893533834712994
0.417533015468209,-0.77911263436133,-0.122674570210611,0.901787204571889
0.41762517472625,-0.761663850629963,-0.150716798989042,0.912380649619003
0.417717333984291,-0.743576578115612,-0.178632775206266,0.922209353321887
0.417777533891341,-0.731423882542505,-0.196789040514789,0.928212923057282
0.417837733798392,-0.719009636371088,-0.214874825889953,0.933884462261049
0.417897933705442,-0.706338248208348,-0.232883719310566,0.939221967518886
0.417958133612493,-0.693414251413493,-0.25080926620623,0.944223517619696
0.418030633872106,-0.677520911952816,-0.272277600060229,0.949798512013052
0.41810313413172,-0.661276094374114,-0.293604687268206,0.954880781642318
0.418175634391334,-0.644688227085819,-0.314779476548899,0.959467703634765
0.418248134650947,-0.627765925727702,-0.335790958467816,0.963556884195508
0.418320634910561,-0.610517964750714,-0.356628251062242,0.967146215812935
0.418393135170175,-0.592953298727992,-0.377280524891737,0.970233823619738
0.418481302481393,-0.571179635510229,-0.402130603998104,0.973310239508303
0.418569469792612,-0.548967720397193,-0.426672245915771,0.975639966312954
0.41865763710383,-0.526334627471307,-0.450886599393536,0.977221226864861
0.418745804415049,-0.50329773270249,-0.474755062462993,0.978052795165492
0.418833971726267,-0.479874718091738,-0.498259326336799,0.978134044428551
0.418922139037486,-0.45608355429585,-0.521381346497061,0.977464900792898
0.419010306348704,-0.431942496602045,-0.544103391916801,0.976045888518851
0.419098473659923,-0.407470064187743,-0.566408021247147,0.973878085434893
0.419186640971141,-0.382685033745131,-0.588278131280284,0.97096316502539
0.419295045203544,-0.351811315603652,-0.614547214658597,0.966358530262244
0.419403449435947,-0.320529425805923,-0.640103762711882,0.960633188517795
0.419511853668349,-0.288875743159135,-0.664918046400211,0.953793789559387
0.419620257900752,-0.256887000024061,-0.688961276249402,0.945848276273468
0.419728662133155,-0.224600319677707,-0.71220553894681,0.936805858624517
0.419837066365557,-0.192053140916533,-0.734623887825735,0.926677028742269
0.41994547059796,-0.159283223413969,-0.756190303562504,0.915473526976457
0.420053874830362,-0.126328562603856,-0.776879788266169,0.903208350870012
0.420162279062765,-0.0932273884675662,-0.796668329968158,0.889895718435743
0.420270683295168,-0.0600180801849058,-0.815532992837484,0.875551073022354
0.42037908752757,-0.0267391621228886,-0.83345188242909,0.860191044551948
0.420487491759973,0.00657078031888598,-0.850404230976366,0.843833450657427
0.420595895992376,0.0398731067509151,-0.86637036277455,0.8264972560236
0.420663509203367,0.0606240359141578,-0.875821433467409,0.815197397553242
0.420731122414358,0.0813474425620549,-0.884877270645862,0.803529828083787
0.420798735625349,0.102034068888161,-0.893533834320254,0.791499765432064
0.42086634883634,0.122674583359112,-0.901787212333305,0.779112628974196
0.420958508078547,0.150716807287249,-0.9123806553389,0.761663848051625
0.421050667320754,0.178632778692456,-0.922209357261234,0.743576578568739
0.421110867223338,0.196789042652885,-0.928212926546253,0.73142388389334
0.421171067125922,0.214874826690555,-0.933884465348939,0.719009638658342
0.421231267028506,0.232883718785737,-0.939221970255507,0.706338251469728
0.42129146693109,0.250809264369402,-0.944223520055145,0.693414255685709
0.421363967193455,0.272277599063057,-0.949798514750567,0.677520915687516
0.42143646745582,0.293604687101779,-0.954880784644967,0.661276097543134
0.421508967718185,0.314779477203106,-0.959467706865194,0.64468822966206
0.42158146798055,0.335790959931252,-0.963556887616267,0.62776592768503
0.421653968242915,0.356628253322223,-0.967146219386164,0.610517966063914
0.421726468505281,0.377280527934406,-0.970233827307331,0.592953299372884
0.421814635792935,0.402130600434117,-0.973310242458503,0.571179642024317
0.42190280308059,0.426672235914552,-0.975639968925266,0.548967733010695
0.421990970368244,0.450886583139565,-0.977221229540098,0.526334646400507
0.422079137655899,0.47475504015552,-0.978052798305082,0.503297758149561
0.422167304943553,0.49825929818953,-0.978134048433914,0.479874750244368
0.422255472231208,0.521381312737826,-0.977464906064831,0.456083593327008
0.422343639518862,0.544103352787212,-0.976045895456805,0.431942542669597
0.422431806806517,0.566407977002229,-0.973878094436593,0.40747011743434
0.422519974094171,0.588278082188221,-0.970963176486051,0.382685094297812
0.422628378326497,0.614547166900967,-0.966358543906229,0.351811377005236
0.422736782558822,0.640103716348196,-0.960633204335088,0.320529487986862
0.422845186791148,0.664918001488304,-0.953793807537371,0.288875806049038
0.422953591023473,0.688961232845453,-0.945848296397162,0.256887063551704
0.423061995255799,0.712205497105235,-0.936805880876304,0.224600383771044
0.423170399488124,0.734623847599192,-0.926677053102106,0.192053205502873
0.42327880372045,0.756190265001832,-0.915473553421815,0.159283288419961
0.423387207952775,0.776879751420287,-0.9032083793759,0.126328627955614
0.423495612185101,0.796668294884074,-0.889895748974833,0.0932274540907424
0.423604016417426,0.815532959560121,-0.875551105564897,0.0600181460047718
0.423712420649752,0.833451851001305,-0.860191079065828,0.0267392280644852
0.423820824882077,0.850404201438984,-0.843833487108255,-0.00657071433073814
0.423929229114403,0.86637033516614,-0.826497294374647,-0.0398730407915133
0.423996842391456,0.875821416128735,-0.815197425841197,-0.0606239902875781
0.424064455668509,0.884877262813675,-0.803529845578779,-0.0813474172348937
0.424132068945562,0.893533835219114,-0.791499771419455,-0.102034063799674
0.424199682222615,0.901787221176216,-0.7791126227551,-0.122674598421158
0.424291841482491,0.912380665702902,-0.76166383805439,-0.150716827648516
0.424384000742368,0.922209368846448,-0.743576564560035,-0.178632804286453
0.424444200612402,0.928212934489882,-0.731423876139399,-0.19678905835051
0.424504400482437,0.933884470007952,-0.719009637446147,-0.214874832561836
0.424564600352471,0.939221971990413,-0.706338257079159,-0.232883714911248
0.424624800222505,0.944223519229382,-0.69341426838924,-0.250809250840188
0.424697300487387,0.949798514393908,-0.677520928038766,-0.27227758635517
0.42476980075227,0.954880784724619,-0.661276109513151,-0.293604675211501
0.424842301017152,0.959467707348148,-0.644688241222639,-0.314779466125507
0.424914801282034,0.963556888468968,-0.62776593880878,-0.33579094966017
0.424987301546917,0.967146220574754,-0.610517976724396,-0.356628243850369
0.425059801811799,0.970233828797702,-0.592953309544473,-0.377280519253263
0.425147969104817,0.97331024434007,-0.571179650993769,-0.40213059334629
0.425236136397834,0.975639971107685,-0.548967740720538,-0.426672230387147
0.425324303690852,0.977221231932598,-0.526334652796413,-0.450886579136216
0.42541247098387,0.978052800816581,-0.503297763180236,-0.474755037636378
0.425500638276888,0.978134050973165,-0.47987475386179,-0.498259297111398
0.425588805569906,0.977464908540529,-0.456083595486363,-0.521381313054195
0.425676972862923,0.976045897777814,-0.431942543329486,-0.544103354448355
0.425765140155941,0.973878096511923,-0.407470116556641,-0.566407979955293
0.425853307448959,0.970963178225236,-0.382685091848008,-0.588278086377241
0.42596171168129,0.966358545422723,-0.351811374469336,-0.614547170953401
0.426070115913622,0.960633205630008,-0.320529485372028,-0.640103720258015
0.426178520145953,0.953793808612037,-0.288875803362449,-0.664918005249608
0.426286924378284,0.94584829725313,-0.256887060800647,-0.688961236452513
0.426395328610615,0.936805881515455,-0.224600380962891,-0.712205500552567
0.426503732842947,0.926677053526515,-0.192053202645012,-0.734623850881494
0.426612137075278,0.915473553633766,-0.159283285519906,-0.756190268113897
0.426720541307609,0.903208379378063,-0.126328625020906,-0.776879754357151
0.426828945539941,0.889895748769947,-0.0932274511289806,-0.796668297640959
0.426937349772272,0.875551105156122,-0.0600181430235791,-0.815532962132564
0.427045754004603,0.860191078456398,-0.0267392250714969,-0.833451853384891
0.427154158236934,0.843833486301768,0.00657071732787938,-0.850404203629647
0.427262562469266,0.826497293374817,0.0398730437851295,-0.866370337159971
0.427330175745456,0.815197424869907,0.0606239930094996,-0.87582141787943
0.427397789021647,0.803529844647007,0.0813474196829757,-0.884877264329948
0.427465402297838,0.791499770537962,0.10203406597212,-0.893533836510077
0.427533015574028,0.779112621934524,0.122674600316538,-0.901787222251041
0.427625174867398,0.761663830649264,0.150716839690435,-0.912380670339726
0.427717334160769,0.743576550114463,0.178632826370252,-0.922209376484717
0.427777534002752,0.731423867044684,0.196789071895776,-0.928212938940449
0.427837733844735,0.719009633950303,0.214874837627938,-0.933884471578267
0.427897933686718,0.70633825942404,0.232883711566663,-0.93922197099071
0.427958133528701,0.693414276810384,0.250809239162375,-0.944223515972735
0.428030633793353,0.677520936644128,0.27227757466011,-0.949798511304234
0.428103134058005,0.661276118301754,0.293604663504323,-0.954880781806081
0.428175634322657,0.644688250193496,0.314779454411362,-0.959467704604815
0.428248134587309,0.627765947960626,0.335790937944329,-0.963556885904994
0.428320634851961,0.610517986055885,0.356628232138102,-0.967146218194011
0.428393135116612,0.592953319054068,0.377280507549982,-0.970233826604074
0.428481302438563,0.571179653430262,0.402130589844363,-0.973310243274602
0.428569469760514,0.548967735796242,0.426672234884212,-0.975639970680458
0.428657637082465,0.526334640240642,0.450886591411307,-0.977221231651908
0.428745804404416,0.5032977427395,0.474755057450348,-0.978052800189836
0.428833971726366,0.479874725300292,0.498259324207305,-0.97813404950761
0.428922139048317,0.456083558586344,0.521381347157651,-0.977464905743984
0.429010306370268,0.431942497891577,0.544103395267921,-0.976045893159476
0.429098473692219,0.407470062400197,0.566408027182981,-0.973878089583154
0.429186641014169,0.382685028811315,0.588278139688876,-0.970963168500182
0.429295045246586,0.351811310496607,0.614547222793743,-0.966358533290347
0.429403449479002,0.320529420539947,0.640103770561436,-0.960633191101377
0.429511853711418,0.288875737748673,0.664918053952335,-0.953793791701006
0.429620257943834,0.256886994483708,0.688961283492597,-0.945848277976308
0.42972866217625,0.224600314022216,0.712205545870004,-0.936805859892198
0.429837066408667,0.192053135160783,0.734623894418185,-0.926677029579015
0.429945470641083,0.15928321757298,0.756190309813844,-0.915473527386819
0.430053874873499,0.126328556692754,0.776879794166399,-0.903208350859137
0.430162279105915,0.0932273825015783,0.796668335507734,-0.889895718009316
0.430270683338331,0.0600180741792983,0.815532998007242,-0.875551072186482
0.430379087570748,0.0267391560930114,0.833451887220242,-0.860191043313248
0.430487491803164,-0.00657078635765666,0.85040423538064,-0.843833449022993
0.43059589603558,-0.0398731127831934,0.866370366784116,-0.826497254000886
0.430663509244816,-0.0606240413937034,0.87582143698568,-0.815197395591972
0.430731122454052,-0.081347447484559,0.884877273690756,-0.80352982620617
0.430798735663288,-0.10203407325007,0.893533836910151,-0.791499763660049
0.430866348872524,-0.122674587157557,0.901787214486992,-0.779112627329424
0.430958508181709,-0.150716831376122,0.912380664615396,-0.761663833239258
0.431050667490895,-0.178632822862428,0.922209372539578,-0.743576549677138
0.431110867337373,-0.196789069744652,0.928212935448874,-0.731423865704198
0.431171067183851,-0.214874836822856,0.933884468490572,-0.719009631667722
0.431231267030329,-0.232883712095498,0.939221968256844,-0.70633825616133
0.431291466876807,-0.250809241011595,0.94422351354228,-0.693414272530668
0.431363967138706,-0.27227757566902,0.949798508571292,-0.677520932902239
0.431436467400604,-0.293604663681785,0.954880778807644,-0.66127611512585
0.431508967662502,-0.314779453767541,0.959467701378244,-0.644688247610684
0.431581467924401,-0.335790936490628,0.963556882487744,-0.627765945997107
0.431653968186299,-0.356628229887202,0.967146214624095,-0.610517984736818
0.431726468448197,-0.377280504515761,0.97023382291944,-0.592953318403696
0.431814635793707,-0.40213059341515,0.973310240327082,-0.571179646911926
0.431902803139216,-0.426672244890638,0.975639968070491,-0.548967723179835
0.431990970484725,-0.450886607668899,0.977221228978819,-0.526334621309885
0.432079137830234,-0.47475507975994,0.978052797052259,-0.503297717292303
0.432167305175743,-0.498259352355198,0.978134045504208,-0.479874693149027
0.432255472521253,-0.521381380916113,0.977464900474194,-0.456083519558082
0.432343639866762,-0.544103434395338,0.97604588622385,-0.431942451828465
0.432431807212271,-0.566408071424401,0.973878080584036,-0.40747000915962
0.43251997455778,-0.588278188776203,0.970963157042531,-0.382684968266319
0.432628378790275,-0.614547270547219,0.966358519649495,-0.351811249102284
0.432736783022771,-0.640103816921544,0.960633175287357,-0.320529358365826
0.432845187255266,-0.664918098861229,0.953793773726378,-0.288875674865124
0.432953591487761,-0.68896132689408,0.945848257856081,-0.256886930961957
0.433061995720256,-0.712205587709613,0.936805837643877,-0.224600249934256
0.433170399952751,-0.734623934643242,0.926677005222613,-0.192053070579315
0.433278804185247,-0.756190348373498,0.915473500944885,-0.159283152571349
0.433387208417742,-0.776879831011706,0.90320832235656,-0.126328491344838
0.433495612650237,-0.796668370591688,0.889895687473405,-0.0932273168816827
0.433604016882732,-0.81553303128485,0.875551039647016,-0.0600180083621489
0.433712421115227,-0.833451918648612,0.860191008802174,-0.0267390901535632
0.433820825347723,-0.850404264918927,0.8438334125748,0.00657085234419018
0.433929229580218,-0.866370394393688,0.826497215652167,0.0398731787415397
0.433996842723401,-0.875821454326791,0.815197367304829,0.0606240870219897
0.434064455866584,-0.88487728152649,0.803529808710354,0.0813474728161671
0.434132069009767,-0.893533836015852,0.791499757670151,0.102034078345731
0.434199682152949,-0.901787205649587,0.77911263354426,0.122674572105364
0.434291841444462,-0.912380654256293,0.761663843232556,0.150716811023743
0.434384000735975,-0.922209360958619,0.743576563682337,0.178632797276311
0.434444200614992,-0.928212927508304,0.7314238734567,0.19678905405162
0.434504400494009,-0.933884463833526,0.719009632880655,0.2148748309529
0.434564600373026,-0.939221966522995,0.706338250554952,0.232883715968048
0.434624800252043,-0.944223514368173,0.693414259832498,0.250809254535679
0.434697300511428,-0.949798508928543,0.677520920555679,0.27227758837284
0.434769800770813,-0.954880778728879,0.661276103159814,0.293604675569066
0.434842301030197,-0.959467700896482,0.644688236053271,0.314779464843185
0.434914801289582,-0.963556881636447,0.627765934875688,0.335790946760767
0.434987301548966,-0.967146213437037,0.610517974077868,0.356628239359142
0.435059801808351,-0.970233821430779,0.592953308232773,0.37728051319798
0.43514796914851,-0.973310238447529,0.571179637939975,0.402130600507558
0.435236136488668,-0.975639965890229,0.548967715464191,0.426672250426038
0.435324303828827,-0.977221226588347,0.52633461490477,0.450886611683593
0.435412471168985,-0.978052794542506,0.503297712248865,0.47475508229365
0.435500638509144,-0.978134042966226,0.479874689515249,0.498259353450987
0.435588805849302,-0.977464897999028,0.45608351737865,0.52138138062037
0.435676973189461,-0.976045883902421,0.431942451144747,0.544103432757683
0.435765140529619,-0.973878078507119,0.407470010009603,0.566408068497526
0.435853307869778,-0.970963155300384,0.382684970684485,0.588278184615926
0.435961712102267,-0.966358518128856,0.351811251606312,0.614547266522551
0.436070116334755,-0.960633173987118,0.320529360948644,0.640103813038487
0.436178520567244,-0.953793772645238,0.288875677519539,0.664918095125665
0.436286924799732,-0.945848256992493,0.256886933680766,0.688961323311749
0.436395329032221,-0.93680583699609,0.224600252710151,0.712205584285932
0.436503733264709,-0.926677004788503,0.192053073404915,0.734623931383577
0.436612137497198,-0.915473500722178,0.159283155439202,0.756190345282984
0.436720541729686,-0.903208322342694,0.12632849424744,0.776879828095268
0.436828945962175,-0.889895687665557,0.0932273198114753,0.796668367854096
0.436937350194663,-0.875551040042209,0.060018011311571,0.815533028730625
0.437045754427152,-0.860191009397072,0.0267390931150091,0.833451916282097
0.43715415865964,-0.843833413365919,-0.00657084937835597,0.850404262744274
0.437262562892129,-0.826497216635783,-0.0398731757789399,0.866370392414741
0.437330176036138,-0.815197368265468,-0.0606240843199931,0.875821452585464
0.437397789180147,-0.803529809637442,-0.0813474703769361,0.884877280014356
0.437465402324157,-0.791499758553289,-0.102034076171105,0.893533834724353
0.437533015468166,-0.779112634373116,-0.122674570196844,0.901787204569941
0.437625174726211,-0.761663850641204,-0.150716798976665,0.912380649617869
0.437717333984257,-0.743576578126253,-0.178632775195295,0.922209353321534
0.437777533891322,-0.731423882550277,-0.196789040508247,0.928212923058555
0.437837733798387,-0.719009636375914,-0.21487482588782,0.933884462263747
0.437897933705452,-0.706338248210066,-0.2328837193128,0.939221967522849
0.437958133612517,-0.693414251411964,-0.25080926621278,0.944223517624748
0.438030633872125,-0.677520911952506,-0.272277600065027,0.94979851201753
0.438103134131733,-0.661276094375005,-0.293604687271258,0.954880781646269
0.438175634391341,-0.644688227087977,-0.31477947655025,0.959467703638258
0.438248134650949,-0.627765925731199,-0.335790958467488,0.963556884198708
0.438320634910557,-0.610517964755607,-0.356628251060251,0.967146215815856
0.438393135170164,-0.592953298734293,-0.377280524888126,0.970233823622412
0.438481302481384,-0.571179635516353,-0.402130603994794,0.973310239511125
0.438569469792603,-0.548967720403095,-0.426672245912753,0.975639966315883
0.438657637103823,-0.526334627477029,-0.45088659939082,0.977221226867832
0.438745804415042,-0.503297732707948,-0.474755062460572,0.978052795168525
0.438833971726262,-0.479874718096977,-0.498259326334639,0.978134044431631
0.438922139037481,-0.456083554300867,-0.521381346495192,0.977464900796033
0.439010306348701,-0.431942496606823,-0.544103391915174,0.976045888522004
0.43909847365992,-0.407470064192251,-0.566408021245769,0.973878085438039
0.43918664097114,-0.382685033749381,-0.588278131279176,0.97096316502855
0.439295045203544,-0.351811315607438,-0.614547214657877,0.966358530265325
0.439403449435948,-0.320529425809229,-0.64010376271155,0.960633188520733
0.439511853668353,-0.288875743161922,-0.664918046400238,0.953793789562168
0.439620257900757,-0.25688700002636,-0.688961276249766,0.945848276276099
0.439728662133161,-0.224600319679497,-0.712205538947498,0.936805858626962
0.439837066365566,-0.192053140917804,-0.734623887826684,0.926677028744484
0.43994547059797,-0.159283223414718,-0.756190303563725,0.915473526978434
0.440053874830374,-0.126328562604081,-0.776879788267599,0.903208350871675
0.440162279062779,-0.0932273884672721,-0.796668329969792,0.889895718437034
0.440270683295183,-0.0600180801840826,-0.815532992839276,0.875551073023326
0.440379087527587,-0.0267391621215455,-0.833451882430973,0.860191044552544
0.440487491759992,0.00657078032074012,-0.850404230978381,0.843833450657596
0.440595895992396,0.0398731067532828,-0.8663703627766,0.826497256023273
0.440663509203385,0.0606240359160717,-0.875821433469198,0.815197397553119
0.440731122414375,0.0813474425635117,-0.884877270647316,0.803529828083805
0.440798735625364,0.102034068889187,-0.893533834321408,0.791499765432199
0.440866348836354,0.122674583359674,-0.901787212334227,0.779112628974521
0.440958508078595,0.15071680729807,-0.912380655343472,0.761663848045358
0.441050667320836,0.178632778713415,-0.92220935726882,0.743576578555366
0.441110867223393,0.196789042665566,-0.928212926550767,0.731423883885178
0.441171067125949,0.214874826695025,-0.933884465350647,0.719009638655601
0.441231267028506,0.23288371878205,-0.939221970254737,0.706338251472635
0.441291466931063,0.250809264357634,-0.944223520052184,0.69341425569454
0.441363967193406,0.27227759904475,-0.949798514746154,0.677520915701416
0.441436467455748,0.293604687077044,-0.954880784639365,0.6612760975623
0.441508967718091,0.314779477172046,-0.959467706858789,0.644688229686727
0.441581467980434,0.335790959893956,-0.963556887609306,0.627765927715315
0.441653968242777,0.356628253278846,-0.967146219378972,0.610517966100145
0.44172646850512,0.377280527885057,-0.970233827300233,0.592953299415128
0.441814635792754,0.402130600379692,-0.973310242452154,0.571179642072424
0.441902803080389,0.426672235855204,-0.975639968919977,0.548967733064769
0.441990970368023,0.450886583075494,-0.977221229536294,0.526334646460761
0.442079137655657,0.474755040086934,-0.97805279830303,0.503297758216103
0.442167304943292,0.49825929811665,-0.978134048433991,0.479874750317317
0.442255472230926,0.521381312660857,-0.977464906067388,0.4560835934065
0.442343639518561,0.5441033527064,-0.976045895462161,0.431942542755758
0.442431806806195,0.566407976917836,-0.973878094445056,0.407470117527201
0.442519974093829,0.588278082100508,-0.970963176497985,0.382685094397478
0.442628378326155,0.614547166815401,-0.966358543921716,0.351811377106305
0.44273678255848,0.640103716264893,-0.960633204354134,0.320529488089194
0.442845186790805,0.664918001407356,-0.953793807559942,0.288875806152566
0.442953591023131,0.688961232766946,-0.945848296423205,0.25688706365626
0.443061995255456,0.712205497029253,-0.936805880905806,0.224600383876545
0.443170399487781,0.734623847525888,-0.92667705313508,0.192053205609175
0.443278803720107,0.756190264931209,-0.915473553458177,0.159283288526947
0.443387207952432,0.776879751352435,-0.903208379415636,0.126328628063163
0.443495612184757,0.796668294819067,-0.889895749017849,0.0932274541987555
0.443604016417083,0.815532959498067,-0.875551105611197,0.0600181461131311
0.443712420649408,0.833451850942267,-0.860191079115319,0.0267392281730475
0.443820824881733,0.850404201383024,-0.843833487160913,-0.006570714222097
0.443929229114059,0.866370335113336,-0.826497294430422,-0.0398730406829147
0.443996842391214,0.875821416091907,-0.81519742588151,-0.0606239902104416
0.444064455668369,0.884877262791662,-0.803529845602474,-0.0813474171891851
0.444132068945524,0.893533835210714,-0.791499771425442,-0.102034063785298
0.444199682222679,0.901787221180196,-0.779112622742235,-0.12267459843799
0.444291841482595,0.912380665710622,-0.761663838033695,-0.150716827676951
0.44438400074251,0.922209368857279,-0.743576564530935,-0.178632804326368
0.444444200612494,0.928212934495024,-0.731423876119945,-0.196789058375129
0.444504400482478,0.933884470008014,-0.719009637436762,-0.214874832571266
0.444564600352462,0.939221971985906,-0.706338257080286,-0.232883714905616
0.444624800222445,0.944223519220916,-0.69341426840135,-0.250809250819634
0.444697300487318,0.94979851438507,-0.677520928053376,-0.272277586331727
0.44476980075219,0.954880784715603,-0.661276109530374,-0.293604675185232
0.444842301017062,0.959467707339041,-0.644688241242614,-0.314779466096457
0.444914801281934,0.96355688845996,-0.627765938831594,-0.335790949628415
0.444987301546806,0.967146220565992,-0.610517976750063,-0.356628243815941
0.445059801811678,0.970233828789269,-0.592953309573088,-0.377280519216243
0.445147969104677,0.973310244332081,-0.571179651027804,-0.402130593304286
0.445236136397675,0.975639971100459,-0.54896774076017,-0.426672230340317
0.445324303690674,0.977221231926486,-0.526334652841818,-0.450886579084697
0.445412470983672,0.978052800811898,-0.503297763231501,-0.47475503758039
0.445500638276671,0.978134050970202,-0.479874753919062,-0.498259297051143
0.445588805569669,0.977464908539631,-0.456083595549775,-0.521381312989896
0.445676972862668,0.976045897779363,-0.431942543399133,-0.544103354380208
0.445765140155666,0.973878096516128,-0.407470116632633,-0.566407979883539
0.445853307448665,0.97096317823251,-0.382685091930406,-0.588278086302129
0.445961711680997,0.966358545433038,-0.351811374552577,-0.614547170880464
0.44607011591333,0.960633205643278,-0.320529485455973,-0.64010372018729
0.446178520145662,0.953793808628211,-0.288875803447046,-0.664918005181221
0.446286924377994,0.945848297272196,-0.256887060885741,-0.688961236386463
0.446395328610327,0.936805881537317,-0.224600381048416,-0.712205500488912
0.446503732842659,0.92667705355114,-0.192053202730829,-0.734623850820304
0.446612137074991,0.915473553661112,-0.159283285605925,-0.756190268055199
0.446720541307324,0.903208379408037,-0.126328625107012,-0.776879754301046
0.446828945539656,0.889895748802516,-0.0932274512150716,-0.796668297587485
0.446937349771989,0.875551105191246,-0.0600181431095625,-0.815532962081693
0.447045754004321,0.860191078493994,-0.0267392251572735,-0.833451853336729
0.447154158236653,0.843833486341771,0.00657071724240714,-0.850404203584214
0.447262562468986,0.826497293417196,0.0398730437000548,-0.866370337117255
0.447330175745255,0.815197424900368,0.0606239929487837,-0.875821417849142
0.447397789021525,0.803529844664657,0.0813474196465786,-0.884877264311214
0.447465402297795,0.79149977054198,0.102034065959976,-0.893533836501966
0.447533015574065,0.779112621924078,0.122674600328531,-0.901787222252583
0.447625174867429,0.761663830639628,0.150716839700709,-0.912380670340335
0.447717334160794,0.74357655010572,0.178632826378823,-0.922209376484559
0.447777534002767,0.7314238670378,0.196789071901363,-0.928212938939182
0.447837733844741,0.719009633945431,0.214874837630571,-0.93388447157601
0.447897933686714,0.706338259421201,0.232883711566345,-0.939221970987571
0.447958133528688,0.693414276809719,0.250809239159143,-0.944223515968836
0.448030633793328,0.677520936645983,0.272277574653605,-0.949798511299582
0.448103134057969,0.661276118306297,0.293604663494591,-0.954880781800864
0.44817563432261,0.644688250200782,0.314779454398478,-0.959467704599244
0.44824813458725,0.627765947970771,0.335790937928326,-0.963556885899088
0.448320634851891,0.61051798606897,0.35662823211907,-0.967146218188036
0.448393135116532,0.592953319070153,0.377280507527952,-0.970233826598129
0.448481302438459,0.571179653452603,0.402130589816067,-0.973310243268678
0.448569469760387,0.548967735825046,0.426672234849817,-0.97563997067487
0.448657637082314,0.526334640276101,0.450886591371028,-0.977221231647131
0.448745804404241,0.503297742781769,0.474755057404403,-0.978052800186169
0.448833971726169,0.479874725349572,0.498259324155897,-0.97813404950546
0.448922139048096,0.456083558642794,0.521381347101053,-0.977464905743866
0.449010306370024,0.431942497955336,0.544103395206382,-0.976045893161705
0.449098473691951,0.407470062471348,0.566408027116786,-0.973878089588109
0.449186641013878,0.38268502889001,0.588278139618286,-0.970963168508283
0.449295045246295,0.351811310576221,0.614547222725213,-0.966358533301429
0.449403449478712,0.32052942062037,0.640103770495057,-0.960633191115399
0.449511853711129,0.288875737829761,0.664918053888172,-0.953793791717946
0.449620257943546,0.256886994565412,0.688961283430716,-0.945848277996125
0.449728662175964,0.224600314104407,0.712205545810442,-0.936805859914839
0.449837066408381,0.192053135243365,0.734623894361034,-0.926677029604387
0.449945470640798,0.159283217655862,0.75619030975914,-0.915473527414987
0.450053874873215,0.126328556775814,0.776879794114171,-0.903208350889967
0.450162279105632,0.0932273825847055,0.79666833545807,-0.889895718042734
0.450270683338049,0.0600180742624079,0.815532997960141,-0.875551072222543
0.450379087570466,0.0267391561759936,0.833451887175761,-0.860191043351753
0.450487491802883,-0.00657078627490698,0.850404235338899,-0.84383344906397
0.4505958960353,-0.0398731127007532,0.86637036674502,-0.826497254044266
0.450663509244612,-0.0606240413347294,0.875821436958673,-0.81519739562391
0.450731122453924,-0.0813474474490069,0.884877273674886,-0.80352982622587
0.450798735663236,-0.102034073237866,0.893533836904572,-0.791499763666698
0.450866348872548,-0.12267458716861,0.901787214490819,-0.779112627322171
0.450958508181705,-0.150716831378479,0.91238066461584,-0.761663833237361
0.451050667490862,-0.178632822856144,0.92220937253714,-0.743576549680969
0.451110867337348,-0.196789069740762,0.928212935447348,-0.73142386570657
0.451171067183834,-0.214874836821337,0.933884468489918,-0.719009631668585
0.45123126703032,-0.232883712096338,0.939221968256949,-0.706338256160613
0.451291466876806,-0.25080924101477,0.944223513543087,-0.693414272528272
0.451363967138718,-0.272277575676312,0.94979850857312,-0.677520932896799
0.45143646740063,-0.293604663693144,0.954880778810361,-0.661276115117202
0.451508967662543,-0.31477945378289,0.959467701381585,-0.644688247598692
0.451581467924455,-0.335790936509901,0.963556882491584,-0.627765945981618
0.451653968186367,-0.356628229910319,0.967146214628139,-0.61051798471779
0.451726468448279,-0.377280504542667,0.970233822923574,-0.59295331838092
0.4518146357938,-0.402130593444983,0.973310240330882,-0.571179646885879
0.451902803139321,-0.426672244923329,0.97563996807377,-0.548967723150427
0.451990970484842,-0.450886607704326,0.977221228981336,-0.52633462127699
0.452079137830362,-0.474755079797967,0.978052797053827,-0.503297717255879
0.452167305175883,-0.498259352395709,0.978134045504705,-0.479874693108964
0.452255472521404,-0.52138138095898,0.977464900473346,-0.456083519514342
0.452343639866924,-0.544103434440475,0.976045886221482,-0.431942451780982
0.452431807212445,-0.566408071471615,0.973878080580004,-0.407470009108366
0.452519974557966,-0.588278188825363,0.970963157036616,-0.382684968211195
0.452628378790461,-0.614547270595249,0.966358519641653,-0.351811249046359
0.452736783022957,-0.640103816968373,0.960633175277563,-0.320529358309137
0.452845187255452,-0.664918098906843,0.953793773714587,-0.28887567480772
0.452953591487948,-0.688961326938419,0.945848257842367,-0.256886930903935
0.453061995720443,-0.712205587752605,0.93680583762831,-0.22460024987567
0.453170399952939,-0.734623934684865,0.926677005205147,-0.192053070520247
0.453278804185434,-0.756190348413666,0.915473500925526,-0.159283152511845
0.45338720841793,-0.776879831050382,0.903208322335363,-0.126328491284957
0.453495612650425,-0.796668370628841,0.889895687450354,-0.0932273168214906
0.45360401688292,-0.815533031320411,0.875551039622143,-0.0600180083017214
0.453712421115416,-0.833451918682554,0.860191008775543,-0.0267390900929629
0.453820825347911,-0.850404264951253,0.843833412546385,0.00657085240490714
0.453929229580407,-0.866370394424303,0.826497215622001,0.03987317880229
0.453996842723526,-0.875821454347553,0.815197367284545,0.0606240870630284
0.454064455866645,-0.884877281538114,0.803529808700607,0.0813474728375222
0.454132069009763,-0.893533836019134,0.791499757671647,0.102034078347469
0.454199682152882,-0.901787205645223,0.779112633557644,0.122674572087585
0.454291841444368,-0.912380654249443,0.761663843251666,0.150716810997825
0.454384000735854,-0.922209360949813,0.743576563707469,0.178632797242378
0.454444200614915,-0.928212927504461,0.731423873473394,0.196789054031084
0.454504400493976,-0.93388446383414,0.719009632888472,0.214874830945673
0.454564600373037,-0.939221966527522,0.70633825055355,0.232883715974022
0.454624800252098,-0.944223514376251,0.693414259821549,0.250809254554728
0.454697300511491,-0.949798508936746,0.677520920542746,0.272277588394019
0.454769800770883,-0.954880778737169,0.661276103144851,0.293604675592338
0.454842301030275,-0.95946770090475,0.644688236036253,0.314779464868513
0.454914801289667,-0.963556881644583,0.627765934856503,0.335790946788104
0.45498730154906,-0.967146213444895,0.61051797405649,0.356628239388445
0.455059801808452,-0.97023382143827,0.592953308209117,0.377280513229183
0.455147969148622,-0.973310238454611,0.571179637912843,0.402130600541796
0.455236136488793,-0.97563996589661,0.548967715433396,0.426672250463203
0.455324303828964,-0.977221226593818,0.52633461487027,0.450886611723565
0.455412471169134,-0.978052794546881,0.503297712210621,0.474755082336285
0.455500638509305,-0.978134042969278,0.479874689473136,0.498259353496193
0.455588805849475,-0.977464898000547,0.456083517332611,0.52138138066797
0.455676973189646,-0.97604588390226,0.431942451094706,0.544103432807554
0.455765140529817,-0.973878078505038,0.407470009955508,0.566408068549514
0.455853307869987,-0.970963155296227,0.382684970626311,0.588278184669911
0.455961712102475,-0.966358518122494,0.351811251547444,0.614547266575057
0.456070116334963,-0.960633173978634,0.320529360889132,0.640103813089513
0.456178520567452,-0.953793772634643,0.288875677459475,0.664918095175166
0.45628692479994,-0.945848256979832,0.256886933620215,0.688961323359614
0.456395329032428,-0.936805836981339,0.224600252649161,0.71220558433219
0.456503733264916,-0.926677004771709,0.192053073343571,0.734623931428159
0.456612137497404,-0.9154735007034,0.159283155377588,0.756190345325823
0.456720541729892,-0.903208322321984,0.126328494185618,0.776879828136339
0.45682894596238,-0.889895687642906,0.0932273197495387,0.796668367893374
0.456937350194869,-0.875551040017643,0.0600180112495858,0.81553302876807
0.457045754427357,-0.860191009370718,0.0267390930530487,0.833451916317688
0.457154158659845,-0.843833413337707,-0.00657084944022545,0.850404262777939
0.457262562892333,-0.826497216605813,-0.0398731758406366,0.866370392446444
0.457330176036287,-0.815197368243712,-0.0606240843647613,0.875821452608473
0.457397789180242,-0.803529809624518,-0.0813474704048015,0.884877280029326
0.457465402324196,-0.791499758549762,-0.102034076182124,0.89353383473191
0.45753301546815,-0.779112634379593,-0.122674570191069,0.901787204570677
0.457625174726192,-0.761663850648555,-0.150716798969783,0.912380649618331
0.457717333984234,-0.743576578134442,-0.178632775187306,0.922209353321715
0.457777533891308,-0.7314238825567,-0.196789040503079,0.928212923059744
0.457837733798383,-0.719009636380423,-0.214874825885468,0.933884462265902
0.457897933705457,-0.706338248212615,-0.232883719313219,0.939221967525867
0.457958133612531,-0.693414251412535,-0.250809266215957,0.944223517628473
0.45803063387214,-0.677520911952827,-0.272277600068389,0.94979851202123
0.458103134131748,-0.66127609437508,-0.293604687274785,0.954880781649905
0.458175634391357,-0.644688227087873,-0.314779476553938,0.959467703641782
0.458248134650966,-0.627765925730837,-0.335790958471329,0.96355688420215
0.458320634910574,-0.610517964754988,-0.356628251064226,0.967146215819225
0.458393135170183,-0.592953298733469,-0.377280524892261,0.970233823625718
0.458481302481414,-0.571179635512452,-0.4021306040022,0.973310239514616
0.458569469792645,-0.548967720395989,-0.426672245923356,0.975639966319348
0.458657637103877,-0.526334627466632,-0.450886599404526,0.977221226871152
0.458745804415108,-0.503297732694171,-0.474755062477241,0.97805279517138
0.45883397172634,-0.479874718079728,-0.498259326354197,0.97813404443391
0.458922139037571,-0.45608355428005,-0.5213813465175,0.977464900797545
0.459010306348802,-0.431942496582363,-0.544103391940123,0.976045888522496
0.459098473660034,-0.407470064164107,-0.566408021273218,0.973878085437319
0.459186640971265,-0.382685033717456,-0.588278131308976,0.970963165026419
0.459295045203669,-0.351811315575024,-0.614547214686849,0.966358530261872
0.459403449436074,-0.320529425776402,-0.640103762739632,0.960633188516023
0.459511853668478,-0.288875743128738,-0.66491804642746,0.95379378955617
0.459620257900882,-0.256886999992829,-0.688961276276009,0.945848276268851
0.459728662133286,-0.224600319645683,-0.712205538972766,0.936805858618455
0.45983706636569,-0.192053140883741,-0.734623887851012,0.926677028734736
0.459945470598095,-0.159283223380459,-0.756190303587016,0.915473526967463
0.460053874830499,-0.126328562569666,-0.776879788289802,0.903208350859481
0.460162279062903,-0.093227388432753,-0.796668329990978,0.889895718423694
0.460270683295307,-0.0600180801494933,-0.815532992859338,0.875551073008826
0.460379087527712,-0.0267391620869352,-0.833451882449957,0.86019104453685
0.460487491760116,0.00657078035533089,-0.850404230996202,0.843833450640867
0.46059589599252,0.0398731067878002,-0.86637036279328,0.826497256005438
0.460663509203491,0.0606240359447513,-0.875821433482535,0.815197397537754
0.460731122414461,0.0813474425863462,-0.884877270657563,0.80352982807119
0.460798735625432,0.102034068906165,-0.893533834328821,0.791499765422623
0.460866348836402,0.122674583370826,-0.901787212338935,0.779112628968103
0.460958508078682,0.150716807320819,-0.912380655352043,0.761663848031192
0.461050667320961,0.178632778747632,-0.92220935728059,0.743576578532963
0.461110867223475,0.196789042686621,-0.928212926557662,0.731423883871027
0.461171067125988,0.214874826702994,-0.933884465353109,0.719009638650133
0.461231267028501,0.232883718777061,-0.939221970253299,0.706338251476237
0.461291466931015,0.250809264339811,-0.944223520047292,0.693414255707467
0.461363967193353,0.272277599025731,-0.949798514741302,0.677520915715531
0.461436467455692,0.293604687056862,-0.954880784634538,0.661276097577674
0.46150896771803,0.314779477150725,-0.959467706854072,0.644688229703344
0.461581467980369,0.33579095987153,-0.963556887604805,0.627765927733248
0.461653968242707,0.356628253255347,-0.967146219374716,0.610517966119337
0.461726468505046,0.377280527860521,-0.9702338272963,0.592953299435746
0.461814635792677,0.402130600354353,-0.973310242448675,0.571179642094317
0.461902803080307,0.426672235829134,-0.97563996891712,0.548967733087977
0.461990970367938,0.450886583048747,-0.977221229534066,0.526334646485301
0.462079137655569,0.474755040059519,-0.978052798301488,0.503297758241969
0.4621673049432,0.498259298088649,-0.978134048433219,0.479874750344573
0.46225547223083,0.521381312632321,-0.977464906067438,0.456083593435111
0.462343639518461,0.544103352677358,-0.976045895463139,0.431942542785759
0.462431806806092,0.56640797688837,-0.973878094446955,0.407470117558591
0.462519974093723,0.588278082070651,-0.970963176500904,0.382685094430268
0.462628378326048,0.614547166786136,-0.966358543925764,0.351811377139579
0.462736782558373,0.640103716236297,-0.960633204359292,0.320529488122964
0.462845186790698,0.664918001379438,-0.953793807566234,0.288875806186776
0.462953591023023,0.688961232739712,-0.945848296430659,0.256887063690885
0.463061995255348,0.712205497002785,-0.936805880914361,0.224600383911546
0.463170399487673,0.734623847500174,-0.926677053144705,0.1920532056445
0.463278803719998,0.756190264906325,-0.915473553468917,0.159283288562581
0.463387207952323,0.776879751328405,-0.903208379427467,0.126328628099054
0.463495612184648,0.796668294795872,-0.889895749030798,0.0932274542348782
0.463604016416973,0.815532959475744,-0.875551105625246,0.060018146149443
0.463712420649298,0.833451850920876,-0.860191079130457,0.0267392282095168
0.463820824881623,0.850404201362581,-0.8438334871771,-0.00657071418552113
0.463929229113948,0.866370335093878,-0.826497294447623,-0.0398730406462722
0.463996842391144,0.875821416078721,-0.8151974258923,-0.0606239901864294
0.46406445566834,0.88487726278424,-0.803529845606464,-0.081347417177797
0.464132068945536,0.893533835208632,-0.791499771422152,-0.102034063786481
0.464199682222733,0.901787221182938,-0.779112622731226,-0.122674598451693
0.464291841482676,0.912380665716023,-0.761663838016891,-0.15071682769915
0.464384000742619,0.922209368864895,-0.743576564507959,-0.178632804356966
0.464444200612564,0.92821293449822,-0.73142387610459,-0.196789058393657
0.464504400482508,0.933884470007227,-0.71900963742939,-0.214874832577831
0.464564600352452,0.939221971981477,-0.706338257081203,-0.232883714900298
0.464624800222396,0.944223519213365,-0.693414268410856,-0.250809250802543
0.464697300487256,0.949798514376957,-0.677520928065953,-0.272277586311006
0.464769800752115,0.954880784707038,-0.661276109546125,-0.29360467516093
0.464842301016975,0.959467707330268,-0.644688241261633,-0.314779466068639
0.464914801281834,0.963556888451081,-0.627765938853952,-0.33579094959713
0.464987301546694,0.96714622055719,-0.610517976775924,-0.356628243781305
0.465059801811553,0.970233828780793,-0.592953309602537,-0.377280519178295
0.465147969104529,0.97331024432393,-0.571179651063541,-0.402130593260424
0.465236136397505,0.975639971093068,-0.548967740802379,-0.42667223029069
0.465324303690481,0.97722123192026,-0.526334652890702,-0.450886579029554
0.465412470983457,0.978052800807147,-0.503297763287264,-0.474755037519899
0.465500638276432,0.978134050967397,-0.479874753981838,-0.498259296985569
0.465588805569408,0.977464908539124,-0.456083595619673,-0.521381312919481
0.465676972862384,0.976045897781473,-0.431942543476276,-0.544103354305226
0.46576514015536,0.973878096521388,-0.407470116717174,-0.56640797980423
0.465853307448336,0.970963178241169,-0.382685092022419,-0.588278086218787
0.465961711680666,0.966358545445208,-0.351811374646344,-0.614547170798849
0.466070115912997,0.96063320565893,-0.320529485551417,-0.640103720107546
0.466178520145328,0.953793808647412,-0.288875803544025,-0.664918005103411
0.466286924377659,0.945848297294871,-0.256887060984175,-0.688961236310749
0.466395328609989,0.936805881563534,-0.224600381148184,-0.712205500415358
0.46650373284232,0.926677053580876,-0.192053202831857,-0.734623850749048
0.466612137074651,0.915473553694427,-0.159283285708078,-0.756190267986324
0.466720541306982,0.903208379444859,-0.126328625210182,-0.776879754234629
0.466828945539312,0.8898957488428,-0.0932274513191469,-0.796668297523663
0.466937349771643,0.87555110523496,-0.0600181432144099,-0.815532962020568
0.467045754003974,0.860191078541155,-0.0267392252627677,-0.833451853278396
0.467154158236305,0.843833486392348,0.00657071713639385,-0.850404203528737
0.467262562468636,0.826497293471127,0.039873043593636,-0.866370337064776
0.467330175745008,0.815197424938734,0.0606239928740508,-0.875821417812783
0.467397789021381,0.803529844686334,0.0813474196034748,-0.884877264289807
0.467465402297754,0.791499770545884,0.102034065948416,-0.893533836494258
0.467533015574126,0.779112621909034,0.122674600348377,-0.901787222257429
0.467625174867492,0.761663830623849,0.150716839720985,-0.912380670344831
0.467717334160859,0.743576550089186,0.178632826399473,-0.922209376488695
0.467777534002805,0.731423867026537,0.196789071913796,-0.928212938940332
0.467837733844751,0.719009633939639,0.214874837634831,-0.933884471574478
0.467897933686698,0.706338259421141,0.232883711562518,-0.939221970983628
0.467958133528644,0.693414276815554,0.250809239147284,-0.944223515962838
0.468030633793299,0.677520936648941,0.272277574645972,-0.949798511294938
0.468103134057953,0.661276118306258,0.293604663491119,-0.954880781797371
0.468175634322608,0.644688250197559,0.314779454399096,-0.959467704596661
0.468248134587263,0.627765947964262,0.335790937932997,-0.963556885897263
0.468320634851917,0.610517986059046,0.356628232127717,-0.967146218186775
0.468393135116572,0.592953319056696,0.377280507540495,-0.970233826597177
0.468481302438496,0.571179653439672,0.402130589827634,-0.973310243267297
0.468569469760421,0.548967735812705,0.426672234860445,-0.975639970673126
0.468657637082345,0.526334640264353,0.4508865913807,-0.977221231645057
0.46874580440427,0.5032977427707,0.474755057413148,-0.978052800183813
0.468833971726194,0.479874725339183,0.498259324163745,-0.978134049502929
0.468922139048118,0.456083558633097,0.521381347108001,-0.97746490574111
0.469010306370043,0.431942497946369,0.544103395212474,-0.976045893158838
0.469098473691967,0.407470062463179,0.566408027121993,-0.973878089585156
0.469186641013892,0.382685028882604,0.588278139622682,-0.970963168505323
0.469295045246308,0.351811310568898,0.61454722272943,-0.966358533298337
0.469403449478725,0.320529420613138,0.640103770499046,-0.9606331911122
0.469511853711141,0.288875737822666,0.664918053891963,-0.953793791714638
0.469620257943558,0.256886994558425,0.688961283434349,-0.945848277992769
0.469728662175974,0.224600314097539,0.71220554581387,-0.936805859911388
0.469837066408391,0.192053135236623,0.734623894364278,-0.92667702960091
0.469945470640807,0.159283217649236,0.756190309762187,-0.915473527411374
0.470053874873224,0.126328556769332,0.776879794117085,-0.903208350886399
0.470162279105641,0.0932273825783605,0.796668335460798,-0.889895718039129
0.470270683338057,0.0600180742562137,0.815532997962729,-0.87555107221889
0.470379087570474,0.0267391561699489,0.8334518871782,-0.860191043348153
0.47048749180289,-0.00657078628080585,0.850404235341157,-0.843833449060324
0.470595896035307,-0.0398731127065071,0.866370366747176,-0.826497254040619
0.470663509244597,-0.0606240413339189,0.875821436957824,-0.815197395623882
0.470731122453888,-0.0813474474416542,0.884877273671351,-0.803529826229708
0.470798735663179,-0.102034073224002,0.89353383689855,-0.791499763674554
0.47086634887247,-0.122674587148265,0.901787214482595,-0.77911262733432
0.470958508181581,-0.150716831344468,0.912380664603254,-0.761663833258789
0.471050667490693,-0.178632822808651,0.922209372520946,-0.743576549712271
0.471110867337239,-0.196789069711528,0.928212935437919,-0.731423865726353
0.471171067183785,-0.214874836810234,0.933884468486566,-0.719009631676325
0.471231267030331,-0.232883712103219,0.93922196825903,-0.706338256155804
0.471291466876877,-0.250809241039479,0.944223513549897,-0.693414272510383
0.471363967138797,-0.272277575703275,0.949798508580037,-0.677520932876765
0.471436467400718,-0.293604663722333,0.954880778817291,-0.661276115094956
0.471508967662638,-0.314779453814244,0.959467701388448,-0.644688247574159
0.471581467924558,-0.335790936543376,0.963556882498154,-0.627765945954771
0.471653968186479,-0.356628229945863,0.967146214634425,-0.610517984688514
0.471726468448399,-0.377280504580204,0.970233822929405,-0.592953318349199
0.471814635793919,-0.402130593481892,0.973310240335658,-0.571179646853772
0.471902803139439,-0.426672244959568,0.975639968077506,-0.548967723117957
0.471990970484959,-0.45088660773989,0.977221228984116,-0.526334621244204
0.472079137830479,-0.474755079832844,0.978052797055608,-0.503297717222749
0.472167305175998,-0.498259352429871,0.978134045505472,-0.479874693075585
0.472255472521518,-0.521381380992426,0.97746490047313,-0.456083519480709
0.472343639867038,-0.544103434473176,0.976045886220311,-0.431942451747127
0.472431807212558,-0.566408071503546,0.973878080577883,-0.407470009074312
0.472519974558078,-0.588278188856522,0.970963157033508,-0.382684968176994
0.472628378790574,-0.614547270625814,0.96635851963742,-0.351811249011565
0.47273678302307,-0.640103816998316,0.960633175272124,-0.320529358273814
0.472845187255566,-0.664918098936091,0.953793773707954,-0.288875674771889
0.472953591488062,-0.688961326966944,0.94584825783458,-0.256886930867607
0.473061995720558,-0.712205587780398,0.936805837619324,-0.224600249838896
0.473170399953054,-0.734623934711842,0.926677005194957,-0.192053070483088
0.47327880418555,-0.756190348439835,0.915473500914159,-0.159283152474296
0.473387208418046,-0.776879831075686,0.9032083223228,-0.126328491247094
0.473495612650542,-0.796668370653271,0.88989568743663,-0.0932273167833408
0.473604016883038,-0.815533031343905,0.875551039607278,-0.0600180082633132
0.473712421115534,-0.833451918705127,0.860191008759494,-0.0267390900543539
0.47382082534803,-0.85040426497283,0.843833412529157,0.00657085244367227
0.473929229580526,-0.866370394444877,0.826497215603684,0.0398731788411824
0.4739968427236,-0.875821454361373,0.815197367273052,0.060624087088363
0.474064455866675,-0.884877281545729,0.803529808696438,0.0813474728493284
0.47413206900975,-0.89353383602107,0.791499757675274,0.102034078345783
0.474199682152825,-0.901787205641991,0.779112633569559,0.122674572072468
0.474291841444274,-0.912380654242693,0.761663843270959,0.150716810971735
0.474384000735724,-0.922209360940108,0.743576563734669,0.178632797205427
0.47444420061483,-0.928212927499867,0.731423873491837,0.196789054008019
0.474504400493937,-0.933884463834173,0.719009632897821,0.214874830936386
0.474564600373044,-0.93922196653175,0.706338250553384,0.232883715978411
0.47462480025215,-0.944223514384054,0.693414259811415,0.250809254572654
0.474697300511549,-0.949798508944686,0.677520920530915,0.272277588413803
0.474769800770948,-0.954880778745165,0.661276103131227,0.29360467561394
0.474842301030347,-0.959467700912685,0.644688236020783,0.314779464891905
0.474914801289746,-0.963556881652395,0.627765934839188,0.335790946813246
0.474987301549145,-0.967146213452487,0.610517974037188,0.356628239415279
0.475059801808544,-0.970233821445542,0.592953308187873,0.377280513257667
0.475147969148717,-0.973310238461159,0.571179637890394,0.402130600570761
0.47523613648889,-0.975639965902394,0.548967715409795,0.426672250492603
0.475324303829064,-0.977221226598833,0.526334614845515,0.450886611753352
0.475412471169237,-0.978052794551071,0.503297712184632,0.474755082366437
0.475500638509411,-0.978134042972589,0.479874689445956,0.498259353526641
0.475588805849584,-0.977464898002923,0.45608351730426,0.5213813806987
0.475676973189757,-0.976045883903669,0.431942451065136,0.544103432838504
0.475765140529931,-0.973878078505404,0.407470009924767,0.566408068580631
0.475853307870104,-0.970963155295494,0.382684970594381,0.588278184701128
0.475961712102595,-0.966358518120471,0.351811251514385,0.614547266606089
0.476070116335085,-0.960633173975272,0.320529360854993,0.640103813120282
0.476178520567576,-0.953793772629883,0.288875677424253,0.664918095205597
0.476286924800066,-0.945848256973614,0.256886933583963,0.688961323389619
0.476395329032556,-0.936805836973658,0.224600252611921,0.712205584361726
0.476503733265047,-0.926677004762529,0.192053073305371,0.734623931457169
0.476612137497537,-0.915473500692646,0.159283155338429,0.756190345354235
0.476720541730028,-0.903208322309677,0.126328494145572,0.776879828164081
0.476828945962518,-0.889895687629014,0.0932273197086419,0.796668367920389
0.476937350195009,-0.875551040002137,0.0600180112078699,0.815533028794284
0.477045754427499,-0.860191009353589,0.0267390930105778,0.833451916343009
0.477154158659989,-0.843833413318949,-0.00657084948340383,0.850404262802349
0.47726256289248,-0.82649721658537,-0.0398731758844783,0.866370392469851
0.477330176036393,-0.815197368229414,-0.0606240843960715,0.875821452625448
0.477397789180307,-0.803529809616742,-0.0813474704236038,0.884877280040377
0.477465402324221,-0.791499758548977,-0.102034076188449,0.893533834737432
0.477533015468134,-0.779112634386276,-0.122674570184977,0.901787204571258
0.477625174726186,-0.761663850653318,-0.150716798966825,0.912380649620166
0.477717333984238,-0.743576578137248,-0.178632775187462,0.922209353324671
0.477777533891313,-0.731423882559494,-0.196789040503182,0.92821292306266
0.477837733798387,-0.719009636383257,-0.214874825885514,0.933884462268766
0.477897933705461,-0.706338248215477,-0.232883719313219,0.939221967528691
0.477958133612535,-0.693414251415365,-0.250809266215908,0.944223517631263
0.47803063387213,-0.677520911958833,-0.272277600064115,0.949798512022944
0.478103134131724,-0.661276094384355,-0.293604687266349,0.954880781650708
0.478175634391318,-0.644688227100548,-0.314779476541383,0.959467703641927
0.478248134650912,-0.627765925747056,-0.335790958454762,0.963556884201827
0.478320634910507,-0.610517964774871,-0.356628251043726,0.967146215818608
0.478393135170101,-0.592953298757153,-0.377280524867867,0.970233823624994
0.478481302481322,-0.571179635539003,-0.402130603975324,0.973310239514307
0.478569469792544,-0.548967720425513,-0.426672245894087,0.975639966319602
0.478657637103765,-0.526334627499212,-0.450886599372914,0.97722122687209
0.478745804414987,-0.503297732729853,-0.474755062443447,0.978052795173289
0.478833971726208,-0.479874718118575,-0.498259326318294,0.978134044436836
0.47892213903743,-0.456083554322101,-0.521381346479635,0.977464900801727
0.479010306348651,-0.431942496627684,-0.544103391900346,0.976045888528043
0.479098473659873,-0.407470064212741,-0.566408021231698,0.97387808544441
0.479186640971095,-0.382685033769447,-0.588278131265838,0.970963165035261
0.479295045203499,-0.35181131562768,-0.614547214644829,0.966358530272499
0.479403449435903,-0.320529425829615,-0.640103762698816,0.960633188528416
0.479511853668308,-0.28887574318247,-0.664918046387844,0.953793789570313
0.479620257900712,-0.256887000047027,-0.688961276237644,0.945848276284665
0.479728662133116,-0.224600319700291,-0.712205538935716,0.936805858636001
0.47983706636552,-0.192053140938679,-0.734623887815307,0.926677028753957
0.479945470597925,-0.159283223435679,-0.756190303552663,0.915473526988354
0.480053874830329,-0.126328562625126,-0.776879788256913,0.903208350882029
0.480162279062733,-0.0932273884883572,-0.796668329959507,0.88989571844782
0.480270683295138,-0.0600180802052125,-0.815532992829343,0.875551073034536
0.480379087527542,-0.0267391621426917,-0.833451882421509,0.860191044564161
0.480487491759946,0.00657078029958711,-0.850404230969262,0.84383345066968
0.480595895992351,0.0398731067321464,-0.866370362767906,0.82649725603576
0.480663509203384,0.0606240359082506,-0.87582143346667,0.815197397558439
0.480731122414417,0.0813474425689532,-0.88487727065051,0.803529828081544
0.480798735625449,0.102034068907857,-0.8935338343298,0.791499765421915
0.480866348836482,0.122674583391495,-0.901787212347232,0.779112628955725
0.48095850807881,0.150716807356156,-0.912380655365076,0.761663848008895
0.481050667321138,0.178632778797476,-0.922209357297547,0.743576578500043
0.481110867223589,0.196789042717302,-0.928212926567534,0.731423883850189
0.481171067126039,0.214874826714645,-0.933884465356625,0.719009638641942
0.48123126702849,0.232883718769816,-0.939221970251065,0.706338251481212
0.48129146693094,0.250809264313855,-0.944223520040046,0.693414255726168
0.481363967193272,0.272277598997972,-0.949798514734101,0.67752091573607
0.481436467455604,0.293604687027329,-0.954880784627495,0.661276097600101
0.481508967717936,0.314779477119459,-0.959467706847236,0.644688229727753
0.481581467980268,0.335790959838594,-0.96355688759829,0.627765927759631
0.481653968242599,0.356628253220776,-0.967146219368583,0.610517966147784
0.481726468504931,0.377280527824347,-0.970233827290642,0.592953299466242
0.481814635792567,0.402130600319987,-0.973310242444146,0.571179642124123
0.481902803080203,0.426672235796554,-0.975639968913605,0.548967733117043
0.481990970367839,0.45088658301792,-0.977221229531493,0.526334646513549
0.482079137655474,0.474755040030475,-0.978052798299851,0.50329775826933
0.48216730494311,0.498259298061299,-0.978134048432338,0.479874750370982
0.482255472230746,0.52138131260671,-0.977464906067254,0.456083593460497
0.482343639518382,0.544103352653422,-0.976045895463551,0.431942542810077
0.482431806806018,0.566407976866084,-0.973878094447892,0.407470117581801
0.482519974093653,0.588278082049968,-0.970963176502288,0.382685094452296
0.482628378325979,0.614547166766011,-0.966358543927836,0.351811377161779
0.482736782558304,0.640103716216708,-0.960633204362023,0.320529488145297
0.48284518679063,0.664918001360428,-0.953793807569627,0.288875806209204
0.482953591022955,0.688961232721269,-0.945848296434706,0.256887063713413
0.48306199525528,0.712205496984896,-0.936805880919075,0.224600383934138
0.483170399487606,0.734623847482898,-0.926677053150054,0.192053205667128
0.483278803719931,0.756190264889632,-0.915473553474904,0.15928328858522
0.483387207952256,0.77687975131234,-0.903208379434037,0.126328628121689
0.483495612184582,0.796668294780455,-0.889895749037936,0.0932274542574622
0.483604016416907,0.815532959460943,-0.875551105632936,0.0600181461719644
0.483712420649233,0.833451850906712,-0.860191079138683,0.0267392282319433
0.483820824881558,0.850404201349073,-0.843833487185884,-0.00657071416319858
0.483929229113883,0.866370335080969,-0.826497294456911,-0.0398730406240845
0.483996842391112,0.875821416070594,-0.815197425896545,-0.060623990174085
0.48406445566834,0.88487726278048,-0.803529845605284,-0.0813474171752461
0.484132068945568,0.893533835208857,-0.791499771415155,-0.102034063793708
0.484199682222796,0.901787221186819,-0.77911262271816,-0.122674598468644
0.484291841482776,0.912380665723338,-0.761663837996437,-0.150716827726937
0.484384000742755,0.922209368875063,-0.743576564479636,-0.178632804395471
0.484444200612651,0.928212934502961,-0.731423876085476,-0.196789058417479
0.484504400482547,0.933884470007058,-0.719009637420003,-0.214874832587055
0.484564600352443,0.939221971976962,-0.706338257081902,-0.232883714895074
0.484624800222339,0.944223519205023,-0.693414268422079,-0.250809250782987
0.484697300487203,0.94979851436932,-0.677520928076485,-0.272277586292866
0.484769800752067,0.954880784700074,-0.661276109555888,-0.293604675144188
0.484842301016931,0.959467707323854,-0.644688241270594,-0.314779466053299
0.484914801281795,0.963556888445236,-0.627765938862059,-0.335790949583182
0.484987301546659,0.967146220551843,-0.610517976783127,-0.356628243768725
0.485059801811523,0.970233828775854,-0.592953309608782,-0.377280519167076
0.485147969104512,0.973310244319686,-0.571179651066608,-0.402130593253073
0.485236136397501,0.975639971089234,-0.548967740802115,-0.426672230287134
0.485324303690491,0.977221231916644,-0.526334652886977,-0.450886579029679
0.48541247098348,0.97805280080353,-0.503297763279916,-0.474755037523617
0.485500638276469,0.978134050963529,-0.479874753970781,-0.498259296992737
0.485588805569458,0.977464908534779,-0.456083595604808,-0.521381312929996
0.485676972862448,0.97604589777645,-0.431942543457519,-0.544103354318951
0.485765140155437,0.973878096515447,-0.407470116694405,-0.56640797982105
0.485853307448426,0.970963178234048,-0.382685091995569,-0.588278086238497
0.485961711680757,0.966358545437123,-0.351811374619164,-0.61454717081795
0.486070115913087,0.960633205649938,-0.320529485523934,-0.640103720126003
0.486178520145418,0.953793808637474,-0.288875803516286,-0.664918005121196
0.486286924377749,0.945848297284075,-0.256887060956212,-0.688961236327864
0.486395328610079,0.936805881551812,-0.224600381120025,-0.712205500431808
0.48650373284241,0.926677053568248,-0.19205320280351,-0.734623850764747
0.486612137074741,0.915473553680898,-0.159283285679602,-0.756190268001311
0.486720541307071,0.903208379430485,-0.126328625181601,-0.77687975424887
0.486828945539402,0.889895748827617,-0.0932274512904848,-0.79666829753711
0.486937349771733,0.875551105218931,-0.0600181431857219,-0.815532962033214
0.487045754004063,0.860191078524299,-0.0267392252340657,-0.833451853290236
0.487154158236394,0.843833486374738,0.00657071716505388,-0.850404203539775
0.487262562468725,0.826497293452708,0.0398730436222522,-0.866370337074965
0.487330175745069,0.815197424924624,0.0606239928939786,-0.875821417818585
0.487397789021414,0.803529844676854,0.0813474196147198,-0.88487726429158
0.487465402297758,0.791499770541293,0.102034065950995,-0.893533836492271
0.487533015574102,0.779112621909706,0.122674600342347,-0.90178722225206
0.487625174867461,0.761663830626205,0.150716839712533,-0.912380670338761
0.487717334160819,0.743576550093383,0.178632826388669,-0.922209376482066
0.487777534002778,0.731423867028252,0.196789071906915,-0.928212938935188
0.487837733844737,0.71900963393878,0.214874837631859,-0.93388447157065
0.487897933686697,0.706338259417574,0.232883711563419,-0.93922197098104
0.487958133528656,0.6934142768092,0.250809239152041,-0.944223515961255
0.488030633793314,0.677520936641883,0.272277574651599,-0.949798511293461
0.488103134057971,0.661276118298382,0.293604663497602,-0.954880781796017
0.488175634322629,0.644688250188932,0.314779454406445,-0.959467704595373
0.488248134587287,0.627765947954813,0.335790937941159,-0.963556885895972
0.488320634851944,0.610517986048763,0.356628232136687,-0.967146218185463
0.488393135116602,0.592953319045566,0.377280507550265,-0.970233826595809
0.48848130243852,0.571179653430131,0.402130589835334,-0.973310243265474
0.488569469760437,0.548967735804821,0.426672234866144,-0.97563997067095
0.488657637082354,0.526334640258193,0.450886591384416,-0.977221231642616
0.488745804404272,0.503297742766344,0.474755057414958,-0.978052800181279
0.488833971726189,0.479874725336694,0.498259324163691,-0.978134049500366
0.488922139048107,0.456083558632537,0.52138134710615,-0.977464905738668
0.489010306370024,0.431942497947788,0.544103395208894,-0.976045893156673
0.489098473691941,0.407470062466593,0.566408027116774,-0.973878089583351
0.489186641013859,0.382685028888105,0.588278139615896,-0.970963168503964
0.489295045246275,0.351811310574669,0.614547222722686,-0.966358533297377
0.489403449478691,0.320529420619206,0.640103770492422,-0.960633191111609
0.489511853711107,0.288875737829004,0.664918053885449,-0.953793791714434
0.489620257943523,0.256886994565034,0.688961283427921,-0.945848277992957
0.489728662175939,0.2246003141044,0.712205545807617,-0.936805859912003
0.489837066408355,0.192053135243728,0.734623894358179,-0.926677029601894
0.489945470640771,0.15928321765657,0.756190309756273,-0.915473527412822
0.490053874873187,0.126328556776897,0.77687979411135,-0.903208350888239
0.490162279105603,0.0932273825861315,0.796668335455316,-0.889895718041436
0.490270683338019,0.0600180742641907,0.815532997957442,-0.875551072221644
0.490379087570435,0.0267391561781085,0.833451887173174,-0.860191043351265
0.490487491802851,-0.00657078627246026,0.850404235336384,-0.843833449063906
0.490595896035267,-0.0398731126980043,0.866370366742695,-0.826497254044671
0.490663509244558,-0.0606240413255796,0.875821436953663,-0.815197395628093
0.490731122453849,-0.0813474474334986,0.88487727366747,-0.803529826233997
0.49079873566314,-0.102034073216031,0.893533836895013,-0.791499763678946
0.490866348872432,-0.122674587140477,0.901787214479292,-0.779112627338829
0.490958508181497,-0.150716831322674,0.912380664595144,-0.761663833272465
0.491050667490562,-0.178632822772995,0.922209372508823,-0.743576549735834
0.491110867337153,-0.196789069689555,0.928212935430851,-0.731423865741293
0.491171067183744,-0.214874836801869,0.933884468484135,-0.719009631682221
0.491231267030335,-0.232883712108341,0.93922196826068,-0.706338256152301
0.491291466876926,-0.250809241057974,0.944223513555105,-0.693414272497118
0.491363967138853,-0.272277575723585,0.949798508585442,-0.677520932861836
0.49143646740078,-0.29360466374442,0.954880778822705,-0.661276115078272
0.491508967662707,-0.314779453838063,0.959467701393797,-0.644688247555738
0.491581467924634,-0.335790936568892,0.963556882503432,-0.627765945934542
0.49165396818656,-0.356628229973047,0.967146214639417,-0.610517984666366
0.491726468448487,-0.377280504608981,0.970233822934132,-0.592953318325147
0.491814635793994,-0.402130593506815,0.973310240339234,-0.571179646832426
0.491902803139501,-0.426672244980708,0.975639968080172,-0.548967723099434
0.491990970485009,-0.450886607757324,0.977221228986048,-0.526334621228686
0.492079137830516,-0.474755079846674,0.978052797057067,-0.503297717210388
0.492167305176023,-0.498259352440195,0.978134045506659,-0.479874693066439
0.49225547252153,-0.521381380999311,0.977464900474264,-0.456083519474936
0.492343639867037,-0.54410343447676,0.976045886221615,-0.431942451744801
0.492431807212544,-0.566408071503961,0.973878080579533,-0.407470009075566
0.492519974558052,-0.588278188853893,0.970963157035779,-0.382684968181878
0.492628378790547,-0.614547270623177,0.966358519639938,-0.351811249016742
0.492736783023042,-0.640103816995694,0.960633175274993,-0.32052935827928
0.492845187255537,-0.664918098933549,0.953793773711194,-0.288875674777625
0.492953591488033,-0.688961326964481,0.945848257838156,-0.256886930873643
0.493061995720528,-0.712205587778007,0.936805837623188,-0.224600249845193
0.493170399953023,-0.734623934709574,0.926677005199179,-0.192053070489631
0.493278804185519,-0.756190348437654,0.915473500918803,-0.159283152481108
0.493387208418014,-0.776879831073639,0.903208322327811,-0.12632849125414
0.493495612650509,-0.796668370651372,0.889895687442028,-0.0932273167906266
0.493604016883005,-0.815533031342192,0.875551039613054,-0.060018008270833
0.4937124211155,-0.833451918703575,0.860191008765707,-0.0267390900620905
0.493820825347995,-0.85040426497151,0.843833412535768,0.00657085243572563
0.493929229580491,-0.866370394443728,0.826497215610719,0.0398731788330413
0.493996842723566,-0.875821454360527,0.815197367280139,0.0606240870803986
0.494064455866641,-0.884877281545179,0.803529808703646,0.0813474728415551
0.494132069009717,-0.893533836020794,0.79149975768258,0.102034078338197
0.494199682152792,-0.901787205641984,0.779112633576919,0.122674572065073
0.494291841444211,-0.912380654239553,0.761663843284446,0.150716810955127
0.49438400073563,-0.922209360934343,0.743576563754664,0.17863279717971
0.49444420061477,-0.928212927497825,0.731423873505525,0.196789053992343
0.494504400493909,-0.933884463835531,0.719009632904861,0.214874830930694
0.494564600373049,-0.939221966536104,0.706338250553494,0.232883715982614
0.494624800252189,-0.944223514390991,0.693414259804355,0.250809254586671
0.494697300511584,-0.949798508951125,0.677520920524529,0.272277588426589
0.494769800770979,-0.954880778751064,0.661276103125547,0.293604675625518
0.494842301030374,-0.959467700918167,0.644688236015878,0.314779464902287
0.494914801289769,-0.963556881657485,0.627765934835047,0.335790946822438
0.494987301549164,-0.967146213457211,0.610517974033931,0.356628239423302
0.495059801808559,-0.970233821449985,0.592953308185469,0.377280513264538
0.495147969148721,-0.97331023846513,0.571179637890733,0.402130600574423
0.495236136488883,-0.975639965906112,0.548967715412947,0.426672250493155
0.495324303829045,-0.9772212266025,0.526334614851602,0.450886611750897
0.495412471169207,-0.978052794554813,0.503297712193764,0.474755082361039
0.49550063850937,-0.978134042976563,0.479874689458204,0.498259353518404
0.495588805849532,-0.977464898007445,0.456083517319707,0.521381380687716
0.495676973189694,-0.976045883908782,0.4319424510839,0.544103432824905
0.495765140529856,-0.97387807851142,0.407470009946903,0.566408068564528
0.495853307870018,-0.970963155302584,0.382684970619928,0.588278184682647
0.495961712102508,-0.966358518128513,0.35181125154068,0.614547266587836
0.496070116334997,-0.960633173984283,0.320529360881995,0.640103813102272
0.496178520567486,-0.953793772639857,0.288875677451964,0.664918095187912
0.496286924799975,-0.945848256984621,0.256886933612346,0.688961323372276
0.496395329032464,-0.936805836985727,0.224600252640937,0.712205584344782
0.496503733264953,-0.926677004775672,0.192053073335012,0.734623931440682
0.496612137497442,-0.915473500706905,0.15928315536868,0.756190345338218
0.496720541729931,-0.903208322324971,0.126328494176386,0.776879828148608
0.49682894596242,-0.889895687645456,0.0932273197399925,0.796668367905477
0.496937350194909,-0.875551040019693,0.0600180112397262,0.815533028779951
0.497045754427398,-0.860191009372245,0.0267390930429011,0.833451916329347
0.497154158659887,-0.843833413338727,-0.00657084945065225,0.850404262789393
0.497262562892376,-0.826497216606325,-0.0398731758513236,0.866370392457673
0.497330176036322,-0.815197368245359,-0.0606240843729952,0.875821452618351
0.497397789180269,-0.803529809627347,-0.0813474704105865,0.884877280037958
0.497465402324215,-0.791499758553878,-0.102034076185472,0.893533834739362
0.497533015468161,-0.779112634385116,-0.122674570191989,0.901787204577086
0.49762517472623,-0.761663850648866,-0.15071679897872,0.912380649627583
0.497717333984298,-0.743576578129234,-0.178632775204185,0.922209353333388
0.497777533891351,-0.731423882555429,-0.196789040513656,0.92821292306909
0.497837733798405,-0.719009636383278,-0.214874825889769,0.933884462273057
0.497897933705459,-0.706338248219823,-0.232883719311305,0.939221967531142
0.497958133612512,-0.693414251424197,-0.250809266207876,0.944223517632075
0.498030633872112,-0.677520911966606,-0.272277600057636,0.94979851202426
0.498103134131711,-0.661276094391092,-0.293604687261429,0.954880781652524
0.498175634391311,-0.644688227106154,-0.314779476538001,0.959467703644143
0.49824813465091,-0.627765925751462,-0.335790958452877,0.963556884204322
0.49832063491051,-0.610517964778081,-0.356628251043299,0.967146215821356
0.498393135170109,-0.592953298759022,-0.377280524868909,0.970233823627934
0.498481302481356,-0.571179635534364,-0.402130603983608,0.973310239517957
0.498569469792604,-0.548967720414126,-0.426672245909415,0.975639966323542
0.498657637103851,-0.526334627480819,-0.45088659939508,0.977221226875882
0.498745804415099,-0.503297732704274,-0.47475506247224,0.978052795176482
0.498833971726346,-0.479874718085557,-0.498259326353465,0.978134044439017
0.498922139037594,-0.45608355428149,-0.521381346520895,0.977464900802411
0.499010306348841,-0.431942496579299,-0.544103391947523,0.976045888526815
0.499098473660089,-0.407470064156402,-0.566408021284453,0.973878085440829
0.499186640971336,-0.382685033705045,-0.588278131323857,0.970963165028917
0.499295045203741,-0.351811315562245,-0.614547214701356,0.966358530263601
0.499403449436145,-0.320529425763283,-0.640103762753754,0.960633188517004
0.49951185366855,-0.288875743115291,-0.664918046441096,0.953793789556394
0.499620257900954,-0.256886999979073,-0.688961276289268,0.945848276268316
0.499728662133359,-0.22460031963163,-0.712205538985536,0.936805858617157
0.499837066365763,-0.192053140869429,-0.734623887863283,0.926677028732689
0.499945470598168,-0.159283223365924,-0.756190303598769,0.915473526964705
0.500053874830572,-0.126328562554923,-0.776879788301058,0.903208350855943
0.500162279062977,-0.0932273884178302,-0.796668330001589,0.889895718419422
0.500270683295381,-0.0600180801344092,-0.815532992869422,0.875551073003807
0.500379087527786,-0.0267391620717122,-0.833451882459438,0.860191044531095
0.50048749176019,0.00657078037065935,-0.850404231005048,0.843833450634369
0.500595895992595,0.0398731068032159,-0.866370362801463,0.826497255998267
0.500663509203564,0.0606240359597274,-0.875821433490128,0.815197397530398
0.500731122414534,0.081347442600892,-0.88487727066456,0.803529828063646
0.500798735625503,0.102034068920273,-0.893533834335172,0.791499765414907
0.500866348836472,0.122674583384474,-0.901787212344728,0.779112628960239
0.500958508078817,0.150716807354337,-0.912380655364535,0.761663848010194
0.501050667321162,0.178632778800812,-0.922209357298737,0.743576578497876
0.501110867223608,0.196789042719178,-0.928212926568108,0.731423883848889
0.501171067126054,0.214874826715083,-0.933884465356649,0.719009638641552
0.501231267028499,0.232883718768832,-0.939221970250623,0.706338251481769
0.501291466930945,0.25080926431144,-0.944223520039164,0.693414255727713
0.501363967193273,0.272277598994262,-0.949798514732835,0.677520915738549
0.5014364674556,0.293604687022335,-0.954880784625939,0.661276097603566
0.501508967717928,0.314779477113195,-0.959467706845437,0.644688229732229
0.501581467980255,0.335790959831073,-0.963556887596286,0.627765927765202
0.501653968242583,0.356628253212035,-0.967146219366487,0.610517966154458
0.50172646850491,0.377280527814415,-0.970233827288483,0.592953299474066
0.501814635792579,0.402130600319428,-0.9733102424432,0.571179642123784
0.501902803080248,0.426672235805148,-0.975639968913348,0.548967733108158
0.501990970367917,0.450886583035422,-0.977221229531258,0.526334646495836
0.502079137655586,0.474755040056575,-0.97805279829914,0.503297758242523
0.502167304943255,0.498259298095732,-0.978134048430556,0.479874750334794
0.502255472230924,0.521381312649123,-0.977464906063814,0.456083593414693
0.502343639518593,0.544103352703506,-0.976045895457937,0.431942542754413
0.502431806806262,0.566407976923456,-0.973878094439543,0.40747011751607
0.502519974093931,0.588278082114273,-0.970963176490598,0.382685094376321
0.502628378326257,0.614547166828646,-0.966358543913262,0.351811377084571
0.502736782558583,0.640103716277577,-0.960633204344567,0.320529488066977
0.502845186790909,0.664918001419431,-0.953793807549282,0.288875806129837
0.502953591023235,0.688961232778382,-0.945848296411453,0.256887063633064
0.503061995255561,0.712205497040005,-0.936805880892979,0.22460038385294
0.503170399487886,0.734623847535948,-0.926677053121124,0.192053205585158
0.503278803720212,0.756190264940531,-0.915473553443136,0.159283288502591
0.503387207952538,0.776879751361,-0.903208379399484,0.126328628038469
0.503495612184864,0.796668294826864,-0.889895749000653,0.0932274541737871
0.50360401641719,0.815532959504997,-0.875551105592928,0.0600181460879116
0.503712420649516,0.83345185094833,-0.860191079095992,0.0267392281476316
0.503820824881841,0.850404201388213,-0.843833487140521,-0.00657071424769719
0.503929229114167,0.866370335117591,-0.826497294408959,-0.0398730407086346
0.503996842391314,0.875821416094382,-0.815197425860858,-0.0606239902335721
0.504064455668461,0.884877262792431,-0.803529845582742,-0.0813474172097057
0.504132068945608,0.893533835209914,-0.791499771406673,-0.102034063803223
0.504199682222755,0.901787221177934,-0.77911262272463,-0.122674598453299
0.504291841482747,0.912380665716263,-0.761663838000648,-0.15071682771565
0.50438400074274,0.922209368869584,-0.74357656448141,-0.178632804388193
0.504444200612645,0.92821293449844,-0.731423876085452,-0.196789058412979
0.50450440048255,0.93388447000337,-0.719009637418054,-0.214874832585306
0.504564600352455,0.939221971974069,-0.706338257078059,-0.232883714896045
0.50462480022236,0.944223519202813,-0.693414268416177,-0.250809250786649
0.504697300487211,0.949798514365976,-0.677520928073404,-0.272277586292601
0.504769800752062,0.95488078469577,-0.661276109555738,-0.293604675140045
0.504842301016913,0.959467707318839,-0.6446882412735,-0.314779466045318
0.504914801281763,0.96355688843963,-0.627765938868202,-0.33579094957143
0.504987301546614,0.967146220545863,-0.610517976792595,-0.356628243753277
0.505059801811465,0.97023382876965,-0.592953309621655,-0.377280519147997
0.505147969104464,0.973310244314253,-0.5711796510772,-0.40213059323705
0.505236136397464,0.975639971084481,-0.548967740810352,-0.426672230274135
0.505324303690463,0.977221231912325,-0.526334652892687,-0.450886579019635
0.505412470983463,0.97805280079953,-0.503297763283078,-0.474755037516433
0.505500638276462,0.978134050959609,-0.479874753971233,-0.498259296988382
0.505588805569462,0.977464908530807,-0.456083595602515,-0.521381312928301
0.505676972862461,0.97604589777223,-0.431942543452365,-0.544103354319852
0.505765140155461,0.973878096510775,-0.407470116686314,-0.566407979824455
0.505853307448461,0.970963178228816,-0.382685091984488,-0.588278086244327
0.505961711680793,0.966358545431458,-0.3518113746076,-0.614547170823874
0.506070115913124,0.960633205643825,-0.320529485511879,-0.640103720131995
0.506178520145456,0.953793808630926,-0.288875803503737,-0.664918005127195
0.506286924377788,0.945848297277006,-0.256887060943173,-0.688961236333847
0.50639532861012,0.936805881544282,-0.224600381106503,-0.712205500437732
0.506503732842452,0.926677053560164,-0.192053202789537,-0.734623850770604
0.506612137074784,0.91547355367223,-0.159283285665154,-0.756190268007094
0.506720541307116,0.903208379421259,-0.126328625166701,-0.776879754254556
0.506828945539448,0.889895748817782,-0.093227451275145,-0.796668297542636
0.50693734977178,0.875551105208531,-0.0600181431699451,-0.815532962038568
0.507045754004112,0.860191078513262,-0.0267392252178682,-0.833451853295388
0.507154158236444,0.843833486363023,0.00657071718164327,-0.850404203544626
0.507262562468776,0.826497293440363,0.0398730436392221,-0.866370337079584
0.507330175745102,0.815197424915096,0.0606239929053432,-0.87582141782041
0.507397789021428,0.80352984467028,0.0813474196205135,-0.884877264290819
0.507465402297754,0.79149977053794,0.102034065951222,-0.893533836489205
0.507533015574081,0.779112621909756,0.122674600337028,-0.901787222246783
0.507625174867415,0.761663830631059,0.150716839699975,-0.91238067033104
0.507717334160749,0.74357655010332,0.178632826368944,-0.922209376472265
0.507777534002734,0.731423867033278,0.196789071894958,-0.928212938928212
0.507837733844719,0.719009633938659,0.214874837627622,-0.933884471566272
0.507897933686704,0.706338259412102,0.232883711566837,-0.939221970978958
0.507958133528688,0.693414276798186,0.250809239163023,-0.944223515961171
0.508030633793337,0.67752093663281,0.272277574659735,-0.949798511292487
0.508103134057985,0.661276118291333,0.293604663502943,-0.954880781794245
0.508175634322633,0.644688250183957,0.314779454409014,-0.95946770459292
0.508248134587282,0.627765947952044,0.335790937941005,-0.963556885893041
0.50832063485193,0.610517986048256,0.356628232133858,-0.967146218182112
0.508393135116578,0.592953319047432,0.377280507544823,-0.970233826592241
0.508481302438476,0.571179653437014,0.402130589824467,-0.973310243261454
0.508569469760374,0.548967735816902,0.426672234849967,-0.975639970666842
0.508657637082272,0.526334640275688,0.450886591363131,-0.977221231638781
0.508745804404169,0.503297742789373,0.47475505738873,-0.978052800178076
0.508833971726067,0.479874725365406,0.498259324132696,-0.978134049498094
0.508922139047965,0.456083558667092,0.521381347070578,-0.977464905737684
0.509010306369863,0.431942497988309,0.544103395168947,-0.976045893157235
0.50909847369176,0.407470062513201,0.566408027072698,-0.973878089585896
0.509186641013658,0.382685028940899,0.588278139567873,-0.970963168508762
0.509295045246075,0.351811310627974,0.614547222676222,-0.96635853330418
0.509403449478492,0.320529420672935,0.6401037704475,-0.960633191120436
0.509511853710909,0.288875737883078,0.664918053842184,-0.953793791725228
0.509620257943326,0.256886994619353,0.688961283386321,-0.94584827800568
0.509728662175743,0.224600314158935,0.71220554576768,-0.936805859926608
0.50983706640816,0.192053135298394,0.734623894319963,-0.926677029618383
0.509945470640577,0.159283217711319,0.756190309719797,-0.915473527431133
0.510053874872994,0.126328556831627,0.776879794076667,-0.903208350908277
0.510162279105411,0.0932273826407944,0.796668335422415,-0.889895718063188
0.510270683337828,0.0600180743186872,0.815532997926372,-0.875551072245097
0.510379087570245,0.0267391562323878,0.833451887143943,-0.860191043376339
0.510487491802662,-0.00657078621846426,0.850404235309038,-0.84383344909057
0.510595896035079,-0.0398731126443614,0.866370366717193,-0.826497254072834
0.51066350924442,-0.0606240412873373,0.875821436936109,-0.81519739564874
0.510731122453761,-0.0813474474106142,0.884877273657279,-0.803529826246625
0.510798735663103,-0.102034073208474,0.893533836891578,-0.791499763683071
0.510866348872444,-0.122674587148191,0.901787214482053,-0.779112627333867
0.510958508181494,-0.150716831325746,0.912380664596101,-0.761663833270346
0.511050667490544,-0.178632822771471,0.922209372508241,-0.74357654973677
0.511110867337138,-0.196789069688908,0.928212935430639,-0.731423865741722
0.511171067183732,-0.214874836802096,0.933884468484251,-0.71900963168214
0.511231267030326,-0.232883712109438,0.939221968261129,-0.706338256151689
0.51129146687692,-0.25080924105991,0.944223513555864,-0.693414272495935
0.51136396713884,-0.272277575723675,0.949798508585789,-0.677520932862052
0.511436467400761,-0.293604663742684,0.954880778822711,-0.661276115079997
0.511508967662681,-0.314779453834548,0.959467701393519,-0.644688247558977
0.511581467924602,-0.335790936563628,0.96355688250302,-0.627765945939368
0.511653968186522,-0.356628229966057,0.967146214638957,-0.61051798467286
0.511726468448443,-0.377280504600314,0.970233822933653,-0.592953318333321
0.511814635793909,-0.402130593486977,0.97331024033794,-0.571179646850916
0.511902803139376,-0.426672244949986,0.975639968078702,-0.548967723128663
0.511990970484843,-0.450886607716065,0.977221228985069,-0.526334621268959
0.512079137830309,-0.474755079795207,0.978052797057294,-0.503297717262086
0.512167305175776,-0.498259352378896,0.978134045508757,-0.47987469312984
0.512255472521243,-0.521381380928597,0.977464900478946,-0.456083519550318
0.512343639866709,-0.544103434397061,0.976045886229577,-0.431942451832462
0.512431807212176,-0.566408071415704,0.973878080591426,-0.407470009175711
0.512519974557643,-0.588278188757543,0.970963157052308,-0.382684968294745
0.512628378790139,-0.614547270529595,0.966358519660705,-0.351811249131084
0.512736783022634,-0.640103816904968,0.960633175299933,-0.320529358394925
0.51284518725513,-0.664918098845764,0.953793773740263,-0.288875674894475
0.512953591487626,-0.68896132687974,0.94584825787134,-0.256886930991538
0.513061995720122,-0.712205587696434,0.936805837660443,-0.224600249963975
0.513170399952618,-0.734623934631235,0.926677005240442,-0.192053070609172
0.513278804185113,-0.756190348362664,0.915473500963971,-0.159283152601275
0.513387208417609,-0.776879831002054,0.903208322376873,-0.126328491374779
0.513495612650105,-0.796668370583315,0.889895687494924,-0.0932273169115796
0.513604016882601,-0.815533031277695,0.875551039669672,-0.0600180083919721
0.513712421115097,-0.833451918642701,0.860191008826006,-0.0267390901832623
0.513820825347592,-0.850404264914333,0.84383341259969,0.00657085231466801
0.513929229580088,-0.866370394390346,0.826497215678127,0.0398731787122319
0.513996842723279,-0.875821454325311,0.815197367330158,0.060624086995176
0.51406445586647,-0.88487728152677,0.803529808734943,0.0813474727918474
0.514132069009661,-0.893533836017815,0.791499757693902,0.102034078323924
0.514199682152852,-0.90178720565311,0.779112633567066,0.122674572086075
0.514291841444263,-0.912380654249288,0.761663843275774,0.150716810973563
0.514384000735673,-0.922209360942817,0.743576563747288,0.178632797195583
0.514444200614793,-0.92821292750409,0.731423873502118,0.196789054002008
0.514504400493912,-0.933884463839804,0.71900963290561,0.214874830934206
0.514564600373031,-0.939221966538573,0.706338250558545,0.232883715980017
0.514624800252151,-0.944223514391946,0.693414259813959,0.250809254578023
0.514697300511552,-0.949798508952821,0.677520920532825,0.272277588419994
0.514769800770954,-0.954880778753417,0.661276103132489,0.293604675620958
0.514842301030356,-0.959467700921112,0.644688236021395,0.314779464899718
0.514914801289757,-0.963556881660908,0.627765934839044,0.335790946821844
0.514987301549159,-0.967146213461012,0.610517974036381,0.356628239424657
0.51505980180856,-0.970233821454107,0.592953308186295,0.377280513267806
0.5151479691487,-0.973310238468536,0.57117963789715,0.402130600571391
0.51523613648884,-0.975639965909167,0.548967715425215,0.426672250483977
0.51532430382898,-0.977221226605568,0.526334614869873,0.450886611735738
0.515412471169119,-0.978052794558367,0.50329771221826,0.474755082340121
0.515500638509259,-0.978134042981004,0.479874689489091,0.498259353491888
0.515588805849399,-0.977464898013015,0.456083517357179,0.521381380655856
0.515676973189539,-0.976045883915979,0.431942451128092,0.544103432787929
0.515765140529678,-0.973878078520598,0.407470009997921,0.566408068522696
0.515853307869818,-0.970963155314094,0.382684970677912,0.588278184636158
0.515961712102307,-0.966358518142124,0.351811251599507,0.614547266542596
0.516070116334796,-0.960633173999932,0.320529360941599,0.640103813058346
0.516178520567284,-0.953793772657617,0.288875677512292,0.664918095145323
0.516286924799773,-0.945848257004472,0.256886933673325,0.68896132333112
0.516395329032262,-0.936805837007612,0.224600252702512,0.712205584305116
0.516503733264751,-0.9266770047996,0.192053073397087,0.734623931402454
0.51661213749724,-0.915473500732819,0.159283155431208,0.75619034530163
0.516720541729728,-0.9032083223529,0.126328494239297,0.7768798281136
0.516828945962217,-0.889895687675336,0.0932273198032045,0.796668367872139
0.516937350194706,-0.875551040051517,0.0600180113031726,0.815533028748331
0.517045754427195,-0.860191009406009,0.0267390931065045,0.833451916299492
0.517154158659684,-0.843833413374337,-0.00657084938695484,0.850404262761311
0.517262562892173,-0.826497216643801,-0.0398731757876189,0.86637039243145
0.51733017603618,-0.815197368273569,-0.0606240843280834,0.875821452601645
0.517397789180187,-0.803529809645611,-0.0813474703844346,0.884877280030048
0.517465402324195,-0.791499758561578,-0.10203407617802,0.893533834739604
0.517533015468202,-0.779112634381547,-0.12267457020317,0.901787204584722
0.517625174726294,-0.761663850640401,-0.150716798997118,0.91238064963751
0.517717333984387,-0.743576578115547,-0.178632775229723,0.922209353345272
0.517777533891407,-0.731423882548084,-0.196789040529192,0.928212923077279
0.517837733798428,-0.719009636382558,-0.214874825895366,0.933884462277948
0.517897933705449,-0.706338248225956,-0.232883719307065,0.939221967533039
0.51795813361247,-0.693414251437498,-0.250809266193881,0.944223517631394
0.51803063387207,-0.677520911979881,-0.272277600044066,0.949798512023946
0.518103134131671,-0.661276094404288,-0.293604687248287,0.954880781652561
0.518175634391271,-0.644688227119257,-0.31477947652528,0.959467703644533
0.518248134650872,-0.627765925764514,-0.335790958440601,0.963556884205036
0.518320634910473,-0.610517964790998,-0.356628251031434,0.967146215822419
0.518393135170073,-0.592953298771813,-0.377280524857476,0.970233823629278
0.518481302481327,-0.57117963554587,-0.402130603973974,0.973310239519814
0.51856946979258,-0.548967720424226,-0.426672245901558,0.975639966325794
0.518657637103834,-0.526334627489471,-0.450886599388964,0.977221226878426
0.518745804415087,-0.503297732711362,-0.474755062467818,0.978052795179167
0.518833971726341,-0.479874718091111,-0.498259326350674,0.978134044441796
0.518922139037594,-0.456083554285426,-0.521381346519737,0.977464900805155
0.519010306348848,-0.43194249658156,-0.544103391947884,0.976045888529418
0.519098473660101,-0.407470064156957,-0.566408021286299,0.97387808544326
0.519186640971355,-0.382685033703837,-0.588278131327125,0.970963165030977
0.519295045203759,-0.351811315561144,-0.614547214704359,0.966358530265487
0.519403449436163,-0.320529425762261,-0.640103762756485,0.960633188518726
0.519511853668567,-0.288875743114364,-0.664918046443633,0.953793789557981
0.519620257900971,-0.256886999978277,-0.688961276291529,0.945848276269801
0.519728662133375,-0.224600319630963,-0.712205538987581,0.936805858618518
0.519837066365779,-0.1920531408689,-0.734623887865058,0.926677028734001
0.519945470598183,-0.159283223365514,-0.756190303600336,0.915473526965816
0.520053874830587,-0.126328562554669,-0.776879788302402,0.903208350857053
0.520162279062991,-0.0932273884177041,-0.796668330002742,0.889895718420463
0.520270683295395,-0.0600180801344636,-0.815532992870327,0.875551073004776
0.520379087527799,-0.0267391620719393,-0.833451882460108,0.860191044532035
0.520487491760203,0.00657078037027777,-0.850404231005564,0.843833450635276
0.520595895992607,0.0398731068026511,-0.866370362801797,0.826497255999126
0.520663509203579,0.0606240359602667,-0.875821433490865,0.815197397530592
0.520731122414552,0.081347442602502,-0.884877270665714,0.803529828063162
0.520798735625525,0.102034068922962,-0.893533834336656,0.79149976541365
0.520866348836498,0.122674583388235,-0.901787212346501,0.779112628958263
0.520958508078888,0.150716807371657,-0.912380655371029,0.761663847999354
0.521050667321278,0.178632778831519,-0.922209357309203,0.743576578477673
0.521110867223684,0.196789042737915,-0.928212926574149,0.731423883836205
0.52117106712609,0.214874826721914,-0.933884465358666,0.719009638636725
0.521231267028496,0.232883718763855,-0.939221970249038,0.706338251485173
0.521291466930903,0.250809264294777,-0.944223520034467,0.693414255739664
0.521363967193235,0.272277598979119,-0.949798514728779,0.67752091574965
0.521436467455567,0.293604687008691,-0.954880784622448,0.661276097613737
0.5215089677179,0.314779477101041,-0.959467706842494,0.644688229741435
0.521581467980232,0.335790959820398,-0.96355688759379,0.627765927773372
0.521653968242565,0.356628253202777,-0.967146219364363,0.610517966161556
0.521726468504897,0.377280527806592,-0.970233827286672,0.592953299480042
0.5218146357926,0.402130600321143,-0.973310242442535,0.571179642121382
0.521902803080303,0.426672235816164,-0.975639968913238,0.548967733097042
0.521990970368006,0.450886583055475,-0.97722122953116,0.526334646475681
0.522079137655709,0.474755040085368,-0.978052798298452,0.503297758213056
0.522167304943412,0.498259298132951,-0.978134048428722,0.479874750295754
0.522255472231114,0.521381312694466,-0.977464906060281,0.456083593365795
0.522343639518817,0.544103352756614,-0.976045895452068,0.431942542695445
0.52243180680652,0.566407976983968,-0.973878094430789,0.40747011744682
0.522519974094223,0.588278082181816,-0.970963176478438,0.382685094296603
0.522628378326548,0.614547166894109,-0.966358543898069,0.351811377003942
0.522736782558873,0.640103716340904,-0.960633204326449,0.320529487985514
0.522845186791198,0.664918001480582,-0.953793807528261,0.288875806047662
0.522953591023523,0.688961232837241,-0.945848296387561,0.256887063550289
0.523061995255848,0.71220549709657,-0.936805880866264,0.22460038376965
0.523170399488173,0.734623847590108,-0.926677053091564,0.192053205501461
0.523278803720499,0.75619026499225,-0.915473553410822,0.159283288418583
0.523387207952824,0.776879751410205,-0.903208379364509,0.126328627954281
0.523495612185149,0.796668294873506,-0.889895748963015,0.0932274540895015
0.523604016417474,0.815532959549086,-0.875551105552706,0.060018146003647
0.523712420649799,0.833451850989752,-0.86019107905325,0.0267392280634693
0.523820824882124,0.850404201426968,-0.843833487095362,-0.00657071433163454
0.523929229114449,0.866370335153664,-0.826497294361385,-0.0398730407922768
0.52399684239152,0.875821416118444,-0.815197425824597,-0.0606239902938712
0.524064455668591,0.884877262805357,-0.803529845558683,-0.0813474172466808
0.524132068945662,0.89353383521257,-0.791499771395659,-0.102034063816934
0.524199682222733,0.901787221171214,-0.779112622727404,-0.122674598443857
0.524291841482753,0.912380665712806,-0.761663837998213,-0.150716827714598
0.524384000742773,0.922209368868904,-0.743576564473441,-0.17863280439546
0.524444200612668,0.928212934496596,-0.731423876079435,-0.196789058417168
0.524504400482563,0.933884470000511,-0.719009637414055,-0.214874832586432
0.524564600352458,0.939221971970242,-0.706338257076102,-0.23288371489415
0.524624800222353,0.944223519198153,-0.693414268416402,-0.25080925078175
0.524697300487209,0.949798514361717,-0.677520928072562,-0.272277586289149
0.524769800752064,0.954880784691838,-0.661276109553837,-0.293604675138033
0.52484230101692,0.959467707315192,-0.644688241270503,-0.314779466044712
0.524914801281776,0.963556888436194,-0.627765938863988,-0.335790949572209
0.524987301546631,0.967146220542562,-0.610517976787154,-0.356628243755413
0.525059801811487,0.970233828766409,-0.592953309614954,-0.377280519151474
0.525147969104517,0.973310244311775,-0.571179651062697,-0.402130593249084
0.525236136397548,0.975639971082244,-0.548967740787756,-0.426672230294477
0.525324303690578,0.97722123190979,-0.526334652861783,-0.450886579048032
0.525412470983608,0.978052800796123,-0.503297763243508,-0.47475503755265
0.525500638276638,0.978134050954904,-0.479874753922846,-0.498259297032082
0.525588805569669,0.977464908524225,-0.456083595545022,-0.521381312979244
0.525676972862699,0.976045897763298,-0.431942543385623,-0.544103354377687
0.525765140155729,0.973878096498915,-0.407470116610116,-0.566407979888841
0.52585330744876,0.970963178213568,-0.382685091898671,-0.588278086314902
0.525961711681091,0.966358545413148,-0.351811374520752,-0.614547170892389
0.526070115913422,0.960633205622471,-0.320529485424101,-0.640103720198386
0.526178520145754,0.953793808606528,-0.288875803415158,-0.664918005191407
0.526286924378085,0.945848297249645,-0.256887060853858,-0.688961236395811
0.526395328610416,0.936805881513945,-0.224600381016578,-0.712205500497344
0.526503732842748,0.926677053526992,-0.192053202699104,-0.734623850827836
0.526612137075079,0.915473553636197,-0.159283285574338,-0.75619026806185
0.526720541307411,0.903208379382383,-0.126328625075595,-0.776879754306781
0.526828945539742,0.889895748776155,-0.0932274511838567,-0.796668297592274
0.526937349772073,0.875551105164191,-0.0600181430785852,-0.815532962085604
0.527045754004405,0.860191078466286,-0.0267392251265479,-0.833451853339738
0.527154158236736,0.843833486313451,0.00657071727284249,-0.850404203586322
0.527262562469068,0.826497293388281,0.0398730437301743,-0.86637033711845
0.527330175745303,0.815197424876736,0.0606239929684605,-0.875821417845216
0.527397789021539,0.803529844646716,0.0813474196558436,-0.884877264302588
0.527465402297775,0.791499770530123,0.102034065958861,-0.893533836488959
0.527533015574011,0.779112621918612,0.122674600317092,-0.901787222235699
0.527625174867324,0.761663830644401,0.150716839673815,-0.912380670318219
0.527717334160638,0.743576550121401,0.178632826336637,-0.922209376458056
0.527777534002664,0.731423867043486,0.196789071875147,-0.928212938918618
0.52783773384469,0.719009633940616,0.214874837620199,-0.933884471560812
0.527897933686716,0.706338259405464,0.232883711571695,-0.939221970977154
0.527958133528741,0.693414276782592,0.25080923918008,-0.944223515962675
0.528030633793396,0.677520936615408,0.272277574678678,-0.949798511294084
0.528103134058051,0.661276118272163,0.29360466352373,-0.954880781795909
0.528175634322706,0.644688250162942,0.314779454431593,-0.959467704594544
0.528248134587361,0.627765947929099,0.335790937965349,-0.963556885894475
0.528320634852016,0.610517986023369,0.356628232159908,-0.967146218183313
0.528393135116671,0.592953319020512,0.377280507572541,-0.97023382659309
0.528481302438577,0.571179653407749,0.402130589854024,-0.973310243261737
0.528569469760482,0.548967735785197,0.426672234881287,-0.975639970666482
0.528657637082388,0.526334640241465,0.450886591396114,-0.977221231637576
0.528745804404293,0.503297742752638,0.474755057423292,-0.978052800175934
0.528833971726199,0.479874725326093,0.498259324168767,-0.978134049494837
0.528922139048104,0.456083558625145,0.521381347108058,-0.97746490573322
0.529010306370009,0.431942497943709,0.544103395207767,-0.976045893151457
0.529098473691915,0.407470062465925,0.566408027112705,-0.973878089578613
0.52918664101382,0.382685028890935,0.588278139608987,-0.970963168499966
0.529295045246237,0.351811310577279,0.614547222716363,-0.966358533293648
0.529403449478655,0.320529420621565,0.640103770486636,-0.960633191108201
0.529511853711072,0.288875737831081,0.664918053880219,-0.953793791711319
0.529620257943489,0.256886994566791,0.688961283423236,-0.945848277990032
0.529728662175907,0.224600314105867,0.712205545803461,-0.936805859909313
0.529837066408324,0.192053135244875,0.734623894354554,-0.9266770295994
0.529945470640741,0.15928321765737,0.756190309753133,-0.915473527410499
0.530053874873159,0.126328556777323,0.776879794108698,-0.903208350886046
0.530162279105576,0.093227382586204,0.796668335453077,-0.88989571803929
0.530270683337993,0.0600180742638595,0.815532997955729,-0.8755510722196
0.530379087570411,0.0267391561773793,0.833451887171917,-0.860191043349258
0.530487491802828,-0.00657078627359353,0.850404235335545,-0.843833449061938
0.530595896035245,-0.0398731126995483,0.866370366742248,-0.826497254042657
0.53066350924453,-0.0606240413250047,0.875821436952375,-0.815197395627363
0.530731122453814,-0.0813474474307961,0.884877273665435,-0.803529826234646
0.530798735663098,-0.102034073211199,0.893533836892269,-0.791499763681087
0.530866348872382,-0.122674587133561,0.901787214476009,-0.779112627342476
0.530958508181384,-0.150716831296611,0.912380664585272,-0.761663833288633
0.531050667490386,-0.178632822727971,0.922209372493378,-0.743576549765416
0.531110867337035,-0.196789069662083,0.928212935421965,-0.731423865759872
0.531171067183684,-0.214874836791803,0.933884468481175,-0.719009631689366
0.531231267030332,-0.232883712115533,0.939221968262979,-0.706338256147437
0.531291466876981,-0.250809241082277,0.944223513562082,-0.693414272479806
0.531363967138903,-0.272277575746511,0.949798508591743,-0.677520932845182
0.531436467400826,-0.293604663765993,0.954880778828382,-0.661276115062344
0.531508967662748,-0.314779453858306,0.95946770139886,-0.644688247540553
0.531581467924671,-0.335790936587806,0.963556882507972,-0.627765945920187
0.531653968186593,-0.356628229990636,0.967146214643529,-0.610517984652878
0.531726468448516,-0.377280504625285,0.970233822937825,-0.592953318312552
0.531814635793957,-0.402130593504633,0.973310240340701,-0.571179646836046
0.531902803139399,-0.426672244960512,0.975639968080495,-0.548967723119973
0.53199097048484,-0.45088660771963,0.977221228986332,-0.526334621266684
0.532079137830282,-0.474755079791981,0.97805279705843,-0.503297717266423
0.532167305175723,-0.498259352369127,0.978134045510224,-0.479874693141087
0.532255472521165,-0.521381380912525,0.977464900481176,-0.456083519568634
0.532343639866606,-0.544103434374893,0.976045886232915,-0.431942451858035
0.532431807212048,-0.566408071387744,0.973878080596437,-0.407470009208697
0.532519974557489,-0.588278188724027,0.970963157059317,-0.38268496833529
0.532628378789985,-0.61454727049708,0.966358519669313,-0.351811249172211
0.532736783022481,-0.640103816873533,0.960633175310111,-0.320529358436585
0.532845187254977,-0.664918098815419,0.953793773752005,-0.288875674936595
0.532953591487473,-0.688961326850532,0.945848257884612,-0.256886931034056
0.533061995719969,-0.712205587668372,0.936805837675246,-0.224600250006862
0.533170399952465,-0.734623934604379,0.926677005256751,-0.192053070652353
0.533278804184961,-0.756190348337073,0.915473500981778,-0.159283152644702
0.533387208417457,-0.776879830977732,0.903208322396208,-0.12632849141841
0.533495612649952,-0.796668370560266,0.889895687515635,-0.0932273169553544
0.533604016882448,-0.815533031255991,0.87555103969185,-0.060018008435851
0.533712421114944,-0.833451918622378,0.860191008849566,-0.0267390902271641
0.53382082534744,-0.850404264895391,0.843833412624619,0.00657085227079177
0.533929229579936,-0.866370394372816,0.826497215704421,0.0398731786684239
0.533996842723167,-0.875821454314117,0.815197367350483,0.0606240869636349
0.534064455866398,-0.88487728152144,0.803529808748905,0.081347472772567
0.534132069009629,-0.893533836017904,0.791499757701054,0.102034078316871
0.534199682152859,-0.901787205658136,0.779112633567,0.122674572091185
0.534291841444241,-0.912380654251142,0.761663843281119,0.150716810970008
0.534384000735624,-0.922209360941918,0.743576563758495,0.178632797183441
0.534444200614758,-0.928212927504894,0.731423873510479,0.196789053994437
0.534504400493892,-0.933884463842163,0.719009632910972,0.214874830931179
0.534564600373027,-0.939221966542326,0.706338250560854,0.232883715981482
0.534624800252161,-0.944223514396927,0.693414259812972,0.250809254583951
0.534697300511567,-0.949798508958017,0.677520920530856,0.272277588427209
0.534769800770973,-0.954880778758835,0.661276103129426,0.29360467562944
0.534842301030379,-0.959467700926662,0.644688236017228,0.314779464909456
0.534914801289785,-0.9635568816665,0.627765934833731,0.335790946832809
0.534987301549191,-0.967146213466686,0.610517974029862,0.356628239436808
0.535059801808597,-0.970233821459693,0.592953308178581,0.377280513281121
0.535147969148715,-0.973310238473157,0.571179637894789,0.402130600578318
0.535236136488832,-0.975639965913156,0.54896771542847,0.426672250484681
0.53532430382895,-0.977221226609343,0.526334614878956,0.4508866117304
0.535412471169067,-0.97805279456223,0.503297712233347,0.474755082328881
0.535500638509184,-0.978134042985389,0.479874689510396,0.498259353475011
0.535588805849302,-0.977464898018336,0.456083517384839,0.521381380633478
0.535676973189419,-0.976045883922575,0.431942451162288,0.544103432760297
0.535765140529537,-0.97387807852885,0.407470010038802,0.566408068490024
0.535853307869654,-0.970963155324332,0.382684970725602,0.588278184598768
0.535961712102143,-0.966358518154061,0.351811251647746,0.614547266506304
0.536070116334632,-0.960633174013541,0.32052936099036,0.640103813023226
0.536178520567121,-0.953793772672897,0.28887567756148,0.664918095111397
0.536286924799611,-0.945848257021347,0.256886933722892,0.688961323298455
0.5363953290321,-0.936805837026096,0.224600252752368,0.71220558427372
0.536503733264589,-0.926677004819647,0.19205307344724,0.734623931372439
0.536612137497078,-0.915473500754457,0.159283155481564,0.75619034527289
0.536720541729567,-0.903208322376061,0.12632849428978,0.776879828086306
0.536828945962056,-0.88989568770004,0.093227319853772,0.796668367846236
0.536937350194545,-0.875551040077676,0.0600180113537884,0.815533028723893
0.537045754427035,-0.86019100943362,0.0267390931571008,0.833451916276481
0.537154158659524,-0.8438334134034,-0.00657084933644994,0.850404262739852
0.537262562892013,-0.826497216674203,-0.0398731757372451,0.866370392411442
0.537330176036072,-0.815197368296067,-0.0606240842936016,0.875821452589652
0.537397789180131,-0.803529809659653,-0.0813474703658364,0.884877280025501
0.53746540232419,-0.791499758566571,-0.102034076175245,0.893533834741809
0.537533015468249,-0.779112634376968,-0.122674570216137,0.901787204593128
0.537625174726349,-0.761663850634101,-0.150716799012283,0.912380649646384
0.537717333984448,-0.743576578107381,-0.178632775247049,0.922209353354406
0.537777533891448,-0.731423882543922,-0.196789040540095,0.928212923084027
0.537837733798448,-0.719009636382616,-0.214874825899907,0.933884462282528
0.537897933705447,-0.706338248230458,-0.232883719305289,0.939221967535699
0.537958133612447,-0.69341425144657,-0.250809266185852,0.944223517632422
0.538030633872052,-0.677520911988194,-0.272277600037246,0.949798512025433
0.538103134131656,-0.661276094411818,-0.29360468724264,0.954880781654442
0.53817563439126,-0.644688227125924,-0.314779476520806,0.959467703646726
0.538248134650865,-0.627765925770329,-0.335790958437267,0.963556884207551
0.538320634910469,-0.610517964795857,-0.35662825102926,0.967146215825132
0.538393135170074,-0.592953298775784,-0.377280524856413,0.970233823632176
0.538481302481335,-0.571179635547968,-0.402130603974959,0.973310239522926
0.538569469792596,-0.54896772042446,-0.426672245904541,0.975639966328991
0.538657637103856,-0.526334627487708,-0.450886599393901,0.977221226881602
0.538745804415117,-0.503297732707605,-0.474755062474627,0.978052795182195
0.538833971726378,-0.47987471808525,-0.498259326359307,0.978134044444531
0.538922139037639,-0.456083554277403,-0.52138134653009,0.977464900807461
0.5390103063489,-0.431942496571357,-0.544103391959892,0.976045888531227
0.539098473660161,-0.407470064144512,-0.566408021299889,0.973878085444399
0.539186640971421,-0.382685033689109,-0.588278131342243,0.970963165031306
0.539295045203825,-0.351811315546225,-0.614547214718992,0.966358530265201
0.539403449436229,-0.320529425747161,-0.640103762770626,0.960633188517779
0.539511853668633,-0.288875743099131,-0.664918046457245,0.953793789556383
0.539620257901036,-0.256886999962908,-0.688961276304599,0.945848276267508
0.53972866213344,-0.224600319615496,-0.712205539000103,0.936805858615613
0.539837066365844,-0.192053140853338,-0.734623887877092,0.926677028730379
0.539945470598248,-0.159283223349902,-0.756190303611751,0.915473526961647
0.540053874830651,-0.126328562539023,-0.776879788313247,0.903208350852238
0.540162279063055,-0.0932273884020587,-0.796668330012972,0.889895718415054
0.540270683295459,-0.0600180801188259,-0.815532992880015,0.875551072998821
0.540379087527863,-0.0267391620563303,-0.833451882469221,0.860191044525533
0.540487491760267,0.00657078038580841,-0.850404231014007,0.843833450628182
0.54059589599267,0.0398731068181079,-0.866370362809646,0.826497255991532
0.54066350920363,0.0606240359718124,-0.875821433496576,0.815197397524744
0.540731122414591,0.0813474426101416,-0.884877270669477,0.803529828059282
0.540798735625551,0.102034068926708,-0.893533834338601,0.791499765411895
0.540866348836511,0.122674583388112,-0.901787212346802,0.779112628958648
0.540958508078947,0.15071680738559,-0.912380655376381,0.761663847990763
0.541050667321384,0.178632778859402,-0.922209357318804,0.743576578459374
0.541110867223756,0.196789042755436,-0.928212926579842,0.7314238838244
0.541171067126128,0.214874826729154,-0.933884465360882,0.719009638631666
0.5412312670285,0.232883718760889,-0.939221970248109,0.706338251487188
0.541291466930873,0.250809264281708,-0.944223520030817,0.69341425574907
0.541363967193206,0.272277598966277,-0.949798514725337,0.677520915759061
0.541436467455539,0.293604686996085,-0.954880784619244,0.661276097623154
0.541508967717872,0.314779477088651,-0.959467706839517,0.644688229750863
0.541581467980205,0.335790959808241,-0.963556887591056,0.627765927782787
0.541653968242538,0.356628253190869,-0.967146219361824,0.610517966170952
0.54172646850487,0.377280527794895,-0.970233827284379,0.592953299489427
0.541814635792609,0.402130600319448,-0.973310242441555,0.571179642122073
0.541902803080347,0.42667223582419,-0.975639968912977,0.548967733088734
0.541990970368085,0.450886583072965,-0.977221229531002,0.526334646458022
0.542079137655823,0.474755040112015,-0.978052798297791,0.503297758185728
0.542167304943561,0.498259298168475,-0.978134048426936,0.479874750258465
0.5422554722313,0.521381312738471,-0.97746490605679,0.456083593318324
0.542343639519038,0.544103352808808,-0.976045895446322,0.431942542637495
0.542431806806776,0.566407977043939,-0.973878094422163,0.407470117378213
0.542519974094514,0.588278082249165,-0.970963176466335,0.382685094217128
0.54262837832684,0.614547166959789,-0.966358543882898,0.351811376923101
0.542736782559166,0.640103716404835,-0.960633204308203,0.320529487903353
0.542845186791492,0.66491800154266,-0.953793807506973,0.288875805964282
0.542953591023818,0.688961232897362,-0.945848296363208,0.256887063465816
0.543061995256144,0.71220549715467,-0.936805880838831,0.224600383684161
0.54317039948847,0.734623847646081,-0.926677053061188,0.192053205415056
0.543278803720796,0.756190265046,-0.915473553377401,0.159283288331373
0.543387207953122,0.776879751461714,-0.903208379328093,0.126328627866353
0.543495612185448,0.79666829492266,-0.889895748923602,0.0932274540009372
0.543604016417774,0.81553295959578,-0.875551105510374,0.0600181459145717
0.5437124206501,0.833451851033968,-0.860191079007957,0.0267392279739826
0.543820824882426,0.850404201468602,-0.843833487047171,-0.00657071442142605
0.543929229114752,0.866370335192593,-0.826497294310371,-0.0398730408822578
0.543996842391732,0.875821416143318,-0.815197425787263,-0.0606239903560642
0.544064455668713,0.884877262817165,-0.803529845536019,-0.0813474172811558
0.544132068945694,0.893533835212355,-0.791499771388652,-0.102034063823753
0.544199682222675,0.901787221160114,-0.779112622736975,-0.122674598423148
0.544291841482702,0.912380665702931,-0.761663838006842,-0.15071682769611
0.544384000742729,0.922209368860166,-0.743576564481028,-0.178632804379176
0.544444200612645,0.928212934490166,-0.731423876082836,-0.196789058407344
0.544504400482562,0.933884469996145,-0.719009637413129,-0.21487483258303
0.544564600352478,0.939221971967731,-0.706338257070648,-0.232883714897107
0.544624800222394,0.944223519197231,-0.693414268406253,-0.250809250791015
0.54469730048723,0.949798514359049,-0.677520928066671,-0.272277586292437
0.544769800752066,0.954880784687738,-0.661276109552363,-0.29360467513541
0.544842301016901,0.95946770730988,-0.644688241273599,-0.31477946603628
0.544914801281737,0.963556888429935,-0.627765938871905,-0.33579094955807
0.544987301546572,0.967146220535646,-0.610517976800019,-0.356628243735643
0.545059801811408,0.970233828759132,-0.592953309632963,-0.377280519126192
0.545147969104448,0.973310244305471,-0.571179651078837,-0.402130593226676
0.545236136397487,0.975639971076714,-0.548967740801823,-0.426672230274906
0.545324303690527,0.977221231904877,-0.526334652873686,-0.450886579031215
0.545412470983567,0.978052800791749,-0.503297763253215,-0.474755037538549
0.545500638276606,0.978134050950823,-0.479874753930215,-0.49825929702062
0.545588805569646,0.977464908520317,-0.456083595549994,-0.521381312970359
0.545676972862685,0.976045897759391,-0.431942543388109,-0.544103354371294
0.545765140155725,0.973878096494877,-0.407470116610052,-0.566407979884851
0.545853307448765,0.970963178209212,-0.382685091895971,-0.588278086313237
0.545961711681097,0.966358545408655,-0.351811374517852,-0.614547170890829
0.546070115913429,0.960633205617942,-0.320529485420991,-0.640103720196932
0.546178520145761,0.953793808601885,-0.288875803411827,-0.664918005190042
0.546286924378093,0.945848297244869,-0.256887060850343,-0.688961236394523
0.546395328610425,0.936805881509028,-0.224600381012847,-0.712205500496178
0.546503732842757,0.926677053521895,-0.192053202695163,-0.734623850826729
0.546612137075089,0.915473553630949,-0.159283285570169,-0.756190268060792
0.546720541307421,0.903208379376987,-0.126328625071219,-0.776879754305775
0.546828945539753,0.889895748770564,-0.0932274511792711,-0.796668297591328
0.546937349772085,0.87555110515842,-0.0600181430737877,-0.815532962084635
0.547045754004417,0.860191078460313,-0.0267392251215407,-0.833451853338787
0.547154158236749,0.843833486307248,0.0065707172780484,-0.850404203585306
0.547262562469081,0.826497293381859,0.0398730437355711,-0.866370337117454
0.547330175745313,0.815197424870982,0.0606239929725916,-0.875821417843554
0.547397789021545,0.803529844641619,0.0813474196586796,-0.884877264300317
0.547465402297776,0.791499770525769,0.102034065960407,-0.893533836486164
0.547533015574008,0.779112621915034,0.122674600317355,-0.901787222232368
0.547625174867316,0.761663830641787,0.150716839672616,-0.912380670314368
0.547717334160625,0.743576550119815,0.178632826333978,-0.922209376453809
0.547777534002654,0.731423867041283,0.196789071873511,-0.928212938914775
0.547837733844683,0.719009633937735,0.214874837619587,-0.933884471557327
0.547897933686713,0.706338259401902,0.232883711572082,-0.93922197097399
0.547958133528742,0.693414276778308,0.250809239181467,-0.944223515959781
0.54803063379339,0.677520936612747,0.272277574677955,-0.949798511290683
0.548103134058038,0.661276118271095,0.29360466352093,-0.95488078179203
0.548175634322686,0.644688250163592,0.314779454426761,-0.959467704590349
0.548248134587333,0.627765947931542,0.335790937958512,-0.963556885890051
0.548320634851981,0.610517986027609,0.356628232151114,-0.967146218178746
0.548393135116629,0.592953319026677,0.377280507561822,-0.9702338265885
0.548481302438513,0.571179653419598,0.402130589837236,-0.973310243256838
0.548569469760396,0.548967735802984,0.426672234858635,-0.975639970661631
0.548657637082279,0.526334640265406,0.450886591367777,-0.977221231633188
0.548745804404163,0.503297742782862,0.474755057389453,-0.978052800172332
0.548833971726046,0.479874725362814,0.498259324129641,-0.978134049492455
0.548922139047929,0.456083558668484,0.521381347063883,-0.977464905732344
0.549010306369813,0.431942497993821,0.544103395158736,-0.976045893152566
0.549098473691696,0.407470062522943,0.566408027059103,-0.973878089582043
0.549186641013579,0.382685028954921,0.58827813955107,-0.970963168505999
0.549295045245996,0.351811310642386,0.614547222659863,-0.966358533302251
0.549403449478413,0.320529420687678,0.640103770431641,-0.960633191119303
0.549511853710829,0.28887573789815,0.664918053826816,-0.953793791724922
0.549620257943246,0.256886994634741,0.688961283371465,-0.945848278006178
0.549728662175663,0.224600314174581,0.712205545753388,-0.936805859927962
0.54983706640808,0.192053135314303,0.73462389430625,-0.926677029620567
0.549945470640496,0.159283217727424,0.756190309706677,-0.915473527434069
0.550053874872913,0.126328556847929,0.776879794064124,-0.903208350912065
0.55016227910533,0.0932273826572489,0.796668335410521,-0.889895718067744
0.550270683337747,0.0600180743352948,0.815532997915156,-0.875551072250435
0.550379087570164,0.0267391562490911,0.833451887133404,-0.860191043382532
0.55048749180258,-0.00657078620169264,0.850404235299186,-0.84383344909751
0.550595896034997,-0.0398731126275461,0.866370366708116,-0.826497254080568
0.550663509244351,-0.0606240412744536,0.875821436929222,-0.815197395654773
0.550731122453705,-0.0813474474016639,0.884877273652465,-0.803529826250797
0.550798735663059,-0.102034073203453,0.893533836888702,-0.791499763685231
0.550866348872413,-0.122674587147086,0.901787214480944,-0.779112627333871
0.550958508181382,-0.150716831300199,0.912380664586351,-0.761663833286108
0.551050667490352,-0.178632822721709,0.922209372491111,-0.743576549769376
0.551110867337009,-0.196789069658324,0.928212935420683,-0.731423865762355
0.551171067183665,-0.214874836790542,0.933884468480759,-0.719009631690168
0.551231267030322,-0.23288371211676,0.939221968263424,-0.706338256146638
0.551291466876979,-0.250809241085941,0.94422351356323,-0.693414272477259
0.5513639671389,-0.272277575749716,0.949798508592741,-0.677520932843003
0.551436467400821,-0.293604663768732,0.954880778829316,-0.661276115060562
0.551508967662742,-0.314779453860584,0.959467701399736,-0.644688247539157
0.551581467924663,-0.335790936589647,0.963556882508789,-0.627765945919185
0.551653968186584,-0.356628229992058,0.96714621464436,-0.610517984652279
0.551726468448505,-0.377280504626275,0.970233822938657,-0.592953318312349
0.551814635793905,-0.402130593494092,0.973310240340334,-0.571179646846243
0.551902803139305,-0.426672244938704,0.975639968079645,-0.54896772314095
0.551990970484705,-0.450886607686922,0.977221228985705,-0.526334621298778
0.552079137830106,-0.474755079748725,0.978052797058794,-0.503297717310032
0.552167305175506,-0.498259352315703,0.978134045512209,-0.479874693196493
0.552255472520906,-0.521381380849304,0.977464900485521,-0.456083519636174
0.552343639866306,-0.544103434302322,0.976045886240333,-0.431942451937967
0.552431807211706,-0.566408071306266,0.973878080607537,-0.407470009301229
0.552519974557106,-0.588278188634132,0.970963157074874,-0.382684968440715
0.552628378789602,-0.614547270409598,0.966358519688775,-0.351811249279169
0.552736783022098,-0.640103816788582,0.960633175333596,-0.320529358544986
0.552845187254594,-0.664918098733089,0.95379377377939,-0.288875675046315
0.552953591487089,-0.688961326770937,0.945848257915906,-0.256886931144937
0.553061995719585,-0.712205587591619,0.936805837710459,-0.224600250118816
0.553170399952081,-0.734623934530556,0.926677005295823,-0.19205307076524
0.553278804184576,-0.756190348266261,0.91547350102466,-0.159283152758381
0.553387208417072,-0.776879830910055,0.903208322442787,-0.126328491532721
0.553495612649568,-0.796668370495764,0.889895687565992,-0.093227317070201
0.553604016882063,-0.815533031194795,0.875551039745872,-0.0600180085510566
0.553712421114559,-0.83345191856454,0.860191008907191,-0.0267390903426232
0.553820825347055,-0.850404264840999,0.843833412685804,0.00657085215521494
0.55392922957955,-0.866370394321914,0.826497215769061,0.0398731785528786
0.553996842722894,-0.875821454280907,0.815197367398097,0.0606240868828219
0.554064455866238,-0.88487728150463,0.803529808778216,0.0813474727264218
0.554132069009581,-0.893533836016157,0.791499757710858,0.102034078305298
0.554199682152925,-0.901787205670102,0.77911263355604,0.122674572114054
0.554291841444303,-0.912380654262105,0.761663843270399,0.150716810991708
0.554384000735682,-0.92220936095202,0.743576563748081,0.178632797203971
0.554444200614791,-0.928212927512269,0.731423873504972,0.196789054007339
0.5545044004939,-0.933884463847037,0.719009632910572,0.214874830936486
0.554564600373009,-0.939221966544977,0.706338250565738,0.232883715979274
0.554624800252118,-0.944223514397702,0.693414259823408,0.250809254574287
0.554697300511524,-0.949798508959033,0.677520920541587,0.272277588417485
0.55476980077093,-0.954880778760132,0.661276103140488,0.29360467561967
0.554842301030335,-0.959467700928191,0.644688236028567,0.314779464899636
0.554914801289741,-0.963556881668336,0.627765934845394,0.33579094682295
0.554987301549147,-0.967146213468762,0.610517974041851,0.35662823942694
0.555059801808552,-0.970233821462075,0.592953308190837,0.37728051327122
0.55514796914864,-0.973310238474987,0.571179637914617,0.402130600560413
0.555236136488728,-0.975639965914979,0.54896771545607,0.426672250458925
0.555324303828817,-0.977221226611696,0.526334614914663,0.450886611697042
0.555412471168905,-0.978052794565543,0.503297712277382,0.474755082288187
0.555500638508993,-0.978134042990189,0.479874689562958,0.498259353427237
0.555588805849081,-0.977464898025074,0.456083517446136,0.521381380578954
0.555676973189169,-0.976045883931816,0.43194245123251,0.544103432699301
0.555765140529257,-0.973878078541039,0.407470010118119,0.566408068422928
0.555853307869345,-0.970963155340013,0.382684970814168,0.588278184525848
0.555961712101834,-0.96635851817294,0.351811251737588,0.614547266435364
0.556070116334323,-0.960633174035625,0.320529361081313,0.640103812954325
0.556178520566812,-0.9537937726981,0.288875677653492,0.664918095044632
0.556286924799301,-0.945848257049747,0.256886933815839,0.68896132323392
0.55639532903179,-0.936805837057621,0.224600252846176,0.712205584211455
0.556503733264279,-0.926677004854297,0.192053073541749,0.734623931312537
0.556612137496768,-0.915473500792133,0.159283155576667,0.756190345215502
0.556720541729257,-0.903208322416802,0.126328494385408,0.776879828031364
0.556828945961746,-0.889895687743699,0.0932273199498102,0.796668367793903
0.556937350194236,-0.875551040124366,0.0600180114500985,0.815533028674232
0.557045754426725,-0.860191009483157,0.0267390932535872,0.833451916229549
0.557154158659214,-0.84383341345577,-0.00657084923988732,0.850404262695669
0.557262562891703,-0.826497216729371,-0.0398731756407248,0.866370392370082
0.557330176035859,-0.815197368336459,-0.0606240842269111,0.875821452563362
0.557397789180014,-0.80352980968425,-0.0813474703289135,0.884877280013162
0.55746540232417,-0.791499758574301,-0.102034076168021,0.893533834742315
0.557533015468326,-0.779112634366794,-0.122674570238476,0.901787204605265
0.557625174726451,-0.761663850618434,-0.150716799042216,0.91238064966066
0.557717333984576,-0.743576578085979,-0.178632775284487,0.922209353370475
0.557777533891527,-0.731423882531916,-0.196789040562731,0.92821292309465
0.557837733798478,-0.719009636380453,-0.214874825907827,0.933884462288242
0.557897933705429,-0.706338248238509,-0.232883719298623,0.939221967537111
0.55795813361238,-0.693414251465224,-0.250809266164734,0.944223517629957
0.558030633871999,-0.677520912003968,-0.272277600020516,0.949798512024474
0.558103134131618,-0.661276094424581,-0.293604687230236,0.954880781654801
0.558175634391237,-0.644688227135574,-0.314779476512686,0.959467703648245
0.558248134650856,-0.627765925776629,-0.335790958433348,0.963556884209947
0.558320634910475,-0.610517964798808,-0.356628251029501,0.967146215828305
0.558393135170094,-0.592953298775153,-0.377280524860732,0.970233823635861
0.55848130248137,-0.571179635543305,-0.402130603983625,0.973310239526929
0.558569469792647,-0.548967720415612,-0.426672245917431,0.975639966333014
0.558657637103923,-0.526334627474522,-0.450886599410902,0.977221226885416
0.5587458044152,-0.503297732689966,-0.474755062495586,0.978052795185535
0.558833971726477,-0.47987471806303,-0.498259326384086,0.978134044447121
0.558922139037753,-0.456083554250516,-0.521381346558537,0.977464900809053
0.55901030634903,-0.431942496539677,-0.544103391991847,0.976045888531526
0.559098473660306,-0.407470064107956,-0.56640802133517,0.973878085443094
0.559186640971583,-0.3826850336476,-0.588278131380645,0.970963165028252
0.559295045203987,-0.3518113155039,-0.614547214756491,0.966358530260407
0.559403449436392,-0.32052942570409,-0.640103762807188,0.960633188511252
0.559511853668796,-0.288875743055356,-0.664918046492808,0.953793789548138
0.5596202579012,-0.256886999918493,-0.688961276339111,0.945848276257572
0.559728662133605,-0.224600319570487,-0.712205539033501,0.936805858603984
0.559837066366009,-0.192053140807807,-0.734623887909291,0.926677028717114
0.559945470598413,-0.159283223303903,-0.756190303642766,0.915473526946658
0.560053874830817,-0.126328562492589,-0.776879788343001,0.903208350835556
0.560162279063222,-0.0932273883552653,-0.796668330041469,0.889895718396719
0.560270683295626,-0.0600180800717035,-0.815532992907118,0.875551072978802
0.56037908752803,-0.0267391620089653,-0.833451882494956,0.860191044503897
0.560487491760435,0.00657078043337114,-0.850404231038345,0.843833450604936
0.560595895992839,0.0398731068657936,-0.866370362832494,0.826497255966685
0.560663509203753,0.0606240360051652,-0.875821433512124,0.815197397506929
0.560731122414666,0.0813474426291729,-0.884877270678164,0.803529828048973
0.56079873562558,0.102034068931473,-0.893533834341054,0.791499765409523
0.560866348836494,0.12267458337865,-0.901787212343491,0.7791126289648
0.560958508078962,0.150716807385781,-0.912380655376712,0.761663847990917
0.56105066732143,0.178632778869116,-0.922209357322266,0.743576578453136
0.561110867223788,0.196789042761025,-0.928212926581729,0.731423883820702
0.561171067126147,0.214874826730652,-0.933884465361382,0.719009638630651
0.561231267028506,0.232883718758314,-0.93922197024732,0.706338251489001
0.561291466930865,0.250809264275105,-0.944223520028928,0.693414255753771
0.561363967193194,0.272277598958625,-0.949798514723242,0.677520915764588
0.561436467455523,0.2936046869874,-0.954880784616966,0.661276097629529
0.561508967717853,0.314779477078983,-0.959467706837159,0.644688229758109
0.561581467980182,0.335790959797575,-0.963556887588585,0.627765927791018
0.561653968242512,0.356628253179248,-0.967146219359395,0.610517966180114
0.561726468504841,0.377280527782332,-0.97023382728194,0.592953299499599
0.561814635792605,0.402130600314349,-0.973310242440192,0.571179642125844
0.56190280308037,0.426672235826394,-0.975639968912168,0.54896773308578
0.561990970368135,0.450886583082223,-0.977221229530425,0.526334646448166
0.562079137655899,0.474755040128165,-0.978052798296937,0.503297758168705
0.562167304943664,0.498259298191276,-0.97813404842539,0.479874750234053
0.562255472231428,0.521381312767676,-0.977464906054043,0.456083593286335
0.562343639519193,0.544103352844123,-0.976045895441907,0.431942542597783
0.562431806806957,0.566407977085123,-0.973878094415697,0.407470117330568
0.562519974094722,0.588278082295869,-0.970963176457342,0.382685094161428
0.562628378327047,0.614547167004975,-0.966358543871798,0.351811376866799
0.562736782559372,0.640103716448412,-0.960633204295032,0.320529487846578
0.562845186791697,0.664918001584609,-0.953793807491717,0.288875805907104
0.562953591024022,0.688961232937656,-0.945848296345973,0.2568870634083
0.563061995256347,0.712205497193243,-0.936805880819642,0.224600383626382
0.563170399488672,0.734623847682897,-0.92667705304001,0.192053205357098
0.563278803720997,0.756190265081076,-0.915473553354389,0.159283288273295
0.563387207953322,0.776879751494952,-0.903208379303211,0.126328627808236
0.563495612185647,0.79666829495403,-0.88989574889692,0.0932274539428625
0.563604016417972,0.815532959625322,-0.87555110548193,0.0600181458565986
0.563712420650297,0.833451851061615,-0.860191078977824,0.0267392279161888
0.563820824882622,0.850404201494324,-0.843833487015372,-0.00657071447897488
0.563929229114947,0.86637033521642,-0.826497294276975,-0.0398730409394834
0.563996842391875,0.875821416158739,-0.815197425761716,-0.0606239903970526
0.564064455668803,0.884877262824865,-0.803529845518931,-0.0813474173059244
0.564132068945731,0.893533835212954,-0.791499771380571,-0.102034063832356
0.564199682222659,0.901787221154144,-0.779112622738532,-0.122674598415638
0.564291841482701,0.912380665698667,-0.761663838005829,-0.150716827692881
0.564384000742742,0.922209368857361,-0.74357656447715,-0.178632804380212
0.564444200612658,0.928212934487238,-0.73142387607903,-0.19678905840822
0.564504400482574,0.933884469993132,-0.719009637409379,-0.214874832583735
0.564564600352489,0.939221971964561,-0.70633825706696,-0.232883714897618
0.564624800222405,0.944223519193969,-0.693414268402652,-0.250809250791352
0.564697300487247,0.949798514356211,-0.677520928061589,-0.27227758629467
0.564769800752089,0.954880784685176,-0.661276109545684,-0.29360467513952
0.564842301016932,0.959467707307513,-0.644688241265318,-0.31477946604222
0.564914801281774,0.963556888427753,-0.627765938861947,-0.335790949565814
0.564987301546616,0.967146220533503,-0.610517976788346,-0.356628243745175
0.565059801811458,0.970233828756933,-0.592953309619495,-0.377280519137456
0.565147969104535,0.973310244303997,-0.571179651055707,-0.402130593248292
0.565236136397612,0.975639971075328,-0.548967740768741,-0.426672230306578
0.56532430369069,0.977221231902962,-0.526334652830329,-0.450886579072666
0.565412470983767,0.97805280078865,-0.503297763199233,-0.47475503758943
0.565500638276844,0.978134050945887,-0.47987475386532,-0.498259297080582
0.565588805569921,0.977464908512938,-0.45608359547392,-0.521381313039007
0.565676972862998,0.97604589774886,-0.431942543300619,-0.544103354448252
0.565765140156075,0.973878096480647,-0.40747011651094,-0.566407979969674
0.565853307449153,0.970963178190604,-0.38268509178505,-0.588278086405539
0.565961711681484,0.966358545386061,-0.351811374405521,-0.614547170980566
0.566070115913816,0.96063320559131,-0.320529485307382,-0.640103720283964
0.566178520146147,0.953793808571374,-0.288875803297091,-0.664918005274276
0.566286924378479,0.945848297210464,-0.256887060734592,-0.688961236475857
0.566395328610811,0.936805881470763,-0.224600380896235,-0.712205500574545
0.566503732843142,0.926677053479803,-0.192053202577821,-0.734623850902047
0.566612137075474,0.91547355358514,-0.15928328545223,-0.756190268132925
0.566720541307805,0.903208379327478,-0.126328624952822,-0.776879754374638
0.566828945540137,0.889895748717444,-0.0932274510605581,-0.796668297656886
0.566937349772469,0.875551105101685,-0.0600181429548779,-0.815532962146826
0.5670457540048,0.86019107840012,-0.0267392250025997,-0.833451853397513
0.567154158237132,0.843833486243641,0.00657071739689473,-0.850404203640522
0.567262562469463,0.82649729331488,0.0398730438542027,-0.866370337169089
0.567330175745575,0.815197424822211,0.0606239930543548,-0.875821417876594
0.567397789021687,0.803529844612456,0.0813474197036624,-0.884877264316127
0.567465402297799,0.791499770517422,0.102034065968719,-0.893533836486133
0.567533015573911,0.779112621928851,0.122674600289154,-0.901787222217978
0.567625174867191,0.761663830661771,0.150716839635817,-0.912380670297615
0.567717334160471,0.7435765501464,0.178632826288701,-0.922209376435116
0.567777534002558,0.731423867056663,0.196789071845914,-0.928212938902571
0.567837733844646,0.719009633941435,0.214874837609542,-0.933884471550965
0.567897933686733,0.706338259393358,0.232883711579457,-0.939221970972809
0.567958133528821,0.693414276757079,0.250809239206085,-0.944223515963149
0.568030633793464,0.677520936592113,0.272277574701121,-0.949798511293242
0.568103134058108,0.661276118251151,0.29360466354264,-0.954880781793799
0.568175634322751,0.644688250144321,0.314779454447025,-0.959467704591342
0.568248134587394,0.627765947913035,0.335790937977345,-0.963556885890339
0.568320634852038,0.610517986009895,0.356628232168521,-0.96714621817842
0.568393135116681,0.592953319009781,0.377280507577827,-0.970233826587596
0.568481302438563,0.571179653402877,0.402130589852608,-0.973310243255485
0.568569469760445,0.548967735786453,0.426672234873342,-0.975639970659776
0.568657637082326,0.526334640249041,0.450886591381862,-0.977221231630913
0.568745804404208,0.503297742766719,0.47475505740291,-0.978052800169637
0.56883397172609,0.479874725346922,0.498259324142461,-0.978134049489392
0.568922139047971,0.456083558652889,0.521381347076064,-0.977464905728972
0.569010306369853,0.43194249797852,0.544103395170298,-0.976045893148802
0.569098473691735,0.407470062507947,0.566408027070037,-0.973878089577986
0.569186641013616,0.382685028940286,0.588278139561413,-0.970963168501674
0.569295045246033,0.351811310627661,0.614547222669908,-0.966358533297566
0.569403449478449,0.320529420672893,0.640103770441393,-0.960633191114245
0.569511853710866,0.288875737883323,0.664918053836235,-0.953793791719551
0.569620257943282,0.256886994619866,0.688961283380578,-0.945848278000449
0.569728662175699,0.22460031415971,0.712205545762181,-0.936805859921832
0.569837066408115,0.192053135299404,0.734623894314721,-0.926677029614117
0.569945470640532,0.15928321771254,0.756190309714807,-0.915473527427354
0.570053874872949,0.12632855683305,0.776879794071962,-0.903208350904984
0.570162279105365,0.0932273826424026,0.796668335417994,-0.889895718060383
0.570270683337782,0.0600180743204725,0.815532997922284,-0.875551072242728
0.570379087570198,0.0267391562343385,0.833451887140241,-0.860191043374549
0.570487491802615,-0.00657078621637491,0.850404235305656,-0.843833449089264
0.570595896035031,-0.0398731126421562,0.866370366714166,-0.826497254071996
0.570663509244368,-0.0606240412836431,0.875821436932684,-0.815197395649007
0.570731122453704,-0.0813474474054593,0.884877273653529,-0.803529826248054
0.57079873566304,-0.102034073201859,0.893533836887558,-0.791499763685682
0.570866348872377,-0.122674587140135,0.901787214477854,-0.779112627337692
0.570958508181303,-0.150716831280297,0.912380664578761,-0.761663833298452
0.57105066749023,-0.178632822689023,0.922209372479842,-0.7435765497908
0.571110867336929,-0.196789069638499,0.928212935414213,-0.731423865775664
0.571171067183628,-0.214874836783491,0.933884468478581,-0.719009631695051
0.571231267030327,-0.232883712122377,0.939221968265065,-0.706338256142662
0.571291466877026,-0.250809241104131,0.94422351356827,-0.693414272464076
0.571363967138946,-0.272277575767396,0.949798508597327,-0.677520932829915
0.571436467400865,-0.293604663785902,0.954880778833486,-0.66127611504759
0.571508967662785,-0.314779453877246,0.959467701403569,-0.644688247526291
0.571581467924704,-0.335790936605799,0.963556882512271,-0.627765945906426
0.571653968186624,-0.356628230007679,0.967146214647435,-0.61051798463975
0.571726468448543,-0.377280504641393,0.970233822941394,-0.592953318299985
0.571814635793913,-0.402130593500372,0.973310240341829,-0.57117964684141
0.571902803139282,-0.42667224493639,0.9756399680804,-0.548967723143949
0.571990970484651,-0.450886607676211,0.977221228986218,-0.526334621310015
0.57207913783002,-0.474755079729903,0.978052797059569,-0.503297717329658
0.572167305175389,-0.498259352289015,0.978134045513832,-0.479874693224806
0.572255472520758,-0.521381380815089,0.977464900488464,-0.456083519673408
0.572343639866127,-0.544103434260824,0.976045886245183,-0.431942451984318
0.572431807211496,-0.566408071257856,0.973878080614849,-0.407470009356975
0.572519974556865,-0.58827818857914,0.97096315708509,-0.382684968505927
0.57262837878936,-0.61454727035603,0.966358519701589,-0.35181124934552
0.572736783021856,-0.640103816736483,0.960633175348864,-0.32052935861234
0.572845187254351,-0.664918098682543,0.953793773797208,-0.288875675114638
0.572953591486846,-0.688961326722036,0.94584825793624,-0.256886931214153
0.573061995719341,-0.712205587544418,0.936805837733267,-0.224600250188815
0.573170399951836,-0.734623934485144,0.926677005321102,-0.192053070835952
0.573278804184331,-0.75619034822267,0.915473501052382,-0.159283152829708
0.573387208416826,-0.776879830868386,0.903208322472986,-0.12632849160462
0.573495612649322,-0.796668370456046,0.889895687598619,-0.0932273171425444
0.573604016881817,-0.815533031157086,0.875551039780919,-0.0600180086237807
0.573712421114312,-0.833451918528937,0.8601910089446,-0.02673909041564
0.573820825346807,-0.85040426480752,0.843833412725528,0.00657085208200333
0.573929229579302,-0.866370394290672,0.8264972158111,0.0398731784795636
0.573996842722716,-0.875821454260693,0.815197367429572,0.060624086831112
0.57406445586613,-0.884877281494612,0.803529808798351,0.0813474726962984
0.574132069009543,-0.893533836015564,0.791499757718906,0.10203407829668
0.574199682152957,-0.901787205678138,0.779112633551273,0.122674572126857
0.574291841444309,-0.912380654266858,0.76166384327066,0.150716810996233
0.57438400073566,-0.922209360953953,0.74357656375368,0.17863279720028
0.574444200614772,-0.928212927514584,0.731423873510087,0.196789054004517
0.574504400493884,-0.93388446384971,0.7190096329152,0.214874830934545
0.574564600372996,-0.939221966547998,0.706338250569835,0.232883715978212
0.574624800252108,-0.944223514401035,0.69341425982694,0.2508092545741
0.574697300511518,-0.949798508962774,0.677520920544205,0.272277588418556
0.574769800770928,-0.954880778764175,0.661276103142184,0.293604675621976
0.574842301030338,-0.959467700932505,0.644688236029347,0.314779464903164
0.574914801289747,-0.96355688167284,0.627765934845161,0.335790946827701
0.574987301549157,-0.967146213473421,0.610517974040573,0.356628239432872
0.575059801808567,-0.970233821466819,0.592953308188514,0.377280513278325
0.575147969148628,-0.973310238478771,0.57117963791893,0.402130600559862
0.575236136488689,-0.975639965918298,0.548967715467347,0.426672250450953
0.57532430382875,-0.977221226614939,0.526334614933096,0.450886611681849
0.575412471168811,-0.978052794569225,0.503297712303262,0.474755082266008
0.575500638508872,-0.978134042994764,0.479874689596476,0.498259353398293
0.575588805848933,-0.977464898030998,0.456083517487508,0.521381380543513
0.575676973188994,-0.976045883939526,0.431942451281934,0.544103432657615
0.575765140529055,-0.973878078551022,0.407470010175731,0.566408068375289
0.575853307869116,-0.970963155352718,0.382684970880142,0.588278184472587
0.575961712101604,-0.966358518188065,0.351811251804691,0.614547266383372
0.576070116334092,-0.960633174053146,0.320529361149512,0.640103812903652
0.576178520566581,-0.953793772718101,0.288875677722709,0.664918094995365
0.576286924799069,-0.945848257072137,0.256886933886008,0.688961323186154
0.576395329031557,-0.936805837082423,0.224600252917177,0.712205584165262
0.576503733264045,-0.926677004881498,0.192053073613571,0.73462393126795
0.576612137496533,-0.915473500821751,0.1592831556492,0.756190345172572
0.576720541729021,-0.903208322448807,0.126328494458579,0.77687982799022
0.576828945961509,-0.889895687778132,0.0932273200235278,0.796668367754571
0.576937350193998,-0.875551040161074,0.0600180115242773,0.815533028636815
0.577045754426486,-0.860191009522235,0.0267390933281491,0.833451916194058
0.577154158658974,-0.843833413497189,-0.00657084916501734,0.850404262662185
0.577262562891462,-0.826497216773093,-0.0398731755656459,0.866370392338722
0.577330176035694,-0.815197368368562,-0.0606240841752386,0.875821452543786
0.577397789179926,-0.803529809703902,-0.0813474703006083,0.884877280004512
0.577465402324158,-0.791499758580691,-0.102034076162996,0.893533834743695
0.57753301546839,-0.779112634359128,-0.122674570256647,0.901787204615782
0.577625174726536,-0.761663850606262,-0.150716799066714,0.912380649672966
0.577717333984682,-0.743576578069004,-0.178632775315214,0.922209353384217
0.577777533891594,-0.731423882522414,-0.19678904058165,0.928212923104067
0.577837733798506,-0.719009636378743,-0.214874825915025,0.933884462293773
0.577897933705418,-0.706338248244897,-0.232883719294192,0.939221967539085
0.577958133612331,-0.69341425148015,-0.250809266148778,0.944223517628904
0.57803063387195,-0.677520912018904,-0.272277600004934,0.949798512023872
0.57810313413157,-0.661276094439517,-0.29360468721505,0.954880781654569
0.57817563439119,-0.644688227150499,-0.31477947649788,0.959467703648354
0.57824813465081,-0.627765925791527,-0.335790958418955,0.963556884210495
0.57832063491043,-0.610517964813685,-0.356628251015494,0.967146215829151
0.57839313517005,-0.592953298789984,-0.377280524847115,0.970233823637105
0.578481302481321,-0.571179635559748,-0.402130603968621,0.97331023952835
0.578569469792592,-0.548967720433658,-0.426672245901083,0.975639966334761
0.578657637103863,-0.526334627494284,-0.450886599393257,0.977221226887519
0.578745804415134,-0.503297732711465,-0.474755062476682,0.978052795188138
0.578833971726405,-0.479874718086287,-0.498259326364009,0.978134044450258
0.578922139037676,-0.456083554275553,-0.521381346537331,0.977464900812885
0.579010306348947,-0.431942496566523,-0.544103391969594,0.976045888536128
0.579098473660218,-0.407470064136674,-0.566408021311908,0.973878085448593
0.579186640971489,-0.382685033678186,-0.588278131356491,0.970963165034674
0.579295045203893,-0.351811315534946,-0.614547214732872,0.966358530267792
0.579403449436297,-0.320529425735577,-0.6401037627841,0.960633188519657
0.579511853668701,-0.288875743087245,-0.664918046470321,0.953793789557542
0.579620257901105,-0.256886999950765,-0.688961276317205,0.945848276267967
0.579728662133509,-0.224600319603101,-0.712205539012225,0.936805858615329
0.579837066365913,-0.192053140840738,-0.7346238878887,0.926677028729433
0.579945470598317,-0.15928322333709,-0.756190303622898,0.91547352695996
0.580053874830721,-0.126328562526028,-0.776879788323822,0.903208350849857
0.580162279063125,-0.0932273883889039,-0.796668330023055,0.889895718411971
0.580270683295529,-0.060018080105541,-0.815532992889516,0.875551072995058
0.580379087527933,-0.0267391620429401,-0.833451882478114,0.860191044521039
0.580487491760337,0.00657078039927694,-0.850404231022315,0.843833450623005
0.580595895992741,0.0398731068316354,-0.866370362817355,0.826497255985691
0.58066350920369,0.0606240359817321,-0.875821433502302,0.815197397520545
0.580731122414638,0.0813474426164531,-0.884877270673251,0.80352982805681
0.580798735625587,0.102034068929429,-0.893533834340677,0.791499765411226
0.580866348836535,0.122674583387238,-0.901787212347233,0.779112628960014
0.580958508079042,0.150716807406122,-0.912380655384462,0.761663847978318
0.581050667321549,0.178632778901139,-0.922209357333326,0.743576578432179
0.581110867223868,0.196789042780773,-0.928212926588217,0.73142388380746
0.581171067126186,0.214874826738206,-0.933884465363708,0.719009638625504
0.581231267028504,0.232883718753791,-0.939221970245996,0.706338251492214
0.581291466930823,0.250809264258623,-0.944223520024355,0.693414255765703
0.58136396719315,0.272277598941466,-0.949798514718776,0.6775209157773
0.581436467455477,0.293604686969598,-0.954880784612674,0.661276097643054
0.581508967717803,0.31477947706054,-0.959467706832973,0.644688229772459
0.58158146798013,0.335790959778525,-0.963556887584671,0.627765927806147
0.581653968242457,0.35662825315959,-0.967146219355707,0.610517966196087
0.581726468504784,0.377280527762104,-0.970233827278509,0.592953299516387
0.581814635792574,0.402130600301515,-0.973310242438056,0.571179642136513
0.581902803080364,0.426672235820764,-0.975639968910839,0.548967733090116
0.581990970368155,0.450886583083634,-0.977221229529473,0.526334646445845
0.582079137655945,0.474755040136418,-0.978052798295953,0.503297758159522
0.582167304943735,0.498259298206104,-0.97813404842391,0.479874750217785
0.582255472231526,0.521381312788874,-0.97746490605166,0.456083593262779
0.582343639519316,0.544103352871451,-0.976045895438211,0.43194254256676
0.582431806807106,0.56640797711829,-0.973878094410207,0.407470117291902
0.582519974094896,0.58827808233461,-0.970963176449609,0.382685094114975
0.582628378327223,0.614547167042908,-0.966358543862235,0.351811376819306
0.582736782559549,0.640103716485466,-0.960633204283543,0.32052948779808
0.582845186791875,0.664918001620687,-0.953793807478373,0.28887580585767
0.582953591024201,0.688961232972724,-0.945848296330685,0.256887063357951
0.583061995256528,0.712205497227191,-0.936805880802446,0.224600383575204
0.583170399488854,0.734623847715731,-0.92667705302087,0.19205320530514
0.58327880372118,0.756190265112656,-0.915473553333313,0.159283288220622
0.583387207953507,0.776879751525286,-0.903208379280174,0.126328627754895
0.583495612185833,0.796668294983035,-0.889895748872001,0.0932274538889442
0.583604016418159,0.815532959652931,-0.875551105455088,0.0600181458021418
0.583712420650485,0.833451851087784,-0.860191078949071,0.0267392278612683
0.583820824882812,0.850404201518952,-0.843833486984691,-0.00657071453429486
0.583929229115138,0.866370335239505,-0.826497294244382,-0.0398730409951332
0.583996842392011,0.875821416173217,-0.815197425737411,-0.0606239904358031
0.584064455668884,0.884877262831338,-0.80352984550351,-0.0813474173278077
0.584132068945758,0.893533835212064,-0.791499771374674,-0.102034063837404
0.584199682222631,0.901787221146558,-0.779112622742631,-0.122674598403943
0.584291841482698,0.912380665694202,-0.761663838005191,-0.150716827688999
0.584384000742764,0.922209368855511,-0.743576564471496,-0.178632804384045
0.584444200612673,0.928212934484581,-0.731423876074616,-0.19678905840997
0.584504400482582,0.933884469989762,-0.71900963740633,-0.214874832583432
0.584564600352491,0.939221971960619,-0.706338257065333,-0.232883714895294
0.5846248002224,0.944223519189461,-0.693414268402468,-0.250809250787005
0.584697300487239,0.949798514351478,-0.677520928062098,-0.272277586289371
0.584769800752078,0.954880784680309,-0.661276109547036,-0.293604675133276
0.584842301016917,0.959467707302518,-0.644688241267478,-0.314779466035062
0.584914801281756,0.963556888422683,-0.627765938864953,-0.335790949557727
0.584987301546595,0.967146220528382,-0.610517976792198,-0.356628243736185
0.585059801811433,0.97023382875189,-0.592953309624268,-0.377280519127606
0.585147969104526,0.973310244299596,-0.57117965105672,-0.40213059324288
0.585236136397619,0.975639971071304,-0.548967740765834,-0.426672230305522
0.585324303690712,0.977221231899124,-0.526334652823311,-0.450886579075845
0.585412470983805,0.978052800784697,-0.503297763187989,-0.474755037596715
0.585500638276897,0.978134050941578,-0.479874753849743,-0.498259297091845
0.58558880556999,0.977464908507971,-0.456083595453861,-0.521381313054116
0.585676972863083,0.976045897743009,-0.43194254327598,-0.544103354467046
0.585765140156176,0.973878096473589,-0.407470116481622,-0.566407979991986
0.585853307449269,0.970963178182083,-0.382685091750962,-0.588278086431159
0.5859617116816,0.966358545376381,-0.35181137437091,-0.614547171005485
0.586070115913932,0.960633205580447,-0.320529485272286,-0.640103720308137
0.586178520146264,0.953793808559264,-0.288875803261551,-0.664918005297715
0.586286924378596,0.945848297197145,-0.256887060698669,-0.688961236498497
0.586395328610928,0.936805881456265,-0.224600380859948,-0.71220550059631
0.58650373284326,0.926677053464122,-0.192053202541201,-0.734623850922918
0.586612137075591,0.915473553568279,-0.159283285415325,-0.756190268152954
0.586720541307923,0.903208379309408,-0.126328624915667,-0.776879754393741
0.586828945540255,0.889895748698197,-0.0932274510231977,-0.79666829767503
0.586937349772587,0.875551105081345,-0.060018142917368,-0.815532962163969
0.587045754004919,0.860191078378622,-0.0267392249649611,-0.833451853413639
0.587154158237251,0.843833486221019,0.00657071743462995,-0.850404203655655
0.587262562469582,0.826497293291178,0.0398730438919621,-0.866370337183137
0.587330175745655,0.815197424804565,0.0606239930799915,-0.875821417884559
0.587397789021727,0.803529844601287,0.081347419717201,-0.884877264318484
0.5874654022978,0.79149977051316,0.102034065970184,-0.893533836483323
0.587533015573872,0.779112621931865,0.122674600278608,-0.901787222210462
0.58762517486713,0.761663830669437,0.150716839618437,-0.912380670287883
0.587717334160387,0.743576550159051,0.178632826264553,-0.922209376423617
0.587777534002503,0.731423867063763,0.196789071830583,-0.92821293889431
0.58783773384462,0.71900963394269,0.214874837602989,-0.933884471545682
0.587897933686736,0.706338259388578,0.232883711581605,-0.939221970970177
0.587958133528853,0.693414276745971,0.250809239216875,-0.944223515962849
0.588030633793494,0.67752093658139,0.272277574711076,-0.949798511292496
0.588103134058134,0.661276118240909,0.293604663551763,-0.954880781792679
0.588175634322775,0.6446882501346,0.314779454455311,-0.959467704589916
0.588248134587416,0.627765947903802,0.335790937984808,-0.963556885888611
0.588320634852057,0.610517986001227,0.35662823217518,-0.967146218176405
0.588393135116698,0.592953319001678,0.377280507583665,-0.970233826585331
0.588481302438576,0.571179653395418,0.402130589857564,-0.973310243252957
0.588569469760455,0.548967735779697,0.42667223487742,-0.975639970657086
0.588657637082334,0.526334640243038,0.450886591385075,-0.977221231628084
0.588745804404212,0.503297742761488,0.474755057405283,-0.978052800166733
0.588833971726091,0.479874725342452,0.49825932414403,-0.978134049486457
0.58892213904797,0.456083558649231,0.521381347076859,-0.977464905726064
0.589010306369848,0.431942497975688,0.544103395170336,-0.976045893146
0.589098473691727,0.407470062505973,0.566408027069347,-0.97387808957532
0.589186641013606,0.382685028939191,0.588278139560001,-0.970963168499186
0.589295045246022,0.351811310626478,0.614547222668691,-0.96635853329516
0.589403449478439,0.320529420671621,0.640103770440333,-0.960633191111929
0.589511853710856,0.288875737881949,0.66491805383537,-0.953793791717265
0.589620257943273,0.256886994618396,0.688961283379851,-0.945848277998224
0.58972866217569,0.224600314158099,0.712205545761641,-0.936805859919705
0.589837066408107,0.192053135297679,0.73462389431431,-0.926677029611987
0.589945470640524,0.159283217710697,0.756190309714591,-0.915473527425262
0.590053874872941,0.126328556831089,0.77687979407188,-0.903208350902967
0.590162279105358,0.0932273826403177,0.79666833541802,-0.88989571805833
0.590270683337775,0.0600180743182514,0.815532997922487,-0.8755510722407
0.590379087570192,0.0267391562319912,0.833451887140503,-0.860191043372486
0.590487491802609,-0.00657078621886577,0.850404235306047,-0.843833449087162
0.590595896035026,-0.0398731126447729,0.866370366714717,-0.82649725406993
0.590663509244358,-0.0606240412847035,0.875821436932562,-0.815197395647859
0.590731122453689,-0.0813474474049566,0.884877273652787,-0.803529826247811
0.59079873566302,-0.102034073199801,0.893533836886269,-0.791499763686436
0.590866348872351,-0.122674587136539,0.901787214476058,-0.779112627339537
0.590958508181243,-0.150716831266179,0.912380664573343,-0.761663833307152
0.591050667490135,-0.178632822664481,0.922209372471364,-0.743576549806859
0.591110867336864,-0.19678906962302,0.928212935409104,-0.731423865786061
0.591171067183593,-0.214874836777026,0.933884468476566,-0.719009631699497
0.591231267030322,-0.232883712124842,0.939221968265835,-0.706338256140959
0.59129146687705,-0.250809241115432,0.944223513571399,-0.693414272455962
0.591363967138982,-0.27227757578221,0.949798508601244,-0.677520932819005
0.591436467400913,-0.293604663804152,0.954880778837937,-0.66127611503378
0.591508967662845,-0.3147794538989,0.95946770140838,-0.644688247509494
0.591581467924777,-0.335790936630767,0.963556882517324,-0.627765945886532
0.591653968186708,-0.356628230035911,0.967146214652549,-0.610517984616635
0.59172646844864,-0.377280504672805,0.97023382294639,-0.592953318273574
0.591814635793994,-0.402130593527292,0.973310240345554,-0.571179646818249
0.591902803139348,-0.426672244958894,0.975639968083112,-0.54896772312417
0.591990970484702,-0.450886607694401,0.977221228988165,-0.526334621293767
0.592079137830056,-0.474755079743891,0.978052797061025,-0.50329771731712
0.592167305175411,-0.498259352298899,0.978134045515008,-0.4798746932161
0.592255472520765,-0.52138138082097,0.977464900489658,-0.456083519668644
0.592343639866119,-0.544103434262927,0.976045886246624,-0.431942451983656
0.592431807211473,-0.566408071256236,0.973878080616743,-0.407470009360464
0.592519974556827,-0.588278188573986,0.970963157087729,-0.382684968513726
0.592628378789323,-0.614547270351161,0.966358519704567,-0.351811249353419
0.592736783021818,-0.640103816731862,0.960633175352289,-0.320529358620383
0.592845187254313,-0.664918098678223,0.953793773800964,-0.288875675122743
0.592953591486808,-0.688961326718021,0.945848257940393,-0.256886931222368
0.593061995719304,-0.712205587540675,0.936805837737799,-0.224600250197092
0.593170399951799,-0.734623934481718,0.926677005326021,-0.192053070844287
0.593278804184294,-0.756190348219566,0.915473501057661,-0.159283152838074
0.593387208416789,-0.776879830865571,0.903208322478598,-0.126328491613011
0.593495612649285,-0.796668370453581,0.889895687604588,-0.0932273171509514
0.59360401688178,-0.815533031154956,0.875551039787205,-0.0600180086322073
0.593712421114275,-0.833451918527129,0.860191008951194,-0.026739090424033
0.59382082534677,-0.85040426480606,0.843833412732463,0.00657085207364232
0.593929229579266,-0.866370394289572,0.826497215818347,0.0398731784712362
0.593996842722688,-0.875821454261015,0.815197367435527,0.0606240868255092
0.594064455866111,-0.884877281496278,0.803529808802901,0.0813474726933916
0.594132069009533,-0.893533836018443,0.791499757721962,0.102034078296477
0.594199682152956,-0.901787205682083,0.779112633552728,0.122674572129345
0.59429184144429,-0.912380654268898,0.761663843275513,0.150716810993406
0.594384000735624,-0.922209360954371,0.743576563762169,0.178632797192204
0.594444200614748,-0.928212927516347,0.731423873516341,0.196789054000024
0.594504400493871,-0.933884463852682,0.719009632919088,0.214874830933607
0.594564600372995,-0.939221966552028,0.706338250571263,0.232883715980792
0.594624800252119,-0.944223514405994,0.693414259825834,0.250809254580172
0.594697300511527,-0.94979850896752,0.677520920543358,0.272277588424202
0.594769800770936,-0.954880778768768,0.661276103141642,0.293604675627185
0.594842301030344,-0.959467700936997,0.644688236029047,0.314779464907939
0.594914801289752,-0.963556881677204,0.627765934845186,0.335790946832021
0.594987301549161,-0.967146213477646,0.610517974040919,0.356628239436762
0.595059801808569,-0.970233821471009,0.592953308189207,0.377280513281831
0.595147969148604,-0.973310238482161,0.571179637926081,0.402130600556104
0.59523613648864,-0.975639965921288,0.548967715481195,0.426672250440131
0.595324303828675,-0.977221226618014,0.526334614953893,0.450886611664149
0.59541247116871,-0.978052794572815,0.503297712331179,0.474755082241657
0.595500638508745,-0.978134042999295,0.479874689631755,0.498259353367529
0.59558880584878,-0.977464898036953,0.456083517530353,0.521381380506597
0.595676973188815,-0.976045883947321,0.431942451332494,0.544103432614809
0.59576514052885,-0.97387807856104,0.407470010234184,0.566408068326857
0.595853307868886,-0.970963155365412,0.38268497094661,0.588278184418831
0.595961712101374,-0.966358518203133,0.351811251871904,0.614547266331223
0.596070116333863,-0.960633174070591,0.320529361217395,0.640103812853211
0.596178520566352,-0.953793772737802,0.288875677791155,0.664918094946686
0.59628692479884,-0.945848257094152,0.256886933954936,0.688961323139199
0.596395329031329,-0.936805837106691,0.224600252986547,0.71220558412017
0.596503733263818,-0.926677004907983,0.192053073683252,0.73462393122474
0.596612137496306,-0.915473500850431,0.159283155719153,0.75619034513129
0.596720541728795,-0.903208322479653,0.126328494528697,0.776879827950925
0.596828945961284,-0.889895687811011,0.0932273200937364,0.796668367717268
0.596937350193773,-0.87555104019603,0.0600180115944979,0.815533028601525
0.597045754426261,-0.86019100955922,0.026739093398302,0.833451916160908
0.59715415865875,-0.843833413536111,-0.00657084909502284,0.850404262631119
0.597262562891239,-0.826497216813908,-0.0398731754958902,0.86637039230979
0.597330176035538,-0.815197368399181,-0.060624084126191,0.875821452525366
0.597397789179837,-0.803529809723587,-0.0813474702722292,0.884877279995798
0.597465402324136,-0.791499758588686,-0.10203407615524,0.893533834743927
0.597533015468436,-0.779112634354761,-0.122674570269423,0.901787204624162
0.597625174726607,-0.76166385059661,-0.150716799087226,0.912380649683813
0.597717333984779,-0.743576578053745,-0.178632775343375,0.922209353397106
0.597777533891655,-0.731423882514118,-0.196789040598798,0.928212923112881
0.597837733798531,-0.719009636377693,-0.214874825921241,0.933884462298944
0.597897933705407,-0.706338248251503,-0.23288371928956,0.939221967541062
0.597958133612283,-0.693414251494608,-0.250809266133408,0.944223517627971
0.598030633871907,-0.677520912032635,-0.27227759999096,0.949798512023579
0.598103134131531,-0.661276094452433,-0.293604687202468,0.954880781654934
0.598175634391156,-0.644688227162542,-0.314779476486701,0.95946770364925
0.59824813465078,-0.627765925802682,-0.33579095840913,0.96355688421183
0.598320634910405,-0.610517964823886,-0.356628251007014,0.967146215830891
0.598393135170029,-0.592953298799216,-0.37728052483997,0.970233823639181
0.598481302481317,-0.571179635564796,-0.402130603966345,0.973310239531152
0.598569469792605,-0.548967720434384,-0.426672245903577,0.975639966337948
0.598657637103894,-0.526334627490484,-0.450886599400375,0.977221226890838
0.598745804415182,-0.503297732702989,-0.47475506248832,0.978052795191331
0.59883397172647,-0.479874718073029,-0.498259326379988,0.978134044453
0.598922139037758,-0.456083554257328,-0.521381346557509,0.977464900814833
0.599010306349047,-0.431942496543255,-0.54410339199376,0.976045888536984
0.599098473660335,-0.407470064108227,-0.566408021339929,0.973878085448138
0.599186640971623,-0.382685033644476,-0.588278131388112,0.970963165032595
0.599295045204027,-0.351811315500652,-0.614547214763669,0.966358530264315
0.599403449436432,-0.320529425700728,-0.640103762814055,0.960633188514784
0.599511853668836,-0.288875743051897,-0.664918046499373,0.953793789551266
0.59962025790124,-0.256886999914952,-0.688961276345351,0.945848276260269
0.599728662133644,-0.224600319566885,-0.712205539039449,0.936805858606275
0.599837066366048,-0.19205314080414,-0.734623887914903,0.926677028719041
0.599945470598453,-0.159283223300191,-0.756190303648019,0.915473526948209
0.600053874830857,-0.126328562488852,-0.776879788347914,0.903208350836765
0.600162279063261,-0.0932273883515032,-0.796668330046055,0.889895718397513
0.600270683295665,-0.0600180800679587,-0.815532992911353,0.875551072979296
0.600379087528069,-0.0267391620052412,-0.833451882498785,0.860191044504016
0.600487491760474,0.00657078043705151,-0.850404231041798,0.843833450604723
0.600595895992878,0.0398731068694353,-0.866370362835571,0.826497255966145
0.600663509203795,0.0606240360097685,-0.875821433515424,0.815197397505623
0.600731122414712,0.0813474426347579,-0.884877270681648,0.803529828046854
0.600798735625628,0.102034068938005,-0.893533834344654,0.791499765406612
0.600866348836545,0.122674583386132,-0.901787212347168,0.779112628961049
0.600958508079084,0.150716807414735,-0.912380655387894,0.761663847973091
0.601050667321623,0.178632778919347,-0.922209357339651,0.743576578420284
0.601110867223919,0.196789042792094,-0.928212926591965,0.731423883799869
0.601171067126215,0.214874826742689,-0.933884465365105,0.719009638622402
0.60123126702851,0.232883718751503,-0.939221970245335,0.706338251493798
0.601291466930806,0.250809264249589,-0.944223520021787,0.693414255772172
0.601363967193132,0.272277598932162,-0.949798514716279,0.677520915784089
0.601436467455458,0.29360468696001,-0.954880784610164,0.661276097650145
0.601508967717784,0.314779477050691,-0.9594677068306,0.644688229779897
0.60158146798011,0.335790959768411,-0.963556887582367,0.627765927813919
0.601653968242436,0.356628253149238,-0.967146219353453,0.610517966204213
0.601726468504761,0.377280527751522,-0.970233827276414,0.59295329952485
0.601814635792583,0.402130600299816,-0.973310242437061,0.571179642137206
0.601902803080405,0.42667223582774,-0.975639968910528,0.548967733082775
0.601990970368226,0.450886583099063,-0.977221229529235,0.526334646430162
0.602079137656048,0.474755040159991,-0.978052798295223,0.503297758135233
0.60216730494387,0.498259298237574,-0.978134048422234,0.479874750184651
0.602255472231692,0.521381312827929,-0.977464906048465,0.45608359322052
0.602343639519513,0.544103352917743,-0.976045895432947,0.431942542515192
0.602431806807335,0.566407977171497,-0.973878094402382,0.407470117230842
0.602519974095157,0.588278082394416,-0.970963176438643,0.382685094044223
0.602628378327483,0.614547167100957,-0.966358543848604,0.351811376747596
0.602736782559809,0.640103716541738,-0.960633204267259,0.320529487725507
0.602845186792135,0.664918001675092,-0.953793807459408,0.288875805784318
0.602953591024461,0.688961233025195,-0.94584829630909,0.256887063283918
0.603061995256787,0.712205497277689,-0.936805880778266,0.224600383500567
0.603170399489113,0.73462384776414,-0.926677052994172,0.19205320522999
0.603278803721439,0.756190265159008,-0.915473553304071,0.159283288145038
0.603387207953765,0.776879751569447,-0.903208379248491,0.126328627678996
0.603495612186091,0.79666829502499,-0.889895748837832,0.0932274538128083
0.603604016418417,0.815532959692579,-0.875551105418477,0.0600181457258602
0.603712420650743,0.83345185112515,-0.860191078910106,0.0267392277849392
0.603820824883069,0.850404201553972,-0.84383348694342,-0.00657071461058672
0.603929229115395,0.866370335272117,-0.826497294200847,-0.0398730410712935
0.603996842392192,0.875821416193923,-0.815197425705398,-0.0606239904885448
0.60406445566899,0.884877262841039,-0.803529845483851,-0.0813474173571696
0.604132068945787,0.89353383521159,-0.791499771368154,-0.102034063843478
0.604199682222584,0.901787221136898,-0.779112622750104,-0.122674598386804
0.604291841482665,0.912380665686471,-0.76166383801028,-0.150716827676197
0.604384000742746,0.922209368849499,-0.743576564473997,-0.178632804375563
0.604444200612667,0.928212934479878,-0.731423876074732,-0.196789058405124
0.604504400482588,0.933884469986154,-0.719009637403985,-0.214874832582195
0.604564600352509,0.939221971958023,-0.706338257060415,-0.232883714897625
0.60462480022243,0.944223519187724,-0.693414268394883,-0.250809250792866
0.60469730048727,0.949798514349644,-0.67752092805405,-0.272277586295625
0.604769800752111,0.954880784678356,-0.661276109538475,-0.2936046751399
0.604842301016951,0.959467707300444,-0.644688241258419,-0.31477946604205
0.604914801281791,0.963556888420445,-0.627765938855355,-0.335790949565083
0.604987301546632,0.967146220525988,-0.610517976782111,-0.35662824374388
0.605059801811472,0.970233828749237,-0.592953309613628,-0.377280519135633
0.605147969104609,0.973310244297981,-0.571179651034968,-0.402130593263055
0.605236136397745,0.975639971069997,-0.548967740732536,-0.426672230337487
0.605324303690882,0.977221231897322,-0.526334652778095,-0.450886579119271
0.605412470984018,0.978052800781679,-0.503297763130486,-0.474755037651215
0.605500638277155,0.978134050936566,-0.479874753779601,-0.498259297156985
0.605588805570291,0.977464908500272,-0.456083595370824,-0.521381313129469
0.605676972863428,0.976045897731899,-0.43194254317969,-0.544103354552176
0.605765140156564,0.973878096458283,-0.407470116371855,-0.566407980086443
0.605853307449701,0.970963178161856,-0.382685091627481,-0.588278086534381
0.605961711682034,0.966358545351596,-0.351811374245329,-0.614547171106255
0.606070115914367,0.960633205551114,-0.320529485144785,-0.640103720406302
0.6061785201467,0.953793808525386,-0.288875803132219,-0.664918005393168
0.606286924379034,0.945848297158715,-0.256887060567656,-0.688961236591098
0.606395328611367,0.936805881413318,-0.224600380727405,-0.712205500685905
0.6065037328437,0.926677053416676,-0.192053202407273,-0.734623851009389
0.606612137076033,0.91547355351633,-0.159283285280177,-0.756190268236159
0.606720541308366,0.903208379253037,-0.12632862477943,-0.776879754473589
0.606828945540699,0.889895748637398,-0.0932274508860281,-0.796668297751375
0.606937349773033,0.875551105016179,-0.0600181427794253,-0.815532962236749
0.607045754005366,0.860191078309092,-0.0267392248264031,-0.833451853482682
0.607154158237699,0.843833486147205,0.00657071757364572,-0.85040420372088
0.607262562470032,0.82649729321316,0.0398730440312796,-0.866370337244434
0.607330175745966,0.815197424747532,0.0606239931767995,-0.875821417924335
0.607397789021901,0.803529844566778,0.08134741977155,-0.88487726433833
0.607465402297835,0.791499770502636,0.102034065982211,-0.893533836484889
0.60753301557377,0.779112621946851,0.122674600248507,-0.901787222195348
0.607625174867017,0.761663830687084,0.150716839585444,-0.912380670272522
0.607717334160264,0.743576550179407,0.178632826228731,-0.922209376408129
0.607777534002427,0.731423867075215,0.196789071808822,-0.928212938884022
0.60783773384459,0.719009633944866,0.214874837595175,-0.93388447154004
0.607897933686752,0.706338259381062,0.232883711587624,-0.939221970968673
0.607958133528915,0.693414276728374,0.250809239236583,-0.944223515964949
0.608030633793551,0.677520936564659,0.272277574729135,-0.949798511293799
0.608103134058186,0.661276118225011,0.293604663568209,-0.954880781793244
0.608175634322822,0.644688250119647,0.314779454470156,-0.959467704589806
0.608248134587458,0.627765947889844,0.335790937998074,-0.963556885887944
0.608320634852093,0.610517985988328,0.35662823218687,-0.967146218175167
0.608393135116729,0.592953318989885,0.377280507593802,-0.970233826583659
0.608481302438598,0.571179653385823,0.402130589864924,-0.973310243250757
0.608569469760467,0.548967735772407,0.426672234882073,-0.975639970654481
0.608657637082336,0.526334640238144,0.450886591387078,-0.977221231625233
0.608745804404206,0.503297742759101,0.474755057404738,-0.978052800163798
0.608833971726075,0.479874725342669,0.498259324140966,-0.978134049483658
0.608922139047944,0.456083558652099,0.521381347071384,-0.977464905723488
0.609010306369813,0.431942497981278,0.544103395162564,-0.976045893143839
0.609098473691682,0.407470062514365,0.56640802705935,-0.973878089573688
0.609186641013551,0.382685028950429,0.58827813954791,-0.970963168498287
0.609295045245967,0.35181131063826,0.614547222656666,-0.966358533294923
0.609403449478383,0.320529420683921,0.640103770428396,-0.960633191112332
0.609511853710799,0.28887573789477,0.664918053823563,-0.953793791718335
0.609620257943215,0.25688699463172,0.688961283368219,-0.945848277999969
0.60972866217563,0.224600314171919,0.712205545750231,-0.936805859922139
0.609837066408046,0.192053135311965,0.73462389430315,-0.926677029615141
0.609945470640462,0.159283217725435,0.756190309703671,-0.915473527429068
0.610053874872878,0.126328556846273,0.776879794061227,-0.903208350907517
0.610162279105294,0.0932273826559113,0.796668335407733,-0.889895718063657
0.61027068333771,0.0600180743342443,0.815532997912544,-0.875551072246764
0.610379087570126,0.0267391562483569,0.83345188713102,-0.860191043379362
0.610487491802542,-0.00657078620214215,0.85040423529701,-0.843833449094814
0.610595896034957,-0.0398731126277281,0.8663703667061,-0.826497254078325
0.610663509244305,-0.0606240412726139,0.875821436926533,-0.815197395653884
0.610731122453652,-0.0813474473978265,0.884877273649215,-0.803529826251351
0.610798735662999,-0.102034073197605,0.893533836884893,-0.791499763687265
0.610866348872347,-0.122674587139271,0.901787214476758,-0.779112627337428
0.610958508181204,-0.150716831258497,0.912380664570263,-0.761663833311746
0.611050667490062,-0.178632822646484,0.922209372465095,-0.743576549818562
0.611110867336815,-0.196789069612256,0.92821293540553,-0.731423865793232
0.611171067183567,-0.214874836773419,0.933884468475421,-0.719009631701999
0.61123126703032,-0.232883712128376,0.939221968266864,-0.70633825613847
0.611291466877072,-0.250809241126016,0.944223513574354,-0.693414272448363
0.611363967138992,-0.272277575789236,0.949798508603171,-0.677520932813895
0.611436467400912,-0.293604663807679,0.95488077883899,-0.661276115031297
0.611508967662831,-0.31477945389896,0.959467701408745,-0.644688247509771
0.611581467924751,-0.335790936627432,0.963556882517161,-0.6277659458897
0.611653968186671,-0.356628230029234,0.967146214652022,-0.610517984622753
0.61172646844859,-0.377280504662873,0.97023382294564,-0.592953318282758
0.611814635793905,-0.402130593506571,0.973310240344045,-0.571179646837436
0.611902803139221,-0.426672244927693,0.97563996808147,-0.548967723153729
0.611990970484536,-0.450886607653038,0.977221228987091,-0.526334621334048
0.612079137829851,-0.474755079692691,0.978052797061135,-0.503297717368428
0.612167305175166,-0.498259352238265,0.978134045517043,-0.479874693278756
0.612255472520481,-0.521381380751275,0.977464900494194,-0.456083519742917
0.612343639865796,-0.544103434184548,0.976045886254324,-0.431942452069771
0.612431807211111,-0.566408071169646,0.973878080628375,-0.407470009458722
0.612519974556426,-0.588278188479624,0.970963157103911,-0.382684968624256
0.612628378788922,-0.614547270259347,0.966358519724916,-0.351811249465558
0.612736783021417,-0.640103816642726,0.960633175376727,-0.320529358733986
0.612845187253912,-0.664918098591851,0.953793773829556,-0.288875675237696
0.612953591486407,-0.688961326634512,0.94584825797305,-0.256886931338501
0.613061995718902,-0.712205587460195,0.936805837774509,-0.224600250314293
0.613170399951397,-0.734623934404301,0.92667700536677,-0.1920530709624
0.613278804183892,-0.756190348145336,0.915473501102381,-0.159283152956995
0.613387208416388,-0.776879830794665,0.903208322527226,-0.12632849173257
0.613495612648883,-0.79666837038602,0.88989568765706,-0.0932273172710098
0.613604016881378,-0.815533031090857,0.875551039843469,-0.0600180087526106
0.613712421113873,-0.833451918466578,0.860191009011282,-0.0267390905446765
0.613820825346368,-0.850404264749084,0.843833412796188,0.00657085195291995
0.613929229578863,-0.86637039423626,0.826497215885681,0.0398731783505864
0.613996842722402,-0.875821454225976,0.815197367485289,0.0606240867407238
0.614064455865941,-0.884877281478208,0.803529808833789,0.0813474726444254
0.614132069009481,-0.893533836015929,0.791499757732696,0.10203407828323
0.61419968215302,-0.901787205693771,0.779112633542132,0.122674572151669
0.614291841444342,-0.912380654278789,0.761663843266662,0.150716811012124
0.614384000735664,-0.922209360962613,0.743576563755303,0.178632797207332
0.614444200614769,-0.928212927522477,0.731423873513227,0.196789054009283
0.614504400493873,-0.933884463856931,0.719009632919903,0.214874830937019
0.614564600372977,-0.939221966554642,0.706338250576228,0.232883715978422
0.614624800252082,-0.944223514407128,0.693414259835084,0.250809254572054
0.614697300511502,-0.94979850896982,0.677520920550158,0.272277588419655
0.614769800770922,-0.954880778772026,0.661276103145871,0.293604675626171
0.614842301030343,-0.959467700941023,0.644688236030588,0.314779464910421
0.614914801289763,-0.963556881681897,0.627765934843956,0.33579094683795
0.614987301549183,-0.967146213482837,0.610517974036775,0.356628239446058
0.615059801808603,-0.970233821476462,0.592953308182021,0.37728051329443
0.615147969148621,-0.973310238486781,0.571179637923229,0.402130600563541
0.615236136488638,-0.975639965925383,0.54896771548284,0.426672250442554
0.615324303828655,-0.977221226621838,0.526334614960242,0.450886611661636
0.615412471168672,-0.978052794576776,0.503297712342366,0.474755082234411
0.615500638508689,-0.97813404300361,0.479874689647929,0.498259353355693
0.615588805848706,-0.977464898041923,0.456083517551606,0.521381380490326
0.615676973188723,-0.976045883953259,0.431942451359009,0.544103432594284
0.615765140528741,-0.973878078568306,0.407470010266059,0.566408068302261
0.615853307868758,-0.970963155374306,0.382684970983922,0.588278184390372
0.615961712101248,-0.966358518213261,0.351811251909361,0.614547266303883
0.616070116333738,-0.960633174081938,0.320529361254929,0.640103812827019
0.616178520566228,-0.953793772750367,0.288875677828722,0.664918094921636
0.616286924798718,-0.945848257107879,0.25688693399248,0.688961323115369
0.616395329031208,-0.93680583712151,0.224600253024014,0.712205584097495
0.616503733263698,-0.926677004923872,0.1920530737206,0.734623931203294
0.616612137496188,-0.915473500867374,0.159283155756315,0.756190345111052
0.616720541728678,-0.90320832249754,0.126328494565652,0.776879827931879
0.616828945961168,-0.889895687829892,0.0932273201304162,0.796668367699484
0.616937350193658,-0.87555104021583,0.0600180116308817,0.815533028584946
0.617045754426148,-0.860191009579879,0.0267390934343268,0.833451916145565
0.617154158658638,-0.84383341355758,-0.00657084905938747,0.850404262616985
0.617262562891128,-0.826497216836197,-0.0398731754606806,0.866370392296871
0.617330176035463,-0.81519736841597,-0.0606240841020508,0.875821452518011
0.617397789179799,-0.80352980973448,-0.0813474702591518,0.884877279993623
0.617465402324134,-0.791499758593277,-0.102034076153194,0.893533834746459
0.617533015468469,-0.779112634352658,-0.122674570278333,0.901787204630955
0.617625174726641,-0.761663850594201,-0.150716799096232,0.912380649690423
0.617717333984814,-0.743576578051005,-0.178632775352464,0.922209353403469
0.617777533891678,-0.731423882513579,-0.196789040604382,0.928212923117948
0.617837733798542,-0.719009636379501,-0.214874825923327,0.93388446230281
0.617897933705407,-0.706338248255675,-0.232883719288197,0.939221967543861
0.617958133612271,-0.69341425150129,-0.250809266128613,0.944223517629891
0.618030633871883,-0.677520912042158,-0.27227759998249,0.949798512024655
0.618103134131495,-0.661276094464933,-0.29360468719037,0.954880781655276
0.618175634391106,-0.644688227178105,-0.314779476471027,0.959467703649143
0.618248134650718,-0.627765925821472,-0.335790958389939,0.963556884211387
0.61832063491033,-0.610517964845957,-0.356628250984398,0.967146215830335
0.618393135169942,-0.592953298824652,-0.377280524813982,0.970233823638624
0.618481302481226,-0.571179635591611,-0.402130603939603,0.9733102395312
0.618569469792511,-0.548967720462593,-0.426672245876108,0.975639966338742
0.618657637103795,-0.526334627520136,-0.450886599372238,0.97722122689238
0.61874580441508,-0.503297732734071,-0.474755062459562,0.978052795193669
0.618833971726364,-0.479874718105525,-0.498259326350651,0.978134044456172
0.618922139037649,-0.456083554291324,-0.521381346527646,0.977464900818965
0.619010306348933,-0.43194249657871,-0.544103391963465,0.97604588854218
0.619098473660218,-0.407470064145171,-0.566408021309217,0.97387808545439
0.619186640971502,-0.382685033682899,-0.588278131357073,0.970963165039937
0.619295045203905,-0.351811315539745,-0.61454721473324,0.966358530273
0.619403449436309,-0.320529425740505,-0.64010376278426,0.960633188524759
0.619511853668712,-0.288875743092307,-0.664918046470278,0.953793789562552
0.619620257901116,-0.256886999955929,-0.688961276316968,0.94584827627292
0.619728662133519,-0.224600319608414,-0.712205539011848,0.936805858620226
0.619837066365923,-0.192053140846195,-0.734623887888097,0.926677028734272
0.619945470598326,-0.159283223342706,-0.75619030362208,0.915473526964796
0.620053874830729,-0.126328562531799,-0.776879788322891,0.903208350854655
0.620162279063133,-0.0932273883948476,-0.796668330021962,0.889895718416766
0.620270683295536,-0.0600180801116336,-0.815532992888197,0.875551072999825
0.62037908752794,-0.0267391620492133,-0.833451882476667,0.860191044525854
0.620487491760343,0.00657078039283497,-0.850404231020751,0.843833450627901
0.620595895992747,0.0398731068250265,-0.866370362815635,0.826497255990575
0.620663509203707,0.0606240359788104,-0.875821433502182,0.815197397523396
0.620731122414668,0.0813474426172416,-0.884877270674637,0.803529828057379
0.620798735625628,0.102034068933899,-0.893533834343402,0.791499765409516
0.620866348836589,0.122674583395363,-0.901787212351165,0.779112628955778
0.620958508079164,0.150716807434765,-0.912380655395431,0.761663847960636
0.621050667321738,0.178632778950049,-0.922209357350225,0.743576578400155
0.621110867223995,0.196789042810867,-0.928212926598138,0.731423883787225
0.621171067126252,0.214874826749609,-0.93388446536724,0.71900963861763
0.621231267028508,0.232883718746652,-0.939221970243875,0.706338251497181
0.621291466930765,0.250809264233105,-0.944223520017211,0.693414255784073
0.621363967193096,0.272277598917449,-0.949798514712376,0.677520915794915
0.621436467455428,0.293604686947086,-0.954880784606963,0.661276097659832
0.62150896771776,0.314779477039516,-0.959467706827901,0.644688229788388
0.621581467980091,0.335790959758969,-0.96355688758012,0.627765927821134
0.621653968242423,0.3566282531415,-0.967146219351611,0.610517966210117
0.621726468504755,0.377280527745446,-0.970233827274866,0.592953299529445
0.621814635792614,0.402130600304381,-0.973310242436768,0.5711796421324
0.621902803080474,0.42667223584265,-0.975639968910825,0.548967733068152
0.621990970368333,0.45088658312402,-0.977221229529465,0.526334646405425
0.622079137656193,0.474755040194687,-0.978052798294742,0.503297758100054
0.622167304944052,0.498259298281667,-0.978134048420389,0.47987475013871
0.622255472231912,0.521381312881065,-0.977464906044614,0.456083593163559
0.622343639519771,0.544103352979517,-0.97604589542647,0.431942542446934
0.622431806807631,0.566407977241525,-0.973878094392586,0.407470117151071
0.62251997409549,0.588278082472245,-0.970963176424986,0.382685093952731
0.622628378327816,0.614547167176489,-0.966358543831466,0.351811376654967
0.622736782560141,0.640103716614873,-0.960633204246793,0.320529487631891
0.622845186792467,0.664918001745729,-0.953793807435563,0.288875805689807
0.622953591024792,0.6889612330933,-0.945848296281935,0.256887063188626
0.623061995257117,0.712205497343192,-0.93680588074781,0.224600383404619
0.623170399489443,0.734623847826957,-0.926677052960476,0.192053205133504
0.623278803721768,0.756190265219037,-0.915473553267233,0.15928328804815
0.623387207954094,0.77687975162667,-0.90320837920851,0.126328627581813
0.623495612186419,0.796668295079312,-0.889895748794807,0.0932274537154259
0.623604016418744,0.815532959744001,-0.875551105372419,0.0600181456284193
0.62371242065107,0.833451851173526,-0.860191078861116,0.0267392276875469
0.623820824883395,0.850404201599331,-0.843833486891552,-0.00657071470780941
0.62392922911572,0.86637033531436,-0.82649729414617,-0.0398730411682243
0.623996842392424,0.875821416221438,-0.815197425664887,-0.0606239905565761
0.624064455669127,0.884877262854872,-0.803529845458562,-0.0813474173963367
0.62413206894583,0.893533835212897,-0.79149977135907,-0.102034063853855
0.624199682222533,0.901787221126766,-0.779112622758253,-0.12267459836852
0.624291841482633,0.912380665678798,-0.761663838015234,-0.150716827663568
0.624384000742732,0.922209368843994,-0.743576564475463,-0.178632804368553
0.624444200612663,0.928212934475383,-0.731423876074375,-0.19678905840103
0.624504400482593,0.93388446998256,-0.719009637401574,-0.214874832580997
0.624564600352524,0.939221971955177,-0.706338257055948,-0.232883714899284
0.624624800222455,0.944223519185587,-0.69341426838823,-0.250809250797366
0.624697300487286,0.949798514346642,-0.677520928049392,-0.272277586297274
0.624769800752116,0.954880784674623,-0.661276109535903,-0.293604675138734
0.624842301016947,0.959467707296118,-0.644688241258035,-0.314779466038102
0.624914801281778,0.963556888415626,-0.627765938857216,-0.33579094955839
0.624987301546609,0.967146220520837,-0.610517976786311,-0.356628243734505
0.62505980181144,0.970233828743879,-0.592953309620264,-0.377280519123613
0.625147969104582,0.973310244293048,-0.571179651040476,-0.402130593252585
0.625236136397723,0.975639971065446,-0.548967740736871,-0.42667223032856
0.625324303690865,0.977221231893004,-0.526334652781163,-0.450886579111842
0.625412470984007,0.978052800777537,-0.503297763132269,-0.474755037645261
0.625500638277149,0.97813405093252,-0.479874753780065,-0.498259297152469
0.62558880557029,0.977464908496172,-0.456083595369866,-0.521381313126332
0.625676972863432,0.976045897727665,-0.431942543177337,-0.54410335455037
0.625765140156574,0.973878096453891,-0.407470116367994,-0.566407980085893
0.625853307449716,0.970963178157229,-0.38268509162212,-0.588278086535111
0.625961711682048,0.966358545346838,-0.351811374240263,-0.614547171106605
0.62607011591438,0.96063320554628,-0.320529485139984,-0.640103720406319
0.626178520146712,0.953793808520497,-0.288875803127719,-0.664918005392804
0.626286924379044,0.945848297153832,-0.256887060563451,-0.688961236590372
0.626395328611376,0.936805881408404,-0.224600380723505,-0.712205500684905
0.626503732843708,0.926677053411798,-0.192053202403702,-0.73462385100809
0.62661213707604,0.915473553511498,-0.159283285276929,-0.756190268234576
0.626720541308372,0.903208379248216,-0.126328624776501,-0.776879754471744
0.626828945540704,0.889895748632735,-0.0932274508834404,-0.796668297749269
0.626937349773036,0.875551105011577,-0.0600181427771848,-0.815532962234417
0.627045754005368,0.860191078304628,-0.02673922482451,-0.83345185348014
0.6271541582377,0.843833486142899,0.00657071757519564,-0.850404203718094
0.627262562470032,0.826497293209029,0.0398730440324872,-0.866370337241519
0.627330175745964,0.815197424743919,0.0606239931770859,-0.87582141792099
0.627397789021895,0.80352984456369,0.0813474197709303,-0.884877264334644
0.627465402297827,0.791499770500151,0.102034065980684,-0.893533836480838
0.627533015573758,0.77911262194492,0.122674600246068,-0.901787222191021
0.627625174866981,0.761663830690021,0.15071683957551,-0.91238067026552
0.627717334160203,0.743576550187564,0.178632826211383,-0.92220937639893
0.627777534002388,0.731423867079216,0.196789071798086,-0.928212938877269
0.627837733844572,0.719009633944492,0.214874837590993,-0.93388447153548
0.627897933686756,0.70633825937614,0.232883711589967,-0.939221970966093
0.627958133528941,0.693414276718736,0.250809239245382,-0.944223515964075
0.62803063379357,0.677520936556254,0.272277574736049,-0.949798511292289
0.6281031340582,0.66127611821796,0.293604663573233,-0.954880781791156
0.628175634322829,0.644688250113977,0.314779454473318,-0.959467704587269
0.628248134587458,0.62776594788564,0.335790937999398,-0.963556885885051
0.628320634852088,0.610517985985641,0.356628232186388,-0.967146218171998
0.628393135116717,0.592953318988737,0.377280507591549,-0.970233826580324
0.628481302438579,0.571179653386605,0.402130589860657,-0.973310243247268
0.62856946976044,0.548967735775144,0.426672234875852,-0.975639970650995
0.628657637082302,0.526334640242914,0.450886591378962,-0.977221231621893
0.628745804404164,0.503297742765951,0.474755057394774,-0.978052800160706
0.628833971726026,0.479874725351646,0.498259324129256,-0.978134049480911
0.628922139047888,0.456083558663267,0.521381347057984,-0.977464905721242
0.629010306369749,0.4319424979947,0.544103395147543,-0.97604589314219
0.629098473691611,0.407470062530064,0.566408027042818,-0.973878089572852
0.629186641013473,0.382685028968435,0.588278139529924,-0.97096316849835
0.62929504524589,0.351811310656187,0.614547222639464,-0.966358533295674
0.629403449478307,0.320529420701753,0.640103770412071,-0.960633191113813
0.629511853710725,0.288875737912459,0.664918053808057,-0.953793791720468
0.629620257943142,0.256886994649221,0.688961283353564,-0.945848278002754
0.629728662175559,0.224600314189206,0.712205545736342,-0.936805859925528
0.629837066407976,0.192053135329026,0.734623894290111,-0.926677029619107
0.629945470640393,0.159283217742224,0.75619030969146,-0.915473527433674
0.630053874872811,0.126328556862745,0.776879794049852,-0.903208350912592
0.630162279105228,0.093227382672063,0.796668335397192,-0.889895718069193
0.630270683337645,0.0600180743500428,0.815532997902742,-0.875551072252769
0.630379087570062,0.026739156263766,0.833451887121999,-0.860191043385746
0.630487491802479,-0.00657078618714173,0.850404235288757,-0.843833449101586
0.630595896034897,-0.0398731126131548,0.866370366698637,-0.826497254085452
0.630663509244255,-0.060624041261485,0.87582143692095,-0.815197395659446
0.630731122453614,-0.0813474473901334,0.884877273645337,-0.803529826255192
0.630798735662972,-0.102034073193371,0.893533836882691,-0.79149976368929
0.630866348872331,-0.122674587138454,0.901787214476003,-0.779112627337531
0.630958508181149,-0.150716831245681,0.912380664565274,-0.76166383331958
0.631050667489967,-0.17863282262179,0.922209372456486,-0.743576549834674
0.63111086733675,-0.196789069596841,0.928212935400418,-0.731423865803592
0.631171067183533,-0.214874836767235,0.933884468473506,-0.719009631706278
0.631231267030316,-0.232883712131299,0.939221968267738,-0.706338256136406
0.631291466877099,-0.250809241138004,0.94422351357771,-0.693414272439692
0.631363967139025,-0.272277575803184,0.949798508606831,-0.67752093280363
0.631436467400952,-0.29360466382355,0.954880778842934,-0.661276115019322
0.631508967662878,-0.314779453916719,0.959467701412784,-0.644688247496067
0.631581467924805,-0.335790936647055,0.9635568825212,-0.627765945874155
0.631653968186731,-0.356628230050665,0.967146214656018,-0.610517984605343
0.631726468448657,-0.377280504686045,0.970233822949528,-0.592953318263473
0.631814635793947,-0.402130593522386,0.973310240346551,-0.571179646824131
0.631902803139237,-0.426672244936328,0.97563996808306,-0.548967723146705
0.631990970484526,-0.450886607654673,0.977221228988206,-0.526334621333487
0.632079137829816,-0.474755079687539,0.978052797062181,-0.503297717374633
0.632167305175106,-0.498259352226504,0.978134045518429,-0.47987469329192
0.632255472520396,-0.521381380733178,0.977464900496434,-0.456083519763253
0.632343639865685,-0.544103434160344,0.976045886257833,-0.431942452097466
0.632431807210975,-0.566408071139586,0.973878080633492,-0.407470009493893
0.632519974556265,-0.588278188444034,0.970963157111185,-0.382684968667117
0.63262837878876,-0.614547270224702,0.966358519733842,-0.351811249509133
0.632736783021254,-0.640103816609107,0.960633175387372,-0.320529358778249
0.632845187253749,-0.664918098559297,0.953793773841897,-0.288875675282571
0.632953591486244,-0.688961326603077,0.945848257987029,-0.256886931383958
0.633061995718739,-0.712205587429897,0.936805837790173,-0.224600250360258
0.633170399951234,-0.734623934375226,0.92667700538408,-0.192053071008846
0.633278804183728,-0.756190348117478,0.915473501121334,-0.159283153003839
0.633387208416223,-0.776879830768073,0.903208322547842,-0.126328491779762
0.633495612648718,-0.796668370360773,0.889895687679301,-0.0932273173185036
0.633604016881213,-0.815533031066985,0.875551039867331,-0.0600180088003266
0.633712421113708,-0.833451918444092,0.860191009036663,-0.0267390905925682
0.633820825346202,-0.850404264728064,0.843833412823154,0.00657085190490404
0.633929229578697,-0.866370394216691,0.826497215914192,0.0398731783025121
0.633996842722284,-0.875821454213858,0.815197367506684,0.0606240867072055
0.63406445586587,-0.884877281472947,0.803529808847549,0.0813474726254547
0.634132069009456,-0.893533836017022,0.791499757738326,0.102034078278737
0.634199682153043,-0.901787205700651,0.779112633539034,0.122674572161609
0.63429184144434,-0.912380654282701,0.761663843268176,0.150716811014547
0.634384000735638,-0.922209360964041,0.743576563761755,0.178632797202319
0.634444200614748,-0.928212927524588,0.731423873518591,0.196789054006016
0.634504400493858,-0.933884463859664,0.719009632924198,0.214874830935504
0.634564600372968,-0.939221966557978,0.706338250579342,0.23288371597864
0.634624800252079,-0.944223514410955,0.693414259836981,0.250809254574
0.634697300511495,-0.94979850897343,0.677520920552843,0.27227758842059
0.634769800770912,-0.954880778775464,0.661276103149367,0.293604675626119
0.634842301030329,-0.959467700944285,0.644688236034914,0.314779464909393
0.634914801289746,-0.9635568816851,0.627765934849139,0.335790946835958
0.634987301549163,-0.967146213486003,0.610517974042866,0.356628239443157
0.63505980180858,-0.970233821479656,0.592953308189058,0.377280513290596
0.635147969148569,-0.973310238489307,0.571179637937262,0.402130600552043
0.635236136488559,-0.975639965927724,0.548967715504151,0.426672250423569
0.635324303828548,-0.977221226624485,0.526334614989085,0.450886611635435
0.635412471168538,-0.978052794580163,0.503297712378964,0.474755082201174
0.635500638508527,-0.978134043008248,0.479874689692517,0.498259353315717
0.635588805848517,-0.977464898048258,0.456083517604398,0.521381380443874
0.635676973188506,-0.976045883961792,0.431942451420134,0.544103432541653
0.635765140528496,-0.973878078579456,0.407470010335709,0.566408068243768
0.635853307868485,-0.970963155388551,0.382684971062245,0.588278184326322
0.635961712100973,-0.966358518230431,0.35181125198934,0.614547266241099
0.636070116333461,-0.960633174102064,0.320529361336515,0.640103812765557
0.636178520565949,-0.95379377277349,0.28887567791182,0.664918094861634
0.636286924798437,-0.945848257133935,0.256886934077009,0.688961323056944
0.636395329030925,-0.936805837150645,0.2246002531099,0.712205584040748
0.636503733263413,-0.926677004956011,0.192053073807743,0.734623931148305
0.636612137495901,-0.915473500902559,0.159283155844625,0.756190345057901
0.636720541728389,-0.903208322535764,0.126328494655038,0.776879827880737
0.636828945960877,-0.889895687871182,0.0932273202208047,0.796668367650388
0.636937350193365,-0.875551040260143,0.0600180117221466,0.815533028537985
0.637045754425852,-0.86019100962722,0.0267390935263813,0.833451916100849
0.63715415865834,-0.84383341360799,-0.00657084896665938,0.850404262574622
0.637262562890828,-0.826497216889577,-0.0398731753673841,0.86637039225695
0.637330176035258,-0.815197368454893,-0.0606240840379604,0.875821452492851
0.637397789179689,-0.803529809757848,-0.0813474702242242,0.884877279982054
0.637465402324119,-0.791499758600102,-0.102034076147329,0.893533834747374
0.637533015468549,-0.779112634341904,-0.122674570301426,0.901787204643324
0.637625174726754,-0.761663850576482,-0.150716799129341,0.912380649705813
0.63771733398496,-0.743576578025884,-0.178632775395461,0.922209353421336
0.637777533891771,-0.731423882498607,-0.196789040631303,0.928212923129896
0.637837733798583,-0.71900963637511,-0.21487482593428,0.93388446230939
0.637897933705394,-0.706338248262363,-0.232883719283319,0.939221967545668
0.637958133612206,-0.693414251519488,-0.250809266108059,0.94422351762754
0.638030633871826,-0.677520912058893,-0.272277599964437,0.949798512023316
0.638103134131446,-0.661276094480068,-0.293604687174804,0.954880781654873
0.638175634391066,-0.644688227191638,-0.314779476457911,0.95946770364954
0.638248134650686,-0.627765925833273,-0.335790958379253,0.963556884212505
0.638320634910305,-0.610517964855933,-0.356628250976115,0.967146215832065
0.638393135169925,-0.592953298832806,-0.37728052480806,0.970233823640869
0.638481302481211,-0.571179635599407,-0.402130603934206,0.973310239533578
0.638569469792498,-0.548967720470016,-0.426672245871251,0.975639966341291
0.638657637103784,-0.526334627527188,-0.450886599367889,0.977221226895055
0.63874580441507,-0.503297732740745,-0.474755062455699,0.978052795196409
0.638833971726356,-0.479874718111811,-0.498259326347286,0.978134044459085
0.638922139037642,-0.456083554297166,-0.521381346524764,0.977464900821911
0.639010306348928,-0.431942496584118,-0.544103391961028,0.976045888545135
0.639098473660214,-0.407470064150096,-0.566408021307223,0.97387808545731
0.639186640971501,-0.382685033687367,-0.588278131355527,0.970963165042847
0.639295045203905,-0.351811315543958,-0.614547214731926,0.966358530275871
0.639403449436309,-0.3205294257444,-0.640103762783198,0.960633188527613
0.639511853668714,-0.288875743095909,-0.664918046469381,0.953793789565281
0.639620257901118,-0.256886999959256,-0.688961276316348,0.945848276275565
0.639728662133523,-0.224600319611421,-0.712205539011363,0.936805858622749
0.639837066365927,-0.192053140848885,-0.734623887887808,0.926677028736695
0.639945470598332,-0.159283223345086,-0.756190303621968,0.915473526967041
0.640053874830736,-0.126328562533878,-0.776879788322898,0.903208350856729
0.64016227906314,-0.0932273883965881,-0.796668330022072,0.889895718418628
0.640270683295545,-0.0600180801130837,-0.815532992888435,0.875551073001517
0.640379087527949,-0.0267391620503343,-0.833451882477013,0.860191044527336
0.640487491760354,0.00657078039202629,-0.850404231021113,0.843833450629081
0.640595895992758,0.0398731068244983,-0.866370362816071,0.826497255991563
0.640663509203723,0.0606240359796249,-0.875821433503174,0.815197397523539
0.640731122414688,0.0813474426193698,-0.884877270676084,0.803529828056684
0.640798735625653,0.102034068937324,-0.893533834345257,0.791499765407889
0.640866348836618,0.122674583400098,-0.901787212353397,0.779112628953298
0.640958508079237,0.150716807452806,-0.912380655402291,0.761663847949467
0.641050667321855,0.178632778981267,-0.922209357360998,0.743576578379725
0.641110867224072,0.196789042830078,-0.928212926604414,0.731423883774325
0.64117106712629,0.214874826756913,-0.933884465369495,0.719009638612589
0.641231267028507,0.232883718742149,-0.939221970242502,0.706338251500344
0.641291466930724,0.250809264216885,-0.944223520012728,0.693414255795829
0.641363967193055,0.27227759890107,-0.949798514708131,0.677520915807027
0.641436467455385,0.293604686930525,-0.954880784602894,0.661276097672335
0.641508967717716,0.314779477022791,-0.95946770682407,0.644688229801263
0.641581467980047,0.335790959742103,-0.963556887576542,0.627765927834455
0.641653968242378,0.356628253124495,-0.967146219348343,0.610517966223811
0.641726468504708,0.377280527728292,-0.97023382727185,0.59295329954355
0.641814635792601,0.402130600296557,-0.973310242435171,0.57117964213859
0.641902803080493,0.42667223584395,-0.975639968910055,0.548967733066083
0.641990970368385,0.450886583134181,-0.977221229529006,0.526334646394771
0.642079137656278,0.474755040213437,-0.978052798293997,0.503297758080539
0.64216730494417,0.498259298308707,-0.978134048418769,0.479874750110058
0.642255472232062,0.521381312916083,-0.977464906041635,0.456083593125536
0.642343639519954,0.544103353022236,-0.976045895421541,0.431942542399307
0.642431806807847,0.566407977291555,-0.973878094385175,0.407470117093594
0.642519974095739,0.588278082529241,-0.970963176414558,0.382685093885266
0.642628378328064,0.614547167231862,-0.966358543818435,0.351811376586573
0.64273678256039,0.64010371666853,-0.960633204231127,0.320529487562581
0.642845186792715,0.664918001797678,-0.953793807417423,0.288875805619695
0.642953591025041,0.68896123314342,-0.945848296261252,0.256887063117803
0.643061995257366,0.712205497391457,-0.936805880724634,0.224600383333156
0.643170399489691,0.734623847873288,-0.926677052934823,0.192053205061505
0.643278803722017,0.756190265263377,-0.915473553239101,0.159283287975669
0.643387207954342,0.776879751668983,-0.903208379177981,0.126328627508954
0.643495612186668,0.796668295119524,-0.889895748761822,0.0932274536422856
0.643604016418993,0.815532959782058,-0.875551105337151,0.0600181455550748
0.643712420651318,0.833451851209423,-0.860191078823521,0.0267392276141024
0.643820824883644,0.850404201632964,-0.843833486851698,-0.0065707147812749
0.643929229115969,0.866370335345739,-0.826497294104102,-0.039873041241642
0.6439968423926,0.875821416241512,-0.815197425633697,-0.0606239906078294
0.644064455669232,0.884877262864499,-0.803529845439029,-0.0813474174254689
0.644132068945863,0.893533835212901,-0.791499771352011,-0.102034063860939
0.644199682222494,0.901787221117996,-0.779112622764371,-0.122674598353639
0.644291841482611,0.912380665672279,-0.761663838018225,-0.150716827654074
0.644384000742728,0.922209368839467,-0.743576564475092,-0.178632804364394
0.644444200612663,0.928212934471286,-0.731423876073159,-0.19678905839813
0.644504400482597,0.933884469978811,-0.719009637399505,-0.214874832579335
0.644564600352532,0.939221971951817,-0.706338257052946,-0.23288371489887
0.644624800222467,0.944223519182516,-0.693414268384322,-0.250809250798189
0.644697300487308,0.949798514344252,-0.677520928043099,-0.272277586301175
0.64476980075215,0.95488078467275,-0.661276109527098,-0.293604675145674
0.644842301016991,0.959467707294652,-0.644688241246629,-0.314779466048043
0.644914801281833,0.963556888414442,-0.627765938843167,-0.335790949571272
0.644987301546674,0.967146220519733,-0.610517976769469,-0.35662824375027
0.645059801811515,0.970233828742753,-0.592953309600574,-0.377280519142201
0.645147969104703,0.973310244292725,-0.57117965100885,-0.402130593283864
0.645236136397891,0.975639971065072,-0.548967740692915,-0.426672230372169
0.645324303691079,0.977221231891871,-0.526334652724464,-0.450886579167411
0.645412470984267,0.978052800774794,-0.503297763062447,-0.474755037712358
0.645500638277455,0.978134050927413,-0.479874753696704,-0.498259297230686
0.645588805570643,0.977464908487956,-0.456083595272737,-0.521381313215231
0.645676972863831,0.976045897715491,-0.431942543066094,-0.544103354649418
0.645765140157019,0.973878096437017,-0.40747011624242,-0.566407980194588
0.645853307450207,0.970963178134835,-0.382685091481943,-0.588278086652895
0.64596171168254,0.966358545319296,-0.351811374097798,-0.614547171221515
0.646070115914874,0.960633205513598,-0.320529484995397,-0.640103720518192
0.646178520147207,0.95379380848266,-0.288875802981156,-0.664918005501513
0.64628692437954,0.945848297110858,-0.256887060415081,-0.688961236695805
0.646395328611873,0.936805881360353,-0.224600380573504,-0.712205500786842
0.646503732844207,0.92667705335866,-0.192053202252225,-0.734623851106429
0.64661213707654,0.915473553453299,-0.159283285124143,-0.756190268329176
0.646720541308873,0.903208379185071,-0.126328624622589,-0.776879754562454
0.646828945541206,0.889895748564539,-0.0932274507285561,-0.796668297835994
0.64693734977354,0.875551104938521,-0.0600181426215179,-0.815532962316995
0.647045754005873,0.860191078226706,-0.0267392246682296,-0.833451853558504
0.647154158238206,0.843833486060195,0.00657071773190578,-0.850404203792093
0.647262562470539,0.826497293121565,0.0398730441894573,-0.866370337311017
0.647330175746312,0.815197424680663,0.060623993285169,-0.875821417965822
0.647397789022085,0.803529844526399,0.0813474198302069,-0.884877264356618
0.647465402297857,0.791499770490536,0.102034065991294,-0.893533836481835
0.64753301557363,0.779112621964692,0.122674600208227,-0.901787222172907
0.647625174866827,0.761663830715644,0.150716839530026,-0.912380670245692
0.647717334160024,0.743576550219321,0.178632826158366,-0.922209376377711
0.647777534002276,0.731423867097863,0.19678907176578,-0.928212938863621
0.647837733844528,0.719009633949455,0.214874837579243,-0.933884471528664
0.647897933686781,0.706338259366805,0.232883711598594,-0.939221970965395
0.647958133529033,0.693414276694505,0.250809239274197,-0.944223515968696
0.648030633793668,0.677520936530522,0.272277574766108,-0.949798511296647
0.648103134058302,0.661276118190668,0.293604663604525,-0.954880781795184
0.648175634322936,0.644688250085098,0.314779454505815,-0.959467704590895
0.64824813458757,0.627765947855105,0.335790938033051,-0.963556885888146
0.648320634852205,0.610517985953412,0.356628232221163,-0.967146218174571
0.648393135116839,0.592953318954848,0.3772805076274,-0.970233826582276
0.648481302438712,0.571179653349181,0.402130589899374,-0.973310243248509
0.648569469760586,0.548967735734042,0.426672234917311,-0.975639970651361
0.648657637082459,0.526334640198128,0.450886591423073,-0.977221231621199
0.648745804404333,0.503297742717335,0.474755057441401,-0.97805280015873
0.648833971726207,0.479874725299183,0.498259324178258,-0.978134049477429
0.64892213904808,0.456083558606904,0.521381347109227,-0.977464905716091
0.649010306369954,0.43194249793432,0.544103395200905,-0.976045893135217
0.649098473691827,0.407470062465652,0.566408027098139,-0.973878089563765
0.649186641013701,0.382685028899966,0.588278139587041,-0.970963168486988
0.649295045246117,0.351811310587096,0.61454722269491,-0.966358533281988
0.649403449478533,0.320529420632135,0.64010377046571,-0.960633191097831
0.649511853710949,0.288875737842376,0.664918053859912,-0.953793791702249
0.649620257943366,0.256886994578792,0.688961283403606,-0.945848277982358
0.649728662175782,0.224600314118505,0.712205545784474,-0.936805859902986
0.649837066408198,0.192053135258125,0.734623894336323,-0.926677029594437
0.649945470640614,0.159283217671199,0.756190309735695,-0.915473527406879
0.65005387487303,0.126328556791697,0.776879794092109,-0.903208350883803
0.650162279105447,0.0932273826010506,0.796668335437393,-0.889895718038429
0.650270683337863,0.060018074279157,0.815532997940914,-0.875551072220091
0.650379087570279,0.0267391561930868,0.833451887158076,-0.860191043351154
0.650487491802695,-0.00657078625754171,0.850404235322747,-0.843833449065187
0.650595896035111,-0.039873112683178,0.866370366730475,-0.826497254047291
0.650663509244401,-0.0606240413102369,0.875821436942078,-0.815197395631831
0.65073112245369,-0.081347447417654,0.884877273656583,-0.803529826238894
0.65079873566298,-0.102034073199701,0.893533836884796,-0.79149976368508
0.650866348872269,-0.122674587123686,0.901787214469862,-0.779112627346165
0.650958508181031,-0.150716831214109,0.912380664553515,-0.761663833339353
0.651050667489794,-0.178632822573594,0.92220937244,-0.743576549866375
0.651110867336637,-0.196789069567067,0.928212935390736,-0.73142386582365
0.651171067183481,-0.214874836755762,0.933884468469959,-0.719009631714175
0.651231267030325,-0.232883712137986,0.939221968269705,-0.706338256131682
0.651291466877168,-0.250809241162669,0.944223513584468,-0.693414272421796
0.651363967139088,-0.272277575825692,0.949798508612627,-0.677520932786931
0.651436467401007,-0.29360466384391,0.954880778847812,-0.661276115003915
0.651508967662927,-0.31477945393497,0.959467701416907,-0.644688247481947
0.651581467924846,-0.335790936663177,0.963556882524611,-0.627765945861428
0.651653968186766,-0.356628230064736,0.967146214658854,-0.61051798459408
0.651726468448685,-0.377280504698074,0.970233822951852,-0.592953318253752
0.651814635793937,-0.402130593523494,0.973310240347426,-0.571179646823898
0.651902803139188,-0.426672244926779,0.975639968083145,-0.548967723156355
0.651990970484439,-0.450886607634778,0.977221228988177,-0.526334621353389
0.65207913782969,-0.4747550796576,0.978052797062728,-0.503297717405091
0.652167305174941,-0.498259352186885,0.978134045520221,-0.479874693333285
0.652255472520192,-0.521381380684238,0.977464900500071,-0.456083519815784
0.652343639865443,-0.544103434102496,0.976045886263961,-0.431942452161461
0.652431807210694,-0.566408071073255,0.973878080642797,-0.407470009569559
0.652519974555945,-0.58827818836959,0.970963157124253,-0.382684968754663
0.652628378788439,-0.614547270152205,0.966358519750332,-0.351811249598078
0.652736783020934,-0.640103816538683,0.960633175407147,-0.32052935886845
0.652845187253428,-0.664918098491008,0.953793773865,-0.288875675373952
0.652953591485923,-0.688961326537023,0.94584825801345,-0.256886931476399
0.653061995718417,-0.712205587366161,0.936805837819862,-0.224600250453671
0.653170399950911,-0.734623934313905,0.926677005417036,-0.192053071103098
0.653278804183406,-0.756190348058634,0.915473501157501,-0.159283153098831
0.6533872084159,-0.776879830711797,0.903208322587165,-0.126328491875381
0.653495612648394,-0.796668370307146,0.889895687721789,-0.0932273174146313
0.653604016880889,-0.815533031016029,0.875551039912919,-0.060018008896869
0.653712421113383,-0.833451918395933,0.860191009085354,-0.0267390906893963
0.653820825345877,-0.850404264682785,0.843833412874878,0.00657085180791031
0.653929229578372,-0.866370394174357,0.826497215968894,0.0398731782054681
0.653996842722053,-0.875821454186391,0.81519736754702,0.0606240866393576
0.654064455865734,-0.884877281459268,0.803529808872567,0.0813474725867419
0.654132069009415,-0.893533836015984,0.791499757746891,0.102034078269102
0.654199682153097,-0.901787205711127,0.779112633530253,0.122674572180914
0.654291841444385,-0.912380654291672,0.761663843260898,0.150716811030806
0.654384000735672,-0.922209360971649,0.743576563756106,0.178632797215546
0.654444200614766,-0.928212927530442,0.73142387351611,0.196789054014365
0.65450440049386,-0.933884463863943,0.71900963292497,0.214874830939001
0.654564600372954,-0.939221966560826,0.706338250583539,0.232883715977327
0.654624800252048,-0.944223514412654,0.693414259844717,0.250809254567927
0.654697300511472,-0.949798508975795,0.677520920559217,0.272277588416574
0.654769800770896,-0.954880778778414,0.661276103154291,0.293604675624132
0.654842301030319,-0.959467700947783,0.644688236038403,0.314779464909406
0.654914801289743,-0.963556881688987,0.62776593485107,0.335790946837959
0.654987301549167,-0.967146213490237,0.610517974043177,0.35662823944707
0.65505980180859,-0.970233821484114,0.592953308187712,0.377280513296432
0.655147969148557,-0.97331023849301,0.571179637941598,0.402130600551415
0.655236136488523,-0.975639965931008,0.548967715514414,0.426672250416614
0.65532430382849,-0.977221226627739,0.526334615005418,0.450886611622367
0.655412471168456,-0.978052794583782,0.503297712401613,0.474755082182178
0.655500638508423,-0.978134043012631,0.479874689721661,0.498259353290999
0.655588805848389,-0.977464898053805,0.456083517640209,0.521381380413629
0.655676973188356,-0.97604588396892,0.431942451462788,0.544103432506143
0.655765140528322,-0.973878078588546,0.407470010385338,0.566408068203212
0.655853307868289,-0.970963155399973,0.382684971118975,0.588278184280974
0.655961712100777,-0.966358518243865,0.351811252046848,0.614547266197034
0.656070116333265,-0.960633174117517,0.320529361394704,0.640103812722838
0.656178520565753,-0.95379377279096,0.288875677970652,0.664918094820307
0.656286924798241,-0.945848257153414,0.256886934136415,0.688961323017008
0.656395329030729,-0.936805837172107,0.224600253169815,0.71220558400226
0.656503733263217,-0.926677004979398,0.192053073868088,0.734623931111332
0.656612137495704,-0.915473500927885,0.159283155905358,0.756190345022551
0.656720541728192,-0.903208322563009,0.126328494716062,0.776879827846928
0.65682894596068,-0.88989568790028,0.093227320282051,0.796668367618244
0.656937350193168,-0.875551040291125,0.0600180117835539,0.815533028507552
0.657045754425656,-0.860191009660028,0.0267390935878729,0.833451916072116
0.657154158658144,-0.843833413642553,-0.0065708489051391,0.850404262547705
0.657262562890632,-0.826497216925903,-0.0398731753059088,0.866370392231808
0.657330176035123,-0.815197368481884,-0.0606240839953228,0.875821452477219
0.657397789179615,-0.803529809774871,-0.0813474702003872,0.884877279975264
0.657465402324106,-0.79149975860647,-0.102034076142224,0.893533834748678
0.657533015468597,-0.779112634336983,-0.12267457031499,0.901787204651986
0.657625174726825,-0.761663850566914,-0.150716799149641,0.912380649716567
0.657717333985053,-0.743576578011362,-0.178632775422431,0.922209353433772
0.657777533891829,-0.731423882490876,-0.19678904064747,0.928212923138365
0.657837733798605,-0.719009636374572,-0.214874825939743,0.933884462314279
0.657897933705381,-0.706338248269261,-0.232883719278141,0.939221967547396
0.657958133612157,-0.693414251534129,-0.250809266092345,0.944223517626484
0.658030633871782,-0.677520912072656,-0.272277599950304,0.949798512022969
0.658103134131407,-0.661276094492953,-0.29360468716222,0.954880781655164
0.658175634391032,-0.644688227203529,-0.314779476446871,0.959467703650388
0.658248134650657,-0.627765925844119,-0.335790958369755,0.963556884213854
0.658320634910282,-0.610517964865734,-0.356628250968102,0.967146215833833
0.658393135169906,-0.592953298841459,-0.377280524801528,0.970233823642989
0.658481302481203,-0.57117963560549,-0.40213060393075,0.973310239536226
0.6585694697925,-0.548967720473418,-0.426672245870789,0.975639966344193
0.658657637103797,-0.526334627527761,-0.450886599370359,0.97722122689811
0.658745804415094,-0.503297732738447,-0.474755062460998,0.978052795199426
0.658833971726391,-0.479874718106507,-0.498259326355334,0.978134044461797
0.658922139037688,-0.456083554288791,-0.521381346535436,0.977464900824243
0.659010306348985,-0.431942496572618,-0.544103391974241,0.976045888546858
0.659098473660282,-0.4074700641354,-0.566408021322873,0.973878085458255
0.659186640971579,-0.382685033669369,-0.588278131373459,0.970963165042827
0.659295045203983,-0.35181131552562,-0.614547214749414,0.966358530274991
0.659403449436388,-0.320529425725753,-0.640103762800186,0.960633188525919
0.659511853668792,-0.28887574307698,-0.664918046485881,0.953793789562849
0.659620257901197,-0.256886999940048,-0.688961276332231,0.945848276272286
0.659728662133601,-0.224600319591974,-0.712205539026706,0.936805858618683
0.659837066366006,-0.19205314082924,-0.734623887902593,0.926677028731788
0.65994547059841,-0.159283223325255,-0.756190303636143,0.915473526961344
0.660053874830815,-0.12632856251388,-0.776879788336456,0.903208350850287
0.66016227906322,-0.0932273883764805,-0.79666833003498,0.889895718411438
0.660270683295624,-0.0600180800928653,-0.815532992900693,0.875551072993527
0.660379087528029,-0.0267391620300532,-0.833451882488539,0.860191044518575
0.660487491760433,0.00657078041234316,-0.850404231031985,0.843833450619621
0.660595895992838,0.0398731068448421,-0.866370362826212,0.826497255981335
0.660663509203785,0.0606240359945261,-0.875821433510428,0.815197397515893
0.660731122414732,0.0813474426288476,-0.884877270680676,0.803529828051805
0.66079873562568,0.102034068941379,-0.893533834347357,0.791499765405984
0.660866348836627,0.122674583398749,-0.901787212353269,0.77911262895451
0.660958508079281,0.150716807462289,-0.912380655406044,0.76166384794373
0.661050667321936,0.178632779001482,-0.922209357368024,0.743576578366529
0.661110867224127,0.196789042842318,-0.928212926608447,0.731423883766093
0.661171067126318,0.214874826761225,-0.933884465370813,0.719009638609599
0.661231267028509,0.232883718738611,-0.939221970241474,0.706338251502818
0.6612914669307,0.250809264205554,-0.94422352000952,0.693414255803963
0.661363967193032,0.272277598890438,-0.949798514705264,0.677520915814813
0.661436467455365,0.293604686920588,-0.954880784600358,0.661276097679739
0.661508967717698,0.314779477013536,-0.959467706821806,0.644688229808247
0.661581467980031,0.335790959733528,-0.963556887574484,0.627765927840981
0.661653968242364,0.356628253116571,-0.9671462193465,0.610517966229887
0.661726468504697,0.37728052772107,-0.970233827270214,0.592953299549102
0.661814635792619,0.402130600297538,-0.973310242434452,0.571179642136938
0.66190280308054,0.426672235852922,-0.975639968909866,0.548967733056886
0.661990970368462,0.450886583150928,-0.977221229528801,0.526334646377853
0.662079137656383,0.474755040237716,-0.978052798293307,0.503297758055579
0.662167304944305,0.498259298340259,-0.978134048417133,0.479874750076819
0.662255472232226,0.521381312954636,-0.977464906038463,0.45608359308381
0.662343639520148,0.544103353067466,-0.976045895416375,0.431942542348895
0.662431806808069,0.566407977343172,-0.973878094377552,0.407470117034347
0.662519974095991,0.588278082586899,-0.970963176403914,0.382685093816982
0.662628378328317,0.614547167288122,-0.966358543805136,0.35181137651703
0.662736782560643,0.640103716723326,-0.960633204215237,0.320529487491872
0.66284518679297,0.664918001850889,-0.953793807398801,0.2888758055479
0.662953591025296,0.688961233195005,-0.945848296240006,0.256887063045007
0.663061995257622,0.712205497441282,-0.936805880700744,0.22460038325944
0.663170399489948,0.734623847921331,-0.926677052908288,0.192053204986948
0.663278803722275,0.756190265309548,-0.91547355320994,0.159283287900364
0.663387207954601,0.776879751713191,-0.903208379146178,0.126328627432971
0.663495612186927,0.796668295161736,-0.889895748727467,0.0932274535657262
0.663604016419253,0.815532959822149,-0.875551105300238,0.0600181454780332
0.66371242065158,0.833451851247343,-0.860191078784044,0.0267392275366655
0.663820824883906,0.850404201668706,-0.843833486809694,-0.0065707148590167
0.663929229116232,0.866370335379182,-0.826497294059611,-0.0398730413195831
0.663996842392787,0.875821416262992,-0.815197425600703,-0.060623990662294
0.664064455669342,0.884877262874875,-0.803529845418389,-0.0813474174564921
0.664132068945897,0.893533835213116,-0.791499771344516,-0.102034063868586
0.664199682222452,0.901787221108911,-0.77911262277089,-0.122674598338015
0.664291841482591,0.912380665665904,-0.761663838020962,-0.150716827644961
0.664384000742729,0.922209368835443,-0.743576564473696,-0.178632804361752
0.664444200612668,0.928212934467678,-0.731423876070877,-0.19678905839682
0.664504400482607,0.933884469975609,-0.71900963739627,-0.21487483257935
0.664564600352546,0.939221971948922,-0.706338257048732,-0.232883714900191
0.664624800222486,0.944223519179882,-0.693414268379109,-0.250809250800797
0.664697300487314,0.949798514340539,-0.677520928040707,-0.272277586299874
0.664769800752142,0.954880784668173,-0.661276109527672,-0.29360467514054
0.664842301016971,0.959467707289349,-0.644688241250221,-0.314779466039095
0.664914801281799,0.96355688840852,-0.627765938849933,-0.335790949558598
0.664987301546627,0.967146220513453,-0.610517976779556,-0.356628243733927
0.665059801811455,0.97023382873631,-0.592953309614057,-0.377280519122254
0.665147969104651,0.973310244287011,-0.571179651020834,-0.402130593266178
0.665236136397846,0.975639971059963,-0.54896774070327,-0.426672230356712
0.665324303691041,0.977221231887257,-0.526334652733152,-0.450886579154115
0.665412470984237,0.978052800770561,-0.503297763069345,-0.474755037701199
0.665500638277432,0.978134050923352,-0.479874753701813,-0.498259297221588
0.665588805570627,0.977464908484032,-0.456083595275923,-0.521381313208121
0.665676972863822,0.97604589771158,-0.431942543067326,-0.544103354644255
0.665765140157018,0.973878096432921,-0.407470116241628,-0.566407980191293
0.665853307450213,0.970963178130507,-0.382685091479103,-0.588278086651431
0.665961711682546,0.966358545314936,-0.351811374094904,-0.614547171220021
0.666070115914879,0.960633205509173,-0.320529484992461,-0.640103720516683
0.666178520147213,0.953793808478158,-0.288875802978206,-0.664918005499971
0.666286924379546,0.945848297106274,-0.256887060412104,-0.688961236694222
0.666395328611879,0.936805881355714,-0.224600380570497,-0.712205500785218
0.666503732844212,0.926677053353961,-0.192053202249187,-0.734623851104782
0.666612137076546,0.915473553448542,-0.15928328512109,-0.756190268327467
0.666720541308879,0.903208379180267,-0.126328624619532,-0.776879754560733
0.666828945541212,0.889895748559727,-0.0932274507254842,-0.796668297834243
0.666937349773546,0.875551104933558,-0.0600181426184274,-0.815532962315189
0.667045754005879,0.860191078221757,-0.0267392246651286,-0.833451853556628
0.667154158238212,0.843833486055182,0.00657071773500359,-0.85040420379016
0.667262562470545,0.826497293116473,0.0398730441925507,-0.866370337309045
0.667330175746319,0.815197424675349,0.0606239932886459,-0.875821417964015
0.667397789022093,0.803529844520817,0.0813474198340641,-0.88487726435487
0.667465402297867,0.79149977048467,0.102034065995539,-0.893533836480193
0.667533015573641,0.779112621958535,0.122674600212855,-0.901787222171376
0.667625174866826,0.761663830711701,0.15071683953099,-0.912380670242715
0.667717334160011,0.743576550217859,0.17863282615568,-0.922209376373548
0.667777534002266,0.731423867095765,0.196789071764071,-0.928212938859855
0.667837733844522,0.719009633946719,0.214874837578527,-0.933884471525247
0.667897933686778,0.706338259363411,0.232883711598854,-0.939221970962238
0.667958133529033,0.693414276690453,0.250809239275408,-0.944223515965841
0.668030633793661,0.677520936527822,0.272277574765513,-0.949798511293355
0.66810313405829,0.661276118189365,0.293604663602145,-0.954880781791521
0.668175634322918,0.64468825008525,0.314779454501674,-0.959467704586946
0.668248134587546,0.627765947856814,0.335790938027169,-0.963556885883986
0.668320634852174,0.610517985956706,0.356628232213599,-0.967146218170315
0.668393135116802,0.592953318959759,0.377280507618171,-0.970233826577923
0.668481302438656,0.571179653359127,0.402130589884813,-0.973310243243952
0.66856946976051,0.548967735749272,0.426672234897557,-0.975639970646817
0.668657637082364,0.526334640218731,0.450886591398296,-0.977221231617021
0.668745804404218,0.503297742743542,0.474755057411759,-0.978052800155311
0.668833971726072,0.479874725331093,0.498259324143944,-0.97813404947501
0.668922139047926,0.456083558644635,0.521381347070438,-0.977464905715095
0.66901030636978,0.431942497978065,0.544103395157836,-0.976045893135878
0.669098473691634,0.407470062515486,0.566408027051021,-0.973878089566486
0.669186641013488,0.382685028955991,0.588278139536067,-0.970963168492037
0.669295045245905,0.351811310643766,0.614547222645484,-0.966358533289211
0.669403449478322,0.320529420689378,0.640103770417888,-0.960633191107269
0.669511853710739,0.288875737900128,0.664918053813678,-0.953793791713829
0.669620257943156,0.256886994636959,0.688961283359047,-0.945848277995975
0.669728662175573,0.224600314177004,0.712205545741674,-0.936805859918654
0.669837066407989,0.192053135316882,0.734623894295236,-0.9266770296121
0.669945470640406,0.159283217730157,0.756190309696399,-0.915473527426564
0.670053874872823,0.126328556850766,0.776879794054614,-0.903208350905405
0.67016227910524,0.0932273826601686,0.796668335401807,-0.889895718061958
0.670270683337657,0.0600180743382452,0.815532997907234,-0.875551072245445
0.670379087570074,0.0267391562520586,0.833451887126303,-0.860191043378309
0.670487491802491,-0.00657078619874426,0.850404235292895,-0.843833449094099
0.670595896034908,-0.0398731126246519,0.866370366702612,-0.826497254077926
0.670663509244251,-0.0606240412684855,0.875821436922886,-0.815197395654344
0.670731122453595,-0.0813474473926508,0.884877273645376,-0.803529826252711
0.670798735662939,-0.102034073191422,0.89353383688097,-0.791499763689544
0.670866348872283,-0.122674587132058,0.901787214472759,-0.779112627340693
0.670958508181018,-0.150716831214228,0.912380664553275,-0.761663833339013
0.671050667489754,-0.178632822565539,0.922209372437092,-0.743576549871507
0.671110867336608,-0.196789069562438,0.92821293538918,-0.731423865826714
0.671171067183463,-0.214874836754542,0.933884468469567,-0.719009631714999
0.671231267030318,-0.232883712140143,0.939221968270336,-0.706338256130217
0.671291466877173,-0.250809241168153,0.944223513586078,-0.693414272417918
0.671363967139084,-0.272277575828743,0.949798508613632,-0.677520932784837
0.671436467400996,-0.293604663844567,0.954880778848291,-0.661276115003676
0.671508967662907,-0.31477945393325,0.959467701416941,-0.644688247483657
0.671581467924818,-0.335790936659154,0.963556882524355,-0.627765945865174
0.67165396818673,-0.356628230058423,0.967146214658405,-0.61051798459994
0.671726468448641,-0.377280504689556,0.970233822951291,-0.592953318261759
0.671814635793848,-0.402130593502703,0.973310240345914,-0.57117964684319
0.671902803139054,-0.426672244894056,0.975639968081419,-0.548967723187351
0.671990970484261,-0.450886607590459,0.977221228986988,-0.526334621396475
0.672079137829468,-0.474755079602113,0.978052797062815,-0.503297717460678
0.672167305174675,-0.498259352120634,0.978134045522327,-0.479874693401677
0.672255472519882,-0.521381380607635,0.977464900504994,-0.456083519897277
0.672343639865088,-0.544103434016023,0.976045886272416,-0.431942452256366
0.672431807210295,-0.566408070977376,0.973878080655544,-0.407470009678135
0.672519974555502,-0.58827818826487,0.970963157142,-0.382684968877126
0.672628378787998,-0.614547270050701,0.966358519772607,-0.351811249721873
0.672736783020494,-0.64010381644043,0.960633175433885,-0.320529358993416
0.672845187252989,-0.664918098396166,0.953793773896134,-0.288875675499926
0.672953591485485,-0.688961326445712,0.945848258048946,-0.25688693160324
0.673061995717981,-0.7122055872784,0.936805837859659,-0.224600250581203
0.673170399950477,-0.734623934229791,0.926677005460967,-0.192053071231159
0.673278804182973,-0.756190347978304,0.915473501205591,-0.159283153227273
0.673387208415468,-0.776879830635264,0.903208322639341,-0.126328492004056
0.673495612647964,-0.796668370234505,0.889895687777909,-0.093227317543364
0.67360401688046,-0.815533030947392,0.87555103997292,-0.0600180090255057
0.673712421112956,-0.833451918331255,0.860191009149091,-0.0267390908177989
0.673820825345452,-0.850404264622166,0.843833412942284,0.00657085167991597
0.673929229577947,-0.866370394117872,0.826497216039862,0.0398731780780064
0.673996842721751,-0.875821454149079,0.815197367599653,0.0606240865494618
0.674064455865554,-0.884877281439725,0.803529808905386,0.0813474725343554
0.674132069009357,-0.89353383601276,0.791499757758659,0.102034078254127
0.67419968215316,-0.901787205722785,0.779112633519627,0.122674572203187
0.674291841444433,-0.912380654301137,0.761663843252726,0.150716811048456
0.674384000735706,-0.922209360979144,0.743576563750606,0.17863279722859
0.674444200614784,-0.92821292753619,0.731423873513813,0.196789054022412
0.674504400493861,-0.933884463868127,0.719009632926048,0.214874830942074
0.674564600372939,-0.939221966563567,0.706338250588128,0.232883715975475
0.674624800252016,-0.944223514414119,0.693414259852937,0.250809254561191
0.674697300511448,-0.949798508978101,0.677520920565786,0.27227758841234
0.67476980077088,-0.954880778781446,0.661276103159095,0.293604675622372
0.674842301030312,-0.959467700951405,0.644688236041354,0.314779464910094
0.674914801289744,-0.963556881693118,0.627765934852084,0.335790946841058
0.674987301549176,-0.96714621349474,0.610517974042184,0.35662823945256
0.675059801808608,-0.970233821488873,0.592953308184643,0.377280513304254
0.675147969148557,-0.973310238497081,0.571179637942675,0.40213060055444
0.675236136488507,-0.975639965934744,0.548967715519768,0.426672250414995
0.675324303828457,-0.977221226631402,0.526334615015214,0.450886611616207
0.675412471168406,-0.978052794587611,0.503297712416026,0.474755082171607
0.675500638508356,-0.978134043016932,0.479874689740814,0.498259353276178
0.675588805848306,-0.977464898058929,0.456083517664223,0.521381380394739
0.675676973188255,-0.976045883975072,0.43194245149176,0.544103432483336
0.675765140528205,-0.973878078596014,0.40747001041937,0.56640806817665
0.675853307868155,-0.970963155409032,0.382684971158167,0.588278184250872
0.675961712100642,-0.966358518254359,0.351811252086629,0.614547266167767
0.67607011633313,-0.960633174129434,0.320529361435018,0.640103812694412
0.676178520565618,-0.953793772804211,0.288875678011436,0.664918094792783
0.676286924798106,-0.945848257168064,0.256886934177632,0.688961322990471
0.676395329030594,-0.936805837188109,0.224600253211403,0.712205583976734
0.676503733263081,-0.926677004996784,0.192053073910015,0.734623931086775
0.676612137495569,-0.915473500946585,0.159283155947571,0.756190344999039
0.676720541728057,-0.903208322583044,0.126328494758527,0.776879827824538
0.676828945960545,-0.889895687921665,0.0932273203246979,0.796668367596962
0.676937350193033,-0.875551040313779,0.0600180118263487,0.815533028487435
0.677045754425521,-0.86019100968395,0.0267390936307721,0.833451916053202
0.677154158658008,-0.843833413667739,-0.00657084886219228,0.850404262529919
0.677262562890496,-0.826497216952316,-0.0398731752629581,0.866370392215266
0.677330176035031,-0.815197368501685,-0.0606240839657438,0.875821452467419
0.677397789179566,-0.803529809787548,-0.0813474701841475,0.884877279971688
0.6774654023241,-0.791499758611538,-0.102034076139299,0.893533834750842
0.677533015468635,-0.779112634334039,-0.122674570325304,0.901787204659365
0.677625174726877,-0.761663850560887,-0.15071679916429,0.912380649725185
0.67771733398512,-0.743576578002111,-0.178632775441358,0.922209353443431
0.677777533891872,-0.731423882486277,-0.196789040659087,0.928212923145364
0.677837733798624,-0.71900963637478,-0.214874825944078,0.933884462318857
0.677897933705375,-0.706338248274519,-0.232883719275285,0.939221967549792
0.677958133612127,-0.693414251544627,-0.250809266082343,0.944223517626991
0.678030633871762,-0.677520912081129,-0.272277599943263,0.949798512024412
0.678103134131397,-0.661276094499242,-0.293604687158128,0.954880781657384
0.678175634391032,-0.644688227207618,-0.314779476445676,0.959467703653282
0.678248134650666,-0.627765925845851,-0.33579095837141,0.963556884217269
0.678320634910301,-0.610517964865053,-0.356628250972562,0.967146215837613
0.678393135169936,-0.592953298838288,-0.377280524808741,0.970233823647003
0.678481302481249,-0.571179635598238,-0.402130603942245,0.97331023954049
0.678569469792561,-0.548967720462002,-0.426672245886433,0.975639966348424
0.678657637103874,-0.526334627512015,-0.450886599390033,0.977221226902048
0.678745804415186,-0.503297732718191,-0.474755062484582,0.978052795202764
0.678833971726499,-0.479874718081688,-0.498259326382646,0.978134044464335
0.678922139037811,-0.456083554259281,-0.521381346566354,0.977464900825647
0.679010306349124,-0.431942496538321,-0.544103392008568,0.97604588854687
0.679098473660437,-0.407470064096211,-0.56640802136046,0.973878085456678
0.679186640971749,-0.382685033625231,-0.588278131414122,0.970963165039332
0.679295045204154,-0.351811315480601,-0.614547214789122,0.966358530269709
0.67940344943656,-0.320529425679906,-0.640103762838943,0.960633188518825
0.679511853668965,-0.288875743030343,-0.664918046523558,0.953793789553898
0.67962025790137,-0.256886999892677,-0.688961276368866,0.945848276261522
0.679728662133776,-0.224600319543943,-0.712205539062184,0.936805858606147
0.679837066366181,-0.192053140780579,-0.734623887936853,0.926677028717421
0.679945470598586,-0.159283223276043,-0.756190303669148,0.915473526945209
0.680053874830992,-0.126328562464167,-0.776879788368164,0.903208350832354
0.680162279063397,-0.0932273883263337,-0.796668330065352,0.889895718391699
0.680270683295802,-0.0600180800423299,-0.815532992929663,0.875551072971968
0.680379087528208,-0.0267391619791973,-0.833451882516088,0.860191044495248
0.680487491760613,0.00657078046345224,-0.850404231058006,0.843833450594573
0.680595895993018,0.0398731068961352,-0.866370362850671,0.826497255954538
0.680663509203919,0.0606240360313583,-0.875821433527427,0.815197397496045
0.680731122414819,0.0813474426512171,-0.884877270690748,0.803529828039494
0.680798735625719,0.102034068949349,-0.893533834351093,0.791499765401728
0.68086634883662,0.122674583392366,-0.901787212351086,0.779112628958757
0.680958508079308,0.150716807466221,-0.912380655407715,0.761663847941448
0.681050667321996,0.178632779015609,-0.922209357372946,0.743576578357322
0.681110867224168,0.196789042850571,-0.928212926611178,0.731423883760569
0.681171067126339,0.214874826763657,-0.933884465371578,0.71900963860788
0.681231267028511,0.232883718735229,-0.939221970240425,0.706338251505193
0.681291466930683,0.250809264196453,-0.9442235200069,0.693414255810474
0.681363967193009,0.272277598879371,-0.949798514702288,0.677520915822882
0.681436467455335,0.293604686907587,-0.954880784597071,0.661276097689466
0.681508967717661,0.314779476998637,-0.959467706818321,0.644688229819696
0.681581467979987,0.335790959716765,-0.963556887570978,0.627765927854178
0.681653968242314,0.356628253097988,-0.967146219342926,0.610517966244938
0.68172646850464,0.377280527700685,-0.970233827266724,0.592953299566043
0.681814635792587,0.40213060028444,-0.97331024243227,0.57117964214781
0.681902803080533,0.426672235846953,-0.975639968908496,0.548967733061536
0.68199097036848,0.450886583151891,-0.977221229527794,0.526334646375906
0.682079137656427,0.474755040245404,-0.978052798292299,0.503297758046877
0.682167304944374,0.498259298354469,-0.978134048415672,0.479874750061174
0.682255472232321,0.521381312975131,-0.97746490603612,0.456083593060992
0.682343639520267,0.544103353093977,-0.976045895412737,0.431942542318722
0.682431806808214,0.566407977375443,-0.973878094372156,0.407470116996666
0.682519974096161,0.588278082624649,-0.970963176396336,0.382685093771647
0.682628378328487,0.614547167324753,-0.966358543795826,0.351811376471063
0.682736782560813,0.640103716758801,-0.960633204204169,0.320529487445336
0.68284518679314,0.664918001885141,-0.953793807386033,0.288875805500833
0.682953591025466,0.688961233228017,-0.945848296225501,0.256887062997461
0.683061995257792,0.712205497472991,-0.936805880684501,0.224600383211496
0.683170399490118,0.734623847951692,-0.926677052890376,0.192053204938649
0.683278803722444,0.75619026533857,-0.915473553190338,0.159283287851786
0.68338720795477,0.776879751740771,-0.90320837912498,0.126328627384174
0.683495612187097,0.796668295187869,-0.889895748704647,0.0932274535167591
0.683604016419423,0.815532959846832,-0.875551105275803,0.0600181454289605
0.683712420651749,0.833451851270536,-0.860191078758077,0.0267392274875439
0.683820824884075,0.85040420169032,-0.843833486782246,-0.00657071490812064
0.683929229116401,0.866370335399239,-0.826497294030676,-0.0398730413686135
0.683996842392912,0.875821416275976,-0.815197425578374,-0.0606239906976037
0.684064455669422,0.884877262881276,-0.803529845403227,-0.0813474174780763
0.684132068945932,0.893533835213448,-0.791499771336988,-0.102034063876481
0.684199682222443,0.901787221103713,-0.779112622771481,-0.122674598332278
0.684291841482606,0.912380665663641,-0.761663838016682,-0.150716827646968
0.68438400074277,0.922209368835663,-0.743576564464224,-0.178632804371439
0.684444200612697,0.928212934466443,-0.731423876063692,-0.19678905840278
0.684504400482624,0.9338844699731,-0.719009637391545,-0.214874832581601
0.684564600352551,0.939221971945272,-0.706338257046508,-0.232883714898766
0.684624800222478,0.944223519175234,-0.693414268379495,-0.250809250795731
0.684697300487314,0.949798514336504,-0.677520928039474,-0.272277586297045
0.68476980075215,0.954880784664605,-0.661276109524735,-0.293604675139896
0.684842301016985,0.959467707286176,-0.644688241245565,-0.314779466040612
0.684914801281821,0.963556888405673,-0.627765938843478,-0.335790949562231
0.684987301546657,0.967146220510806,-0.61051797677117,-0.356628243739646
0.685059801811493,0.970233828733716,-0.592953309603714,-0.377280519129992
0.685147969104719,0.973310244285065,-0.571179651002598,-0.402130593282471
0.685236136397945,0.97563997105812,-0.548967740676817,-0.426672230381317
0.685324303691171,0.977221231884969,-0.526334652698194,-0.450886579186773
0.685412470984398,0.978052800767335,-0.503297763025652,-0.474755037741673
0.685500638277624,0.978134050918683,-0.479874753649128,-0.498259297269573
0.68558880557085,0.977464908477365,-0.456083595214044,-0.521381313263317
0.685676972864076,0.976045897702349,-0.431942542996021,-0.544103354706328
0.685765140157303,0.973878096420642,-0.407470116160756,-0.566407980259896
0.685853307450529,0.970963178114626,-0.38268509138849,-0.588278086726185
0.685961711682861,0.966358545295829,-0.351811374003259,-0.61454717129258
0.686070115915194,0.960633205486872,-0.320529484899884,-0.640103720586968
0.686178520147527,0.953793808452673,-0.288875802884821,-0.66491800556786
0.686286924379859,0.945848297077688,-0.256887060318008,-0.688961236759693
0.686395328612192,0.936805881323994,-0.224600380475802,-0.712205500848222
0.686503732844524,0.926677053319204,-0.192053202154003,-0.734623851165182
0.686612137076857,0.915473553410788,-0.159283285025527,-0.756190268385278
0.68672054130919,0.903208379139544,-0.126328624523698,-0.776879754615861
0.686828945541522,0.88989574851609,-0.0932274506294986,-0.796668297886599
0.686937349773855,0.875551104887128,-0.060018142522397,-0.81553296236475
0.687045754006188,0.860191078172547,-0.026739224569161,-0.833451853603381
0.68715415823852,0.843833486003253,0.00657071783079216,-0.850404203834041
0.687262562470853,0.826497293061946,0.0398730442880561,-0.866370337349998
0.687330175746531,0.815197424635283,0.0606239933547891,-0.875821417990105
0.687397789022209,0.80352984449639,0.081347419870881,-0.884877264367258
0.687465402297888,0.791499770476822,0.102034066003131,-0.893533836479955
0.687533015573566,0.779112621968303,0.122674600191331,-0.901787222159616
0.687625174866734,0.761663830725279,0.150716839504416,-0.912380670229698
0.687717334159902,0.743576550235408,0.178632826124153,-0.92220937635954
0.687777534002198,0.73142386710573,0.196789071744583,-0.92821293885031
0.687837733844493,0.719009633948732,0.214874837570987,-0.933884471519701
0.687897933686788,0.706338259357112,0.232883711603176,-0.939221970960283
0.687958133529084,0.693414276675511,0.25080923929149,-0.944223515966992
0.688030633793701,0.677520936514929,0.27227757477847,-0.949798511293409
0.688103134058319,0.661276118178627,0.293604663611995,-0.954880781790616
0.688175634322937,0.644688250076764,0.314779454508467,-0.959467704585218
0.688248134587555,0.627765947850651,0.335790938030945,-0.963556885881583
0.688320634852173,0.610517985952977,0.356628232214402,-0.96714621816739
0.68839313511679,0.592953318958534,0.377280507616069,-0.970233826574601
0.688481302438632,0.571179653361091,0.402130589879263,-0.973310243240335
0.688569469760474,0.548967735754536,0.426672234888651,-0.975639970643151
0.688657637082315,0.52633464022737,0.450886591386118,-0.977221231613486
0.688745804404157,0.503297742755674,0.474755057396441,-0.978052800152109
0.688833971725998,0.47987472534683,0.498259324125598,-0.978134049472416
0.68892213904784,0.456083558664046,0.521381347049215,-0.97746490571327
0.689010306369681,0.43194249800124,0.544103395133803,-0.976045893135011
0.689098473691523,0.407470062542475,0.566408027024342,-0.973878089566841
0.689186641013365,0.38268502898689,0.58827813950693,-0.97096316849379
0.689295045245781,0.351811310675427,0.614547222616929,-0.966358533292342
0.689403449478197,0.320529420721705,0.640103770389957,-0.960633191111671
0.689511853710613,0.288875737933119,0.664918053786447,-0.953793791719538
0.689620257943029,0.256886994670551,0.688961283332533,-0.945848278003053
0.689728662175444,0.224600314211202,0.71220554571591,-0.936805859927076
0.68983706640786,0.192053135351631,0.734623894270327,-0.926677029621936
0.689945470640276,0.159283217765407,0.756190309672327,-0.915473527437732
0.690053874872692,0.126328556886484,0.776879794031479,-0.90320835091795
0.690162279105108,0.0932273826963065,0.796668335379572,-0.889895718075825
0.690270683337524,0.0600180743747584,0.815532997885984,-0.875551072260701
0.69037908756994,0.0267391562889081,0.833451887106071,-0.860191043395002
0.690487491802356,-0.00657078616160601,0.850404235273763,-0.8438334491121
0.690595896034772,-0.039873112587278,0.866370366684606,-0.826497254097281
0.69066350924415,-0.0606240412415391,0.87582143691023,-0.815197395668694
0.690731122453528,-0.0813474473761125,0.884877273637784,-0.80352982626169
0.690798735662906,-0.102034073185265,0.89353383687803,-0.791499763692743
0.690866348872283,-0.122674587136263,0.90178721447408,-0.779112627337761
0.690958508180997,-0.150716831212002,0.912380664552167,-0.761663833340155
0.691050667489711,-0.178632822556954,0.922209372434046,-0.743576549877063
0.691110867336577,-0.196789069557027,0.928212935387342,-0.731423865830279
0.691171067183442,-0.214874836752276,0.933884468468877,-0.719009631716543
0.691231267030307,-0.232883712141013,0.939221968270685,-0.706338256129634
0.691291466877173,-0.250809241172161,0.944223513587317,-0.693414272415126
0.691363967139088,-0.272277575833843,0.949798508615093,-0.677520932781204
0.691436467401003,-0.293604663850736,0.954880778849968,-0.661276114999201
0.691508967662918,-0.314779453940504,0.959467701418823,-0.644688247478307
0.691581467924833,-0.335790936667453,0.963556882526384,-0.627765945858873
0.691653968186748,-0.356628230067752,0.967146214660464,-0.610517984592655
0.691726468448663,-0.377280504699889,0.970233822953388,-0.592953318253498
0.691814635793846,-0.402130593506361,0.973310240347083,-0.571179646840704
0.691902803139029,-0.426672244891184,0.975639968082084,-0.548967723190879
0.691990970484213,-0.450886607581263,0.977221228987527,-0.526334621406254
0.692079137829396,-0.474755079586742,0.978052797063637,-0.503297717476896
0.692167305174579,-0.498259352099339,0.97813404552385,-0.479874693424493
0.692255472519762,-0.521381380580639,0.977464900507611,-0.456083519926931
0.692343639864945,-0.544103433983541,0.976045886276513,-0.431942452292987
0.692431807210128,-0.566408070939662,0.973878080661535,-0.407470009721879
0.692519974555311,-0.588278188222174,0.970963157150372,-0.382684968928145
0.692628378787804,-0.614547270008555,0.966358519783007,-0.351811249774457
0.692736783020297,-0.640103816398942,0.960633175446454,-0.320529359047503
0.69284518725279,-0.664918098355439,0.953793773910919,-0.288875675555475
0.692953591485283,-0.68896132640577,0.945848258065952,-0.256886931660182
0.693061995717776,-0.71220558723945,0.936805837878961,-0.22460025063949
0.69317039995027,-0.734623934191815,0.9266770054826,-0.19205307129076
0.693278804182763,-0.756190347941452,0.915473501229576,-0.159283153288113
0.693387208415256,-0.776879830599618,0.903208322665687,-0.126328492066047
0.693495612647749,-0.796668370200133,0.889895687806641,-0.0932273176064721
0.693604016880242,-0.815533030914372,0.875551040004049,-0.0600180090896405
0.693712421112735,-0.83345191829979,0.860191009182702,-0.0267390908828795
0.693820825345228,-0.850404264592237,0.843833412978306,0.00657085161394835
0.693929229577721,-0.866370394089607,0.826497216078367,0.0398731780112561
0.69399684272159,-0.875821454131213,0.815197367628046,0.0606240865031886
0.69406445586546,-0.884877281431537,0.803529808923026,0.0813474725085359
0.69413206900933,-0.89353383601344,0.791499757764778,0.102034078248689
0.6941996821532,-0.901787205731547,0.779112633513528,0.122674572218036
0.694291841444445,-0.912380654306511,0.761663843251707,0.150716811054815
0.69438400073569,-0.922209360981594,0.743576563755051,0.17863279722652
0.694444200614769,-0.928212927538865,0.731423873518044,0.196789054020831
0.694504400493848,-0.933884463870991,0.719009632930006,0.214874830941001
0.694564600372927,-0.939221966566661,0.706338250591787,0.232883715974891
0.694624800252006,-0.944223514417393,0.693414259856281,0.250809254561115
0.694697300511434,-0.949798508981137,0.677520920570179,0.272277588410954
0.694769800770861,-0.954880778784263,0.661276103164584,0.293604675619678
0.694842301030288,-0.959467700954129,0.644688236047978,0.314779464906132
0.694914801289716,-0.963556881695689,0.627765934859861,0.335790946835843
0.694987301549143,-0.967146213497308,0.610517974051213,0.356628239446112
0.695059801808571,-0.970233821491493,0.59295330819491,0.377280513296599
0.695147969148486,-0.973310238498986,0.571179637961708,0.402130600537296
0.695236136488401,-0.975639965936454,0.548967715547871,0.42667225038863
0.695324303828317,-0.977221226633526,0.526334615052713,0.450886611580861
0.695412471168232,-0.978052794590795,0.503297712463182,0.474755082127618
0.695500638508147,-0.978134043021705,0.479874689797912,0.498259353223825
0.695588805848063,-0.97746489806587,0.456083517731491,0.521381380334385
0.695676973187978,-0.976045883984739,0.431942451569439,0.544103432415348
0.695765140527893,-0.973878078609055,0.407470010507658,0.566408068101418
0.695853307867809,-0.970963155425988,0.382684971257252,0.588278184168781
0.695961712100296,-0.966358518274939,0.351811252187246,0.614547266087702
0.696070116332783,-0.960633174153595,0.320529361537101,0.640103812616519
0.69617852056527,-0.95379377283203,0.288875678114873,0.664918094717155
0.696286924797757,-0.945848257199477,0.256886934282316,0.688961322917169
0.696395329030244,-0.936805837223104,0.224600253317222,0.712205583905905
0.696503733262731,-0.926677005035347,0.192053074016842,0.734623931018523
0.696612137495218,-0.915473500988693,0.159283156055286,0.756190344933419
0.696720541727705,-0.903208322628674,0.126328494867004,0.77687982776169
0.696828945960192,-0.889895687970754,0.0932273204338421,0.796668367536912
0.696937350192679,-0.875551040366303,0.0600180119360178,0.815533028430298
0.697045754425166,-0.860191009739841,0.0267390937408288,0.833451915999034
0.697154158657653,-0.843833413726995,-0.00657084875186256,0.850404262478868
0.69726256289014,-0.826497217014896,-0.0398731751524826,0.86637039216738
0.697330176034785,-0.815197368547494,-0.0606240838891841,0.875821452436677
0.69739778917943,-0.803529809815336,-0.081347470141464,0.884877279956832
0.697465402324075,-0.791499758620192,-0.102034076130391,0.893533834750558
0.69753301546872,-0.779112634322325,-0.122674570350014,0.901787204672301
0.697625174726978,-0.761663850545609,-0.150716799193553,0.912380649739213
0.697717333985235,-0.743576577983053,-0.178632775475116,0.922209353458168
0.697777533891944,-0.731423882475554,-0.196789040679696,0.928212923155237
0.697837733798653,-0.719009636372723,-0.214874825951659,0.933884462324399
0.697897933705362,-0.70633824828153,-0.232883719269913,0.939221967551433
0.69795813361207,-0.693414251561075,-0.250809266064165,0.94422351762523
0.698030633871698,-0.677520912099321,-0.272277599923234,0.949798512022548
0.698103134131327,-0.661276094519245,-0.29360468713628,0.954880781655534
0.698175634390955,-0.644688227229478,-0.314779476422044,0.959467703651511
0.698248134650583,-0.627765925869672,-0.335790958346027,0.963556884215706
0.698320634910211,-0.610517964890827,-0.35662825094549,0.967146215836304
0.698393135169839,-0.592953298866047,-0.377280524780031,0.970233823646101
0.698481302481144,-0.571179635628403,-0.40213060391179,0.973310239540178
0.698569469792449,-0.548967720494511,-0.42667224585429,0.97563996634883
0.698657637103754,-0.526334627546978,-0.450886599356307,0.977221226903257
0.69874580441506,-0.503297732755665,-0.474755062449329,0.978052795204992
0.698833971726365,-0.479874718121673,-0.498259326345974,0.978134044467624
0.69892213903767,-0.456083554301866,-0.52138134652833,0.977464900830195
0.699010306348975,-0.431942496583466,-0.544103391969312,0.976045888552763
0.69909847366028,-0.407470064143967,-0.566408021320068,0.973878085464034
0.699186640971585,-0.38268503367565,-0.588278131372676,0.97096316504829
0.69929504520399,-0.351811315531644,-0.614547214748739,0.96635853028038
0.699403449436396,-0.320529425731526,-0.640103762799678,0.960633188531181
0.699511853668801,-0.288875743082493,-0.664918046485457,0.953793789567978
0.699620257901206,-0.25688699994533,-0.688961276331952,0.945848276277227
0.699728662133612,-0.224600319597015,-0.712205539026484,0.936805858623473
0.699837066366017,-0.19205314083401,-0.734623887902437,0.926677028736421
0.699945470598422,-0.159283223329784,-0.756190303636021,0.91547352696577
0.700053874830828,-0.126328562518144,-0.77687978833637,0.903208350854537
0.700162279063233,-0.0932273883804989,-0.796668330034935,0.889895718415424
0.700270683295638,-0.0600180800966423,-0.815532992900693,0.875551072997287
0.700379087528044,-0.0267391620335985,-0.833451882488537,0.860191044522133
0.700487491760449,0.00657078040904335,-0.85040423103193,0.843833450622894
0.700595895992854,0.0398731068417886,-0.866370362826123,0.826497255984332
0.700663509203807,0.0606240359930601,-0.875821433510969,0.815197397517884
0.700731122414759,0.0813474426289541,-0.884877270681755,0.803529828052787
0.700798735625712,0.102034068943068,-0.893533834348952,0.791499765405876
0.700866348836664,0.122674583401999,-0.901787212355268,0.779112628953238
0.700958508079397,0.150716807489209,-0.912380655416397,0.761663847927171
0.701050667322129,0.178632779051815,-0.922209357385392,0.74357657833357
0.701110867224255,0.196789042872946,-0.928212926618496,0.731423883745528
0.701171067126382,0.214874826772304,-0.933884465374274,0.719009638601962
0.701231267028508,0.232883718730269,-0.939221970238979,0.706338251508661
0.701291466930634,0.250809264177996,-0.944223520001862,0.693414255823829
0.701363967192966,0.272277598862706,-0.949798514697963,0.67752091583521
0.701436467455298,0.293604686892701,-0.954880784593444,0.661276097700704
0.70150896771763,0.314779476985511,-0.959467706815307,0.644688229829764
0.701581467979962,0.335790959705366,-0.963556887568397,0.627765927863001
0.701653968242294,0.356628253088314,-0.967146219340838,0.610517966252507
0.701726468504626,0.377280527692703,-0.970233827264988,0.592953299572286
0.701814635792607,0.402130600286081,-0.973310242431698,0.5711796421456
0.701902803080588,0.426672235857968,-0.975639968908475,0.548967733050521
0.701990970368569,0.450886583172004,-0.977221229527827,0.526334646355813
0.70207913765655,0.474755040274365,-0.978052798291743,0.503297758017362
0.702167304944531,0.498259298391941,-0.978134048413923,0.479874750021957
0.702255472232512,0.521381313020783,-0.977464906032679,0.456083593011861
0.702343639520493,0.544103353147484,-0.976045895406896,0.431942542259411
0.702431806808474,0.566407977436431,-0.973878094363432,0.407470116926984
0.702519974096455,0.588278082692705,-0.970963176384144,0.382685093691415
0.702628378328781,0.614547167390811,-0.966358543780662,0.351811376389815
0.702736782561106,0.640103716822765,-0.960633204185944,0.320529487363188
0.702845186793432,0.66491800194696,-0.953793807364874,0.28887580541787
0.702953591025757,0.688961233287571,-0.945848296201416,0.256887062913823
0.703061995258083,0.71220549753027,-0.936805880657551,0.224600383127252
0.703170399490409,0.734623848006631,-0.926677052860565,0.192053204853926
0.703278803722734,0.756190265391034,-0.915473553157732,0.159283287766683
0.70338720795506,0.7768797517908,-0.903208379089606,0.126328627298792
0.703495612187385,0.796668295235336,-0.889895748666591,0.0932274534312106
0.703604016419711,0.815532959891705,-0.875551105235105,0.0600181453433431
0.703712420652037,0.833451851312786,-0.860191078714761,0.0267392274019544
0.703820824884362,0.850404201729919,-0.843833486736355,-0.00657071499356405
0.703929229116688,0.866370335436094,-0.826497293982327,-0.0398730414538079
0.703996842393115,0.875821416299811,-0.815197425542565,-0.0606239907572818
0.704064455669543,0.884877262893063,-0.803529845380786,-0.0813474175122889
0.704132068945971,0.893533835214133,-0.791499771328899,-0.102034063885293
0.704199682222398,0.901787221094337,-0.779112622778574,-0.122674598315805
0.704291841482578,0.91238066565638,-0.761663838021006,-0.150716827635376
0.704384000742757,0.92220936883025,-0.743576564465554,-0.178632804364693
0.704444200612692,0.928212934461935,-0.731423876063483,-0.196789058398483
0.704504400482628,0.933884469969373,-0.719009637389614,-0.214874832579748
0.704564600352563,0.939221971942177,-0.706338257042863,-0.232883714899328
0.704624800222498,0.944223519172728,-0.693414268374067,-0.250809250798688
0.704697300487326,0.949798514333305,-0.677520928035539,-0.272277586297797
0.704769800752155,0.954880784660858,-0.661276109522416,-0.293604675138463
0.704842301016983,0.959467707281969,-0.644688241244912,-0.314779466037053
0.704914801281811,0.963556888401069,-0.627765938844538,-0.335790949556555
0.70498730154664,0.967146220505938,-0.610517976774057,-0.356628243731893
0.705059801811468,0.97023382872867,-0.59295330960849,-0.377280519120234
0.705147969104715,0.973310244280871,-0.571179651002385,-0.402130593278513
0.705236136397962,0.975639971054443,-0.548967740671438,-0.426672230383022
0.705324303691208,0.977221231881407,-0.526334652687443,-0.450886579194007
0.705412470984455,0.978052800763546,-0.503297763009324,-0.474755037754214
0.705500638277702,0.978134050914358,-0.479874753627095,-0.498259297287284
0.705588805570948,0.977464908472138,-0.456083595186118,-0.521381313286007
0.705676972864195,0.976045897695876,-0.431942542962086,-0.544103354733788
0.705765140157442,0.973878096412581,-0.407470116120686,-0.566407980291929
0.705853307450688,0.970963178104655,-0.382685091342143,-0.588278086762499
0.70596171168302,0.966358545284199,-0.351811373956537,-0.614547171327696
0.706070115915352,0.96063320547364,-0.320529484852827,-0.640103720620816
0.706178520147684,0.953793808437917,-0.288875802837458,-0.664918005600455
0.706286924380016,0.945848297061367,-0.256887060270428,-0.688961236790956
0.706395328612347,0.936805881306191,-0.224600380428066,-0.712205500878118
0.706503732844679,0.926677053299917,-0.192053202106152,-0.734623851193771
0.706612137077011,0.915473553390073,-0.159283284977609,-0.756190268412456
0.706720541309343,0.903208379117395,-0.126328624475784,-0.776879754641598
0.706828945541675,0.889895748492569,-0.0932274505816436,-0.796668297910959
0.706937349774007,0.875551104862304,-0.0600181424746572,-0.815532962387627
0.707045754006338,0.860191078146398,-0.0267392245215987,-0.833451853624819
0.70715415823867,0.843833485975818,0.00657071787814674,-0.850404203854005
0.707262562471002,0.826497293033308,0.0398730443351209,-0.866370337368466
0.707330175746629,0.815197424614682,0.0606239933859674,-0.87582141800064
0.707397789022256,0.803529844484243,0.0813474198862143,-0.884877264370442
0.707465402297882,0.791499770473763,0.10203406600264,-0.893533836476398
0.707533015573509,0.779112621974875,0.1226746001751,-0.901787222149985
0.707625174866651,0.761663830737373,0.150716839480206,-0.912380670217565
0.707717334159792,0.743576550253376,0.178632826092047,-0.922209376345408
0.707777534002128,0.731423867115769,0.196789071724971,-0.928212938840767
0.707837733844465,0.719009633950518,0.214874837563765,-0.933884471514288
0.707897933686801,0.70633825935028,0.232883711608261,-0.939221970958544
0.707958133529138,0.693414276659713,0.250809239308748,-0.944223515968448
0.708030633793757,0.677520936498558,0.272277574796087,-0.949798511294644
0.708103134058376,0.661276118161628,0.293604663629952,-0.954880781791589
0.708175634322996,0.644688250059131,0.314779454526736,-0.959467704585884
0.708248134587615,0.6277659478324,0.335790938049528,-0.963556885881932
0.708320634852234,0.61051798593407,0.356628232233287,-0.967146218167367
0.708393135116854,0.592953318939006,0.377280507635225,-0.970233826574233
0.708481302438693,0.571179653341803,0.402130589897553,-0.973310243239346
0.708569469760532,0.548967735735536,0.426672234906092,-0.975639970641622
0.708657637082372,0.526334640208689,0.450886591402689,-0.977221231611391
0.708745804404211,0.503297742737342,0.474755057412173,-0.978052800149539
0.70883397172605,0.47987472532889,0.498259324140501,-0.978134049469368
0.708922139047889,0.456083558646553,0.521381347063271,-0.977464905709779
0.709010306369729,0.431942497984187,0.544103395147052,-0.976045893131203
0.709098473691568,0.407470062525913,0.566408027036783,-0.97387808956266
0.709186641013407,0.382685028970808,0.588278139518573,-0.970963168489372
0.709295045245825,0.351811310658716,0.614547222628654,-0.966358533287395
0.709403449478242,0.320529420704421,0.640103770401765,-0.960633191106182
0.70951185371066,0.288875737915224,0.664918053798296,-0.953793791713528
0.709620257943077,0.256886994652086,0.68896128334432,-0.945848277996421
0.709728662175495,0.22460031419213,0.712205545727682,-0.936805859919809
0.709837066407912,0.192053135331994,0.734623894281983,-0.926677029613984
0.70994547064033,0.159283217745216,0.75619030968394,-0.915473527429134
0.710053874872747,0.126328556865735,0.776879794042925,-0.903208350908624
0.710162279105165,0.0932273826750205,0.796668335390783,-0.889895718065829
0.710270683337582,0.0600180743529582,0.81553299789699,-0.875551072249953
0.71037908757,0.0267391562665937,0.833451887116865,-0.860191043383434
0.710487491802417,-0.00657078618440635,0.850404235284213,-0.84383344909981
0.710595896034835,-0.0398731126105315,0.866370366694695,-0.826497254084145
0.710663509244188,-0.0606240412573159,0.875821436916689,-0.815197395659343
0.710731122453542,-0.0813474473844363,0.884877273640799,-0.803529826256367
0.710798735662895,-0.102034073186149,0.893533836877913,-0.791499763691758
0.710866348872249,-0.122674587129744,0.901787214471119,-0.779112627341345
0.71095850818092,-0.150716831192542,0.91238066454482,-0.761663833352258
0.711050667489591,-0.178632822524682,0.922209372422916,-0.743576549898206
0.711110867336498,-0.196789069537515,0.928212935380951,-0.731423865843415
0.711171067183406,-0.214874836745415,0.93388446846672,-0.719009631721307
0.711231267030313,-0.232883712146702,0.939221968272315,-0.706338256125594
0.71129146687722,-0.250809241190274,0.944223513592296,-0.693414272402014
0.711363967139136,-0.27227757585217,0.949798508619839,-0.677520932767686
0.711436467401052,-0.293604663869272,0.954880778854484,-0.661276114985176
0.711508967662968,-0.314779453959206,0.959467701423028,-0.64468824746382
0.711581467924884,-0.335790936686328,0.963556882530319,-0.627765945843957
0.7116539681868,-0.356628230086795,0.967146214664093,-0.610517984577282
0.711726468448716,-0.377280504719077,0.970233822956701,-0.592953318237623
0.711814635793866,-0.402130593515847,0.973310240348887,-0.571179646833037
0.711902803139015,-0.42667224489121,0.975639968082966,-0.548967723191739
0.711990970484164,-0.450886607572086,0.977221228988117,-0.52633462141599
0.712079137829313,-0.474755079568653,0.978052797064441,-0.503297717495759
0.712167305174462,-0.498259352072595,0.978134045525469,-0.479874693452838
0.712255472519611,-0.521381380545584,0.97746490051062,-0.456083519964995
0.712343639864761,-0.544103433940505,0.976045886281508,-0.431942452341008
0.71243180720991,-0.566408070889014,0.973878080669122,-0.407470009780083
0.712519974555059,-0.588278188164297,0.970963157161,-0.382684968996689
0.712628378787554,-0.614547269952763,0.966358519796184,-0.3518112498434
0.712736783020049,-0.640103816345313,0.960633175462095,-0.320529359116774
0.712845187252544,-0.66491809830398,0.953793773928981,-0.288875675624983
0.712953591485039,-0.688961326356537,0.94584825808637,-0.256886931729826
0.713061995717534,-0.712205587192422,0.936805837901597,-0.224600250709179
0.713170399950029,-0.73462393414708,0.926677005507483,-0.192053071360374
0.713278804182524,-0.756190347899022,0.915473501256598,-0.159283153357564
0.713387208415019,-0.77687983055953,0.903208322694806,-0.126328492135267
0.713495612647514,-0.796668370162397,0.889895687837771,-0.0932273176753497
0.713604016880009,-0.815533030878992,0.875551040037118,-0.0600180091581093
0.713712421112504,-0.833451918266762,0.860191009217626,-0.0267390909508511
0.713820825344999,-0.850404264561628,0.843833413015051,0.00657085154657397
0.713929229577494,-0.86637039406137,0.826497216116825,0.0398731779445485
0.713996842721426,-0.875821454112826,0.815197367657155,0.0606240864557082
0.714064455865359,-0.884877281422301,0.803529808942015,0.081347472480268
0.714132069009291,-0.893533836012618,0.791499757773056,0.102034078239592
0.714199682153223,-0.901787205738388,0.779112633510369,0.122674572228011
0.714291841444443,-0.912380654310364,0.761663843253232,0.15071681105714
0.714384000735663,-0.922209360982856,0.74357656376165,0.178632797221253
0.71444420061475,-0.928212927541037,0.731423873523189,0.196789054017854
0.714504400493836,-0.933884463873929,0.719009632933656,0.21487483094029
0.714564600372923,-0.93922196657033,0.706338250593927,0.232883715976428
0.714624800252009,-0.944223514421735,0.69341425985685,0.250809254564878
0.714697300511435,-0.949798508985311,0.677520920571066,0.272277588414246
0.714769800770861,-0.954880778788359,0.661276103165827,0.29360467562251
0.714842301030287,-0.959467700958053,0.644688236049561,0.314779464908503
0.714914801289713,-0.963556881699612,0.627765934861871,0.335790946837762
0.714987301549139,-0.967146213501171,0.610517974053569,0.356628239447597
0.715059801808564,-0.9702338214953,0.592953308197691,0.377280513297648
0.715147969148451,-0.973310238501943,0.571179637971613,0.402130600530372
0.715236136488338,-0.975639965939108,0.548967715565231,0.426672250373907
0.715324303828225,-0.977221226636349,0.526334615077766,0.450886611558593
0.715412471168111,-0.978052794594203,0.503297712496184,0.474755082098019
0.715500638507998,-0.978134043026285,0.4798746898391,0.498259353187189
0.715588805847885,-0.977464898072033,0.45608351778107,0.521381380290972
0.715676973187771,-0.976045883993037,0.431942451627584,0.544103432365438
0.715765140527658,-0.973878078619922,0.407470010574567,0.56640806804534
0.715853307867545,-0.970963155439914,0.382684971333075,0.588278184106852
0.715961712100033,-0.966358518291511,0.351811252263697,0.614547266027843
0.716070116332522,-0.960633174172798,0.320529361614038,0.640103812558785
0.716178520565011,-0.953793772853794,0.288875678192212,0.66491809466156
0.716286924797499,-0.945848257223802,0.256886934359972,0.688961322863793
0.716395329029988,-0.936805837249839,0.224600253395064,0.712205583854742
0.716503733262476,-0.926677005064506,0.192053074094801,0.734623930969708
0.716612137494965,-0.915473501020148,0.159283156133262,0.756190344886934
0.716720541727453,-0.903208322662436,0.126328494944901,0.776879827717516
0.716828945959942,-0.889895688006738,0.0932273205115533,0.796668367495167
0.716937350192431,-0.875551040404424,0.0600180120134639,0.815533028390942
0.717045754424919,-0.860191009780068,0.0267390938179251,0.833451915962145
0.717154158657408,-0.843833413769223,-0.00657084867522219,0.850404262444438
0.717262562889896,-0.826497217059041,-0.0398731750763729,0.866370392135408
0.717330176034615,-0.815197368580412,-0.0606240838357989,0.875821452416202
0.717397789179334,-0.803529809836292,-0.0813474701107558,0.884877279947036
0.717465402324053,-0.791499758628279,-0.102034076122301,0.893533834750576
0.717533015468772,-0.779112634316843,-0.12267457036445,0.9017872046813
0.717625174727052,-0.761663850535484,-0.150716799214697,0.912380649750172
0.717717333985332,-0.743576577967957,-0.178632775502889,0.922209353470857
0.717777533892005,-0.731423882467142,-0.196789040696848,0.928212923164016
0.717837733798679,-0.719009636371353,-0.214874825958258,0.933884462329608
0.717897933705353,-0.706338248287497,-0.232883719266036,0.939221967553524
0.717958133612027,-0.693414251574663,-0.250809266049919,0.944223517624552
0.718030633871656,-0.677520912112871,-0.272277599909351,0.949798512022239
0.718103134131285,-0.661276094532803,-0.29360468712277,0.954880781655563
0.718175634390914,-0.644688227242991,-0.314779476408924,0.959467703651887
0.718248134650543,-0.627765925883134,-0.335790958333277,0.963556884216364
0.718320634910172,-0.610517964904227,-0.356628250933129,0.967146215837345
0.718393135169801,-0.592953298879392,-0.377280524768039,0.970233823647398
0.718481302481111,-0.57117963564076,-0.402130603901243,0.973310239541952
0.718569469792421,-0.548967720505849,-0.426672245845158,0.975639966350973
0.718657637103731,-0.526334627557225,-0.450886599348554,0.977221226905757
0.71874580441504,-0.503297732764793,-0.474755062442919,0.978052795207694
0.71883397172635,-0.47987471812964,-0.498259326340893,0.978134044470481
0.71892213903766,-0.456083554308606,-0.521381346524548,0.977464900833116
0.71901030634897,-0.431942496588954,-0.544103391966757,0.976045888555731
0.71909847366028,-0.407470064148179,-0.566408021318704,0.973878085466856
0.719186640971589,-0.382685033678507,-0.588278131372456,0.970963165050972
0.719295045203994,-0.351811315534851,-0.614547214748251,0.966358530283094
0.719403449436398,-0.320529425735052,-0.64010376279888,0.960633188533894
0.719511853668802,-0.288875743086344,-0.664918046484407,0.953793789570738
0.719620257901206,-0.256886999949489,-0.688961276330651,0.945848276280102
0.71972866213361,-0.224600319601517,-0.712205539024948,0.93680585862646
0.719837066366015,-0.192053140838849,-0.734623887900684,0.926677028739521
0.719945470598419,-0.159283223334961,-0.756190303634104,0.915473526969051
0.720053874830823,-0.12632856252368,-0.776879788334273,0.903208350857889
0.720162279063227,-0.0932273883863785,-0.796668330032658,0.889895718419029
0.720270683295631,-0.0600180801028579,-0.815532992898271,0.875551073001101
0.720379087528036,-0.0267391620401499,-0.833451882485968,0.860191044526137
0.72048749176044,0.00657078040215098,-0.850404231029348,0.843833450627161
0.720595895992844,0.0398731068345469,-0.866370362823436,0.826497255988839
0.720663509203807,0.0606240359889765,-0.875821433509735,0.815197397520744
0.72073112241477,0.0813474426280181,-0.884877270681879,0.803529828053828
0.720798735625732,0.10203406894525,-0.893533834350288,0.791499765405016
0.720866348836695,0.122674583407293,-0.901787212357707,0.779112628950376
0.720958508079465,0.150716807505955,-0.91238065542274,0.761663847916785
0.721050667322236,0.178632779079891,-0.922209357395102,0.743576578315163
0.721110867224327,0.196789042890394,-0.928212926624221,0.731423883733813
0.721171067126418,0.214874826779183,-0.933884465376372,0.719009638597202
0.721231267028509,0.232883718726666,-0.939221970237911,0.706338251511173
0.721291466930601,0.250809264163999,-0.944223519997988,0.693414255833936
0.721363967192927,0.272277598847129,-0.949798514693855,0.677520915846705
0.721436467455253,0.293604686875569,-0.954880784589241,0.661276097713639
0.72150896771758,0.314779476966856,-0.959467706811062,0.644688229844205
0.721581467979906,0.335790959685211,-0.963556887564212,0.627765927878995
0.721653968242233,0.356628253066708,-0.967146219336816,0.610517966270069
0.721726468504559,0.377280527669674,-0.970233827261141,0.592953299591458
0.721814635792558,0.402130600268241,-0.973310242429001,0.571179642160712
0.721902803080556,0.426672235845184,-0.975639968906559,0.548967733061339
0.721990970368555,0.450886583164183,-0.977221229526417,0.526334646362233
0.722079137656554,0.474755040271316,-0.978052798290522,0.503297758019189
0.722167304944552,0.498259298393561,-0.97813404841262,0.479874750019055
0.722255472232551,0.521381313026905,-0.977464906030981,0.456083593004062
0.72234363952055,0.544103353157932,-0.976045895404594,0.431942542246607
0.722431806808548,0.566407977451031,-0.973878094360108,0.407470116909031
0.722519974096547,0.588278082711295,-0.970963176379495,0.382685093668183
0.722628378328872,0.614547167408593,-0.966358543775096,0.35181137636647
0.722736782561197,0.640103716839723,-0.960633204179488,0.320529487339729
0.722845186793521,0.664918001963122,-0.953793807357532,0.288875805394383
0.722953591025846,0.688961233302915,-0.945848296193228,0.256887062890309
0.723061995258171,0.712205497544769,-0.93680588064855,0.224600383103753
0.723170399490496,0.734623848020285,-0.926677052850789,0.192053204830444
0.723278803722821,0.756190265403846,-0.915473553147151,0.159283287743279
0.723387207955146,0.77687975180275,-0.903208379078293,0.126328627275492
0.72349561218747,0.79666829524644,-0.889895748654541,0.0932274534080564
0.723604016419795,0.815532959901908,-0.875551105222325,0.060018145320361
0.72371242065212,0.83345185132213,-0.860191078701331,0.0267392273791765
0.723820824884445,0.850404201738368,-0.843833486722274,-0.00657071501611033
0.72392922911677,0.866370335443712,-0.826497293967613,-0.039873041476102
0.723996842393176,0.875821416303997,-0.815197425531106,-0.0606239907728986
0.724064455669582,0.884877262894031,-0.803529845372785,-0.0813474175212448
0.724132068945988,0.893533835212184,-0.791499771324626,-0.102034063887615
0.724199682222394,0.901787221089722,-0.779112622778227,-0.122674598311513
0.724291841482593,0.912380665653926,-0.761663838016963,-0.150716827636994
0.724384000742792,0.922209368829698,-0.743576564457531,-0.178632804372162
0.724444200612717,0.928212934460237,-0.731423876057191,-0.196789058403051
0.724504400482643,0.933884469966676,-0.719009637385252,-0.214874832581427
0.724564600352568,0.939221971938595,-0.706338257040445,-0.232883714898169
0.724624800222494,0.944223519168374,-0.693414268373672,-0.2508092507947
0.724697300487321,0.949798514328868,-0.677520928035527,-0.272277586293335
0.724769800752147,0.954880784656321,-0.661276109522779,-0.293604675133546
0.724842301016974,0.959467707277348,-0.644688241245684,-0.314779466031689
0.724914801281801,0.96355688839646,-0.627765938845703,-0.335790949550768
0.724987301546628,0.96714622050134,-0.610517976775686,-0.356628243725666
0.725059801811455,0.970233828724082,-0.592953309610535,-0.377280519113589
0.725147969104727,0.973310244277136,-0.571179650998115,-0.402130593279065
0.725236136397999,0.975639971051171,-0.548967740660592,-0.426672230390567
0.725324303691272,0.977221231878208,-0.526334652669814,-0.450886579208394
0.725412470984544,0.978052800759911,-0.503297762984725,-0.474755037775211
0.725500638277816,0.978134050909914,-0.479874753595269,-0.498259297314653
0.725588805571088,0.977464908466356,-0.456083595146912,-0.521381313319464
0.72567697286436,0.976045897688392,-0.431942542915326,-0.544103354773125
0.725765140157633,0.973878096403022,-0.407470116066163,-0.566407980336852
0.725853307450905,0.970963178092489,-0.382685091279756,-0.588278086812757
0.725961711683238,0.966358545269738,-0.351811373893034,-0.614547171376746
0.72607011591557,0.960633205456883,-0.320529484788242,-0.640103720668665
0.726178520147903,0.953793808418879,-0.288875802771917,-0.664918005646987
0.726286924380236,0.945848297040035,-0.256887060203973,-0.688961236836078
0.726395328612568,0.936805881282562,-0.224600380360758,-0.712205500921818
0.726503732844901,0.926677053273986,-0.192053202038083,-0.734623851235921
0.726612137077234,0.915473553361869,-0.159283284908863,-0.75619026845302
0.726720541309567,0.90320837908694,-0.126328624406424,-0.776879754680492
0.726828945541899,0.889895748459826,-0.0932274505117578,-0.796668297948134
0.726937349774232,0.875551104827341,-0.0600181424043024,-0.815532962423021
0.727045754006565,0.860191078109199,-0.0267392244508596,-0.833451853658339
0.727154158238897,0.843833485936473,0.00657071794917482,-0.850404203885657
0.72726256247123,0.826497292991753,0.0398730444063692,-0.866370337398138
0.727330175746787,0.815197424583714,0.0606239934357266,-0.875821418019407
0.727397789022344,0.80352984446464,0.0813474199145047,-0.884877264379176
0.727465402297901,0.791499770466333,0.102034066009546,-0.89353383647588
0.727533015573458,0.779112621980307,0.122674600160712,-0.901787222141025
0.727625174866586,0.761663830745655,0.150716839461938,-0.912380670207598
0.727717334159715,0.743576550264709,0.178632826069944,-0.92220937633465
0.72777753400208,0.731423867121643,0.19678907171152,-0.928212938833158
0.727837733844444,0.719009633950654,0.214874837558914,-0.933884471509605
0.727897933686809,0.706338259344479,0.232883711611909,-0.939221970956411
0.727958133529174,0.693414276647735,0.250809239320831,-0.944223515968562
0.728030633793792,0.677520936486702,0.272277574807654,-0.949798511294363
0.72810313405841,0.661276118149925,0.293604663641032,-0.954880781790988
0.728175634323028,0.644688250047612,0.314779454537335,-0.959467704584981
0.728248134587646,0.627765947821099,0.335790938059614,-0.963556885880709
0.728320634852264,0.610517985922998,0.356628232242877,-0.967146218165847
0.728393135116882,0.592953318928154,0.377280507644316,-0.970233826572476
0.728481302438721,0.571179653330649,0.402130589906724,-0.973310243237363
0.728569469760561,0.54896773572412,0.426672234915307,-0.975639970639397
0.728657637082401,0.526334640196992,0.450886591411957,-0.977221231608943
0.728745804404241,0.503297742725367,0.474755057421473,-0.978052800146816
0.728833971726081,0.479874725316629,0.498259324149808,-0.978134049466418
0.72892213904792,0.456083558634014,0.521381347072574,-0.977464905706613
0.72901030636976,0.431942497971369,0.544103395156361,-0.976045893127728
0.7290984736916,0.407470062512838,0.566408027046089,-0.973878089558928
0.72918664101344,0.382685028957461,0.588278139527835,-0.970963168485303
0.729295045245856,0.351811310645616,0.614547222637423,-0.966358533283031
0.729403449478272,0.320529420691536,0.640103770410024,-0.96063319110154
0.729511853710689,0.288875737902606,0.664918053806031,-0.953793791708663
0.729620257943105,0.256886994639764,0.688961283351614,-0.945848277991362
0.729728662175521,0.224600314180105,0.712205545734514,-0.93680585991461
0.729837066407938,0.192053135320271,0.734623894288362,-0.926677029608646
0.729945470640354,0.15928321773381,0.756190309689866,-0.91547352742362
0.73005387487277,0.126328556854657,0.776879794048432,-0.903208350903056
0.730162279105187,0.0932273826642858,0.796668335395906,-0.889895718060201
0.730270683337603,0.0600180743425833,0.815532997901707,-0.875551072244267
0.730379087570019,0.0267391562565937,0.83345188712118,-0.860191043377746
0.730487491802436,-0.00657078619404033,0.850404235288197,-0.843833449094143
0.730595896034852,-0.0398731126197777,0.866370366698327,-0.826497254078525
0.730663509244193,-0.060624041262792,0.875821436918513,-0.81519739565573
0.730731122453534,-0.0813474473861541,0.884877273641036,-0.80352982625486
0.730798735662875,-0.10203407318411,0.893533836876644,-0.791499763692532
0.730866348872216,-0.122674587123956,0.90178721446849,-0.779112627344531
0.730958508180836,-0.150716831171193,0.912380664536741,-0.761663833365528
0.731050667489456,-0.178632822487929,0.922209372410268,-0.743576549922336
0.73111086733641,-0.196789069514946,0.928212935373577,-0.731423865858637
0.731171067183364,-0.214874836736929,0.933884468464122,-0.719009631727207
0.731231267030317,-0.232883712152178,0.939221968273982,-0.706338256121788
0.731291466877271,-0.250809241209579,0.944223513597672,-0.693414272388046
0.731363967139204,-0.272277575876288,0.949798508626029,-0.677520932749735
0.731436467401137,-0.293604663898124,0.954880778861324,-0.661276114963156
0.731508967663069,-0.314779453992737,0.959467701430315,-0.644688247437548
0.731581467925002,-0.335790936724441,0.963556882537739,-0.627765945813303
0.731653968186935,-0.35662823012937,0.96714621467149,-0.610517984542126
0.731726468448868,-0.377280504766007,0.970233822963835,-0.592953318197801
0.731814635794012,-0.402130593560973,0.973310240354593,-0.571179646793617
0.731902803139157,-0.426672244934517,0.975639968087316,-0.548967723152814
0.731990970484301,-0.450886607613561,0.977221228991161,-0.526334621377588
0.732079137829446,-0.47475507960832,0.978052797066307,-0.503297717457985
0.73216730517459,-0.498259352110472,0.978134045526245,-0.479874693415771
0.732255472519735,-0.521381380581683,0.977464900510361,-0.456083519928645
0.732343639864879,-0.544103433974841,0.976045886280323,-0.43194245230544
0.732431807210024,-0.566408070921616,0.973878080667043,-0.407470009745416
0.732519974555168,-0.588278188195167,0.97096315715812,-0.382684968962964
0.732628378787663,-0.614547269982823,0.966358519792209,-0.351811249809394
0.732736783020157,-0.640103816374512,0.96063317545705,-0.320529359082526
0.732845187252652,-0.664918098332282,0.953793773922871,-0.288875675590531
0.732953591485146,-0.688961326383946,0.945848258079159,-0.256886931695215
0.733061995717641,-0.712205587218909,0.936805837893404,-0.224600250674452
0.733170399950135,-0.734623934172668,0.926677005498255,-0.19205307132559
0.733278804182629,-0.75619034792363,0.915473501246417,-0.159283153322737
0.733387208415124,-0.776879830583184,0.903208322683654,-0.126328492100465
0.733495612647618,-0.796668370185074,0.889895687825681,-0.0932273176405793
0.733604016880113,-0.815533030900699,0.875551040024111,-0.0600180091234034
0.733712421112607,-0.833451918287458,0.860191009203726,-0.0267390909162677
0.733820825345102,-0.850404264581292,0.843833413000283,0.00657085158099586
0.733929229577596,-0.86637039408,0.82649721610124,0.0398731779787682
0.733996842721495,-0.875821454126312,0.81519736764672,0.0606240864796195
0.734064455865394,-0.88487728143096,0.803529808937092,0.0813474724938844
0.734132069009292,-0.893533836016864,0.791499757773977,0.102034078242923
0.734199682153191,-0.901787205738676,0.779112633517529,0.122674572221149
0.734291841444399,-0.912380654309559,0.761663843263019,0.150716811046556
0.734384000735606,-0.922209360981143,0.743576563774148,0.17863279720701
0.734444200614711,-0.928212927541381,0.731423873532207,0.196789054009208
0.734504400493816,-0.933884463876223,0.719009632938991,0.214874830937209
0.734564600372921,-0.939221966574263,0.706338250595434,0.23288371597886
0.734624800252026,-0.944223514427143,0.69341425985438,0.250809254572775
0.734697300511451,-0.949798508990535,0.677520920568698,0.272277588421844
0.734769800770876,-0.954880778793409,0.661276103163603,0.293604675629825
0.734842301030301,-0.95946770096298,0.644688236047477,0.314779464915527
0.734914801289726,-0.963556881704392,0.627765934859897,0.33579094684449
0.734987301549151,-0.967146213505795,0.610517974051802,0.35662823945404
0.735059801808576,-0.970233821499828,0.59295330819603,0.377280513303811
0.735147969148443,-0.97331023850581,0.571179637974836,0.402130600530966
0.73523613648831,-0.97563996594258,0.548967715573489,0.426672250369101
0.735324303828177,-0.977221226639771,0.526334615091255,0.450886611548539
0.735412471168044,-0.978052794597946,0.503297712515068,0.474755082082877
0.735500638507911,-0.978134043030636,0.479874689863515,0.498259353167133
0.735588805847778,-0.977464898077348,0.45608351781121,0.521381380266179
0.735676973187645,-0.976045883999637,0.431942451663559,0.544103432336095
0.735765140527513,-0.97387807862817,0.407470010616481,0.56640806801171
0.73585330786738,-0.97096315545015,0.382684971381039,0.588278184069118
0.735961712099868,-0.966358518303501,0.351811252312455,0.614547265991034
0.736070116332356,-0.960633174186496,0.320529361663553,0.640103812522964
0.736178520564844,-0.953793772869231,0.288875678242438,0.664918094626804
0.736286924797332,-0.945848257240911,0.256886934410818,0.688961322830105
0.73639532902982,-0.936805837268739,0.224600253446521,0.71220558382223
0.736503733262308,-0.92667700508513,0.192053074146795,0.73462393093837
0.736612137494796,-0.915473501042551,0.159283156185734,0.756190344856802
0.736720541727284,-0.903208322686513,0.126328494997793,0.7768798276887
0.736828945959772,-0.889895688032494,0.093227320564819,0.796668367467652
0.73693735019226,-0.875551040431874,0.0600180120670253,0.815533028364869
0.737045754424748,-0.860191009809201,0.0267390938717434,0.833451915937437
0.737154158657236,-0.843833413799985,-0.00657084862120276,0.850404262421188
0.737262562889724,-0.826497217091406,-0.0398731750222405,0.866370392113665
0.737330176034499,-0.815197368604165,-0.0606240837990301,0.875821452403198
0.737397789179274,-0.803529809850766,-0.0813474700913202,0.884877279942076
0.73746540232405,-0.791499758632942,-0.10203407612014,0.893533834753061
0.737533015468825,-0.779112634310989,-0.122674570379483,0.901787204690488
0.737625174727123,-0.76166385052573,-0.150716799235262,0.912380649760982
0.737717333985422,-0.743576577954032,-0.178632775528906,0.922209353482948
0.737777533892062,-0.731423882459686,-0.196789040712636,0.928212923172348
0.737837733798702,-0.71900963637068,-0.214874825963878,0.933884462334568
0.737897933705342,-0.706338248293848,-0.232883719261595,0.939221967555463
0.737958133611982,-0.693414251588336,-0.250809266035507,0.94422351762384
0.738030633871628,-0.677520912123132,-0.272277599899895,0.949798512023042
0.738103134131273,-0.661276094539484,-0.293604687118188,0.954880781657686
0.738175634390919,-0.644688227245925,-0.314779476409141,0.959467703655034
0.738248134650564,-0.627765925882179,-0.335790958338233,0.963556884220376
0.73832063491021,-0.610517964899208,-0.356628250942755,0.967146215841929
0.738393135169855,-0.592953298870177,-0.377280524782243,0.970233823652413
0.738481302481184,-0.571179635626587,-0.402130603920508,0.973310239547091
0.738569469792513,-0.548967720486528,-0.426672245869405,0.97563996635592
0.738657637103841,-0.526334627532587,-0.450886599377577,0.977221226910146
0.73874580441517,-0.503297732734668,-0.474755062476574,0.978052795211253
0.738833971726499,-0.479874718093926,-0.498259326378991,0.978134044472885
0.738922139037827,-0.456083554267162,-0.521381346566864,0.977464900834021
0.739010306349156,-0.431942496541677,-0.544103392013132,0.976045888554807
0.739098473660485,-0.407470064094965,-0.56640802136888,0.973878085463836
0.739186640971813,-0.38268503361927,-0.588278131426227,0.970963165045507
0.739295045204218,-0.351811315474466,-0.614547214800786,0.966358530275217
0.739403449436623,-0.320529425673623,-0.640103762850104,0.960633188523668
0.739511853669028,-0.288875743023933,-0.664918046534217,0.953793789558159
0.739620257901433,-0.256886999886194,-0.688961276378971,0.945848276265152
0.739728662133838,-0.224600319537399,-0.712205539071745,0.93680585860914
0.739837066366243,-0.192053140773988,-0.734623887945884,0.926677028719888
0.739945470598648,-0.159283223269428,-0.756190303677641,0.915473526947066
0.740053874831053,-0.126328562457556,-0.776879788376061,0.903208350833594
0.740162279063458,-0.093227388319736,-0.796668330072687,0.889895718392395
0.740270683295863,-0.0600180800357877,-0.815532992936409,0.875551072972167
0.740379087528268,-0.0267391619727269,-0.833451882522258,0.860191044494952
0.740487491760673,0.00657078046982692,-0.850404231063583,0.843833450593745
0.740595895993078,0.0398731069024125,-0.866370362855633,0.826497255953203
0.740663509203978,0.0606240360373216,-0.875821433531934,0.815197397494592
0.740731122414877,0.0813474426568873,-0.884877270694756,0.80352982803786
0.740798735625776,0.102034068954689,-0.893533834354609,0.791499765399919
0.740866348836676,0.122674583397397,-0.901787212354209,0.779112628956809
0.740958508079476,0.150716807505222,-0.912380655422766,0.761663847917531
0.741050667322277,0.178632779088235,-0.922209357398081,0.743576578309841
0.741110867224356,0.196789042895137,-0.928212926625854,0.731423883730694
0.741171067126436,0.214874826780344,-0.933884465376755,0.719009638596418
0.741231267028515,0.232883718724299,-0.939221970237178,0.706338251512857
0.741291466930595,0.250809264158139,-0.94422351999622,0.693414255838101
0.74136396719293,0.272277598843844,-0.949798514692844,0.677520915848994
0.741436467455265,0.293604686874826,-0.954880784588792,0.661276097713938
0.7415089677176,0.314779476968609,-0.959467706811062,0.644688229842423
0.741581467979935,0.335790959689441,-0.963556887564556,0.627765927875079
0.74165396824227,0.356628253073333,-0.967146219337316,0.610517966263968
0.741726468504605,0.377280527678678,-0.970233827261767,0.59295329958305
0.741814635792649,0.402130600289823,-0.973310242430567,0.571179642140739
0.741902803080693,0.426672235878992,-0.975639968908384,0.548967733029406
0.741990970368737,0.450886583209835,-0.97722122952769,0.526334646317839
0.742079137656781,0.474755040328476,-0.978052798290553,0.503297757962035
0.742167304944825,0.498259298461748,-0.978134048410519,0.479874749948755
0.742255472232869,0.521381313105681,-0.977464906026021,0.456083592920311
0.742343639520914,0.544103353246841,-0.97604589539597,0.431942542149103
0.742431806808958,0.566407977549562,-0.973878094347097,0.407470116797499
0.742519974097002,0.588278082818905,-0.970963176361339,0.382685093542411
0.742628378329328,0.614547167513687,-0.966358543752151,0.351811376238434
0.742736782561655,0.640103716942184,-0.960633204151761,0.320529487209584
0.742845186793981,0.664918002062719,-0.953793807325009,0.288875805262246
0.742953591026308,0.688961233399537,-0.945848296155863,0.256887062756332
0.743061995258634,0.712205497638289,-0.93680588060642,0.224600382968104
0.743170399490961,0.734623848110541,-0.926677052803839,0.192053204693268
0.743278803723287,0.756190265490734,-0.915473553095472,0.159283287604723
0.743387207955614,0.776879751886098,-0.903208379021857,0.126328627135735
0.74349561218794,0.796668295326172,-0.889895748593373,0.0932274532672191
0.743604016420267,0.815532959977882,-0.875551105156519,0.0600181451786246
0.743712420652593,0.833451851394163,-0.860191078630893,0.0267392272367069
0.74382082488492,0.850404201806415,-0.843833486647274,-0.00657071515914893
0.743929229117246,0.866370335507616,-0.826497293888111,-0.0398730416195289
0.743996842393509,0.87582141634557,-0.815197425473244,-0.0606239908723263
0.744064455669772,0.884877262914949,-0.8035298453382,-0.0813474175767341
0.744132068946035,0.893533835214071,-0.791499771314792,-0.102034063899291
0.744199682222298,0.901787221074312,-0.779112622794747,-0.122674598279569
0.744291841482512,0.912380665640963,-0.761663838031238,-0.150716827609732
0.744384000742726,0.922209368818978,-0.743576564469404,-0.178632804349573
0.744444200612681,0.928212934452697,-0.731423876063318,-0.196789058389441
0.744504400482636,0.933884469962088,-0.719009637385328,-0.214874832576735
0.744564600352592,0.939221971936591,-0.706338257034268,-0.232883714902314
0.744624800222547,0.944223519168564,-0.69341426836099,-0.250809250807601
0.744697300487362,0.949798514327833,-0.677520928025215,-0.272277586302624
0.744769800752177,0.95488078465422,-0.661276109514979,-0.293604675139244
0.744842301016991,0.95946770727433,-0.644688241240534,-0.314779466033824
0.744914801281806,0.9635568883927,-0.627765938843287,-0.335790949549408
0.744987301546621,0.96714622049698,-0.610517976776095,-0.356628243720866
0.745059801811436,0.970233828719323,-0.592953309613896,-0.377280519105421
0.745147969104727,0.973310244273086,-0.57117965099698,-0.402130593276111
0.745236136398017,0.975639971047543,-0.548967740654821,-0.426672230392717
0.745324303691308,0.977221231874645,-0.526334652659153,-0.450886579215484
0.745412470984599,0.978052800756157,-0.503297762969064,-0.474755037787113
0.745500638277889,0.978134050905614,-0.479874753574408,-0.49825929733121
0.74558880557118,0.977464908461231,-0.456083595120758,-0.521381313340487
0.745676972864471,0.976045897682123,-0.43194254288372,-0.544103354798413
0.745765140157761,0.97387809639524,-0.407470116029024,-0.566407980366234
0.745853307451052,0.970963178082971,-0.382685091236934,-0.588278086846012
0.745961711683385,0.9663585452587,-0.351811373849654,-0.614547171409073
0.746070115915717,0.960633205444324,-0.320529484744364,-0.640103720699978
0.74617852014805,0.953793808404809,-0.288875802727532,-0.664918005677286
0.746286924380383,0.945848297024487,-0.256887060159174,-0.688961236865316
0.746395328612715,0.936805881265501,-0.224600380315567,-0.71220550094993
0.746503732845048,0.926677053255451,-0.192053201992573,-0.734623851262882
0.746612137077381,0.9154735533419,-0.159283284863064,-0.756190268478828
0.746720541309714,0.903208379065561,-0.126328624360414,-0.776879754705101
0.746828945542046,0.889895748437042,-0.0932274504655543,-0.796668297971488
0.746937349774379,0.875551104803135,-0.0600181423579877,-0.815532962445136
0.747045754006712,0.860191078083621,-0.0267392244044687,-0.833451853679161
0.747154158239044,0.843833485909587,0.00657071799556879,-0.85040420390511
0.747262562471377,0.826497292963526,0.0398730444527403,-0.866370337416261
0.74733017574689,0.815197424562122,0.0606239934686296,-0.875821418030741
0.747397789022404,0.803529844450165,0.0813474199339618,-0.884877264384109
0.747465402297917,0.791499770459428,0.102034066015582,-0.893533836474992
0.74753301557343,0.779112621981451,0.122674600153396,-0.901787222134826
0.747625174866545,0.761663830749657,0.150716839450511,-0.912380670200152
0.747717334159659,0.743576550271664,0.178632826054457,-0.922209376326141
0.747777534002044,0.731423867124835,0.196789071702075,-0.928212938826901
0.747837733844429,0.719009633949826,0.214874837555463,-0.933884471505292
0.747897933686814,0.706338259339489,0.232883711614406,-0.939221970953903
0.747958133529198,0.693414276638442,0.25080923932923,-0.944223515967677
0.748030633793823,0.677520936475742,0.272277574818052,-0.949798511293808
0.748103134058448,0.661276118137272,0.293604663653383,-0.954880781790637
0.748175634323073,0.64468825003319,0.314779454551587,-0.959467704584804
0.748248134587697,0.627765947804828,0.335790938075783,-0.963556885880606
0.748320634852322,0.610517985904841,0.356628232260873,-0.967146218165716
0.748393135116947,0.592953318908061,0.377280507664129,-0.970233826572167
0.748481302438788,0.571179653310039,0.402130589926508,-0.973310243236562
0.748569469760628,0.548967735702979,0.426672234935081,-0.975639970638024
0.748657637082469,0.526334640175381,0.450886591431685,-0.97722123160702
0.748745804404309,0.503297742703244,0.474755057441114,-0.978052800144339
0.74883397172615,0.479874725293987,0.498259324169379,-0.978134049463356
0.748922139047991,0.456083558610892,0.521381347092039,-0.977464905702939
0.749010306369831,0.431942497947731,0.544103395175702,-0.976045893123452
0.749098473691672,0.407470062488734,0.566408027065275,-0.973878089553967
0.749186641013512,0.382685028932901,0.588278139546859,-0.970963168479746
0.749295045245929,0.35181131062054,0.614547222656152,-0.966358533276682
0.749403449478346,0.320529420665999,0.640103770428439,-0.960633191094431
0.749511853710764,0.288875737876579,0.664918053824133,-0.953793791700676
0.749620257943181,0.256886994613276,0.688961283369326,-0.945848277982601
0.749728662175598,0.224600314153205,0.712205545751824,-0.936805859905008
0.749837066408015,0.192053135292949,0.734623894305249,-0.926677029598202
0.749945470640432,0.159283217706125,0.756190309706246,-0.915473527412365
0.750053874872849,0.126328556826618,0.776879794064343,-0.903208350890919
0.750162279105266,0.093227382635926,0.796668335411282,-0.889895718047214
0.750270683337683,0.0600180743139029,0.815532997916545,-0.875551072230433
0.7503790875701,0.0267391562276438,0.833451887135401,-0.860191043363026
0.750487491802517,-0.00657078622322349,0.850404235301814,-0.843833449078582
0.750595896034934,-0.0398731126491883,0.866370366711324,-0.826497254062124
0.750663509244245,-0.0606240412828877,0.875821436926902,-0.81519739564401
0.750731122453556,-0.0813474473969431,0.884877273645141,-0.803529826248174
0.750798735662867,-0.102034073185631,0.893533836876824,-0.791499763691186
0.750866348872178,-0.122674587116243,0.901787214465128,-0.779112627348858
0.750958508180754,-0.1507168311502,0.912380664528846,-0.761663833378624
0.75105066748933,-0.178632822453812,0.922209372398556,-0.74357654994471
0.751110867336327,-0.196789069494034,0.928212935366751,-0.731423865872715
0.751171067183324,-0.214874836729138,0.933884468461761,-0.719009631732593
0.751231267030321,-0.232883712157405,0.939221968275524,-0.7063382561181
0.751291466877319,-0.250809241227702,0.944223513602654,-0.693414272374948
0.751363967139234,-0.272277575889151,0.949798508629485,-0.677520932740295
0.751436467401149,-0.293604663905808,0.954880778863374,-0.661276114957548
0.751508967663064,-0.314779453995287,0.959467701431227,-0.644688247435933
0.751581467924979,-0.335790936721934,0.963556882537779,-0.627765945815816
0.751653968186895,-0.35662823012191,0.967146214670883,-0.610517984548936
0.75172646844881,-0.37728050475368,0.970233822962759,-0.592953318209102
0.751814635793907,-0.402130593535718,0.973310240352624,-0.571179646816905
0.751902803139005,-0.426672244896695,0.975639968085227,-0.548967723188494
0.751990970484103,-0.450886607563543,0.977221228989701,-0.526334621426125
0.7520791378292,-0.474755079546506,0.978052797066343,-0.50329771751978
0.752167305174298,-0.498259352037309,0.978134045528487,-0.479874693491139
0.752255472519396,-0.521381380497622,0.977464900515565,-0.456083520017965
0.752343639864493,-0.544103433880376,0.976045886289387,-0.43194245240898
0.752431807209591,-0.566408070817277,0.973878080680713,-0.407470009863399
0.752519974554689,-0.5882781880815,0.970963157177233,-0.382684969095717
0.752628378787183,-0.614547269872262,0.966358519816295,-0.351811249944015
0.752736783019678,-0.640103816267185,0.960633175486051,-0.320529359218866
0.752845187252172,-0.66491809822833,0.953793773956785,-0.288875675728434
0.752953591484667,-0.688961326283439,0.945848258117957,-0.256886931834485
0.753061995717161,-0.712205587122049,0.936805837936986,-0.224600250814923
0.753170399949656,-0.734623934079522,0.92667700554663,-0.192053071467088
0.753278804182151,-0.756190347834316,0.915473501299466,-0.159283153465131
0.753387208414645,-0.776879830497775,0.903208322741343,-0.12632849224353
0.75349561264714,-0.79666837010373,0.889895687887979,-0.0932273177842101
0.753604016879634,-0.815533030823523,0.875551040090942,-0.0600180092674122
0.753712421112129,-0.833451918214515,0.860191009274992,-0.0267390910604537
0.753820825344624,-0.850404264512677,0.843833413075894,0.00657085143677995
0.753929229577118,-0.866370394015783,0.826497216181076,0.0398731778347088
0.753996842721159,-0.875821454084367,0.815197367704942,0.0606240863794455
0.754064455865201,-0.884877281409651,0.803529808972151,0.081347472437516
0.754132069009242,-0.893533836014573,0.791499757784349,0.102034078230253
0.754199682153283,-0.901787205753624,0.779112633501664,0.122674572251966
0.754291841444477,-0.912380654322192,0.76166384324918,0.150716811073038
0.75438400073567,-0.92220936099174,0.743576563762586,0.178632797229161
0.754444200614747,-0.928212927548924,0.731423873526099,0.19678905402282
0.754504400493824,-0.933884463880967,0.719009632938613,0.214874830942336
0.754564600372901,-0.939221966576578,0.706338250600998,0.232883715975584
0.754624800251978,-0.94422351442731,0.693414259866152,0.250809254561152
0.754697300511415,-0.949798508991924,0.677520920578032,0.272277588413898
0.754769800770852,-0.954880778795821,0.661276103170351,0.293604675625504
0.754842301030289,-0.959467700966284,0.644688236051511,0.31477946491478
0.754914801289726,-0.963556881708423,0.627765934861162,0.335790946847273
0.754987301549163,-0.96714621351039,0.610517974050132,0.356628239460286
0.7550598018086,-0.970233821504807,0.59295330819137,0.377280513313457
0.755147969148448,-0.97331023850999,0.571179637974791,0.402130600535226
0.755236136488296,-0.975639965946329,0.548967715578224,0.426672250368104
0.755324303828144,-0.977221226643401,0.526334615100992,0.45088661154239
0.755412471167992,-0.978052794601756,0.503297712529978,0.47475508207178
0.75550063850784,-0.978134043034937,0.479874689883713,0.49825935315123
0.755588805847688,-0.977464898082463,0.456083517836851,0.521381380245639
0.755676973187536,-0.976045884005957,0.43194245169478,0.544103432311169
0.755765140527385,-0.973878078635911,0.407470010653426,0.566408067982525
0.755853307867233,-0.970963155459669,0.382684971423755,0.588278184035947
0.755961712099722,-0.966358518314518,0.35181125235538,0.614547265959123
0.756070116332211,-0.96063317419894,0.320529361706618,0.64010381249232
0.756178520564701,-0.953793772883041,0.288875678285567,0.664918094597467
0.75628692479719,-0.945848257256103,0.256886934453988,0.688961322802121
0.756395329029679,-0.93680583728522,0.224600253489641,0.712205583795583
0.756503733262169,-0.926677005102898,0.19205307418983,0.734623930913065
0.756612137494658,-0.915473501061488,0.159283156228634,0.756190344832879
0.756720541727148,-0.903208322706636,0.126328495040496,0.776879827666179
0.756828945959637,-0.889895688053752,0.0932273206072597,0.796668367446527
0.756937350192126,-0.875551040454265,0.0600180121091764,0.815533028345079
0.757045754424616,-0.860191009832611,0.0267390939135349,0.83345191591909
0.757154158657105,-0.843833413824386,-0.0065708485798076,0.850404262404226
0.757262562889594,-0.826497217116791,-0.039873174981278,0.866370392098081
0.757330176034411,-0.815197368623276,-0.060624083770677,0.875821452393988
0.757397789179227,-0.80352980986319,-0.0813474700755616,0.884877279938771
0.757465402324043,-0.79149975863819,-0.10203407611693,0.893533834755108
0.757533015468859,-0.779112634308709,-0.122674570388773,0.901787204697465
0.757625174727172,-0.761663850520404,-0.150716799248857,0.912380649769268
0.757717333985485,-0.743576577945522,-0.178632775546757,0.922209353492271
0.757777533892101,-0.731423882455828,-0.196789040723175,0.928212923178992
0.757837733798717,-0.719009636371616,-0.214874825967189,0.933884462338824
0.757897933705333,-0.706338248299847,-0.23288371925771,0.939221967557566
0.757958133611949,-0.69341425159959,-0.250809266024503,0.944223517624067
0.758030633871591,-0.677520912135393,-0.272277599887802,0.94979851202321
0.758103134131232,-0.66127609455279,-0.293604687105026,0.954880781657839
0.758175634390874,-0.644688227260335,-0.314779476394934,0.959467703655242
0.758248134650516,-0.627765925897676,-0.335790958323019,0.963556884220685
0.758320634910157,-0.610517964915909,-0.356628250926525,0.967146215842407
0.758393135169799,-0.592953298888021,-0.377280524765037,0.970233823653073
0.75848130248113,-0.571179635644181,-0.402130603904109,0.973310239548291
0.758569469792461,-0.54896772050385,-0.426672245853766,0.975639966357636
0.758657637103791,-0.526334627549632,-0.450886599362728,0.977221226912326
0.758745804415122,-0.503297732751375,-0.474755062462496,0.978052795213866
0.758833971726453,-0.479874718110245,-0.498259326365672,0.978134044475931
0.758922139037784,-0.4560835542831,-0.521381346554318,0.977464900837419
0.759010306349114,-0.431942496557185,-0.54410339200131,0.97604588855852
0.759098473660445,-0.407470064110036,-0.566408021357789,0.973878085467815
0.759186640971776,-0.382685033633876,-0.588278131415873,0.970963165049759
0.759295045204181,-0.351811315489307,-0.614547214790593,0.966358530279876
0.759403449436585,-0.320529425688679,-0.640103762840066,0.960633188528733
0.75951185366899,-0.288875743039193,-0.664918046524447,0.953793789563572
0.759620257901395,-0.256886999901622,-0.688961276369428,0.945848276271031
0.7597286621338,-0.224600319552981,-0.712205539062423,0.936805858615426
0.759837066366205,-0.192053140789732,-0.734623887936795,0.926677028726506
0.759945470598609,-0.159283223285328,-0.756190303668791,0.915473526954128
0.760053874831014,-0.126328562473575,-0.7768797883675,0.903208350841116
0.760162279063419,-0.0932273883358913,-0.796668330064407,0.889895718400305
0.760270683295824,-0.0600180800520495,-0.815532992928421,0.875551072980465
0.760379087528228,-0.0267391619890824,-0.833451882514573,0.860191044503633
0.760487491760633,0.00657078045340245,-0.850404231056265,0.843833450602833
0.760595895993038,0.0398731068859138,-0.866370362848672,0.826497255962755
0.760663509203955,0.0606240360264016,-0.87582143352766,0.815197397501255
0.760731122414873,0.0813474426515137,-0.884877270692985,0.803529828041461
0.76079873562579,0.102034068954873,-0.893533834355135,0.791499765400257
0.760866348836708,0.122674583403085,-0.901787212356801,0.779112628953706
0.760958508079553,0.150716807524484,-0.912380655430038,0.761663847905533
0.761050667322398,0.178632779120946,-0.922209357409334,0.743576578288373
0.761110867224437,0.196789042915455,-0.92821292663249,0.731423883716985
0.761171067126476,0.214874826788377,-0.933884465379269,0.719009638590831
0.761231267028515,0.232883718720101,-0.939221970235896,0.706338251515774
0.761291466930553,0.250809264141833,-0.944223519991712,0.69341425584988
0.76136396719289,0.272277598827998,-0.949798514688676,0.677520915860662
0.761436467455226,0.293604686859456,-0.954880784584991,0.661276097725502
0.761508967717563,0.314779476953718,-0.959467706807615,0.644688229853863
0.761581467979899,0.335790959675014,-0.963556887561414,0.627765927886401
0.761653968242236,0.35662825305938,-0.967146219334457,0.610517966275073
0.761726468504572,0.377280527665171,-0.970233827259209,0.592953299594015
0.761814635792645,0.402130600284603,-0.97331024242924,0.571179642144601
0.761902803080718,0.426672235881856,-0.975639968907751,0.548967733025874
0.761990970368792,0.450886583220567,-0.977221229527249,0.52633464630663
0.762079137656865,0.474755040346815,-0.978052798289735,0.503297757942887
0.762167304944938,0.498259298487441,-0.97813404840894,0.479874749921442
0.762255472233011,0.521381313138486,-0.977464906023068,0.456083592884599
0.762343639521085,0.54410335328641,-0.976045895391244,0.431942542104793
0.762431806809158,0.566407977595631,-0.973878094340059,0.407470116744398
0.762519974097231,0.588278082871157,-0.970963176351552,0.382685093480386
0.762628378329558,0.614547167564519,-0.966358543739956,0.351811376175383
0.762736782561885,0.640103716991515,-0.960633204137177,0.320529487145617
0.762845186794212,0.66491800211058,-0.953793807308029,0.288875805197421
0.762953591026539,0.688961233445822,-0.945848296136561,0.256887062690715
0.763061995258865,0.712205497682881,-0.936805880584713,0.224600382901779
0.763170399491192,0.734623848153446,-0.926677052779774,0.192053204626346
0.763278803723519,0.756190265531874,-0.915473553069131,0.159283287537257
0.763387207955846,0.776879751925376,-0.903208378993197,0.12632862706781
0.763495612188173,0.79666829536355,-0.889895748562482,0.0932274531989087
0.7636040164205,0.815532960013334,-0.875551105123373,0.060018145110034
0.763712420652826,0.833451851427619,-0.860191078595548,0.026739227167909
0.763820824885153,0.850404201837842,-0.843833486609743,-0.00657071522808084
0.76392922911748,0.866370335536928,-0.826497293848441,-0.0398730416885063
0.763996842393678,0.875821416364641,-0.815197425443265,-0.0606239909214311
0.764064455669877,0.884877262924611,-0.803529845318613,-0.0813474176059961
0.764132068946075,0.893533835215033,-0.791499771306276,-0.102034063908772
0.764199682222274,0.901787221067341,-0.779112622798023,-0.122674598269345
0.764291841482503,0.912380665635918,-0.761663838031709,-0.150716827604212
0.764384000742733,0.922209368815539,-0.743576564466859,-0.178632804348708
0.764444200612689,0.928212934449357,-0.731423876060565,-0.196789058388807
0.764504400482645,0.933884469958726,-0.719009637382378,-0.214874832576337
0.764564600352601,0.939221971933233,-0.706338257031141,-0.232883714902128
0.764624800222557,0.944223519165297,-0.693414268357666,-0.250809250807638
0.76469730048737,0.949798514324382,-0.677520928022228,-0.272277586302152
0.764769800752183,0.954880784650571,-0.661276109512304,-0.293604675138292
0.764842301016996,0.959467707270554,-0.644688241238159,-0.314779466032396
0.76491480128181,0.963556888388783,-0.627765938841297,-0.335790949547509
0.764987301546623,0.967146220492982,-0.610517976774478,-0.356628243718515
0.765059801811436,0.970233828715264,-0.592953309612627,-0.377280519102612
0.765147969104749,0.973310244269696,-0.571179650990126,-0.402130593279587
0.765236136398063,0.97563997104444,-0.54896774064214,-0.426672230402333
0.765324303691376,0.977221231871522,-0.526334652640478,-0.450886579231038
0.765412470984689,0.978052800752545,-0.50329776294416,-0.47475503780841
0.765500638278002,0.978134050901155,-0.479874753543134,-0.498259297358035
0.765588805571315,0.977464908455564,-0.456083595082872,-0.521381313372651
0.765676972864628,0.976045897674844,-0.431942542839151,-0.544103354835711
0.765765140157941,0.973878096385974,-0.40747011597761,-0.566407980408375
0.765853307451254,0.970963178071339,-0.382685091178601,-0.588278086892757
0.765961711683587,0.966358545245009,-0.35181137379051,-0.614547171454522
0.766070115915919,0.960633205428554,-0.320529484684514,-0.640103720744048
0.766178520148252,0.953793808386948,-0.288875802667054,-0.664918005719921
0.766286924380584,0.945848297004586,-0.256887060098124,-0.688961236906479
0.766395328612917,0.936805881243578,-0.224600380254039,-0.712205500989581
0.76650373284525,0.926677053231554,-0.192053201930612,-0.734623851300948
0.766612137077582,0.915473553316019,-0.159283284800756,-0.756190268515275
0.766720541309915,0.903208379037686,-0.126328624297819,-0.776879754739885
0.766828945542247,0.889895748407268,-0.093227450402774,-0.796668298004525
0.76693734977458,0.875551104771494,-0.060018142295059,-0.815532962476432
0.767045754006913,0.860191078050133,-0.0267392243414815,-0.833451853708651
0.767154158239245,0.843833485874252,0.00657071805855725,-0.850404203932818
0.767262562471578,0.826497292926463,0.0398730445156392,-0.866370337442109
0.767330175747026,0.815197424534973,0.0606239935114599,-0.875821418046474
0.767397789022474,0.803529844433742,0.0813474199567638,-0.884877264390511
0.767465402297922,0.791499770454404,0.102034066018424,-0.893533836472853
0.76753301557337,0.779112621988526,0.122674600136358,-0.901787222124891
0.767625174866462,0.761663830761473,0.150716839426674,-0.912380670188171
0.767717334159554,0.743576550288623,0.1786328260239,-0.922209376312514
0.767777534001977,0.731423867134461,0.19678907168311,-0.92821293881756
0.7678377338444,0.719009633951797,0.214874837548031,-0.933884471499826
0.767897933686823,0.706338259333484,0.232883711618415,-0.939221970951865
0.767958133529246,0.693414276624086,0.25080923934455,-0.944223515968652
0.768030633793851,0.677520936465583,0.272277574827392,-0.949798511292981
0.768103134058455,0.661276118131523,0.293604663656801,-0.954880781788328
0.76817563432306,0.644688250032036,0.314779454549183,-0.959467704581212
0.768248134587665,0.627765947808422,0.335790938067623,-0.963556885876027
0.76832063485227,0.610517985913395,0.356628232247077,-0.967146218160442
0.768393135116875,0.592953318921687,0.377280507644804,-0.970233826566513
0.768481302438686,0.571179653331388,0.402130589899206,-0.973310243230576
0.768569469760497,0.548967735732285,0.426672234900008,-0.975639970632281
0.768657637082308,0.526334640212907,0.450886591389106,-0.977221231601973
0.768745804404119,0.503297742749229,0.474755057391286,-0.978052800140517
0.76883397172593,0.479874725348704,0.498259324112549,-0.978134049461239
0.768922139047742,0.456083558674471,0.521381347028551,-0.977464905703019
0.769010306369553,0.431942498020426,0.544103395105826,-0.976045893126247
0.769098473691364,0.407470062570633,0.566408026989378,-0.973878089559997
0.769186641013175,0.382685029024177,0.588278139465301,-0.970963168489477
0.769295045245592,0.351811310713127,0.61454722257678,-0.96635853328992
0.769403449478009,0.320529420759805,0.640103770351342,-0.960633191111115
0.769511853710426,0.288875737971485,0.664918053749382,-0.953793791720868
0.769620257942843,0.256886994709158,0.688961283297037,-0.945848278006172
0.769728662175261,0.224600314249951,0.712205545682021,-0.936805859931966
0.769837066407678,0.192053135390454,0.734623894238083,-0.926677029628502
0.769945470640095,0.159283217804242,0.756190309641756,-0.915473527445983
0.770053874872512,0.126328556925267,0.77687979400263,-0.903208350927867
0.770162279104929,0.0932273827349573,0.796668335352394,-0.889895718087337
0.770270683337346,0.0600180744132153,0.815532997860566,-0.875551072273788
0.770379087569763,0.0267391563271107,0.833451887082466,-0.860191043409531
0.77048749180218,-0.00657078612372463,0.850404235251869,-0.8438334491281
0.770595896034597,-0.0398731125497756,0.86637036666448,-0.82649725411468
0.770663509244005,-0.0606240412132951,0.87582143689527,-0.81519739568194
0.770731122453413,-0.0813474473571346,0.884877273627565,-0.803529826270432
0.770798735662821,-0.102034073175528,0.893533836872251,-0.791499763696693
0.770866348872228,-0.122674587135729,0.901787214472362,-0.779112627336599
0.770958508180784,-0.150716831163572,0.912380664533444,-0.761663833369852
0.77105066748934,-0.178632822461103,0.922209372400866,-0.743576549939766
0.771110867336328,-0.196789069498335,0.928212935368082,-0.731423865869727
0.771171067183315,-0.214874836730479,0.933884468462129,-0.719009631731642
0.771231267030302,-0.232883712155806,0.939221968275104,-0.706338256119271
0.77129146687729,-0.250809241223205,0.944223513601574,-0.69341427237835
0.771363967139221,-0.27227757588944,0.94979850862974,-0.677520932740306
0.771436467401152,-0.293604663910827,0.954880778864807,-0.661276114953947
0.771508967663084,-0.314779454004968,0.959467701433606,-0.644688247428616
0.771581467925015,-0.335790936736218,0.963556882540876,-0.627765945804637
0.771653968186946,-0.356628230140703,0.967146214674449,-0.610517984533753
0.771726468448877,-0.377280504776895,0.970233822966679,-0.592953318189713
0.771814635793959,-0.402130593554107,0.97331024035541,-0.571179646801298
0.77190280313904,-0.426672244910325,0.975639968087188,-0.548967723176843
0.771990970484121,-0.450886607572581,0.977221228991157,-0.526334621418559
0.772079137829202,-0.474755079551045,0.978052797067518,-0.50329771751644
0.772167305174283,-0.498259352037496,0.978134045529725,-0.479874693492188
0.772255472519365,-0.521381380493595,0.977464900517164,-0.456083520023548
0.772343639864446,-0.544103433872316,0.976045886291582,-0.431942452419232
0.772431807209527,-0.566408070805323,0.973878080683794,-0.407470009878435
0.772519974554608,-0.588278188065823,0.970963157181437,-0.382684969115608
0.772628378787102,-0.614547269856918,0.966358519821355,-0.351811249964424
0.772736783019596,-0.640103816252225,0.960633175492027,-0.32052935923978
0.77284518725209,-0.664918098213763,0.953793773963614,-0.288875675749809
0.772953591484584,-0.688961326269348,0.945848258125694,-0.256886931856333
0.773061995717077,-0.712205587108417,0.936805837945651,-0.22460025083721
0.773170399949571,-0.734623934066355,0.926677005556212,-0.192053071489798
0.773278804182065,-0.756190347821709,0.915473501309971,-0.159283153488225
0.773387208414559,-0.776879830485755,0.903208322752774,-0.126328492266999
0.773495612647053,-0.796668370092302,0.889895687900332,-0.0932273178080009
0.773604016879546,-0.815533030812676,0.875551040104191,-0.0600180092914966
0.77371242111204,-0.833451918204324,0.860191009289132,-0.0267390910848195
0.773820825344534,-0.85040426450316,0.843833413091034,0.00657085141217096
0.773929229577028,-0.866370394007003,0.826497216197119,0.0398731778098871
0.773996842721092,-0.875821454079353,0.815197367717506,0.0606240863618387
0.774064455865157,-0.884877281408079,0.803529808981006,0.0813474724271052
0.774132069009222,-0.893533836016192,0.791499757789148,0.102034078227025
0.774199682153286,-0.901787205758125,0.779112633502278,0.122674572255889
0.774291841444457,-0.912380654324105,0.761663843254228,0.150716811069902
0.774384000735627,-0.922209360991411,0.743576563772357,0.178632797219048
0.774444200614717,-0.928212927550015,0.731423873533569,0.196789054016433
0.774504400493806,-0.933884463883339,0.719009632943716,0.214874830939668
0.774564600372895,-0.939221966580131,0.706338250603491,0.232883715976619
0.774624800251984,-0.944223514431865,0.693414259865997,0.250809254565849
0.774697300511412,-0.949798508995777,0.677520920579886,0.272277588415883
0.77476980077084,-0.954880778799116,0.661276103174276,0.293604675624823
0.774842301030268,-0.959467700969116,0.644688236057649,0.314779464911487
0.774914801289696,-0.963556881710917,0.627765934869506,0.335790946841391
0.774987301549124,-0.967146213512658,0.610517974060827,0.356628239451869
0.775059801808552,-0.970233821507012,0.592953308204488,0.377280513302555
0.775147969148365,-0.973310238511511,0.571179637996765,0.402130600514769
0.775236136488178,-0.975639965947787,0.548967715609434,0.426672250338366
0.775324303827992,-0.977221226645388,0.526334615141703,0.450886611503695
0.775412471167805,-0.978052794604826,0.503297712580474,0.474755082024362
0.775500638507619,-0.978134043039737,0.479874689944298,0.498259353095439
0.775588805847432,-0.977464898089594,0.456083517907744,0.521381380181866
0.775676973187246,-0.976045884015928,0.431942451776227,0.544103432239699
0.775765140527059,-0.973878078649389,0.407470010745597,0.566408067903791
0.775853307866872,-0.970963155477203,0.382684971526851,0.588278183950333
0.775961712099361,-0.966358518335755,0.351811252460088,0.614547265875665
0.77607011633185,-0.960633174223938,0.320529361812811,0.640103812411162
0.776178520564339,-0.953793772911776,0.288875678393148,0.664918094518641
0.776286924796827,-0.945848257288564,0.256886934562818,0.688961322725777
0.776395329029316,-0.936805837321389,0.224600253599621,0.712205583721787
0.776503733261805,-0.926677005142757,0.192053074300817,0.734623930841961
0.776612137494293,-0.915473501105093,0.1592831563405,0.756190344764576
0.776720541726782,-0.903208322753825,0.126328495153126,0.776879827600688
0.776828945959271,-0.889895688104526,0.0932273207205422,0.796668367384005
0.776937350191759,-0.875551040508584,0.0600180122229641,0.815533028285648
0.777045754424248,-0.860191009890459,0.0267390940276997,0.833451915862768
0.777154158656737,-0.843833413885702,-0.00657084846540159,0.850404262351104
0.777262562889226,-0.826497217181488,-0.0398731748667652,0.866370392048247
0.777330176034156,-0.81519736867056,-0.0606240836913854,0.875821452361937
0.777397789179087,-0.803529809891753,-0.0813474700314532,0.884877279923217
0.777465402324018,-0.791499758646846,-0.102034076107888,0.893533834754715
0.777533015468948,-0.779112634296199,-0.122674570414658,0.901787204710867
0.777625174727284,-0.761663850502803,-0.150716799281705,0.912380649784507
0.77771733398562,-0.743576577922515,-0.178632775586484,0.922209353508967
0.777777533892187,-0.731423882442302,-0.196789040747864,0.928212923190142
0.777837733798753,-0.719009636368072,-0.214874825976941,0.933884462344986
0.77789793370532,-0.706338248306613,-0.232883719252648,0.93922196755927
0.777958133611887,-0.693414251617157,-0.250809266004746,0.944223517621889
0.778030633871529,-0.677520912153252,-0.272277599868238,0.949798512021438
0.778103134131171,-0.661276094570819,-0.293604687085677,0.954880781656492
0.778175634390813,-0.644688227278563,-0.314779476375821,0.959467703654379
0.778248134650455,-0.627765925916146,-0.335790958304144,0.963556884220298
0.778320634910097,-0.610517964934532,-0.356628250907872,0.967146215842415
0.778393135169739,-0.592953298906902,-0.377280524746632,0.970233823653493
0.778481302481071,-0.571179635662988,-0.402130603886291,0.97331023954929
0.778569469792403,-0.548967720522639,-0.426672245836527,0.975639966359138
0.778657637103735,-0.52633462756832,-0.450886599346068,0.977221226914369
0.778745804415067,-0.503297732769997,-0.474755062446411,0.978052795216369
0.778833971726399,-0.479874718128747,-0.498259326350159,0.978134044478897
0.778922139037731,-0.456083554301437,-0.521381346539393,0.977464900840829
0.779010306349063,-0.431942496575384,-0.544103391986976,0.976045888562374
0.779098473660395,-0.407470064128034,-0.566408021344029,0.973878085472071
0.779186640971728,-0.382685033651681,-0.588278131402714,0.970963165054396
0.779295045204131,-0.351811315507572,-0.614547214777509,0.966358530285047
0.779403449436535,-0.320529425707399,-0.640103762827105,0.96063318853448
0.779511853668939,-0.288875743058367,-0.664918046511596,0.953793789569931
0.779620257901343,-0.256886999921251,-0.688961276356726,0.945848276277952
0.779728662133746,-0.224600319573034,-0.712205539049932,0.936805858622933
0.77983706636615,-0.192053140810203,-0.734623887924537,0.926677028734709
0.779945470598554,-0.159283223306196,-0.756190303656772,0.915473526962956
0.780053874830958,-0.126328562494835,-0.776879788355738,0.903208350850592
0.780162279063361,-0.093227388357514,-0.796668330052945,0.889895718410453
0.780270683295765,-0.0600180800740126,-0.815532992917319,0.875551072991289
0.780379087528169,-0.0267391620113784,-0.833451882503798,0.860191044515177
0.780487491760573,0.00657078043079576,-0.850404231045856,0.843833450615049
0.780595895992977,0.0398731068630191,-0.866370362838659,0.826497255975644
0.780663509203918,0.0606240360109685,-0.875821433521342,0.815197397510384
0.78073112241486,0.081347442643527,-0.88487727069009,0.803529828046571
0.780798735625802,0.102034068954287,-0.893533834355325,0.791499765401039
0.780866348836743,0.122674583409882,-0.901787212359831,0.779112628949926
0.780958508079629,0.150716807543465,-0.912380655437233,0.761663847893789
0.781050667322514,0.178632779151962,-0.922209357420038,0.743576578268044
0.781110867224515,0.196789042934695,-0.928212926638753,0.731423883704068
0.781171067126515,0.214874826795894,-0.933884465381543,0.719009638585651
0.781231267028515,0.232883718716004,-0.939221970234675,0.706338251518649
0.781291466930515,0.250809264126237,-0.944223519987413,0.693414255861156
0.781363967192843,0.272277598810157,-0.949798514684047,0.677520915873873
0.781436467455172,0.293604686839398,-0.954880784580124,0.661276097740711
0.7815089677175,0.314779476931483,-0.95946770680263,0.644688229871141
0.781581467979829,0.335790959650647,-0.963556887556511,0.627765927905826
0.781653968242157,0.356628253032948,-0.967146219329676,0.610517966296719
0.781726468504486,0.377280527636721,-0.970233827254629,0.592953299617924
0.781814635792578,0.402130600261891,-0.973310242425955,0.571179642164037
0.781902803080671,0.426672235864785,-0.97563996890546,0.548967733040693
0.781990970368764,0.450886583208991,-0.977221229525636,0.526334646316628
0.782079137656857,0.474755040340611,-0.97805279828848,0.503297757947852
0.78216730494495,0.498259298486443,-0.978134048407678,0.479874749921192
0.782255472233042,0.521381313142504,-0.977464906021521,0.456083592879011
0.782343639521135,0.544103353295309,-0.976045895389006,0.43194254209369
0.782431806809228,0.566407977609154,-0.973878094336851,0.407470116727673
0.782519974097321,0.588278082889096,-0.970963176347026,0.382685093457895
0.782628378329647,0.614547167581745,-0.966358543734529,0.351811376152744
0.782736782561973,0.640103717008028,-0.960633204130848,0.320529487122856
0.782845186794299,0.664918002126281,-0.953793807300809,0.288875805174557
0.782953591026626,0.688961233460724,-0.945848296128524,0.256887062667794
0.783061995258952,0.712205497696994,-0.936805880575857,0.224600382878834
0.783170399491278,0.734623848166749,-0.926677052770147,0.192053204603415
0.783278803723604,0.756190265544343,-0.915473553058729,0.15928328751437
0.78338720795593,0.776879751937065,-0.903208378982062,0.126328627044978
0.783495612188256,0.796668295374364,-0.889895748550617,0.0932274531762111
0.783604016420583,0.815532960023317,-0.875551105110798,0.0600181450874679
0.783712420652909,0.833451851436801,-0.860191078582314,0.0267392271455066
0.783820824885235,0.850404201846153,-0.843833486595902,-0.00657071525029517
0.783929229117561,0.866370335544385,-0.826497293833933,-0.0398730417104976
0.783996842393738,0.875821416368691,-0.815197425432015,-0.0606239909366856
0.784064455669914,0.884877262925393,-0.8035298453109,-0.0813474176145167
0.784132068946091,0.893533835212908,-0.791499771302336,-0.102034063910586
0.784199682222267,0.901787221062511,-0.779112622798017,-0.122674598264485
0.784291841482526,0.912380665634322,-0.761663838026221,-0.150716827608117
0.784384000742784,0.92220936881671,-0.743576564455446,-0.178632804361294
0.784444200612723,0.928212934448615,-0.731423876052293,-0.196789058396364
0.784504400482663,0.933884469956292,-0.719009637377411,-0.214874832578903
0.784564600352602,0.939221971929343,-0.7063382570296,-0.232883714899743
0.784624800222542,0.944223519160007,-0.69341426835967,-0.250809250800332
0.784697300487356,0.949798514319269,-0.677520928024093,-0.272277586295218
0.78476980075217,0.954880784645697,-0.661276109513952,-0.293604675131739
0.784842301016985,0.959467707265813,-0.644688241239622,-0.314779466026199
0.784914801281799,0.963556888384199,-0.627765938842526,-0.335790949541658
0.784987301546614,0.967146220488498,-0.610517976775502,-0.356628243713018
0.785059801811428,0.970233828710887,-0.592953309613436,-0.377280519097461
0.785147969104768,0.973310244266221,-0.571179650984334,-0.402130593281895
0.785236136398107,0.975639971041396,-0.548967740629505,-0.426672230411885
0.785324303691447,0.977221231868415,-0.526334652620764,-0.45088657924768
0.785412470984787,0.978052800748987,-0.503297762917144,-0.474755037831882
0.785500638278126,0.97813405089667,-0.47987475350858,-0.498259297388111
0.785588805571466,0.97746490844972,-0.456083595040639,-0.521381313409095
0.785676972864805,0.976045897667172,-0.431942542789003,-0.544103354878207
0.785765140158145,0.973878096376053,-0.407470115919388,-0.56640798045668
0.785853307451485,0.970963178058689,-0.382685091112169,-0.588278086946536
0.785961711683817,0.966358545230002,-0.351811373723337,-0.614547171506647
0.786070115916149,0.960633205411182,-0.320529484616692,-0.640103720794492
0.786178520148481,0.953793808367281,-0.28887580259866,-0.664918005768642
0.786286924380813,0.945848296982625,-0.256887060029221,-0.688961236953442
0.786395328613145,0.936805881219378,-0.224600380184723,-0.7122055010347
0.786503732845477,0.926677053205156,-0.192053201860953,-0.734623851344231
0.786612137077809,0.915473553287449,-0.159283284730854,-0.75619026855658
0.786720541310141,0.903208379006968,-0.126328624227737,-0.776879754779225
0.786828945542473,0.889895748374509,-0.09322745033258,-0.796668298041908
0.786937349774805,0.875551104736615,-0.0600181422248655,-0.815532962511766
0.787045754007137,0.860191078013239,-0.0267392242713551,-0.8334518537419
0.787154158239469,0.843833485835431,0.00657071812852013,-0.850404203963942
0.787262562471801,0.82649729288569,0.0398730445853874,-0.866370337471092
0.787330175747182,0.815197424504405,0.0606239935605828,-0.87582141806499
0.787397789022563,0.803529844414037,0.0813474199852777,-0.884877264399357
0.787465402297944,0.791499770446366,0.102034066026399,-0.893533836472731
0.787533015573325,0.779112621992828,0.122674600123882,-0.90178722211671
0.787625174866404,0.761663830768544,0.150716839410406,-0.912380670178933
0.787717334159484,0.74357655029859,0.178632826003887,-0.922209376302492
0.787777534001933,0.731423867139452,0.19678907167094,-0.928212938810383
0.787837733844381,0.719009633951666,0.214874837543626,-0.933884471495281
0.78789793368683,0.706338259327919,0.232883711621725,-0.939221970949676
0.787958133529279,0.693414276612914,0.25080923935552,-0.944223515968419
0.788030633793889,0.677520936453125,0.272277574839823,-0.949798511292907
0.788103134058499,0.661276118117669,0.293604663670679,-0.954880781788345
0.788175634323109,0.644688250016763,0.314779454564484,-0.959467704581264
0.788248134587719,0.627765947791693,0.335790938084323,-0.963556885876012
0.788320634852329,0.610517985895187,0.356628232265139,-0.967146218160339
0.788393135116939,0.592953318901995,0.377280507664184,-0.970233826566159
0.788481302438755,0.571179653310067,0.402130589919786,-0.973310243229872
0.788569469760571,0.548967735709314,0.426672234921764,-0.97563997063108
0.788657637082388,0.526334640188265,0.450886591411963,-0.977221231600229
0.788745804404204,0.503297742722921,0.474755057415198,-0.978052800138069
0.78883397172602,0.47987472532063,0.498259324137491,-0.978134049458127
0.788922139047836,0.456083558644662,0.521381347054382,-0.977464905699045
0.789010306369653,0.431942497988829,0.544103395132557,-0.976045893121396
0.789098473691469,0.407470062537258,0.566408027016904,-0.973878089554164
0.789186641013285,0.382685028989001,0.588278139493551,-0.970963168482549
0.789295045245702,0.351811310677715,0.614547222604126,-0.966358533281858
0.789403449478118,0.320529420724177,0.640103770377826,-0.960633191101968
0.789511853710534,0.288875737935713,0.664918053774941,-0.953793791710638
0.789620257942951,0.256886994673268,0.688961283321681,-0.945848277994918
0.789728662175367,0.224600314213963,0.712205545705724,-0.936805859919693
0.789837066407784,0.192053135354451,0.734623894260799,-0.926677029615233
0.7899454706402,0.159283217768251,0.756190309663547,-0.915473527431724
0.790053874872617,0.126328556889309,0.776879794023348,-0.903208350912655
0.790162279105033,0.0932273826990924,0.796668335372182,-0.889895718071211
0.790270683337449,0.0600180743774626,0.815532997879327,-0.875551072256787
0.790379087569866,0.0267391562915047,0.833451887100182,-0.860191043391634
0.790487491802282,-0.0065707861591338,0.850404235268554,-0.843833449109411
0.790595896034699,-0.0398731125849518,0.866370366680138,-0.826497254095156
0.790663509244071,-0.0606240412375796,0.875821436905513,-0.8151973956679
0.790731122453443,-0.0813474473705426,0.884877273632803,-0.803529826262195
0.790798735662816,-0.102034073178081,0.893533836872848,-0.791499763694734
0.790866348872188,-0.122674587127486,0.901787214468741,-0.779112627341257
0.790958508180708,-0.150716831144406,0.912380664526188,-0.761663833381738
0.791050667489228,-0.178632822431174,0.92220937239056,-0.743576549959365
0.791110867336254,-0.196789069480145,0.928212935362098,-0.731423865881951
0.79117106718328,-0.214874836723954,0.933884468460131,-0.719009631736149
0.791231267030306,-0.232883712160857,0.939221968276618,-0.706338256115721
0.791291466877332,-0.250809241239717,0.944223513606114,-0.693414272366397
0.791363967139253,-0.272277575902935,0.9497985086333,-0.677520932730338
0.791436467401174,-0.293604663921322,0.954880778867488,-0.661276114946113
0.791508967663096,-0.314779454012511,0.959467701435491,-0.644688247422981
0.791581467925017,-0.335790936740838,0.963556882542174,-0.627765945801321
0.791653968186938,-0.356628230142472,0.967146214675268,-0.610517984532801
0.79172646844886,-0.37728050477585,0.970233822967131,-0.59295331819124
0.791814635793902,-0.402130593542163,0.973310240354855,-0.571179646812679
0.791902803138944,-0.426672244887812,0.975639968086253,-0.548967723198417
0.791990970483986,-0.450886607539761,0.977221228990476,-0.526334621450711
0.792079137829028,-0.474755079508278,0.978052797067807,-0.503297717559506
0.79216730517407,-0.498259351985132,0.978134045531603,-0.479874693546452
0.792255472519112,-0.521381380432029,0.977464900521369,-0.456083520089315
0.792343639864154,-0.544103433801931,0.97604588629868,-0.431942452496746
0.792431807209197,-0.566408070726561,0.973878080694516,-0.407470009967917
0.792519974554239,-0.588278187979146,0.970963157196449,-0.382684969217281
0.792628378786732,-0.614547269772485,0.966358519840179,-0.351811250067698
0.792736783019225,-0.640103816170141,0.960633175514716,-0.320529359344513
0.792845187251719,-0.664918098134164,0.95379377399011,-0.2888756758559
0.792953591484212,-0.688961326192351,0.945848258156006,-0.25688693196363
0.793061995716706,-0.712205587034097,0.936805837979745,-0.224600250945614
0.793170399949199,-0.734623933994836,0.926677005594022,-0.192053071599166
0.793278804181692,-0.756190347753085,0.915473501351516,-0.159283153598427
0.793387208414186,-0.776879830420068,0.903208322797998,-0.126328492377894
0.793495612646679,-0.796668370029669,0.889895687949174,-0.0932273179194829
0.793604016879172,-0.815533030753214,0.87555104015667,-0.0600180094034228
0.793712421111666,-0.833451918148071,0.860191009345147,-0.0267390911970678
0.793820825344159,-0.850404264450247,0.843833413150539,0.00657085129974187
0.793929229576652,-0.866370393957472,0.826497216260048,0.0398731776974171
0.793996842720825,-0.875821454046705,0.815197367764172,0.0606240862825658
0.794064455864997,-0.884877281391154,0.8035298090102,0.081347472380979
0.79413206900917,-0.893533836013708,0.791499757799739,0.102034078213958
0.794199682153342,-0.901787205768789,0.779112633493108,0.122674572275725
0.794291841444494,-0.912380654332206,0.761663843248335,0.150716811083877
0.794384000735645,-0.922209360997249,0.743576563770076,0.1786327972272
0.794444200614724,-0.928212927554803,0.731423873533205,0.196789054021636
0.794504400493804,-0.933884463887226,0.719009632945286,0.214874830941926
0.794564600372883,-0.939221966583176,0.706338250607213,0.232883715975955
0.794624800251962,-0.944223514434166,0.693414259871871,0.250809254562298
0.794697300511403,-0.949798508999137,0.677520920583146,0.272277588415991
0.794769800770843,-0.954880778803316,0.661276103174801,0.29360467562853
0.794842301030283,-0.959467700974046,0.644688236055339,0.314779464918747
0.794914801289723,-0.963556881716394,0.627765934864249,0.33579094685215
0.794987301549163,-0.967146213518515,0.610517974052494,0.356628239466056
0.795059801808603,-0.970233821513055,0.592953308192971,0.377280513320076
0.7951479691484,-0.973310238516616,0.571179637989108,0.402130600527535
0.795236136488197,-0.97563996595221,0.548967715605791,0.426672250346445
0.795324303827994,-0.977221226649423,0.526334615142247,0.450886611507202
0.795412471167791,-0.978052794608787,0.503297712585338,0.474755082023474
0.795500638507588,-0.978134043043873,0.479874689953624,0.49825935309025
0.795588805847385,-0.977464898094189,0.456083517921665,0.521381380172515
0.795676973187182,-0.976045884021247,0.431942451794844,0.544103432226389
0.795765140526979,-0.9738780786557,0.407470010769041,0.566408067886656
0.795853307866776,-0.970963155484815,0.382684971555238,0.588278183929565
0.795961712099264,-0.96635851834441,0.351811252489168,0.614547265855248
0.796070116331752,-0.960633174233698,0.320529361842579,0.640103812391137
0.796178520564239,-0.953793772922634,0.28887567842355,0.66491809449909
0.796286924796727,-0.945848257300496,0.256886934593836,0.688961322706681
0.796395329029214,-0.936805837334457,0.224600253631231,0.712205583703233
0.796503733261702,-0.92667700515694,0.19205307433299,0.734623930823949
0.79661213749419,-0.915473501120339,0.15928315637321,0.756190344747143
0.796720541726677,-0.903208322770266,0.126328495186331,0.776879827583921
0.796828945959165,-0.889895688122105,0.0932273207542065,0.796668367367904
0.796937350191652,-0.875551040527285,0.0600180122570563,0.815533028270259
0.79704575442414,-0.860191009910318,0.0267390940621802,0.833451915848125
0.797154158656628,-0.84383341390675,-0.00657084843055855,0.850404262337292
0.797262562889115,-0.826497217203704,-0.0398731748316072,0.866370392035302
0.797330176034082,-0.815197368687288,-0.0606240836672706,0.875821452354544
0.797397789179048,-0.803529809902595,-0.0813474700183461,0.884877279920994
0.797465402324015,-0.791499758651416,-0.102034076105768,0.893533834757206
0.797533015468981,-0.779112634294135,-0.12267457042346,0.901787204717594
0.797625174727335,-0.76166385049717,-0.15071679929573,0.912380649792902
0.797717333985688,-0.74357657791307,-0.178632775605672,0.92220935351872
0.79777753389223,-0.731423882437481,-0.1967890407597,0.928212923197187
0.797837733798773,-0.719009636368086,-0.214874825981457,0.933884462349527
0.797897933705315,-0.706338248311748,-0.232883719249928,0.939221967561655
0.797958133611857,-0.693414251627485,-0.250809265994859,0.944223517622375
0.7980306338715,-0.677520912163505,-0.272277599858692,0.949798512022204
0.798103134131143,-0.661276094581085,-0.293604687076453,0.954880781657512
0.798175634390786,-0.644688227288754,-0.314779476366919,0.959467703655635
0.798248134650429,-0.6277659259262,-0.335790958295555,0.963556884221767
0.798320634910072,-0.610517964944498,-0.356628250899629,0.967146215844119
0.798393135169715,-0.592953298916718,-0.377280524738728,0.970233823655422
0.798481302481055,-0.571179635670961,-0.402130603880684,0.973310239551638
0.798569469792395,-0.548967720528653,-0.426672245833186,0.975639966361823
0.798657637103735,-0.5263346275723,-0.450886599344935,0.977221226917219
0.798745804415075,-0.50329773277187,-0.474755062447417,0.978052795219248
0.798833971726415,-0.479874718128458,-0.498259326353252,0.97813404448169
0.798922139037755,-0.456083554298921,-0.52138134654447,0.977464900843361
0.799010306349095,-0.431942496570562,-0.544103391994002,0.976045888564551
0.799098473660436,-0.407470064120845,-0.56640802135292,0.973878085473784
0.799186640971776,-0.382685033642111,-0.588278131413328,0.970963165055439
0.799295045204179,-0.351811315497869,-0.614547214787738,0.966358530285593
0.799403449436583,-0.320529425697603,-0.640103762836952,0.960633188534557
0.799511853668986,-0.288875743048493,-0.664918046521068,0.953793789569562
0.79962025790139,-0.2568869999113,-0.688961276365824,0.9458482762771
0.799728662133793,-0.224600319563036,-0.712205539058611,0.93680585862165
0.799837066366197,-0.192053140800153,-0.73462388793281,0.926677028732955
0.7999454705986,-0.159283223296124,-0.756190303664615,0.915473526960751
0.800053874831004,-0.12632856248476,-0.776879788363227,0.903208350847962
0.800162279063408,-0.0932273883474472,-0.796668330059961,0.889895718407383
0.800270683295811,-0.0600180800639875,-0.815532992923875,0.87555107298787
0.800379087528215,-0.0267391620013931,-0.833451882509956,0.860191044511311
0.800487491760618,0.00657078044070548,-0.850404231051561,0.843833450610815
0.800595895993022,0.0398731068728508,-0.866370362843902,0.826497255971043
0.800663509203958,0.0606240360192544,-0.87582143352564,0.815197397506337
0.800731122414895,0.0813474426502588,-0.884877270693499,0.803529828043219
0.800798735625832,0.102034068959483,-0.893533834357877,0.791499765398407
0.800866348836769,0.122674583413536,-0.901787212361631,0.779112628948096
0.800958508079697,0.150716807560241,-0.912380655443651,0.761663847883408
0.801050667322626,0.178632779181725,-0.922209357430275,0.743576578248533
0.801110867224588,0.19678904295289,-0.928212926644746,0.731423883691826
0.80117106712655,0.214874826802624,-0.93388446538363,0.719009638580997
0.801231267028512,0.232883718711362,-0.939221970233285,0.706338251521916
0.801291466930474,0.250809264110321,-0.944223519982994,0.693414255872648
0.801363967192801,0.272277598793578,-0.949798514679718,0.677520915886118
0.801436467455127,0.293604686822187,-0.954880784575923,0.661276097753742
0.801508967717453,0.314779476913663,-0.959467706798621,0.64468822988495
0.801581467979779,0.335790959632219,-0.963556887552676,0.627765927920409
0.801653968242105,0.356628253013948,-0.967146219326079,0.610517966312114
0.801726468504431,0.377280527617158,-0.9702338272513,0.592953299634146
0.801814635792546,0.40213060024872,-0.973310242423773,0.571179642175043
0.801902803080661,0.426672235857837,-0.975639968904044,0.548967733046176
0.801990970368776,0.450886583208131,-0.977221229524588,0.526334646316449
0.802079137656891,0.474755040345634,-0.978052798287458,0.503297757941783
0.802167304945005,0.498259298497171,-0.978134048406282,0.479874749909102
0.80225547223312,0.521381313158726,-0.977464906019385,0.456083592860638
0.802343639521235,0.544103353316799,-0.976045895385779,0.431942542068969
0.80243180680935,0.566407977635689,-0.973878094332094,0.407470116696396
0.802519974097465,0.588278082920461,-0.970963176340421,0.382685093419949
0.802628378329791,0.614547167612196,-0.96635854372644,0.351811376114225
0.802736782562117,0.64010371703747,-0.960633204121293,0.320529487083811
0.802845186794443,0.664918002154686,-0.953793807289801,0.288875805135051
0.80295359102677,0.688961233488119,-0.945848296116041,0.256887062627893
0.803061995259096,0.712205497723318,-0.936805880561934,0.224600382838569
0.803170399491422,0.734623848191944,-0.92667705275476,0.19205320456282
0.803278803723748,0.756190265568363,-0.915473553041943,0.159283287473518
0.803387207956074,0.776879751959907,-0.903208378963826,0.12632862700389
0.8034956121884,0.796668295396043,-0.889895748530992,0.0932274531349625
0.803604016420727,0.815532960043704,-0.875551105089832,0.0600181450460934
0.803712420653053,0.8334518514559,-0.860191078560009,0.0267392271040753
0.803820824885379,0.850404201863941,-0.843833486572243,-0.00657071529171682
0.803929229117705,0.866370335560927,-0.826497293809027,-0.0398730417518953
0.803996842393846,0.875821416379452,-0.815197425412428,-0.0606239909670177
0.804064455669986,0.88487726293081,-0.803529845297048,-0.0813474176337929
0.804132068946127,0.893533835213401,-0.791499771294577,-0.102034063918834
0.804199682222267,0.901787221058484,-0.779112622796747,-0.122674598261745
0.804291841482552,0.912380665633205,-0.76166383801996,-0.150716827613223
0.804384000742836,0.922209368818001,-0.743576564443875,-0.17863280437417
0.804444200612761,0.928212934448198,-0.7314238760435,-0.196789058404755
0.804504400482685,0.933884469954346,-0.719009637371532,-0.21487483258283
0.80456460035261,0.939221971925962,-0.706338257026706,-0.232883714899272
0.804624800222535,0.944223519155405,-0.69341426835994,-0.250809250795485
0.804697300487344,0.949798514314326,-0.677520928025596,-0.27227758628876
0.804769800752153,0.954880784640417,-0.661276109516779,-0.293604675123644
0.804842301016962,0.959467707260316,-0.644688241243859,-0.314779466016521
0.80491480128177,0.963556888378559,-0.627765938848169,-0.335790949530427
0.804987301546579,0.967146220482823,-0.610517976782569,-0.356628243700267
0.805059801811388,0.970233828705204,-0.592953309622027,-0.377280519083207
0.805147969104743,0.973310244261387,-0.571179650989213,-0.402130593272187
0.805236136398099,0.975639971037133,-0.54896774063051,-0.426672230406627
0.805324303691454,0.977221231864444,-0.526334652617739,-0.450886579246713
0.805412470984809,0.978052800745054,-0.503297762909961,-0.474755037835119
0.805500638278164,0.978134050892508,-0.479874753497121,-0.498259297395386
0.80558880557152,0.977464908445028,-0.456083595024747,-0.521381313420285
0.805676972864875,0.976045897661728,-0.431942542768574,-0.54410335489317
0.80576514015823,0.973878096369527,-0.407470115894356,-0.566407980475202
0.805853307451585,0.970963178050882,-0.382685091082401,-0.588278086968512
0.805961711683918,0.966358545221103,-0.351811373693067,-0.61454717152803
0.80607011591625,0.960633205401235,-0.320529484585963,-0.640103720815277
0.806178520148583,0.953793808356284,-0.28887580256749,-0.664918005788825
0.806286924380915,0.945848296970579,-0.256887059997654,-0.688961236972922
0.806395328613247,0.93680588120626,-0.224600380152796,-0.712205501053487
0.80650373284558,0.926677053190954,-0.192053201828709,-0.734623851362268
0.806612137077912,0.915473553272204,-0.159283284698319,-0.756190268573878
0.806720541310245,0.903208378990701,-0.126328624194932,-0.776879754795745
0.806828945542577,0.889895748357156,-0.0932274502995797,-0.796668298057596
0.806937349774909,0.8755511047183,-0.0600181421916597,-0.815532962526604
0.807045754007242,0.860191077993901,-0.026739224238004,-0.83345185375592
0.807154158239574,0.843833485815058,0.00657071816199959,-0.850404203977034
0.807262562471906,0.826497292864338,0.0398730446189404,-0.866370337483299
0.807330175747248,0.815197424489143,0.0606239935820188,-0.875821418071181
0.80739778902259,0.803529844405355,0.0813474199946538,-0.884877264399996
0.807465402297931,0.791499770444624,0.102034066023729,-0.893533836468312
0.807533015573273,0.779112621998413,0.122674600109235,-0.901787222107674
0.807625174866323,0.761663830780143,0.150716839386966,-0.912380670167112
0.807717334159374,0.74357655031658,0.178632825971748,-0.922209376288322
0.807777534001863,0.731423867149704,0.196789071651058,-0.928212938800736
0.807837733844352,0.719009633953808,0.214874837535911,-0.933884471489722
0.80789793368684,0.706338259321629,0.232883711626078,-0.939221970947714
0.807958133529329,0.693414276597848,0.250809239371822,-0.944223515969674
0.808030633793941,0.677520936437352,0.272277574856598,-0.949798511293952
0.808103134058553,0.661276118101244,0.293604663687919,-0.95488078178914
0.808175634323165,0.644688249999624,0.314779454582159,-0.9594677045818
0.808248134587777,0.627765947773893,0.33579093810239,-0.963556885876287
0.808320634852389,0.61051798587666,0.356628232283626,-0.967146218160251
0.808393135117001,0.592953318882737,0.377280507683045,-0.970233826565751
0.808481302438823,0.571179653289099,0.402130589939994,-0.973310243229082
0.808569469760645,0.548967735686644,0.426672234943245,-0.975639970629858
0.808657637082466,0.526334640163818,0.450886591434669,-0.977221231598489
0.808745804404288,0.503297742696654,0.474755057439069,-0.978052800135709
0.80883397172611,0.47987472529251,0.49825932416245,-0.97813404945497
0.808922139047932,0.456083558614681,0.521381347080407,-0.977464905695074
0.809010306369754,0.431942497956943,0.544103395159536,-0.976045893116467
0.809098473691576,0.407470062503455,0.566408027044776,-0.973878089548232
0.809186641013397,0.382685028953268,0.58827813952225,-0.97096316847551
0.809295045245813,0.351811310641702,0.614547222631992,-0.966358533273701
0.809403449478229,0.320529420687909,0.640103770404788,-0.960633191092688
0.809511853710645,0.28887573789923,0.664918053801048,-0.95379379170024
0.809620257943061,0.25688699463663,0.688961283346824,-0.945848277983446
0.809728662175477,0.224600314177223,0.712205545729964,-0.936805859907205
0.809837066407893,0.192053135317627,0.73462389428407,-0.926677029601699
0.809945470640308,0.159283217731377,0.756190309685845,-0.915473527417213
0.810053874872724,0.126328556852438,0.776879794044678,-0.903208350897102
0.81016227910514,0.0932273826622608,0.796668335392501,-0.889895718054725
0.810270683337556,0.0600180743407249,0.81553299789863,-0.8755510722393
0.810379087569972,0.026739156254888,0.833451887118422,-0.860191043373269
0.810487491802388,-0.00657078619560472,0.850404235285804,-0.843833449090151
0.810595896034804,-0.0398731126212226,0.866370366696334,-0.826497254075068
0.810663509244133,-0.0606240412605799,0.875821436915136,-0.815197395654577
0.810731122453462,-0.0813474473802935,0.884877273636422,-0.803529826256128
0.810798735662791,-0.102034073174625,0.89353383687098,-0.791499763696351
0.81086634887212,-0.12267458711088,0.901787214461905,-0.779112627351031
0.810958508180588,-0.150716831112183,0.912380664514143,-0.761663833401946
0.811050667489057,-0.178632822383475,0.922209372374207,-0.743576549990725
0.811110867336143,-0.196789069450762,0.928212935352563,-0.731423865901788
0.811171067183229,-0.214874836712747,0.933884468456659,-0.719009631743924
0.811231267030315,-0.232883712167686,0.93922196827861,-0.706338256110886
0.811291466877401,-0.250809241264418,0.944223513612956,-0.693414272348502
0.811363967139324,-0.272277575927942,0.949798508639727,-0.677520932711773
0.811436467401247,-0.29360466394662,0.954880778873506,-0.661276114926878
0.811508967663169,-0.314779454038082,0.959467701441173,-0.644688247403074
0.811581467925092,-0.335790936766668,0.963556882547393,-0.627765945780688
0.811653968187015,-0.356628230168529,0.967146214680071,-0.610517984511515
0.811726468448938,-0.37728050480214,0.970233822971451,-0.592953318169282
0.811814635793957,-0.402130593561869,0.973310240357813,-0.571179646795903
0.811902803138977,-0.426672244901115,0.975639968088202,-0.548967723187113
0.811990970483997,-0.450886607546807,0.977221228991892,-0.526334621445053
0.812079137829016,-0.474755079509249,0.978052797068977,-0.503297717559713
0.812167305174036,-0.498259351980214,0.978134045533001,-0.47987469355273
0.812255472519056,-0.521381380421396,0.97746490052323,-0.456083520101824
0.812343639864076,-0.544103433785846,0.976045886301529,-0.431942452515646
0.812431807209095,-0.56640807070522,0.973878080698667,-0.407470009993409
0.812519974554115,-0.58827818795281,0.97096315720224,-0.382684969249424
0.812628378786609,-0.614547269747191,0.966358519847246,-0.351811250100034
0.812736783019104,-0.640103816145934,0.960633175522953,-0.320529359376991
0.812845187251598,-0.664918098111055,0.953793773999533,-0.288875675888478
0.812953591484092,-0.688961326170291,0.945848258166602,-0.256886931996284
0.813061995716587,-0.712205587013166,0.936805837991452,-0.22460025097826
0.813170399949081,-0.734623933975063,0.926677005606797,-0.192053071631765
0.813278804181575,-0.75619034773439,0.91547350136536,-0.159283153630944
0.81338720841407,-0.776879830402534,0.90320832281286,-0.126328492410292
0.813495612646564,-0.796668370013297,0.889895687965018,-0.0932273179517099
0.813604016879059,-0.815533030738002,0.875551040173469,-0.0600180094354395
0.813712421111553,-0.833451918134012,0.860191009362883,-0.0267390912288149
0.813820825344047,-0.850404264437376,0.843833413169102,0.00657085126830042
0.813929229576542,-0.86637039394575,0.826497216279435,0.0398731776663025
0.813996842720743,-0.875821454039531,0.815197367779362,0.0606240862601814
0.814064455864943,-0.884877281388194,0.80352980902087,0.0813474723673569
0.814132069009144,-0.893533836014603,0.791499757805586,0.102034078209035
0.814199682153345,-0.901787205773248,0.779112633493769,0.122674572279487
0.814291841444462,-0.912380654332729,0.761663843255747,0.150716811077015
0.814384000735578,-0.922209360994454,0.743576563784663,0.178632797209824
0.814444200614678,-0.928212927554365,0.731423873543864,0.196789054010554
0.814504400493778,-0.933884463888945,0.719009632951842,0.2148748309371
0.814564600372878,-0.939221966586807,0.70633825060949,0.232883715977338
0.814624800251978,-0.944223514439488,0.693414259869664,0.250809254569835
0.814697300511427,-0.949798509005023,0.677520920578837,0.272277588426209
0.814769800770877,-0.954880778809709,0.661276103168294,0.293604675641405
0.814842301030326,-0.959467700980704,0.644688236046518,0.314779464934219
0.814914801289776,-0.963556881723243,0.627765934853094,0.335790946870185
0.814987301549225,-0.967146213525443,0.610517974038864,0.356628239486597
0.815059801808674,-0.970233821519926,0.592953308176836,0.377280513343109
0.815147969148463,-0.973310238522643,0.571179637974792,0.402130600547835
0.815236136488251,-0.9756399659575,0.548967715593432,0.426672250364075
0.815324303828039,-0.977221226654111,0.526334615131877,0.450886611522266
0.815412471167827,-0.978052794613054,0.503297712577122,0.474755082035947
0.815500638507615,-0.978134043047857,0.479874689947589,0.498259353100279
0.815588805847404,-0.977464898098014,0.456083517917905,0.521381380180134
0.815676973187192,-0.976045884025113,0.431942451793471,0.54410343223167
0.81576514052698,-0.973878078659769,0.407470010770069,0.566408067889695
0.815853307866768,-0.970963155489172,0.382684971558738,0.588278183930447
0.815961712099257,-0.966358518348824,0.351811252492415,0.614547265856412
0.816070116331745,-0.960633174238119,0.320529361845582,0.640103812392542
0.816178520564234,-0.953793772927056,0.288875678426331,0.66491809450076
0.816286924796722,-0.94584825730492,0.256886934596349,0.688961322708583
0.816395329029211,-0.936805837338832,0.224600253633501,0.71220558370535
0.816503733261699,-0.926677005161257,0.19205307433496,0.734623930826292
0.816612137494188,-0.915473501124595,0.15928315637491,0.756190344749678
0.816720541726676,-0.903208322774417,0.126328495187769,0.776879827586669
0.816828945959165,-0.889895688126163,0.0932273207553679,0.796668367370827
0.816937350191653,-0.875551040531256,0.0600180122579466,0.815533028273324
0.817045754424142,-0.860191009914117,0.0267390940628103,0.833451915851317
0.81715415865663,-0.843833413910388,-0.00657084843024788,0.850404262340635
0.817262562889119,-0.826497217207152,-0.0398731748315599,0.866370392038698
0.817330176034081,-0.815197368691366,-0.0606240836660213,0.87582145235743
0.817397789179044,-0.803529809907409,-0.0813474700158974,0.884877279923299
0.817465402324006,-0.791499758656961,-0.102034076102132,0.893533834759067
0.817533015468969,-0.779112634300421,-0.122674570418645,0.901787204719067
0.817625174727331,-0.761663850501933,-0.150716799293461,0.912380649795352
0.817717333985692,-0.743576577916188,-0.178632775605924,0.922209353522098
0.817777533892234,-0.731423882440665,-0.196789040759797,0.928212923200474
0.817837733798776,-0.719009636371379,-0.214874825981414,0.9338844623528
0.817897933705318,-0.706338248315077,-0.232883719249728,0.939221967564827
0.81795813361186,-0.693414251631002,-0.250809265994498,0.944223517625486
0.818030633871503,-0.677520912166935,-0.272277599858398,0.949798512025304
0.818103134131146,-0.661276094584389,-0.293604687076233,0.954880781660621
0.81817563439079,-0.644688227291994,-0.314779476366734,0.959467703658715
0.818248134650433,-0.627765925929406,-0.33579095829544,0.963556884224846
0.818320634910076,-0.610517964947614,-0.356628250899583,0.967146215847177
0.818393135169719,-0.592953298919746,-0.377280524738694,0.970233823658456
0.818481302481055,-0.571179635674938,-0.402130603879594,0.973310239554504
0.818569469792392,-0.548967720533571,-0.426672245831053,0.975639966364615
0.818657637103728,-0.526334627578213,-0.450886599341794,0.977221226920006
0.818745804415064,-0.5032977327788,-0.474755062443296,0.978052795222076
0.8188339717264,-0.47987471813645,-0.498259326348173,0.978134044484589
0.818922139037737,-0.456083554307989,-0.521381346538478,0.97746490084648
0.819010306349073,-0.431942496580763,-0.544103391987112,0.976045888567871
0.819098473660409,-0.407470064132195,-0.566408021345179,0.973878085477393
0.819186640971746,-0.382685033654616,-0.588278131404815,0.970963165059426
0.81929504520415,-0.351811315510173,-0.614547214779684,0.966358530289852
0.819403449436555,-0.320529425709705,-0.640103762829355,0.960633188539047
0.81951185366896,-0.288875743060333,-0.664918046513881,0.95379378957423
0.819620257901364,-0.256886999922895,-0.688961276359068,0.945848276281955
0.819728662133769,-0.224600319574364,-0.71220553905233,0.936805858626651
0.819837066366174,-0.192053140811213,-0.734623887926886,0.926677028738122
0.819945470598578,-0.15928322330688,-0.75619030365913,0.915473526966002
0.820053874830983,-0.126328562495219,-0.776879788358056,0.903208350853283
0.820162279063388,-0.0932273883576087,-0.796668330055182,0.889895718412795
0.820270683295792,-0.0600180800738345,-0.815532992919494,0.875551072993313
0.820379087528197,-0.0267391620109195,-0.833451882505894,0.8601910445168
0.820487491760602,0.00657078043153827,-0.850404231047822,0.843833450616258
0.820595895993006,0.0398731068640269,-0.86637036284049,0.826497255976439
0.820663509203953,0.0606240360134088,-0.875821433523623,0.815197397510217
0.820731122414899,0.081347442647417,-0.884877270692808,0.803529828045364
0.820798735625846,0.102034068959609,-0.893533834358409,0.791499765398779
0.820866348836792,0.12267458341663,-0.901787212363209,0.779112628946579
0.82095850807975,0.150716807571929,-0.912380655448163,0.761663847876249
0.821050667322707,0.17863277920191,-0.922209357437281,0.743576578235363
0.821110867224644,0.196789042965538,-0.928212926648871,0.731423883683341
0.821171067126581,0.214874826807801,-0.933884465385224,0.719009638577396
0.821231267028519,0.232883718709121,-0.939221970232624,0.706338251523486
0.821291466930456,0.250809264100714,-0.944223519980257,0.693414255879524
0.821363967192769,0.272277598780054,-0.949798514676158,0.677520915896067
0.821436467455081,0.293604686804794,-0.95488078457167,0.661276097766874
0.821508967717394,0.314779476892459,-0.959467706793874,0.644688229901404
0.821581467979707,0.335790959607296,-0.963556887547614,0.627765927940296
0.821653968242019,0.356628252985353,-0.967146219320916,0.610517966335535
0.821726468504332,0.377280527584998,-0.970233827246229,0.592953299661203
0.821814635792463,0.402130600221561,-0.973310242420042,0.571179642198458
0.821902803080595,0.426672235835576,-0.975639968901393,0.54896773306576
0.821990970368726,0.450886583190656,-0.977221229522685,0.526334646332044
0.822079137656858,0.474755040332819,-0.978052798286043,0.503297757953228
0.82216730494499,0.498259298488932,-0.97813404840512,0.479874749916195
0.822255472233121,0.521381313154872,-0.977464906018191,0.456083592863296
0.822343639521253,0.544103353317209,-0.976045895384231,0.431942542066989
0.822431806809384,0.566407977640191,-0.973878094329922,0.407470116689709
0.822519974097516,0.588278082928871,-0.970963176337351,0.382685093408436
0.822628378329841,0.614547167620129,-0.966358543722832,0.351811376102686
0.822736782562167,0.640103717044933,-0.960633204117213,0.320529487072255
0.822845186794493,0.664918002161722,-0.953793807285265,0.288875805123496
0.822953591026818,0.688961233494654,-0.945848296111048,0.256887062616373
0.823061995259144,0.712205497729368,-0.936805880556462,0.224600382827086
0.823170399491469,0.734623848197529,-0.926677052748894,0.192053204551363
0.823278803723795,0.756190265573487,-0.915473553035629,0.159283287462127
0.823387207956121,0.776879751964529,-0.903208378957183,0.126328626992618
0.823495612188446,0.796668295400127,-0.889895748523945,0.0932274531237929
0.823604016420772,0.815532960047345,-0.875551105082422,0.0600181450350549
0.823712420653097,0.833451851459063,-0.86019107855225,0.0267392270931757
0.823820824885423,0.850404201866637,-0.843833486564209,-0.0065707153024529
0.823929229117749,0.866370335563097,-0.826497293800638,-0.0398730417624402
0.823996842393881,0.87582141638026,-0.815197425405211,-0.0606239909750613
0.824064455670014,0.884877262930338,-0.803529845291043,-0.0813474176393262
0.824132068946146,0.893533835211774,-0.791499771289904,-0.102034063921872
0.824199682222279,0.901787221055754,-0.779112622793474,-0.122674598262293
0.824291841482589,0.912380665633283,-0.761663838011569,-0.150716827621735
0.824384000742899,0.922209368820478,-0.743576564429937,-0.178632804390535
0.824444200612802,0.928212934448202,-0.731423876033777,-0.196789058414443
0.824504400482705,0.93388446995209,-0.719009637366201,-0.214874832585886
0.824564600352608,0.939221971921716,-0.706338257026039,-0.232883714895713
0.824624800222511,0.94422351914939,-0.693414268364012,-0.250809250785422
0.824697300487329,0.949798514309215,-0.677520928027558,-0.272277586281691
0.824769800752148,0.954880784636091,-0.661276109516579,-0.293604675119532
0.824842301016967,0.959467707256639,-0.644688241241321,-0.314779466015349
0.824914801281786,0.963556888375354,-0.627765938843247,-0.335790949532143
0.824987301546605,0.967146220479965,-0.610517976775204,-0.356628243704792
0.825059801811424,0.970233828702572,-0.592953309612068,-0.377280519090506
0.825147969104815,0.973310244259547,-0.571179650970202,-0.402130593289356
0.825236136398206,0.975639971035452,-0.548967740602071,-0.426672230433421
0.825324303691597,0.97722123186236,-0.526334652579545,-0.450886579282848
0.825412470984988,0.978052800741935,-0.503297762861669,-0.474755037880262
0.825500638278379,0.978134050887751,-0.479874753438531,-0.498259297449209
0.82558880557177,0.977464908438015,-0.456083594955566,-0.521381313482451
0.825676972865161,0.976045897651866,-0.431942542688601,-0.544103354963272
0.825765140158552,0.97387809635624,-0.407470115803322,-0.566407980552896
0.825853307451943,0.970963178033514,-0.382685090980166,-0.588278087053359
0.825961711684276,0.966358545200011,-0.351811373589213,-0.614547171610804
0.826070115916609,0.960633205376406,-0.320529484480577,-0.640103720895815
0.826178520148942,0.95379380832774,-0.288875802460722,-0.664918005867007
0.826286924381275,0.94584829693829,-0.256887059889604,-0.68896123704869
0.826395328613609,0.936805881170294,-0.224600380043568,-0.712205501126691
0.826503732845942,0.926677053151289,-0.192053201718436,-0.73462385143285
0.826612137078275,0.915473553228866,-0.159283284587139,-0.756190268641737
0.826720541310608,0.903208378943722,-0.126328624082962,-0.776879754860808
0.826828945542941,0.889895748306624,-0.0932274501869259,-0.796668298119718
0.826937349775274,0.875551104664212,-0.0600181420784622,-0.815532962585724
0.827045754007607,0.860191077936326,-0.0267392241244127,-0.833451853811926
0.827154158239941,0.843833485754021,0.00657071827587267,-0.850404204029867
0.827262562472274,0.826497292799932,0.0398730447329569,-0.866370337532851
0.827330175747506,0.815197424441322,0.0606239936622898,-0.875821418103613
0.827397789022738,0.803529844375349,0.0813474200412178,-0.884877264416557
0.82746540229797,0.791499770433635,0.102034066036693,-0.893533836470324
0.827533015573202,0.779112622007626,0.122674600088731,-0.901787222096342
0.827625174866232,0.761663830793621,0.150716839360564,-0.91238067015416
0.827717334159263,0.743576550334599,0.178632825939558,-0.922209376274155
0.827777534001794,0.731423867159715,0.196789071631541,-0.928212938791246
0.827837733844324,0.719009633955426,0.214874837528993,-0.933884471484406
0.827897933686855,0.706338259314483,0.232883711631647,-0.939221970946126
0.827958133529386,0.693414276581593,0.250809239389765,-0.94422351597131
0.828030633793994,0.677520936421663,0.272277574873335,-0.949798511294986
0.828103134058602,0.661276118086155,0.293604663703426,-0.954880781789565
0.82817563432321,0.644688249985198,0.314779454596475,-0.959467704581644
0.828248134587818,0.627765947760121,0.335790938115514,-0.963556885875648
0.828320634852426,0.610517985863616,0.356628232295561,-0.967146218159159
0.828393135117035,0.59295331887046,0.377280507693828,-0.970233826564264
0.828481302438843,0.571179653280017,0.402130589946898,-0.973310243226921
0.828569469760651,0.548967735680853,0.426672234946371,-0.975639970627202
0.82865763708246,0.526334640161477,0.45088659143411,-0.977221231595549
0.828745804404268,0.503297742697878,0.474755057434932,-0.978052800132775
0.828833971726077,0.479874725297409,0.498259324154859,-0.978134049452236
0.828922139047885,0.45608355862336,0.521381347069452,-0.977464905692821
0.829010306369693,0.431942497969513,0.5441033951454,-0.976045893114868
0.829098473691502,0.407470062520008,0.566408027027534,-0.973878089547515
0.82918664101331,0.382685028973845,0.588278139502104,-0.970963168475935
0.829295045245726,0.351811310662501,0.61454722261251,-0.966358533275017
0.829403449478143,0.320529420708915,0.640103770385959,-0.96063319109488
0.829511853710559,0.288875737920392,0.664918053782923,-0.95379379170328
0.829620257942975,0.256886994657919,0.688961283329431,-0.945848277987328
0.829728662175392,0.224600314198587,0.712205545713296,-0.936805859911873
0.829837066407808,0.192053135339046,0.734623894268131,-0.926677029607197
0.829945470640224,0.159283217752834,0.75619030967066,-0.915473527423471
0.830053874872641,0.126328556873878,0.776879794030311,-0.903208350904126
0.830162279105057,0.0932273826836715,0.796668335378887,-0.889895718062532
0.830270683337473,0.0600180743620693,0.815532997885807,-0.87555107224782
0.83037908756989,0.0267391562761365,0.833451887106397,-0.86019104338253
0.830487491802306,-0.00657078617447141,0.850404235274585,-0.84383344910008
0.830595896034722,-0.039873112600239,0.866370366685936,-0.826497254085658
0.830663509244074,-0.0606240412464441,0.875821436908255,-0.815197395661822
0.830731122453425,-0.0813474473729687,0.884877273632825,-0.803529826259805
0.830798735662776,-0.102034073174095,0.893533836870334,-0.791499763696238
0.830866348872128,-0.122674587117143,0.901787214464015,-0.779112627346851
0.830958508180587,-0.150716831115732,0.912380664515215,-0.761663833399451
0.831050667489046,-0.178632822384331,0.922209372374355,-0.743576549990005
0.831110867336132,-0.19678906945154,0.928212935352721,-0.73142386590115
0.831171067183218,-0.214874836713477,0.933884468456885,-0.719009631743391
0.831231267030304,-0.232883712168361,0.93922196827887,-0.706338256110508
0.83129146687739,-0.250809241265016,0.944223513613236,-0.693414272348169
0.831363967139305,-0.272277575926238,0.949798508639511,-0.677520932713263
0.83143646740122,-0.293604663942664,0.954880778872927,-0.661276114930259
0.831508967663134,-0.31477945403188,0.959467701440282,-0.644688247408363
0.831581467925049,-0.335790936758279,0.963556882546321,-0.627765945788022
0.831653968186964,-0.356628230157989,0.967146214678897,-0.610517984520885
0.831726468448879,-0.377280504789498,0.97023382297034,-0.592953318180823
0.831814635793854,-0.402130593537012,0.973310240355858,-0.571179646818812
0.83190280313883,-0.426672244864338,0.975639968086178,-0.548967723221798
0.831990970483805,-0.450886607498486,0.977221228990468,-0.526334621491943
0.83207913782878,-0.474755079449788,0.978052797068956,-0.503297717619174
0.832167305173755,-0.498259351909999,0.978134045535131,-0.479874693625074
0.832255472518731,-0.521381380340913,0.977464900528324,-0.456083520187362
0.832343639863706,-0.544103433695513,0.976045886310236,-0.43194245261472
0.832431807208681,-0.566408070605566,0.973878080711819,-0.407470010106218
0.832519974553657,-0.588278187844318,0.970963157220594,-0.382684969376238
0.83262837878615,-0.614547269641481,0.966358519870365,-0.351811250228854
0.832736783018644,-0.64010381604314,0.960633175550825,-0.320529359507673
0.832845187251138,-0.664918098011289,0.953793774032175,-0.288875676020847
0.832953591483631,-0.688961326073764,0.945848258203932,-0.25688693213017
0.833061995716125,-0.712205586919917,0.936805838033495,-0.224600251113551
0.833170399948619,-0.734623933885239,0.926677005653517,-0.192053071768299
0.833278804181113,-0.756190347648152,0.915473501416717,-0.159283153768547
0.833387208413606,-0.776879830319931,0.903208322868785,-0.126328492548804
0.8334956126461,-0.796668369934498,0.889895688025493,-0.0932273180909656
0.833604016878594,-0.815533030663084,0.875551040238353,-0.0600180095752832
0.833712421111087,-0.833451918063104,0.860191009432239,-0.0267390913690893
0.833820825343581,-0.850404264370528,0.843833413242797,0.0065708511277667
0.833929229576075,-0.86637039388308,0.82649721635743,0.0398731775256756
0.833996842720414,-0.875821453998539,0.815197367836413,0.0606240861621533
0.834064455864753,-0.884877281367226,0.803529809055415,0.0813474723118386
0.834132069009092,-0.893533836012069,0.791499757816167,0.102034078195919
0.834199682153432,-0.901787205787508,0.77911263347893,0.122674572308604
0.834291841444554,-0.91238065434692,0.76166384323918,0.150716811107753
0.834384000735676,-0.922209361008466,0.743576563766323,0.178632797242163
0.834444200614737,-0.928212927564105,0.731423873533045,0.196789054031087
0.834504400493798,-0.933884463894772,0.719009632948848,0.214874830945913
0.834564600372859,-0.939221966589184,0.706338250614695,0.232883715974499
0.834624800251921,-0.944223514438852,0.693414259883399,0.25080925455548
0.834697300511374,-0.949798509005092,0.677520920591847,0.272277588413257
0.834769800770828,-0.954880778810396,0.661276103180599,0.293604675629838
0.834842301030282,-0.959467700982049,0.644688236058044,0.314779464924008
0.834914801289735,-0.963556881725084,0.627765934863779,0.335790946861323
0.834987301549189,-0.967146213527804,0.610517974048711,0.356628239479089
0.835059801808643,-0.97023382152268,0.592953308185782,0.377280513336908
0.835147969148398,-0.973310238524612,0.571179637992164,0.402130600532478
0.835236136488153,-0.975639965959321,0.548967715619538,0.426672250339795
0.835324303827908,-0.977221226656329,0.526334615167089,0.450886611489277
0.835412471167663,-0.978052794616173,0.503297712621591,0.474755081994613
0.835500638507418,-0.978134043052517,0.479874690001649,0.498259353050866
0.835588805847173,-0.97746489810479,0.456083517981816,0.521381380122996
0.835676973186928,-0.976045884034499,0.431942451867379,0.544103432167121
0.835765140526683,-0.973878078672321,0.407470010854222,0.566408067818111
0.835853307866438,-0.970963155505504,0.38268497165329,0.58827818385221
0.835961712098926,-0.966358518368579,0.351811252588329,0.614547265780245
0.836070116331415,-0.960633174261251,0.320529361942716,0.640103812318567
0.836178520563903,-0.953793772953627,0.288875678524573,0.664918094429062
0.836286924796392,-0.945848257334837,0.256886934695608,0.688961322639253
0.83639532902888,-0.936805837372095,0.22460025373365,0.712205583638484
0.836503733261368,-0.926677005197841,0.192053074435921,0.734623930761949
0.836612137493857,-0.915473501164462,0.159283156476525,0.75619034468795
0.836720541726345,-0.903208322817538,0.126328495289908,0.776879827527632
0.836828945958833,-0.88989568817249,0.0932273208579351,0.796668367314534
0.836937350191322,-0.875551040580679,0.0600180123608239,0.815533028219844
0.83704575442381,-0.860191009966654,0.0267390941658597,0.833451915800824
0.837154158656298,-0.843833413965981,-0.00657084832708275,0.850404262293053
0.837262562888787,-0.826497217265733,-0.0398731747284499,0.866370391994184
0.837330176033858,-0.815197368733444,-0.0606240835961662,0.875821452329593
0.837397789178928,-0.803529809931722,-0.0813474699792289,0.884877279910959
0.837465402323999,-0.79149975866238,-0.102034076098535,0.893533834760899
0.837533015469069,-0.779112634285808,-0.122674570447994,0.90178720473379
0.837625174727466,-0.761663850479938,-0.150716799333179,0.91238064981313
0.837717333985862,-0.743576577886385,-0.178632775655885,0.92220935354226
0.837777533892339,-0.731423882423292,-0.196789040790148,0.928212923213458
0.837837733798817,-0.719009636366987,-0.214874825992282,0.933884462359277
0.837897933705294,-0.706338248324251,-0.232883719241301,0.939221967565561
0.837958133611772,-0.693414251654226,-0.250809265966945,0.944223517621157
0.83803063387142,-0.677520912189466,-0.2722775998325,0.94979851202197
0.838103134131068,-0.661276094606217,-0.29360468705196,0.954880781658198
0.838175634390716,-0.644688227313039,-0.314779476344106,0.959467703657144
0.838248134650364,-0.627765925949618,-0.335790958274416,0.963556884224034
0.838320634910012,-0.610517964966934,-0.356628250880142,0.967146215847067
0.83839313516966,-0.592953298938126,-0.377280524720874,0.970233823658999
0.838481302481013,-0.571179635689471,-0.402130603866573,0.973310239556033
0.838569469792366,-0.5489677205441,-0.42667224582277,0.975639966366808
0.838657637103719,-0.526334627584577,-0.450886599338083,0.977221226922703
0.838745804415072,-0.50329773278086,-0.474755062444089,0.978052795224939
0.838833971726425,-0.479874718134059,-0.498259326353306,0.978134044487367
0.838922139037777,-0.45608355430101,-0.521381346547822,0.977464900848816
0.83901030634913,-0.431942496569051,-0.544103392000489,0.976045888569547
0.839098473660483,-0.407470064115663,-0.566408021362411,0.973878085478043
0.839186640971836,-0.382685033633108,-0.588278131425746,0.970963165058882
0.839295045204241,-0.351811315488171,-0.614547214800183,0.966358530288329
0.839403449436646,-0.320529425687188,-0.640103762849394,0.960633188536566
0.839511853669052,-0.288875743037364,-0.664918046533403,0.953793789570751
0.839620257901457,-0.256886999899493,-0.688961276378047,0.945848276277538
0.839728662133862,-0.224600319550564,-0.712205539070704,0.936805858621257
0.839837066366267,-0.192053140787028,-0.734623887944697,0.926677028731693
0.839945470598673,-0.159283223282367,-0.756190303676286,0.91547352695863
0.840053874831078,-0.126328562470388,-0.776879788374549,0.90320835084496
0.840162279063483,-0.0932273883324733,-0.79666833007101,0.88989571840347
0.840270683295888,-0.0600180800484362,-0.815532992934573,0.87555107298296
0.840379087528293,-0.0267391619853012,-0.833451882520229,0.860191044505506
0.840487491760699,0.00657078045733571,-0.850404231061349,0.843833450604008
0.840595895993104,0.039873106889969,-0.866370362853225,0.826497255963224
0.840663509204027,0.0606240360322576,-0.875821433532661,0.81519739750038
0.840731122414951,0.0813474426591464,-0.884877270698355,0.803529828039181
0.840798735625874,0.102034068964264,-0.893533834360769,0.791499765396493
0.840866348836797,0.122674583414197,-0.901787212362648,0.779112628948437
0.840958508079784,0.150716807578452,-0.912380655450861,0.7616638478724
0.841050667322771,0.178632779217299,-0.922209357442682,0.743576578225377
0.841110867224688,0.196789042974645,-0.92821292665195,0.731423883677259
0.841171067126604,0.214874826810631,-0.93388446538615,0.719009638575485
0.841231267028521,0.232883718705734,-0.939221970231603,0.706338251525837
0.841291466930438,0.250809264091182,-0.944223519977568,0.693414255886374
0.841363967192765,0.272277598774829,-0.949798514674653,0.677520915899796
0.841436467455092,0.293604686803833,-0.954880784571198,0.661276097767322
0.841508967717419,0.314779476895703,-0.959467706794171,0.644688229898436
0.841581467979746,0.335790959614672,-0.963556887548537,0.627765927933771
0.841653968242074,0.356628252996784,-0.967146219322202,0.610517966325365
0.841726468504401,0.377280527600401,-0.970233827247685,0.592953299647274
0.841814635792576,0.402130600249084,-0.973310242422261,0.571179642173171
0.841902803080752,0.426672235874886,-0.975639968903657,0.548967733028733
0.841990970368928,0.450886583241409,-0.977221229524241,0.526334646282833
0.842079137657103,0.474755040394612,-0.978052798286107,0.503297757891466
0.842167304945279,0.498259298561326,-0.978134048402954,0.479874749841608
0.842255472233454,0.52138131323745,-0.97746490601298,0.456083592775517
0.84234363952163,0.544103353409507,-0.976045895375305,0.431942541965785
0.842431806809806,0.566407977741729,-0.973878094316572,0.407470116574812
0.842519974097981,0.588278083039132,-0.970963176318764,0.382685093279603
0.842628378330308,0.614547167727664,-0.966358543699362,0.35181137597168
0.842736782562635,0.640103717149612,-0.960633204088865,0.320529486939228
0.842845186794962,0.664918002263437,-0.953793807252009,0.288875804988584
0.842953591027289,0.688961233593205,-0.945848296072924,0.256887062479677
0.843061995259615,0.712205497824675,-0.936805880513517,0.224600382688825
0.843170399491942,0.734623848289431,-0.92667705270118,0.192053204411733
0.843278803724269,0.75619026566183,-0.915473552983074,0.159283287321238
0.843387207956596,0.776879752049225,-0.903208378899866,0.126328626850624
0.843495612188923,0.796668295481069,-0.889895748461961,0.0932274529808654
0.84360401642125,0.815532960124387,-0.87555110501575,0.0600181448913744
0.843712420653576,0.833451851532016,-0.86019107848097,0.0267392269489118
0.843820824885903,0.850404201935459,-0.843833486488335,-0.00657071544715584
0.84392922911823,0.866370335627715,-0.826497293720307,-0.0398730419074046
0.843996842394217,0.875821416422199,-0.815197425346915,-0.0606239910752739
0.844064455670204,0.884877262951288,-0.803529845256413,-0.0813474176949013
0.844132068946192,0.893533835213367,-0.791499771280489,-0.102034063932924
0.844199682222179,0.901787221039813,-0.779112622810846,-0.122674598228988
0.844291841482471,0.912380665616175,-0.761663838033035,-0.150716827583176
0.844384000742764,0.922209368802567,-0.743576564455731,-0.178632804346847
0.844444200612723,0.928212934436487,-0.731423876048672,-0.196789058387844
0.844504400482682,0.933884469945964,-0.719009637369706,-0.214874832576255
0.844564600352641,0.939221971920533,-0.706338257017634,-0.232883714902935
0.8446248002226,0.944223519152594,-0.693414268343326,-0.250809250809295
0.844697300487397,0.949798514310162,-0.677520928011281,-0.27227758629887
0.844769800752194,0.954880784635084,-0.661276109505,-0.293604675130108
0.844842301016991,0.959467707254015,-0.64468824123461,-0.314779466019396
0.844914801281788,0.963556888371414,-0.627765938841644,-0.335790949529762
0.844987301546584,0.967146220474992,-0.6105179767789,-0.356628243696086
0.845059801811381,0.970233828696873,-0.59295330962129,-0.377280519075603
0.84514796910478,0.973310244254439,-0.571179650977653,-0.402130593276798
0.845236136398179,0.975639971030841,-0.548967740607733,-0.426672230423108
0.845324303691577,0.977221231858054,-0.526334652583305,-0.450886579274747
0.845412470984976,0.978052800737838,-0.503297762863513,-0.474755037874347
0.845500638278375,0.978134050883728,-0.479874753438283,-0.498259297445443
0.845588805571774,0.977464908433937,-0.456083594953224,-0.521381313480712
0.845676972865173,0.976045897647559,-0.431942542684077,-0.544103354963514
0.845765140158571,0.973878096351614,-0.40747011579659,-0.566407980555037
0.84585330745197,0.970963178028494,-0.382685090971167,-0.588278087057287
0.845961711684302,0.966358545194729,-0.351811373580589,-0.614547171614157
0.846070115916633,0.960633205370979,-0.320529484472347,-0.640103720898625
0.846178520148965,0.953793808322153,-0.288875802452898,-0.664918005869249
0.846286924381296,0.945848296932607,-0.256887059882222,-0.68896123705038
0.846395328613628,0.936805881164543,-0.224600380036669,-0.712205501127903
0.846503732845959,0.926677053145557,-0.192053201711987,-0.734623851433554
0.846612137078291,0.915473553223126,-0.159283284581148,-0.756190268641974
0.846720541310622,0.903208378938076,-0.126328624077465,-0.776879754860598
0.846828945542954,0.889895748301029,-0.0932274501819354,-0.796668298119093
0.846937349775285,0.875551104658688,-0.0600181420739807,-0.815532962584741
0.847045754007617,0.860191077930958,-0.0267392241204132,-0.833451853810522
0.847154158239948,0.843833485748834,0.00657071827934452,-0.850404204028145
0.847262562472279,0.826497292794934,0.0398730447359268,-0.866370337530871
0.847330175747507,0.81519742443699,0.0606239936640293,-0.875821418101006
0.847397789022735,0.803529844371708,0.0813474200417156,-0.884877264413427
0.847465402297963,0.791499770430714,0.102034066035968,-0.893533836466692
0.847533015573191,0.779112622005513,0.122674600086784,-0.901787222092273
0.847625174866212,0.761663830793398,0.150716839355734,-0.912380670149154
0.847717334159234,0.743576550336445,0.178632825931856,-0.922209376268291
0.847777534001775,0.731423867159598,0.196789071626991,-0.928212938786543
0.847837733844316,0.719009633953219,0.214874837527563,-0.933884471480782
0.847897933686857,0.706338259310139,0.232883711633308,-0.939221970943424
0.847958133529398,0.693414276574996,0.250809239394505,-0.944223515969485
0.848030633794004,0.67752093641542,0.272277574877491,-0.949798511292873
0.84810313405861,0.661276118080278,0.293604663707001,-0.954880781787295
0.848175634323216,0.644688249979738,0.314779454599476,-0.95946770457918
0.848248134587823,0.627765947755074,0.335790938117992,-0.963556885873049
0.848320634852429,0.610517985859013,0.356628232297455,-0.967146218156451
0.848393135117035,0.592953318866277,0.377280507695171,-0.970233826561451
0.848481302438838,0.571179653277165,0.402130589946734,-0.973310243223919
0.848569469760641,0.548967735679422,0.426672234944748,-0.975639970624131
0.848657637082444,0.526334640161441,0.450886591431067,-0.977221231592534
0.848745804404247,0.50329774269931,0.474755057430517,-0.978052800129838
0.84883397172605,0.479874725300385,0.498259324149102,-0.978134049449499
0.848922139047854,0.456083558627905,0.521381347062457,-0.977464905690355
0.849010306369657,0.431942497975663,0.544103395137149,-0.976045893112802
0.84909847369146,0.407470062527778,0.56640802701816,-0.973878089545927
0.849186641013263,0.382685028983288,0.588278139491593,-0.970963168474861
0.849295045245679,0.351811310672087,0.614547222602338,-0.96635853327441
0.849403449478096,0.320529420718613,0.640103770376177,-0.960633191094769
0.849511853710512,0.288875737930211,0.664918053773471,-0.953793791703671
0.849620257942928,0.256886994667841,0.688961283320357,-0.94584827798818
0.849728662175345,0.224600314208593,0.712205545704621,-0.936805859913143
0.849837066407761,0.192053135349129,0.734623894259845,-0.92667702960896
0.849945470640178,0.159283217762961,0.756190309662769,-0.915473527425678
0.850053874872594,0.126328556884041,0.776879794022802,-0.903208350906822
0.850162279105011,0.093227382693838,0.796668335371788,-0.889895718065609
0.850270683337427,0.0600180743722432,0.815532997879158,-0.875551072251337
0.850379087569843,0.0267391562862934,0.833451887100146,-0.860191043386463
0.85048749180226,-0.00657078616433691,0.850404235268766,-0.843833449104421
0.850595896034676,-0.039873112590174,0.866370366680539,-0.826497254090376
0.850663509244033,-0.0606240412381457,0.875821436903986,-0.815197395665807
0.85073112245339,-0.0813474473664619,0.884877273629492,-0.803529826263022
0.850798735662748,-0.102034073169387,0.893533836867969,-0.791499763698562
0.850866348872105,-0.122674587114219,0.901787214462482,-0.779112627348257
0.850958508180519,-0.150716831099268,0.912380664508933,-0.761663833409616
0.851050667488934,-0.17863282235445,0.922209372364072,-0.743576550009591
0.851110867336058,-0.196789069433211,0.928212935346678,-0.731423865913494
0.851171067183181,-0.214874836706588,0.933884468454763,-0.719009631748153
0.851231267030305,-0.232883712172819,0.939221968280207,-0.706338256107345
0.851291466877429,-0.25080924128074,0.944223513617582,-0.693414272336825
0.851363967139367,-0.272277575948687,0.949798508645314,-0.677520932696598
0.851436467401305,-0.293604663971732,0.954880778879837,-0.661276114908049
0.851508967663243,-0.314779454067479,0.95946770144795,-0.644688247380459
0.851581467925181,-0.335790936800279,0.963556882554491,-0.627765945754176
0.851653968187119,-0.35662823020628,0.967146214687255,-0.610517984480932
0.851726468449057,-0.377280504843908,0.970233822978499,-0.592953318134549
0.851814635794024,-0.402130593588697,0.973310240362298,-0.571179646773563
0.851902803138992,-0.426672244913302,0.975639968090985,-0.548967723177647
0.85199097048396,-0.450886607544733,0.977221228993774,-0.526334621449025
0.852079137828927,-0.474755079493351,0.978052797070952,-0.503297717577557
0.852167305173895,-0.498259351950942,0.978134045535875,-0.479874693584887
0.852255472518862,-0.521381380379246,0.977464900527986,-0.456083520148695
0.85234363986383,-0.544103433731296,0.97604588630898,-0.431942452577641
0.852431807208798,-0.566408070638811,0.973878080709658,-0.407470010070827
0.852519974553765,-0.588278187875088,0.970963157217706,-0.382684969342586
0.85262837878626,-0.61454726967168,0.966358519866404,-0.351811250194651
0.852736783018754,-0.640103816072703,0.960633175545682,-0.320529359472956
0.852845187251248,-0.664918098040192,0.953793774025859,-0.288875675985634
0.852953591483742,-0.688961326101941,0.945848258196486,-0.256886932094527
0.853061995716236,-0.712205586947365,0.93680583802492,-0.22460025107749
0.85317039994873,-0.734623933911892,0.926677005643799,-0.192053071731868
0.853278804181224,-0.756190347674022,0.915473501405794,-0.159283153731764
0.853387208413719,-0.776879830345008,0.903208322856757,-0.126328492511733
0.853495612646213,-0.79666836995869,0.889895688012303,-0.093227318053621
0.853604016878707,-0.815533030686348,0.875551040224103,-0.0600180095377097
0.853712421111201,-0.833451918085472,0.860191009416793,-0.0267390913313084
0.853820825343695,-0.850404264391919,0.843833413226295,0.00657085116567287
0.853929229576189,-0.866370393903512,0.826497216339818,0.0398731775637091
0.853996842720492,-0.875821454013298,0.815197367824358,0.0606240861889681
0.854064455864795,-0.884877281376754,0.803529809049336,0.0813474723274431
0.854132069009097,-0.893533836016771,0.791499757816473,0.102034078200322
0.8541996821534,-0.901787205787836,0.77911263348599,0.122674572301859
0.854291841444491,-0.912380654344091,0.761663843252446,0.150716811091633
0.854384000735582,-0.922209361003003,0.743576563786258,0.178632797216752
0.854444200614673,-0.928212927562046,0.731423873547185,0.196789054014835
0.854504400493765,-0.933884463895822,0.719009632957034,0.214874830938775
0.854564600372856,-0.939221966592971,0.706338250616607,0.232883715976389
0.854624800251947,-0.944223514445115,0.693414259878814,0.250809254566319
0.854697300511399,-0.949798509011035,0.677520920587457,0.272277588423556
0.854769800770851,-0.954880778816073,0.661276103176434,0.293604675639646
0.854842301030304,-0.959467700987458,0.644688236054156,0.314779464933307
0.854914801289756,-0.963556881730286,0.627765934860178,0.335790946870122
0.854987301549208,-0.96714621353274,0.610517974045389,0.356628239487369
0.85505980180866,-0.97023382152741,0.59295330818273,0.377280513344717
0.855147969148396,-0.973310238528659,0.571179637993792,0.402130600534868
0.855236136488132,-0.975639965962911,0.548967715626043,0.426672250336893
0.855324303827868,-0.977221226659858,0.526334615178628,0.450886611481236
0.855412471167604,-0.978052794619949,0.503297712638388,0.474755081981595
0.85550063850734,-0.978134043056888,0.479874690023813,0.498259353033044
0.855588805847076,-0.977464898109981,0.456083518009463,0.521381380100519
0.855676973186812,-0.976045884040937,0.431942451900684,0.544103432140256
0.855765140526548,-0.973878078680293,0.407470010893287,0.566408067787011
0.855853307866283,-0.97096315551532,0.382684971698239,0.588278183817085
0.855961712098771,-0.966358518380051,0.351811252634083,0.614547265745971
0.856070116331259,-0.960633174274396,0.320529361989252,0.640103812285163
0.856178520563746,-0.953793772968386,0.288875678571852,0.664918094396518
0.856286924796234,-0.94584825735128,0.256886934743581,0.688961322607697
0.856395329028721,-0.936805837390181,0.224600253782224,0.712205583607941
0.856503733261209,-0.926677005217562,0.192053074485079,0.734623930732493
0.856612137493697,-0.915473501185855,0.159283156526239,0.756190344659601
0.856720541726184,-0.90320832284057,0.126328495340112,0.776879827500425
0.856828945958672,-0.889895688197135,0.0932273209085533,0.796668367288594
0.856937350191159,-0.875551040606955,0.0600180124117981,0.815533028195153
0.857045754423647,-0.860191009994581,0.0267390942171676,0.833451915777414
0.857154158656135,-0.843833413995483,-0.00657084827555443,0.850404262271003
0.857262562888622,-0.826497217296849,-0.0398731746767158,0.866370391973539
0.857330176033742,-0.815197368757171,-0.0606240835594194,0.875821452316594
0.857397789178861,-0.803529809947517,-0.0813474699574655,0.884877279905
0.85746540232398,-0.791499758669748,-0.102034076091706,0.893533834761459
0.8575330154691,-0.779112634284232,-0.122674570456046,0.901787204740271
0.857625174727512,-0.761663850475012,-0.150716799346161,0.91238064982118
0.857717333985925,-0.743576577877818,-0.17863277567375,0.922209353551575
0.857777533892381,-0.731423882418897,-0.19678904080146,0.928212923220369
0.857837733798837,-0.719009636366887,-0.214874825997082,0.933884462363998
0.857897933705293,-0.706338248328639,-0.232883719239654,0.939221967568266
0.857958133611749,-0.693414251663287,-0.250809265958904,0.944223517622167
0.858030633871394,-0.677520912199286,-0.272277599823654,0.949798512022929
0.858103134131039,-0.661276094616812,-0.29360468704235,0.954880781659138
0.858175634390685,-0.644688227324363,-0.314779476333748,0.959467703658101
0.85824813465033,-0.62776592596172,-0.335790958263344,0.96355688422504
0.858320634909975,-0.610517964979847,-0.356628250868356,0.967146215848227
0.858393135169621,-0.592953298951924,-0.377280524708348,0.97023382366026
0.858481302480962,-0.571179635706254,-0.402130603851083,0.973310239557311
0.858569469792304,-0.548967720563956,-0.426672245804376,0.975639966368302
0.858657637103646,-0.526334627607651,-0.45088659931687,0.977221226924524
0.858745804414987,-0.503297732807205,-0.47475506242014,0.978052795227362
0.858833971726329,-0.479874718163756,-0.49825932632676,0.97813404449047
0.85892213903767,-0.456083554334149,-0.521381346518771,0.977464900852889
0.859010306349012,-0.431942496605686,-0.544103391969085,0.976045888574749
0.859098473660354,-0.407470064155855,-0.56640802132879,0.973878085484644
0.859186640971695,-0.382685033676923,-0.588278131390019,0.970963165066917
0.8592950452041,-0.351811315532814,-0.614547214765122,0.966358530297906
0.859403449436504,-0.320529425732635,-0.64010376281506,0.960633188547649
0.859511853668908,-0.288875743083549,-0.664918046499829,0.953793789583397
0.859620257901312,-0.256886999946396,-0.688961276345325,0.945848276291704
0.859728662133716,-0.224600319598121,-0.712205539038838,0.93680585863695
0.859837066366121,-0.192053140835236,-0.734623887913768,0.926677028748988
0.859945470598525,-0.159283223331129,-0.756190303646331,0.915473526977453
0.860053874830929,-0.126328562519684,-0.776879788345623,0.903208350865295
0.860162279063333,-0.0932273883822435,-0.79666833004315,0.889895718425352
0.860270683295738,-0.0600180800986398,-0.815532992907839,0.875551073006481
0.860379087528142,-0.0267391620358687,-0.83345188249463,0.8601910445305
0.860487491760546,0.00657078040644324,-0.850404231037032,0.843833450630544
0.86059589599295,0.0398731068388171,-0.86637036283015,0.826497255991314
0.860663509203925,0.0606240359969755,-0.875821433517521,0.815197397520504
0.8607311224149,0.0813474426397085,-0.884877270690579,0.803529828050831
0.860798735625875,0.10203406896062,-0.893533834359734,0.791499765399099
0.86086634883685,0.122674583426299,-0.901787212367761,0.779112628941455
0.860958508079893,0.150716807607379,-0.91238065546166,0.761663847854279
0.861050667322935,0.17863277926288,-0.922209357458335,0.743576578195414
0.861110867224794,0.196789043002517,-0.928212926661022,0.731423883658506
0.861171067126652,0.214874826820935,-0.933884465389305,0.719009638568339
0.86123126702851,0.23288371869862,-0.939221970229527,0.70633825153089
0.861291466930369,0.25080926406682,-0.944223519970904,0.69341425590407
0.861363967192704,0.2722775987528,-0.949798514668959,0.677520915916175
0.861436467455038,0.293604686784097,-0.954880784566398,0.661276097782304
0.861508967717373,0.31477947687826,-0.959467706790173,0.64468822991195
0.861581467979707,0.335790959599481,-0.963556887545274,0.627765927945762
0.861653968242042,0.356628252983812,-0.967146219319551,0.610517966335745
0.861726468504377,0.377280527589589,-0.970233827245558,0.592953299655953
0.861814635792586,0.402130600247667,-0.973310242421384,0.571179642173689
0.861902803080795,0.426672235882656,-0.975639968903377,0.548967733020702
0.861990970369004,0.450886583258083,-0.977221229524091,0.526334646265992
0.862079137657212,0.474755040419928,-0.978052798285476,0.503297757865521
0.862167304945421,0.498259298594983,-0.97813404840127,0.479874749806261
0.86225547223363,0.521381313279135,-0.977464906009748,0.45608359273056
0.862343639521839,0.544103353458855,-0.976045895369851,0.431942541910964
0.862431806810048,0.566407977798388,-0.973878094308377,0.40747011650995
0.862519974098257,0.588278083102741,-0.970963176307261,0.3826850932045
0.862628378330585,0.614547167789727,-0.96635854368498,0.351811375895262
0.862736782562912,0.640103717210007,-0.960633204071632,0.320529486861572
0.86284518679524,0.664918002322046,-0.953793807231863,0.288875804909793
0.862953591027568,0.688961233650004,-0.945848296049876,0.256887062399848
0.863061995259895,0.712205497879545,-0.936805880487559,0.224600382608021
0.863170399492223,0.734623848342274,-0.926677052672332,0.192053204330049
0.86327880372455,0.756190265712626,-0.915473552951443,0.159283287238792
0.863387207956878,0.776879752097842,-0.903208378865383,0.126328626767524
0.863495612189206,0.796668295527429,-0.889895748424658,0.0932274528971972
0.863604016421533,0.815532960168429,-0.875551104975725,0.0600181448072225
0.863712420653861,0.833451851573761,-0.860191078438166,0.0267392268643792
0.863820824886188,0.850404201974745,-0.843833486442833,-0.00657071553194906
0.863929229118516,0.866370335664447,-0.826497293672118,-0.0398730419923623
0.863996842394421,0.875821416446055,-0.81519742531109,-0.0606239911349661
0.864064455670326,0.884877262963197,-0.80352984523382,-0.0813474177293713
0.864132068946231,0.893533835214315,-0.79149977127208,-0.102034063942224
0.864199682222136,0.901787221030743,-0.779112622817499,-0.122674598213257
0.86429184148246,0.91238066561084,-0.761663838034058,-0.150716827576789
0.864384000742783,0.922209368800432,-0.743576564450755,-0.178632804349724
0.864444200612738,0.928212934433906,-0.731423876044382,-0.196789058389535
0.864504400482694,0.933884469942951,-0.719009637366178,-0.214874832576766
0.864564600352649,0.939221971917107,-0.706338257014838,-0.232883714902276
0.864624800222604,0.944223519148828,-0.69341426834134,-0.250809250807481
0.864697300487403,0.949798514306532,-0.677520928008779,-0.272277586297771
0.864769800752202,0.954880784631613,-0.661276109501878,-0.293604675129719
0.864842301017002,0.959467707250638,-0.644688241230944,-0.314779466019711
0.864914801281801,0.963556888368061,-0.627765938837368,-0.335790949530741
0.8649873015466,0.967146220471659,-0.610517976773942,-0.356628243697735
0.865059801811399,0.970233828693529,-0.592953309615637,-0.377280519077907
0.865147969104833,0.97331024425201,-0.571179650963162,-0.402130593288892
0.865236136398267,0.975639971028737,-0.548967740584013,-0.42667223044477
0.865324303691701,0.977221231855713,-0.52633465255006,-0.450886579305651
0.865412470985135,0.9780528007346,-0.503297762820412,-0.474755037914216
0.865500638278569,0.978134050879037,-0.479874753385112,-0.498259297493925
0.865588805572003,0.97746490842716,-0.456083594889683,-0.521381313537478
0.865676972865437,0.976045897638145,-0.431942542609956,-0.544103355028211
0.865765140158871,0.973878096338922,-0.407470115711687,-0.566407980627269
0.865853307452305,0.970963178011934,-0.382685090875278,-0.588278087136644
0.865961711684637,0.96635854517471,-0.351811373483154,-0.614547171691553
0.866070115916969,0.960633205347434,-0.320529484373499,-0.640103720973934
0.866178520149302,0.953793808295119,-0.288875802352716,-0.664918005942394
0.866286924381634,0.94584829690211,-0.256887059780813,-0.688961237121289
0.866395328613966,0.936805881130594,-0.22460037993414,-0.712205501196434
0.866503732846299,0.926677053108114,-0.192053201608482,-0.73462385149965
0.866612137078631,0.915473553182245,-0.159283284476784,-0.75619026870549
0.866720541310963,0.903208378893796,-0.126328623972344,-0.776879754921433
0.866828945543295,0.889895748253368,-0.0932274500761619,-0.79666829817722
0.866937349775628,0.875551104607714,-0.0600181419676932,-0.815532962639996
0.86704575400796,0.860191077876696,-0.0267392240137284,-0.833451853862971
0.867154158240292,0.843833485691283,0.00657071838631425,-0.850404204077625
0.867262562472624,0.826497292734203,0.0398730448430437,-0.866370337577255
0.867330175747744,0.815197424392792,0.0606239937377116,-0.875821418130512
0.867397789022863,0.803529844345278,0.0813474200820434,-0.88487726442733
0.867465402297983,0.791499770423202,0.102034066043037,-0.893533836466247
0.867533015573102,0.779112622018064,0.122674600060743,-0.901787222078801
0.867625174866097,0.761663830811613,0.150716839321922,-0.912380670133547
0.867717334159092,0.743576550360606,0.178632825890382,-0.92220937625103
0.867777534001685,0.73142386717378,0.196789071601271,-0.92821293877506
0.867837733844278,0.719009633957016,0.214874837517469,-0.933884471474477
0.867897933686871,0.706338259303099,0.232883711638701,-0.939221970941822
0.867958133529463,0.69341427655668,0.250809239415235,-0.944223515971916
0.868030633794062,0.67752093639842,0.272277574895937,-0.949798511294364
0.868103134058661,0.661276118064651,0.293604663723214,-0.954880781787884
0.86817563432326,0.644688249965575,0.314779454613438,-0.95946770457902
0.868248134587859,0.627765947742428,0.335790938129718,-0.963556885872155
0.868320634852458,0.610517985847948,0.356628232306998,-0.967146218154945
0.868393135117057,0.592953318856903,0.377280507702558,-0.970233826559454
0.868481302438854,0.571179653269222,0.402130589952356,-0.97331024322158
0.868569469760651,0.548967735672936,0.426672234948603,-0.975639970621559
0.868657637082448,0.526334640156525,0.450886591433219,-0.97722123158971
0.868745804404245,0.503297742695975,0.474755057431021,-0.978052800127018
0.868833971726042,0.479874725298706,0.498259324148005,-0.978134049446734
0.868922139047839,0.456083558627881,0.521381347059808,-0.977464905687682
0.869010306369635,0.43194249797739,0.544103395133017,-0.976045893110383
0.869098473691432,0.407470062531288,0.566408027012581,-0.973878089543841
0.869186641013229,0.382685028988627,0.588278139484661,-0.970963168473301
0.869295045245647,0.351811310677332,0.61454722259583,-0.966358533273138
0.869403449478064,0.320529420723768,0.640103770370033,-0.960633191093824
0.869511853710481,0.288875737935244,0.664918053767728,-0.953793791702977
0.869620257942898,0.256886994672716,0.688961283314989,-0.945848277987738
0.869728662175315,0.224600314213354,0.712205545699624,-0.936805859912977
0.869837066407733,0.192053135353712,0.734623894255271,-0.926677029608916
0.86994547064015,0.15928321776734,0.756190309658571,-0.91547352742589
0.870053874872567,0.126328556888251,0.776879794018957,-0.903208350907202
0.870162279104984,0.0932273826978404,0.796668335368317,-0.889895718066142
0.870270683337401,0.0600180743760395,0.815532997875993,-0.875551072252016
0.870379087569819,0.0267391562898594,0.833451887097394,-0.860191043387246
0.870487491802236,-0.00657078616101348,0.850404235266344,-0.843833449105292
0.870595896034653,-0.039873112587078,0.86637036667842,-0.826497254091382
0.870663509244011,-0.0606240412353343,0.875821436902101,-0.81519739566676
0.870731122453369,-0.0813474473639258,0.884877273627856,-0.803529826263914
0.870798735662727,-0.102034073167135,0.893533836866572,-0.791499763699463
0.870866348872085,-0.122674587112241,0.901787214461314,-0.77911262734906
0.870958508180462,-0.150716831085915,0.912380664503785,-0.761663833417835
0.871050667488839,-0.178632822329857,0.922209372355558,-0.743576550025692
0.871110867335993,-0.19678906941786,0.92821293534167,-0.7314238659238
0.871171067183147,-0.214874836700399,0.933884468452852,-0.719009631752426
0.871231267030301,-0.232883712175718,0.939221968281076,-0.706338256105322
0.871291466877456,-0.25080924129266,0.944223513620946,-0.693414272328235
0.87136396713938,-0.272277575956651,0.949798508647498,-0.677520932690821
0.871436467401305,-0.293604663975778,0.954880778881025,-0.661276114905233
0.871508967663229,-0.314779454067664,0.9594677014484,-0.644688247380709
0.871581467925154,-0.335790936796658,0.963556882554285,-0.627765945757638
0.871653968187079,-0.356628230198888,0.967146214686609,-0.610517984487724
0.871726468449003,-0.377280504832856,0.970233822977663,-0.592953318144749
0.871814635793929,-0.402130593565989,0.973310240360543,-0.571179646794556
0.871902803138854,-0.426672244879256,0.975639968089133,-0.548967723209853
0.87199097048378,-0.450886607499699,0.97722122899253,-0.526334621492792
0.872079137828705,-0.474755079437705,0.978052797071018,-0.503297717633275
0.872167305173631,-0.498259351885059,0.978134045537929,-0.479874693652872
0.872255472518556,-0.521381380303523,0.977464900532799,-0.456083520229242
0.872343639863481,-0.544103433646224,0.976045886317225,-0.431942452670993
0.872431807208407,-0.56640807054486,0.973878080722119,-0.407470010177233
0.872519974553332,-0.588278187772774,0.970963157235099,-0.382684969462283
0.872628378785827,-0.614547269572191,0.966358519888237,-0.351811250315994
0.872736783018321,-0.640103815976152,0.960633175571959,-0.320529359595776
0.872845187250815,-0.664918097946749,0.953793774056572,-0.288875676109798
0.87295359148331,-0.688961326011667,0.945848258231604,-0.25688693221991
0.873061995715804,-0.712205586860366,0.93680583806431,-0.224600251203902
0.873170399948298,-0.7346239338283,0.926677005687473,-0.192053071859154
0.873278804180793,-0.756190347593908,0.91547350145373,-0.159283153859819
0.873387208413287,-0.776879830268489,0.90320832290885,-0.126328492640366
0.873495612645782,-0.796668369885825,0.889895688068529,-0.0932273181826824
0.873604016878276,-0.81553303061723,0.875551040284353,-0.0600180096670816
0.87371242111077,-0.833451918020171,0.860191009481046,-0.0267390914608272
0.873820825343265,-0.850404264330556,0.843833413294395,0.00657085103619949
0.873929229575759,-0.866370393846131,0.826497216411763,0.0398731774344104
0.873996842720185,-0.875821453975367,0.815197367877626,0.0606240860977397
0.874064455864612,-0.884877281356793,0.803529809082582,0.0813474722742197
0.874132069009038,-0.893533836013369,0.791499757828348,0.10203407818504
0.874199682153465,-0.901787205799525,0.779112633475237,0.122674572324322
0.874291841444538,-0.912380654353247,0.7616638432447,0.150716811108561
0.874384000735611,-0.92220936100991,0.743576563781746,0.178632797228163
0.874444200614688,-0.928212927567459,0.731423873545407,0.196789054022043
0.874504400493765,-0.933884463899864,0.719009632958101,0.214874830941781
0.874564600372843,-0.93922196659587,0.7063382506206,0.232883715975271
0.87462480025192,-0.944223514446932,0.693414259885861,0.250809254561094
0.874697300511368,-0.949798509012751,0.677520920595562,0.272277588417234
0.874769800770816,-0.954880778817733,0.661276103185583,0.293604675632191
0.874842301030265,-0.959467700989132,0.644688236064371,0.314779464924772
0.874914801289713,-0.963556881732003,0.627765934871496,0.33579094686052
0.874987301549161,-0.967146213534567,0.610517974057872,0.356628239476743
0.875059801808609,-0.970233821529469,0.592953308196414,0.377280513333057
0.875147969148314,-0.973310238530173,0.571179638015456,0.402130600514718
0.875236136488019,-0.975639965964436,0.548967715655935,0.426672250308523
0.875324303827724,-0.977221226661953,0.526334615217016,0.450886611444897
0.875412471167429,-0.978052794623097,0.503297712685558,0.474755081937548
0.875500638507134,-0.978134043061515,0.479874690080015,0.498259352981546
0.87558880584684,-0.977464898116804,0.456083518074881,0.521381380041911
0.875676973186545,-0.976045884050412,0.431942451975543,0.544103432074849
0.87576514052625,-0.973878078692887,0.407470010977734,0.566408067715175
0.875853307865955,-0.970963155531597,0.382684971792441,0.588278183739171
0.875961712098442,-0.966358518399793,0.351811252729818,0.614547265669963
0.876070116330928,-0.960633174297601,0.320529362086394,0.640103812211194
0.876178520563415,-0.953793772994983,0.288875678670275,0.664918094324729
0.876286924795902,-0.9458482573813,0.256886934843184,0.688961322538123
0.876395329028389,-0.936805837423588,0.22460025388294,0.712205583540676
0.876503733260876,-0.926677005254403,0.192053074586759,0.734623930667642
0.876612137493362,-0.915473501226045,0.159283156628771,0.756190344597266
0.876720541725849,-0.903208322884074,0.126328495443394,0.776879827440687
0.876828945958336,-0.889895688244035,0.0932273210124753,0.79666836723154
0.876937350190823,-0.875551040657115,0.0600180125162328,0.815533028140875
0.87704575442331,-0.860191010047949,0.0267390943219835,0.833451915725966
0.877154158655796,-0.843833414052044,-0.0065708481704442,0.850404262222509
0.877262562888283,-0.826497217356554,-0.039873174571462,0.86637039192801
0.877330176033509,-0.815197368800674,-0.0606240834868959,0.875821452287576
0.877397789178735,-0.803529809973673,-0.0813474699176301,0.884877279891293
0.877465402323961,-0.791499758677354,-0.10203407608446,0.89353383476181
0.877533015469186,-0.779112634272158,-0.122674570481242,0.901787204753419
0.877625174727617,-0.761663850458844,-0.15071679937673,0.912380649835545
0.877717333986048,-0.743576577857343,-0.178632775709632,0.922209353566958
0.877777533892459,-0.731423882407018,-0.196789040823702,0.928212923230698
0.87783773379887,-0.719009636363984,-0.214874826005827,0.933884462369821
0.877897933705281,-0.706338248335162,-0.232883719234942,0.939221967570117
0.877958133611692,-0.693414251679528,-0.250809265940908,0.944223517620436
0.878030633871347,-0.677520912213615,-0.272277599808688,0.9497985120223
0.878103134131002,-0.661276094629117,-0.293604687030379,0.954880781659489
0.878175634390658,-0.644688227334577,-0.314779476324737,0.959467703659328
0.878248134650313,-0.627765925969735,-0.335790958257254,0.963556884226972
0.878320634909968,-0.610517964985583,-0.35662825086513,0.967146215850713
0.878393135169623,-0.592953298955227,-0.377280524707976,0.970233823663216
0.878481302480985,-0.571179635704501,-0.402130603856361,0.973310239560876
0.878569469792347,-0.548967720557001,-0.426672245815128,0.975639966372097
0.878657637103709,-0.526334627595248,-0.450886599332995,0.977221226928206
0.878745804415071,-0.503297732789164,-0.474755062441451,0.978052795230613
0.878833971726433,-0.479874718139952,-0.498259326353064,0.978134044493009
0.878922139037794,-0.456083554304424,-0.521381346549872,0.977464900854319
0.879010306349156,-0.431942496569929,-0.544103392004751,0.976045888574671
0.879098473660518,-0.407470064113912,-0.566408021368838,0.973878085482736
0.87918664097188,-0.382685033628704,-0.588278131434202,0.970963165062885
0.879295045204284,-0.351811315483917,-0.614547214808089,0.966358530291972
0.879403449436688,-0.320529425683085,-0.640103762856722,0.960633188539813
0.879511853669092,-0.288875743033478,-0.664918046540233,0.953793789573685
0.879620257901496,-0.256886999895813,-0.688961276384294,0.945848276280118
0.8797286621339,-0.224600319547121,-0.712205539076414,0.936805858623567
0.879837066366305,-0.192053140783825,-0.734623887949902,0.926677028733738
0.879945470598709,-0.159283223279425,-0.756190303680975,0.9154735269604
0.880053874831113,-0.126328562467724,-0.776879788378757,0.903208350846472
0.880162279063517,-0.0932273883301268,-0.796668330074673,0.889895718404824
0.880270683295921,-0.0600180800464125,-0.815532992937799,0.875551072984158
0.880379087528325,-0.0267391619836086,-0.833451882522932,0.860191044506527
0.880487491760729,0.00657078045869685,-0.850404231063645,0.843833450604939
0.880595895993133,0.0398731068909941,-0.866370362855069,0.826497255964065
0.880663509204057,0.0606240360333261,-0.875821433534349,0.815197397501021
0.880731122414981,0.0813474426602595,-0.884877270699904,0.803529828039623
0.880798735625904,0.102034068965428,-0.893533834362171,0.791499765396736
0.880866348836828,0.122674583415421,-0.901787212363882,0.779112628948424
0.8809585080799,0.150716807605495,-0.912380655461269,0.761663847855754
0.881050667322972,0.178632779269907,-0.922209357460878,0.743576578190946
0.881110867224822,0.196789043007002,-0.928212926662564,0.731423883655559
0.881171067126672,0.21487482682288,-0.933884465389944,0.719009638567078
0.881231267028522,0.232883718698057,-0.939221970229304,0.70633825153125
0.881291466930372,0.250809264063743,-0.944223519969962,0.693414255906195
0.881363967192693,0.272277598745543,-0.949798514666984,0.677520915921433
0.881436467455013,0.293604686772689,-0.954880784563546,0.661276097790817
0.881508967717333,0.31477947686275,-0.959467706786673,0.644688229923901
0.881581467979654,0.335790959579959,-0.963556887541202,0.627765927961237
0.881653968241974,0.356628252960373,-0.967146219315244,0.610517966354863
0.881726468504295,0.377280527562324,-0.970233827241127,0.592953299678771
0.881814635792527,0.402130600227243,-0.973310242418357,0.571179642191116
0.881902803080759,0.426672235868905,-0.975639968901392,0.54896773303248
0.881990970368992,0.450886583250833,-0.977221229522752,0.526334646271865
0.882079137657224,0.474755040419027,-0.978052798284346,0.503297757865284
0.882167304945456,0.498259298600219,-0.978134048399951,0.479874749799695
0.882255472233689,0.521381313290312,-0.97746490600782,0.456083592717478
0.882343639521921,0.54410335347577,-0.976045895366999,0.431942541891216
0.882431806810154,0.566407977820763,-0.9738780943041,0.407470116483334
0.882519974098386,0.588278083130335,-0.97096317630127,0.382685093170919
0.882628378330711,0.61454716781586,-0.966358543677785,0.351811375861884
0.882736782563036,0.640103717234712,-0.960633204063219,0.320529486828487
0.882845186795361,0.664918002345318,-0.953793807222415,0.288875804877051
0.882953591027686,0.688961233671835,-0.945848296039379,0.256887062367517
0.883061995260011,0.712205497899928,-0.93680588047611,0.224600382576163
0.883170399492336,0.734623848361264,-0.926677052659966,0.192053204298698
0.883278803724661,0.756190265730225,-0.915473552938217,0.159283287207983
0.883387207956986,0.776879752114055,-0.903208378851401,0.126328626737326
0.883495612189311,0.796668295542303,-0.889895748409963,0.0932274528676489
0.883604016421636,0.815532960181949,-0.875551104960317,0.0600181447783705
0.883712420653961,0.833451851585956,-0.860191078422215,0.0267392268362618
0.883820824886287,0.850404201985662,-0.843833486426372,-0.00657071555929897
0.883929229118612,0.866370335674099,-0.826497293655213,-0.0398730420189039
0.883996842394492,0.875821416451791,-0.815197425297785,-0.0606239911540392
0.884064455670373,0.884877262965359,-0.803529845224393,-0.0813474177409608
0.884132068946254,0.893533835213146,-0.791499771266812,-0.102034063946371
0.884199682222135,0.901787221026524,-0.779112622816602,-0.122674598209969
0.88429184148248,0.912380665609087,-0.761663838028965,-0.150716827580124
0.884384000742825,0.922209368800764,-0.743576564441164,-0.178632804359589
0.884444200612766,0.928212934432604,-0.731423876037507,-0.196789058395114
0.884504400482707,0.933884469940176,-0.719009637362132,-0.214874832578076
0.884564600352648,0.939221971913065,-0.706338257013747,-0.23288371489936
0.884624800222589,0.944223519143644,-0.693414268343274,-0.250809250800379
0.884697300487392,0.949798514301678,-0.677520928010097,-0.272277586291589
0.884769800752194,0.954880784627018,-0.661276109502588,-0.293604675124462
0.884842301016996,0.959467707246282,-0.644688241230915,-0.314779466015385
0.884914801281799,0.963556888363943,-0.627765938836635,-0.335790949527312
0.884987301546601,0.967146220467683,-0.610517976772482,-0.356628243695217
0.885059801811403,0.97023382868966,-0.592953309613455,-0.377280519076239
0.885147969104865,0.973310244248989,-0.57117965095407,-0.402130593294917
0.885236136398326,0.975639971025998,-0.548967740567747,-0.426672230458281
0.885324303691788,0.977221231852865,-0.526334652526406,-0.450886579326454
0.885412470985249,0.978052800731153,-0.50329776278913,-0.47475503794207
0.885500638278711,0.978134050874516,-0.479874753345973,-0.498259297528565
0.885588805572172,0.97746490842113,-0.456083594842502,-0.521381313578642
0.885676972865634,0.976045897630132,-0.431942542554535,-0.54410335507559
0.885765140159095,0.973878096328449,-0.407470115647838,-0.566407980680593
0.885853307452557,0.97096317799849,-0.38268509080287,-0.588278087195629
0.88596171168489,0.966358545158618,-0.351811373409374,-0.614547171749221
0.886070115917224,0.960633205328645,-0.320529484298404,-0.640103721030261
0.886178520149558,0.953793808273616,-0.288875802276376,-0.664918005997225
0.886286924381891,0.945848296877888,-0.256887059703357,-0.688961237174558
0.886395328614225,0.936805881103686,-0.224600379855628,-0.712205501248071
0.886503732846558,0.926677053078529,-0.192053201528999,-0.734623851549514
0.886612137078892,0.915473553149935,-0.159283284396364,-0.756190268753594
0.886720541311226,0.903208378858762,-0.126328623891113,-0.776879754967628
0.886828945543559,0.889895748215677,-0.0932274499942262,-0.796668298221443
0.886937349775893,0.875551104567369,-0.060018141885152,-0.815532962682187
0.887045754008226,0.860191077833646,-0.0267392239306377,-0.833451853902999
0.88715415824056,0.843833485645615,0.00657071846984344,-0.850404204115477
0.887262562472894,0.826497292685919,0.0398730449269019,-0.866370337612824
0.887330175747932,0.815197424356873,0.0606239937965272,-0.875821418153394
0.88739778902297,0.80352984432261,0.0813474201158371,-0.884877264438444
0.887465402298008,0.791499770414683,0.102034066051886,-0.893533836466564
0.887533015573046,0.779112622024527,0.122674600044751,-0.901787222069267
0.887625174866025,0.7616638308216,0.150716839301095,-0.912380670122684
0.887717334159004,0.74357655037431,0.178632825864766,-0.922209376239079
0.887777534001628,0.731423867181475,0.196789071585211,-0.928212938766665
0.887837733844252,0.719009633958412,0.214874837510893,-0.933884471469272
0.887897933686876,0.706338259297886,0.232883711641567,-0.939221970939461
0.8879581335295,0.693414276544643,0.250809239427422,-0.944223515972058
0.888030633794102,0.677520936385505,0.272277574909003,-0.9497985112945
0.888103134058705,0.661276118050802,0.293604663737122,-0.954880781787951
0.888175634323307,0.64468824995078,0.314779454628193,-0.959467704578949
0.888248134587909,0.627765947726672,0.335790938145303,-0.963556885871929
0.888320634852511,0.610517985831179,0.356628232323393,-0.96714621815456
0.888393135117113,0.592953318839105,0.377280507719737,-0.970233826558838
0.888481302438909,0.571179653251525,0.402130589968914,-0.973310243220449
0.888569469760704,0.548967735655381,0.426672234964538,-0.975639970619928
0.888657637082499,0.526334640139108,0.450886591448527,-0.977221231587619
0.888745804404295,0.503297742678748,0.474755057445698,-0.978052800124442
0.88883397172609,0.479874725281659,0.498259324162065,-0.978134049443728
0.888922139047886,0.456083558611074,0.521381347073248,-0.977464905684302
0.889010306369681,0.431942497960815,0.544103395145859,-0.976045893106692
0.889098473691476,0.407470062514968,0.566408027024809,-0.973878089539795
0.889186641013272,0.382685028972597,0.5882781394963,-0.970963168468874
0.889295045245688,0.351811310661273,0.614547222607068,-0.966358533268305
0.889403449478105,0.320529420707677,0.640103770380904,-0.960633191088543
0.889511853710522,0.288875737919161,0.664918053778197,-0.953793791697324
0.889620257942939,0.256886994656655,0.688961283325076,-0.945848277981728
0.889728662175356,0.224600314197286,0.712205545709308,-0.936805859906574
0.889837066407772,0.192053135337699,0.734623894264535,-0.926677029602242
0.889945470640189,0.159283217751395,0.756190309667417,-0.915473527418815
0.890053874872606,0.126328556872378,0.776879794027416,-0.903208350899818
0.890162279105023,0.0932273826820697,0.796668335376395,-0.889895718058427
0.890270683337439,0.0600180743603557,0.815532997883693,-0.875551072244007
0.890379087569856,0.0267391562743002,0.833451887104645,-0.860191043378945
0.890487491802273,-0.00657078617644715,0.850404235273185,-0.843833449096746
0.89059589603469,-0.0398731126023544,0.86637036668491,-0.826497254082527
0.89066350924403,-0.0606240412451223,0.875821436905888,-0.815197395660772
0.89073112245337,-0.081347447368232,0.884877273629206,-0.803529826260976
0.89079873566271,-0.102034073165976,0.89353383686568,-0.791499763699683
0.89086634887205,-0.122674587105646,0.901787214458388,-0.779112627352767
0.890958508180383,-0.150716831065861,0.912380664496202,-0.761663833430319
0.891050667488715,-0.178632822296469,0.922209372344082,-0.743576550047588
0.891110867335911,-0.196789069397099,0.92821293533491,-0.73142386593778
0.891171067183107,-0.21487483669221,0.933884468450345,-0.719009631758109
0.891231267030302,-0.232883712179997,0.939221968282374,-0.706338256102331
0.891291466877498,-0.250809241309282,0.944223513625514,-0.693414272316223
0.891363967139422,-0.272277575972861,0.94979850865175,-0.677520932678876
0.891436467401345,-0.293604663991581,0.95488077888491,-0.661276114893332
0.891508967663269,-0.314779454083063,0.959467701451927,-0.64468824736885
0.891581467925192,-0.335790936811633,0.963556882557504,-0.627765945745871
0.891653968187116,-0.356628230213457,0.967146214689517,-0.610517984476034
0.891726468449039,-0.377280504847029,0.970233822980234,-0.59295331813318
0.891814635793947,-0.402130593575204,0.973310240362353,-0.571179646787105
0.891902803138855,-0.426672244883607,0.97563996809038,-0.548967723206728
0.891990970483764,-0.450886607499345,0.97722122899354,-0.526334621494161
0.892079137828672,-0.47475507943275,0.978052797072004,-0.503297717639267
0.89216730517358,-0.498259351875671,0.978134045539289,-0.479874693663619
0.892255472518488,-0.521381380289881,0.977464900534815,-0.456083520244891
0.892343639863396,-0.544103433628486,0.976045886320191,-0.43194245269168
0.892431807208304,-0.566408070523208,0.973878080726321,-0.407470010203082
0.892519974553212,-0.588278187747369,0.970963157240741,-0.382684969493372
0.892628378785705,-0.614547269547187,0.966358519895179,-0.35181125034798
0.892736783018198,-0.640103815951639,0.960633175580317,-0.320529359628678
0.892845187250691,-0.664918097922699,0.953793774066273,-0.288875676143551
0.892953591483184,-0.688961325988177,0.945848258242675,-0.256886932254478
0.893061995715676,-0.712205586837525,0.936805838076807,-0.224600251239275
0.893170399948169,-0.734623933806131,0.926677005701406,-0.192053071895275
0.893278804180662,-0.756190347572454,0.915473501469125,-0.159283153896647
0.893387208413155,-0.77687983024782,0.903208322925682,-0.126328492677859
0.893495612645648,-0.796668369865979,0.889895688086791,-0.0932273182208125
0.89360401687814,-0.815533030598289,0.875551040304101,-0.0600180097057646
0.893712421110633,-0.833451918002212,0.86019100950229,-0.0267390915000513
0.893820825343126,-0.850404264313552,0.843833413317121,0.00657085099647253
0.893929229575619,-0.866370393830195,0.82649721643595,0.0398731773942285
0.893996842720087,-0.875821453965992,0.815197367895479,0.0606240860705071
0.894064455864556,-0.884877281353517,0.803529809093634,0.0813474722599078
0.894132069009024,-0.893533836015669,0.791499757832101,0.102034078183616
0.894199682153493,-0.901787205806907,0.779112633471193,0.122674572335738
0.894291841444559,-0.91238065435967,0.761663843241749,0.150716811117916
0.894384000735626,-0.922209361015453,0.743576563780015,0.17863279723547
0.894444200614694,-0.928212927572073,0.73142387354537,0.196789054026694
0.894504400493763,-0.93388446390366,0.719009632959889,0.214874830943794
0.894564600372831,-0.939221966598914,0.706338250624266,0.232883715974669
0.8946248002519,-0.944223514449333,0.693414259891451,0.250809254557906
0.894697300511366,-0.949798509016585,0.677520920597366,0.272277588419245
0.894769800770831,-0.95488077882278,0.661276103183443,0.293604675639346
0.894842301030297,-0.959467700995104,0.644688236058101,0.314779464937011
0.894914801289763,-0.963556881738706,0.627765934860968,0.335790946877749
0.894987301549228,-0.967146213541717,0.610517974042887,0.35662823949885
0.895059801808694,-0.970233821536817,0.592953308176878,0.377280513359969
0.895147969148382,-0.973310238536302,0.571179637999631,0.402130600536699
0.895236136488071,-0.975639965969625,0.54896771564403,0.426672250325639
0.895324303827759,-0.97722122666639,0.526334615209151,0.450886611457273
0.895412471167448,-0.978052794627251,0.503297712681931,0.474755081945305
0.895500638507136,-0.978134043065583,0.479874690080761,0.498259352984839
0.895588805846825,-0.97746489812104,0.45608351808016,0.521381380040865
0.895676973186513,-0.976045884055072,0.431942451985454,0.544103432069624
0.895765140526201,-0.973878078698308,0.407470010992421,0.566408067705931
0.89585330786589,-0.970963155538089,0.382684971812001,0.588278183726075
0.895961712098378,-0.966358518406882,0.35181125274932,0.614547265657547
0.896070116330865,-0.960633174305248,0.320529362105867,0.640103812199404
0.896178520563353,-0.953793773003259,0.288875678689658,0.664918094313582
0.896286924795841,-0.945848257390125,0.256886934862467,0.688961322527655
0.896395329028329,-0.93680583743296,0.224600253902079,0.712205583530882
0.896503733260817,-0.926677005264238,0.192053074605742,0.734623930658516
0.896612137493304,-0.915473501236372,0.159283156647551,0.756190344588807
0.896720541725792,-0.90320832289485,0.126328495461961,0.776879827432906
0.89682894595828,-0.889895688255187,0.09322732103079,0.796668367224394
0.896937350190768,-0.875551040668694,0.0600180125343102,0.815533028134375
0.897045754423256,-0.86019101005987,0.0267390943397675,0.833451915720103
0.897154158655744,-0.843833414064344,-0.00657084815294353,0.85040426221731
0.897262562888231,-0.826497217369145,-0.03987317455428,0.86637039192343
0.897330176033477,-0.815197368810125,-0.0606240834759032,0.87582145228606
0.897397789178723,-0.803529809979767,-0.0813474699127652,0.88487727989255
0.897465402323969,-0.791499758679922,-0.102034076085732,0.893533834765646
0.897533015469214,-0.779112634270947,-0.1226745704886,0.901787204759563
0.89762517472767,-0.761663850452625,-0.150716799391689,0.912380649844312
0.897717333986126,-0.74357657784572,-0.178632775732085,0.922209353577818
0.897777533892507,-0.731423882401132,-0.196789040837118,0.928212923238254
0.897837733798889,-0.719009636364121,-0.214874826010232,0.93388446237438
0.89789793370527,-0.706338248341524,-0.232883719230459,0.939221967571973
0.897958133611651,-0.693414251692409,-0.250809265927594,0.94422351761998
0.898030633871306,-0.677520912226781,-0.272277599795356,0.949798512022137
0.898103134130961,-0.661276094642528,-0.293604687017042,0.954880781659574
0.898175634390616,-0.64468822734829,-0.314779476311377,0.959467703659649
0.898248134650271,-0.627765925983693,-0.335790958243883,0.963556884227564
0.898320634909926,-0.610517964999817,-0.356628250851784,0.96714621585158
0.89839313516958,-0.592953298969736,-0.377280524694628,0.970233823664363
0.898481302480934,-0.571179635721286,-0.402130603840838,0.973310239562115
0.898569469792287,-0.548967720576159,-0.426672245797498,0.975639966373625
0.898657637103641,-0.526334627616832,-0.450886599313308,0.977221226930146
0.898745804414995,-0.503297732813287,-0.474755062419799,0.978052795233088
0.898833971726348,-0.47987471816663,-0.498259326329515,0.978134044496128
0.898922139037702,-0.45608355433369,-0.521381346524548,0.977464900858238
0.899010306349055,-0.431942496601821,-0.544103391977738,0.976045888579563
0.899098473660409,-0.407470064148527,-0.566408021340203,0.973878085488736
0.899186640971762,-0.382685033666063,-0.588278131404072,0.970963165070126
0.899295045204167,-0.35181131552158,-0.614547214778812,0.966358530300398
0.899403449436571,-0.320529425721026,-0.640103762828402,0.960633188549424
0.899511853668976,-0.288875743071618,-0.664918046512829,0.953793789584437
0.899620257901381,-0.256886999934122,-0.688961276357898,0.945848276292011
0.899728662133785,-0.224600319585552,-0.712205539051002,0.936805858636505
0.89983706636619,-0.192053140822355,-0.734623887925451,0.926677028747789
0.899945470598595,-0.159283223317996,-0.756190303657533,0.915473526975525
0.900053874830999,-0.126328562506306,-0.776879788356364,0.903208350862645
0.900162279063404,-0.0932273883686709,-0.796668330053338,0.889895718421998
0.900270683295809,-0.060018080084887,-0.815532992917511,0.875551073002379
0.900379087528213,-0.0267391620219704,-0.833451882503739,0.860191044525694
0.900487491760618,0.0065707804204851,-0.85040423104551,0.843833450625037
0.900595895993023,0.0398731068529637,-0.866370362838056,0.82649725598507
0.900663509203992,0.0606240360094165,-0.875821433524234,0.815197397514827
0.900731122414962,0.0813474426504204,-0.884877270696195,0.803529828045748
0.900798735625931,0.102034068969592,-0.893533834364322,0.791499765394703
0.900866348836901,0.122674583433552,-0.901787212371306,0.779112628937737
0.900958508080025,0.150716807639363,-0.912380655473883,0.761663847834489
0.901050667323149,0.178632779319323,-0.92220935747777,0.743576578158439
0.901110867224935,0.196789043036988,-0.928212926672303,0.731423883635307
0.901171067126721,0.214874826833601,-0.933884465393233,0.719009638559586
0.901231267028508,0.232883718689674,-0.93922197022687,0.706338251537144
0.901291466930294,0.250809264036407,-0.94422351996245,0.693414255925998
0.901363967192614,0.272277598718222,-0.949798514659967,0.677520915941717
0.901436467454934,0.293604686745406,-0.954880784557047,0.66127609781163
0.901508967717254,0.314779476835519,-0.959467706780694,0.644688229945126
0.901581467979574,0.335790959552794,-0.96355688753575,0.627765927982946
0.901653968241894,0.356628252933264,-0.967146219310301,0.610517966377032
0.901726468504214,0.377280527535316,-0.97023382723678,0.592953299701448
0.901814635792467,0.402130600206373,-0.973310242415294,0.571179642208924
0.90190280308072,0.426672235854084,-0.975639968899339,0.548967733045257
0.901990970368974,0.450886583241886,-0.977221229521291,0.526334646279379
0.902079137657227,0.474755040415792,-0.978052798283138,0.50329775786734
0.90216730494548,0.498259298602535,-0.978134048398658,0.479874749796099
0.902255472233734,0.521381313297973,-0.977464906006081,0.456083592708081
0.902343639521987,0.544103353488548,-0.976045895364422,0.431942541875864
0.90243180681024,0.566407977838524,-0.973878094300426,0.407470116461884
0.902519974098494,0.5882780831528,-0.970963176296034,0.382685093143209
0.902628378330822,0.614547167838479,-0.966358543671241,0.351811375832749
0.902736782563151,0.640103717257449,-0.960633204055353,0.320529486797889
0.90284518679548,0.664918002368041,-0.95379380721305,0.28887580484504
0.902953591027808,0.688961233694465,-0.945848296028594,0.256887062334135
0.903061995260137,0.712205497922412,-0.936805880463826,0.224600382541367
0.903170399492465,0.734623848383473,-0.926677052646098,0.192053204262564
0.903278803724794,0.756190265752099,-0.915473552922673,0.159283287170547
0.903387207957123,0.7768797521355,-0.90320837883412,0.126328626698591
0.903495612189451,0.796668295563226,-0.889895748390922,0.0932274528276578
0.90360401642178,0.815532960202287,-0.875551104939522,0.0600181447371786
0.903712420654108,0.833451851605558,-0.860191078399532,0.0267392267939201
0.903820824886437,0.850404202004511,-0.843833486401759,-0.00657071560275437
0.903929229118766,0.866370335692063,-0.826497293628647,-0.0398730420634286
0.903996842394601,0.8758214164626,-0.815197425278173,-0.0606239911844343
0.904064455670435,0.884877262969482,-0.803529845212257,-0.0813474177572437
0.90413206894627,0.893533835211183,-0.791499771262633,-0.1020340639486
0.904199682222105,0.901787221019026,-0.779112622820824,-0.122674598198207
0.904291841482477,0.912380665604715,-0.76166383802836,-0.150716827576364
0.904384000742848,0.92220936879909,-0.743576564435356,-0.178632804363736
0.904444200612785,0.928212934430386,-0.731423876032534,-0.196789058397856
0.904504400482721,0.933884469937425,-0.719009637357989,-0.214874832579468
0.904564600352658,0.939221971909906,-0.706338257010555,-0.232883714899368
0.904624800222594,0.944223519140039,-0.693414268341021,-0.250809250799032
0.904697300487394,0.949798514297837,-0.677520928008399,-0.272277586289477
0.904769800752194,0.954880784623007,-0.661276109501445,-0.293604675121589
0.904842301016993,0.959467707242114,-0.644688241230383,-0.314779466011741
0.904914801281793,0.963556888359633,-0.627765938836727,-0.335790949522935
0.904987301546593,0.967146220463299,-0.610517976773196,-0.356628243690125
0.905059801811393,0.970233828685287,-0.592953309614816,-0.377280519070453
0.905147969104872,0.973310244245167,-0.571179650951124,-0.40213059329406
0.905236136398351,0.975639971022561,-0.548967740560378,-0.426672230462214
0.90532430369183,0.977221231849435,-0.526334652514411,-0.450886579335039
0.905412470985309,0.978052800727468,-0.50329776277233,-0.474755037955159
0.905500638278787,0.978134050870255,-0.479874753324225,-0.498259297546029
0.905588805572266,0.977464908416029,-0.456083594815696,-0.521381313600325
0.905676972865745,0.976045897623868,-0.431942542522546,-0.544103355101304
0.905765140159224,0.973878096320702,-0.407470115610579,-0.566407980710137
0.905853307452703,0.970963177989018,-0.382685090760251,-0.588278087228785
0.905961711685034,0.966358545147738,-0.351811373366884,-0.614547171780839
0.906070115917366,0.960633205316435,-0.320529484256123,-0.640103721060309
0.906178520149697,0.953793808260151,-0.288875802234365,-0.664918006025759
0.906286924382028,0.945848296863204,-0.256887059661662,-0.688961237201508
0.906395328614359,0.936805881087797,-0.224600379814296,-0.712205501273484
0.90650373284669,0.926677053061528,-0.192053201488106,-0.734623851573411
0.906612137079021,0.915473553131942,-0.159283284356004,-0.756190268775934
0.906720541311352,0.903208378839783,-0.126328623851311,-0.776879754988482
0.906828945543684,0.88989574819578,-0.093227449955009,-0.796668298240779
0.906937349776015,0.875551104546574,-0.060018141846564,-0.815532962700078
0.907045754008346,0.860191077812135,-0.0267392238927784,-0.8334518539194
0.907154158240677,0.843833485623403,0.006570718506968,-0.850404204130394
0.907262562473008,0.826497292663052,0.0398730449632629,-0.866370337626303
0.907330175748005,0.815197424340379,0.0606239938202647,-0.875821418160627
0.907397789023002,0.803529844312857,0.0813474201269771,-0.884877264439847
0.907465402297999,0.791499770412173,0.102034066050463,-0.893533836462647
0.907533015572996,0.779112622029682,0.122674600030822,-0.901787222060516
0.907625174865954,0.761663830831195,0.150716839280816,-0.912380670112015
0.907717334158912,0.743576550388625,0.178632825838203,-0.922209376226848
0.907777534001571,0.731423867189067,0.196789071569226,-0.928212938758324
0.90783773384423,0.719009633959027,0.214874837505422,-0.933884471464442
0.907897933686889,0.706338259291179,0.232883711646506,-0.939221970937689
0.907958133529548,0.693414276530365,0.250809239442684,-0.944223515973053
0.908030633794143,0.677520936372532,0.272277574922068,-0.949798511294631
0.908103134058738,0.661276118039262,0.29360466374805,-0.954880781787299
0.908175634323333,0.644688249940705,0.314779454636965,-0.959467704577675
0.908248134587928,0.627765947718149,0.335790938151959,-0.963556885870117
0.908320634852523,0.610517985824293,0.356628232327969,-0.967146218152278
0.908393135117118,0.592953318833951,0.37728050772225,-0.970233826556214
0.908481302438904,0.571179653248738,0.402130589968696,-0.97331024321744
0.90856946976069,0.548967735655044,0.426672234961688,-0.975639970616682
0.908657637082475,0.526334640141349,0.450886591443102,-0.977221231584465
0.908745804404261,0.503297742683635,0.474755057437782,-0.978052800121387
0.908833971726047,0.479874725289302,0.498259324151727,-0.978134049441025
0.908922139047832,0.456083558621513,0.521381347060579,-0.977464905682089
0.909010306369618,0.431942497974143,0.544103395130963,-0.976045893105067
0.909098473691404,0.407470062531214,0.566408027007827,-0.973878089539039
0.90918664101319,0.382685028991832,0.588278139477304,-0.97096316846908
0.909295045245606,0.351811310680961,0.614547222588461,-0.966358533269428
0.909403449478022,0.320529420727791,0.640103770362744,-0.960633191090525
0.909511853710438,0.288875737939718,0.664918053760482,-0.953793791700202
0.909620257942855,0.25688699467763,0.688961283307862,-0.945848277985499
0.909728662175271,0.224600314218643,0.712205545692616,-0.936805859911253
0.909837066407687,0.192053135359407,0.734623894248422,-0.92667702960779
0.909945470640103,0.159283217773442,0.75619030965185,-0.915473527425288
0.910053874872519,0.126328556894719,0.776879794012456,-0.903208350907171
0.910162279104936,0.0932273827046598,0.79666833536203,-0.889895718066687
0.910270683337352,0.0600180743832037,0.815532997870013,-0.875551072253193
0.910379087569768,0.02673915629735,0.833451887091667,-0.86019104338899
0.910487491802184,-0.00657078615321012,0.850404235260951,-0.843833449107699
0.9105958960346,-0.0398731125789979,0.866370366673366,-0.826497254094362
0.910663509243962,-0.0606240412282428,0.875821436897783,-0.815197395669479
0.910731122453323,-0.0813474473578558,0.884877273624277,-0.803529826266343
0.910798735662684,-0.102034073162085,0.893533836863647,-0.791499763701529
0.910866348872045,-0.122674587108198,0.901787214459043,-0.779112627350815
0.910958508180331,-0.150716831054328,0.912380664491711,-0.761663833437375
0.911050667488617,-0.178632822270998,0.922209372335286,-0.743576550064248
0.911110867335846,-0.196789069381773,0.928212935329873,-0.731423865948074
0.911171067183076,-0.214874836686941,0.933884468448724,-0.719009631761741
0.911231267030305,-0.232883712184727,0.939221968283789,-0.706338256099037
0.911291466877534,-0.250809241323887,0.944223513629592,-0.693414272305709
0.911363967139453,-0.27227757598604,0.94979850865522,-0.677520932669152
0.911436467401372,-0.293604664003343,0.954880778887892,-0.661276114884524
0.91150896766329,-0.314779454093434,0.959467701454465,-0.64468824736099
0.911581467925209,-0.335790936820659,0.963556882559648,-0.627765945738983
0.911653968187128,-0.356628230221111,0.967146214691306,-0.610517984470157
0.911726468449047,-0.377280504853363,0.970233822981746,-0.592953318128384
0.911814635793907,-0.402130593567855,0.973310240362255,-0.571179646794406
0.911902803138766,-0.426672244862989,0.97563996808959,-0.548967723226568
0.911990970483626,-0.450886607465813,0.977221228992856,-0.526334621527029
0.912079137828485,-0.474755079386689,0.978052797072264,-0.50329771768553
0.912167305173345,-0.498259351817551,0.978134045541264,-0.479874693723724
0.912255472518204,-0.521381380220177,0.977464900539382,-0.456083520319182
0.912343639863064,-0.54410343354763,0.976045886328101,-0.431942452780467
0.912431807207923,-0.566408070431749,0.973878080738488,-0.407470010306701
0.912519974552783,-0.588278187645903,0.97096315725795,-0.382684969612033
0.912628378785278,-0.614547269449068,0.966358519916746,-0.351811250467658
0.912736783017773,-0.640103815856924,0.960633175606107,-0.320529359749192
0.912845187250268,-0.664918097831502,0.953793774096287,-0.288875676264758
0.912953591482763,-0.688961325900547,0.945848258276787,-0.256886932376204
0.913061995715259,-0.712205586753538,0.936805838114939,-0.224600251361381
0.913170399947754,-0.73462393372586,0.926677005743487,-0.192053072017621
0.913278804180249,-0.756190347495954,0.915473501515014,-0.159283154019047
0.913387208412744,-0.776879830175127,0.903208322975362,-0.126328492800194
0.913495612645239,-0.796668369797161,0.889895688140125,-0.0932273183429113
0.913604016877734,-0.815533030533453,0.87555104036096,-0.060018009827489
0.913712421110229,-0.833451917941285,0.860191009562573,-0.0267390916212473
0.913820825342725,-0.850404264256633,0.843833413380704,0.00657085087596008
0.91392922957522,-0.866370393777284,0.826497216502776,0.0398731772745309
0.913996842719803,-0.875821453931058,0.815197367945046,0.0606240859860264
0.914064455864386,-0.884877281335262,0.803529809124673,0.0813474722106245
0.914132069008968,-0.893533836012756,0.791499757843374,0.102034078169396
0.914199682153551,-0.901787205817937,0.779112633461503,0.122674572356461
0.914291841444598,-0.91238065436798,0.761663843235527,0.150716811132475
0.914384000735644,-0.922209361021384,0.743576563777449,0.178632797243954
0.914444200614702,-0.928212927576839,0.731423873544948,0.196789054031949
0.91450440049376,-0.933884463907469,0.719009632961602,0.21487483094586
0.914564600372818,-0.939221966601799,0.706338250628274,0.232883715973566
0.914624800251876,-0.944223514451471,0.693414259897859,0.250809254553638
0.914697300511322,-0.949798509017407,0.677520920608327,0.272277588409091
0.914769800770767,-0.954880778822528,0.661276103199162,0.293604675623389
0.914842301030213,-0.959467700994073,0.644688236078762,0.314779464915346
0.914914801289658,-0.963556881737174,0.627765934886727,0.33579094685049
0.914987301549104,-0.96714621354004,0.610517974073916,0.356628239466122
0.91505980180855,-0.970233821535213,0.592953308213369,0.377280513321861
0.915147969148194,-0.973310238534558,0.571179638047741,0.402130600486843
0.915236136487839,-0.97563996596851,0.548967715704153,0.426672250264373
0.915324303827484,-0.977221226666667,0.526334615281734,0.450886611384961
0.915412471167128,-0.978052794629622,0.503297712767285,0.474755081862339
0.915500638506773,-0.978134043070823,0.479874690179151,0.498259352891654
0.915588805846418,-0.977464898129868,0.456083518191933,0.521381379937952
0.915676973186062,-0.97604588406828,0.431942452110865,0.544103431957418
0.915765140525707,-0.973878078716607,0.407470011131703,0.566408067584922
0.915853307865352,-0.970963155562143,0.382684971965349,0.588278183596833
0.915961712097839,-0.96635851843653,0.351811252904918,0.614547265531644
0.916070116330327,-0.960633174340502,0.320529362263475,0.640103812077059
0.916178520562814,-0.953793773044046,0.288875678849127,0.66491809419491
0.916286924795302,-0.945848257436412,0.256886935023616,0.688961322412819
0.916395329027789,-0.936805837484709,0.224600254064721,0.712205583420002
0.916503733260277,-0.926677005321401,0.192053074769684,0.734623930551749
0.916612137492764,-0.915473501298904,0.159283156812616,0.756190344486304
0.916720541725252,-0.903208322962707,0.126328495627959,0.776879827334737
0.916828945957739,-0.889895688328226,0.0932273211975232,0.796668367130717
0.916937350190226,-0.875551040746907,0.060018012701585,0.815533028045342
0.917045754422714,-0.860191010143174,0.0267390945074109,0.833451915635778
0.917154158655201,-0.843833414152598,-0.00657084798516446,0.850404262137796
0.917262562887689,-0.826497217462347,-0.0398731743865173,0.866370391848827
0.9173301760331,-0.815197368878264,-0.0606240833589211,0.875821452237218
0.91739778917851,-0.803529810021102,-0.0813474698464834,0.884877279867555
0.917465402323921,-0.791499758692526,-0.102034076070006,0.893533834762529
0.917533015469332,-0.779112634253174,-0.122674570523196,0.901787204776355
0.917625174727808,-0.761663850430041,-0.150716799432359,0.912380649862388
0.917717333986284,-0.743576577818156,-0.17863277577872,0.922209353596868
0.917777533892606,-0.731423882385076,-0.196789040865559,0.928212923250605
0.917837733798927,-0.719009636360079,-0.214874826020616,0.933884462380695
0.917897933705249,-0.706338248350038,-0.232883719222946,0.939221967572975
0.91795813361157,-0.693414251713986,-0.250809265902332,0.944223517616311
0.918030633871238,-0.677520912245803,-0.272277599774168,0.949798512019978
0.918103134130906,-0.661276094658899,-0.293604686999868,0.954880781658763
0.918175634390575,-0.6446882273618,-0.314779476298222,0.959467703659992
0.918248134650243,-0.627765925994271,-0.335790958234651,0.963556884228907
0.918320634909911,-0.610517965007341,-0.356628250846415,0.967146215853742
0.918393135169579,-0.592953298974067,-0.37728052469311,0.970233823667146
0.91848130248096,-0.571179635718853,-0.40213060384689,0.973310239565737
0.918569469792341,-0.548967720566657,-0.426672245810954,0.975639966377634
0.918657637103721,-0.526334627600089,-0.450886599333944,0.977221226934038
0.918745804415102,-0.503297732789054,-0.474755062447377,0.978052795236437
0.918833971726482,-0.479874718134671,-0.498259326363813,0.978134044498472
0.918922139037863,-0.456083554293837,-0.521381346565283,0.977464900859065
0.919010306349244,-0.431942496553894,-0.544103392024646,0.97604588857854
0.919098473660624,-0.407470064092331,-0.566408021392999,0.973878085485318
0.919186640972005,-0.382685033601464,-0.588278131462429,0.970963165063881
0.91929504520441,-0.35181131545582,-0.614547214835813,0.966358530291599
0.919403449436816,-0.320529425654205,-0.640103762883874,0.960633188538069
0.919511853669221,-0.288875743003806,-0.664918046566754,0.95379378957057
0.919620257901626,-0.256886999865427,-0.688961276410163,0.945848276275618
0.919728662134031,-0.224600319516023,-0.71220553910157,0.936805858617587
0.919837066366437,-0.192053140752083,-0.73462388797427,0.92667702872634
0.919945470598842,-0.159283223247076,-0.756190303704515,0.915473526951579
0.920053874831247,-0.126328562434789,-0.776879788401424,0.903208350836187
0.920162279063653,-0.0932273882966705,-0.79666833009647,0.88989571839311
0.920270683296058,-0.060018080012463,-0.81553299295858,0.875551072971041
0.920379087528463,-0.0267391619491975,-0.833451882542735,0.860191044491898
0.920487491760869,0.00657078049347443,-0.850404231082375,0.843833450588879
0.920595895993274,0.0398731069261034,-0.866370362872695,0.826497255946571
0.920663509204173,0.060624036060697,-0.875821433547723,0.815197397486987
0.920731122415071,0.0813474426799092,-0.88487727070932,0.803529828029377
0.92079873562597,0.102034068977347,-0.893533834367885,0.791499765390531
0.920866348836868,0.122674583419634,-0.90178721236625,0.779112628946589
0.920958508080007,0.150716807629979,-0.912380655470695,0.761663847840691
0.921050667323146,0.178632779314463,-0.922209357476261,0.743576578161783
0.92111086722494,0.196789043034583,-0.92821292667161,0.731423883637014
0.921171067126735,0.214874826833603,-0.933884465393232,0.719009638559624
0.921231267028529,0.232883718692067,-0.939221970227481,0.706338251535391
0.921291466930324,0.250809264041202,-0.944223519963612,0.693414255922401
0.921363967192654,0.272277598726079,-0.949798514661695,0.677520915935602
0.921436467454985,0.293604686756285,-0.95488078455918,0.661276097802896
0.921508967717315,0.314779476849381,-0.959467706783141,0.644688229933714
0.921581467979646,0.33579095956955,-0.963556887538361,0.62776592796879
0.921653968241976,0.356628252952877,-0.967146219312899,0.61051796636
0.921726468504307,0.377280527557707,-0.970233827239183,0.59295329968147
0.921814635792612,0.402130600242989,-0.973310242418533,0.571179642175542
0.921902803080917,0.426672235904483,-0.975639968902481,0.54896773299798
0.921990970369222,0.450886583305688,-0.977221229523492,0.526334646217747
0.922079137657527,0.474755040492521,-0.978052798283467,0.503297757790944
0.922167304945833,0.498259298691688,-0.978134048396299,0.479874749704565
0.922255472234138,0.521381313399062,-0.977464906000091,0.456083592601035
0.922343639522443,0.544103353601013,-0.976045895353958,0.431942541752921
0.922431806810748,0.566407977961748,-0.973878094284564,0.407470116322813
0.922519974099053,0.588278083286217,-0.970963176273973,0.382685092987748
0.922628378331381,0.614547167967963,-0.966358543643462,0.351811375675484
0.922736782563708,0.640103717382796,-0.960633204021857,0.320529486639025
0.922845186796035,0.66491800248919,-0.953793807174016,0.288875804684805
0.922953591028362,0.688961233811265,-0.945848295983992,0.256887062172677
0.923061995260689,0.712205498034798,-0.93680588041378,0.224600382378958
0.923170399493016,0.73462384849126,-0.926677052590621,0.19205320409936
0.923278803725344,0.756190265855202,-0.915473552861938,0.159283287006721
0.923387207957671,0.776879752233817,-0.903208378768269,0.126328626534391
0.923495612189998,0.796668295656661,-0.889895748319961,0.093227452663252
0.923604016422325,0.815532960290791,-0.875551104863591,0.0600181445727652
0.923712420654652,0.833451851689031,-0.860191078318732,0.0267392266296962
0.923820824886979,0.85040420208282,-0.843833486316232,-0.00657071576658866
0.923929229119307,0.866370335765204,-0.826497293538557,-0.0398730422266662
0.923996842394984,0.875821416510974,-0.81519742521193,-0.0606239912990598
0.924064455670661,0.884877262994947,-0.803529845171606,-0.0813474178233468
0.924132068946338,0.893533835215558,-0.791499771249254,-0.102034063966296
0.924199682222015,0.901787221004184,-0.779112622836474,-0.122674598167727
0.924291841482397,0.912380665591873,-0.761663838042552,-0.15071682754933
0.924384000742779,0.922209368788,-0.743576564447847,-0.178632804340186
0.924444200612746,0.928212934422666,-0.731423876039131,-0.196789058383531
0.924504400482713,0.933884469932701,-0.719009637358421,-0.214874832574275
0.92456460035268,0.939221971907802,-0.706338257004558,-0.232883714903237
0.924624800222647,0.94422351914024,-0.693414268328357,-0.250809250811911
0.924697300487444,0.94979851429747,-0.677520927996131,-0.272277586301351
0.924769800752241,0.954880784622071,-0.661276109489601,-0.293604675132482
0.924842301017037,0.959467707240702,-0.644688241219085,-0.314779466021607
0.924914801281834,0.963556888357726,-0.627765938825944,-0.335790949531814
0.924987301546631,0.967146220460991,-0.610517976762992,-0.356628243697997
0.925059801811427,0.970233828682556,-0.592953309605221,-0.377280519077338
0.925147969104936,0.973310244243072,-0.57117965093402,-0.402130593309103
0.925236136398444,0.975639971020599,-0.548967740535393,-0.426672230485207
0.925324303691953,0.977221231847101,-0.526334652481314,-0.450886579365763
0.925412470985461,0.978052800724237,-0.503297762730896,-0.474755037993336
0.92550063827897,0.978134050865613,-0.479874753274229,-0.498259297591371
0.925588805572478,0.977464908409461,-0.456083594756955,-0.521381313652516
0.925676972865986,0.976045897614903,-0.431942542454815,-0.544103355160081
0.925765140159495,0.973878096308897,-0.407470115533748,-0.566407980775154
0.925853307453003,0.970963177973801,-0.382685090674121,-0.588278087299705
0.925961711685337,0.966358545129295,-0.35181137327889,-0.614547171850391
0.926070115917671,0.960633205294703,-0.320529484166323,-0.640103721128413
0.926178520150004,0.953793808235122,-0.288875802142861,-0.664918006092247
0.926286924382338,0.945848296834853,-0.256887059568509,-0.688961237266364
0.926395328614671,0.936805881056118,-0.224600379719629,-0.712205501336506
0.926503732847005,0.926677053026487,-0.192053201391997,-0.734623851634484
0.926612137079339,0.915473553093557,-0.159283284258547,-0.756190268834991
0.926720541311672,0.903208378798008,-0.126328623752599,-0.776879755045416
0.926828945544006,0.889895748150611,-0.0932274498551962,-0.796668298295444
0.926937349776339,0.875551104498071,-0.0600181417457445,-0.815532962752342
0.927045754008673,0.860191077760262,-0.026739223791062,-0.833451853969198
0.927154158241007,0.843833485568144,0.00657071860949034,-0.850404204177646
0.92726256247334,0.826497292604445,0.0398730450664392,-0.866370337670878
0.927330175748234,0.815197424297565,0.0606239938915265,-0.875821418189091
0.927397789023127,0.803529844286992,0.0813474201663762,-0.884877264453358
0.92746540229802,0.791499770404386,0.102034066058093,-0.89353383646246
0.927533015572913,0.779112622041081,0.122674600006801,-0.90178722204788
0.927625174865841,0.761663830848911,0.150716839247807,-0.912380670096716
0.927717334158769,0.743576550413091,0.178632825796328,-0.922209376209432
0.927777534001481,0.731423867203389,0.196789071543394,-0.928212938746751
0.927837733844193,0.719009633962716,0.214874837495541,-0.933884471458217
0.927897933686905,0.706338259283787,0.232883711652458,-0.939221970936235
0.927958133529616,0.693414276511443,0.25080923946432,-0.944223515975771
0.928030633794208,0.677520936353969,0.272277574942708,-0.949798511296654
0.928103134058801,0.66127611802107,0.293604663767656,-0.954880781788699
0.928175634323393,0.644688249922873,0.314779454655585,-0.959467704578434
0.928248134587985,0.627765947700756,0.335790938169562,-0.963556885870305
0.928320634852577,0.610517985807401,0.35662823234459,-0.967146218151986
0.928393135117169,0.592953318817476,0.3772805077379,-0.97023382655538
0.92848130243895,0.571179653233068,0.402130589983012,-0.973310243216066
0.928569469760732,0.548967735640191,0.426672234974685,-0.975639970614877
0.928657637082514,0.526334640127352,0.450886591454843,-0.977221231582179
0.928745804404295,0.503297742670565,0.474755057448249,-0.978052800118824
0.928833971726077,0.479874725277169,0.498259324160974,-0.978134049438098
0.928922139047858,0.456083558610398,0.521381347068634,-0.97746490567899
0.92901030636964,0.431942497964025,0.544103395137846,-0.976045893101858
0.929098473691422,0.407470062522174,0.566408027013553,-0.973878089535705
0.929186641013203,0.382685028983882,0.588278139481923,-0.970963168465792
0.92929504524562,0.351811310672769,0.614547222593181,-0.966358533265939
0.929403449478037,0.320529420719354,0.64010377036751,-0.960633191086884
0.929511853710454,0.288875737930997,0.664918053765348,-0.953793791696319
0.929620257942871,0.25688699466861,0.688961283312778,-0.945848277981384
0.929728662175288,0.224600314209374,0.712205545697552,-0.936805859906905
0.929837066407705,0.192053135349862,0.734623894253347,-0.926677029603191
0.929945470640122,0.159283217763631,0.756190309656823,-0.91547352742043
0.930053874872539,0.12632855688464,0.776879794017391,-0.90320835090201
0.930162279104956,0.0932273826943459,0.796668335366943,-0.889895718061286
0.930270683337373,0.0600180743726191,0.815532997874859,-0.875551072247434
0.93037908756979,0.0267391562865353,0.833451887096451,-0.860191043382944
0.930487491802207,-0.00657078616426345,0.850404235265616,-0.843833449101306
0.930595896034624,-0.039873112590276,0.866370366677936,-0.826497254087646
0.930663509243973,-0.0606240412358976,0.875821436900612,-0.815197395664686
0.930731122453323,-0.0813474473618745,0.884877273625476,-0.803529826263571
0.930798735662672,-0.102034073162461,0.893533836863376,-0.791499763700879
0.930866348872021,-0.122674587104963,0.901787214457433,-0.7791126273524
0.930958508180277,-0.150716831041834,0.912380664486905,-0.761663833445042
0.931050667488533,-0.178632822249351,0.922209372327788,-0.743576550078412
0.93111086733579,-0.196789069368773,0.928212935325599,-0.731423865956781
0.931171067183047,-0.214874836682524,0.93388446844732,-0.719009631764778
0.931231267030305,-0.232883712188793,0.939221968284956,-0.70633825609615
0.931291466877562,-0.250809241336387,0.944223513633067,-0.693414272296703
0.931363967139491,-0.272277576001459,0.949798508659302,-0.677520932657787
0.93143646740142,-0.293604664021654,0.95488077889235,-0.661276114870656
0.931508967663349,-0.314779454114572,0.959467701459153,-0.644688247344577
0.931581467925278,-0.335790936844554,0.96355688256451,-0.627765945719931
0.931653968187207,-0.35662823024775,0.967146214696139,-0.610517984448373
0.931726468449136,-0.377280504882648,0.970233822986433,-0.592953318103776
0.931814635793981,-0.402130593592697,0.973310240365756,-0.571179646773043
0.931902803138826,-0.426672244883432,0.975639968092118,-0.548967723208644
0.93199097048367,-0.450886607481977,0.977221228994615,-0.526334621512654
0.932079137828515,-0.474755079398706,0.978052797073632,-0.503297717674888
0.93216730517336,-0.49825935182549,0.978134045542445,-0.479874693716932
0.932255472518204,-0.521381380224172,0.977464900540573,-0.456083520316386
0.932343639863049,-0.544103433547853,0.976045886329678,-0.43194245278178
0.932431807207893,-0.566408070428339,0.973878080740548,-0.407470010312194
0.932519974552738,-0.588278187638959,0.97096315726083,-0.382684969621861
0.932628378785232,-0.614547269441998,0.966358519920167,-0.35181125047817
0.932736783017725,-0.640103815849757,0.960633175610132,-0.320529359760347
0.932845187250218,-0.664918097824298,0.953793774100911,-0.288875676276576
0.932953591482712,-0.688961325893342,0.945848258282042,-0.256886932388661
0.933061995715205,-0.71220558674635,0.936805838120865,-0.224600251374497
0.933170399947699,-0.734623933718723,0.926677005750105,-0.192053072031354
0.933278804180192,-0.756190347488907,0.915473501522368,-0.159283154033403
0.933387208412686,-0.776879830168262,0.90320832298341,-0.12632849281513
0.933495612645179,-0.796668369790492,0.889895688148991,-0.0932273183584604
0.933604016877673,-0.815533030526983,0.875551040370608,-0.060018009843601
0.933712421110166,-0.83345191793512,0.860191009573034,-0.0267390916378924
0.93382082534266,-0.850404264250772,0.843833413392041,0.00657085085879088
0.933929229575153,-0.866370393771754,0.82649721651493,0.0398731772568674
0.933996842719749,-0.875821453927671,0.815197367955425,0.0606240859722552
0.934064455864344,-0.884877281333826,0.803529809133135,0.0813474722007016
0.93413206900894,-0.893533836013103,0.791499757849796,0.102034078163334
0.934199682153535,-0.901787205819986,0.779112633465748,0.12267457235424
0.934291841444561,-0.912380654367887,0.761663843243867,0.150716811124068
0.934384000735587,-0.922209361019504,0.743576563790111,0.178632797229402
0.934444200614662,-0.928212927576955,0.731423873554431,0.196789054022543
0.934504400493737,-0.933884463909286,0.719009632967745,0.214874830941561
0.934564600372811,-0.939221966605241,0.706338250630917,0.232883715974323
0.934624800251886,-0.944223514456283,0.693414259896879,0.250809254559412
0.934697300511341,-0.949798509022814,0.677520920605281,0.272277588417548
0.934769800770796,-0.954880778828401,0.661276103193956,0.293604675634474
0.93484230103025,-0.959467701000328,0.644688236071313,0.314779464929035
0.934914801289705,-0.963556881743642,0.627765934876985,0.335790946866714
0.93498730154916,-0.967146213546593,0.610517974061789,0.356628239484812
0.935059801808614,-0.970233821541761,0.592953308198737,0.377280513343012
0.935147969148249,-0.973310238540213,0.571179638035369,0.402130600504857
0.935236136487883,-0.975639965973499,0.548967715694156,0.426672250279335
0.935324303827517,-0.977221226671138,0.52633461527422,0.450886611396922
0.935412471167152,-0.978052794633708,0.503297712762321,0.474755081871403
0.935500638506786,-0.978134043074787,0.479874690176912,0.4982593528979
0.93558880584642,-0.977464898133835,0.456083518192427,0.521381379941427
0.935676973186055,-0.976045884072423,0.431942452114193,0.54410343195824
0.935765140525689,-0.973878078721143,0.407470011137951,0.566408067583204
0.935853307865324,-0.97096315556721,0.382684971974589,0.588278183592646
0.93596171209781,-0.966358518441946,0.351811252914481,0.614547265527463
0.936070116330297,-0.960633174346275,0.320529362273392,0.640103812072839
0.936178520562783,-0.953793773050157,0.288875678859411,0.664918094190757
0.93628692479527,-0.94584825744291,0.256886935034251,0.688961322408653
0.936395329027756,-0.9368058374916,0.22460025407569,0.712205583415939
0.936503733260243,-0.926677005328713,0.192053074780993,0.734623930547739
0.93661213749273,-0.915473501306643,0.159283156824246,0.756190344482392
0.936720541725216,-0.903208322970863,0.126328495639909,0.776879827330965
0.936828945957703,-0.889895688336884,0.0932273212097994,0.796668367127085
0.936937350190189,-0.875551040756016,0.0600180127141493,0.815533028041852
0.937045754422676,-0.86019101015276,0.026739094520249,0.833451915632498
0.937154158655163,-0.843833414162669,-0.00657084797201737,0.850404262134689
0.937262562887649,-0.826497217472868,-0.0398731743731251,0.866370391846005
0.937330176033078,-0.815197368886046,-0.0606240833509287,0.87582145223698
0.937397789178506,-0.803529810025871,-0.081347469843915,0.884877279869786
0.937465402323934,-0.791499758694154,-0.102034076072823,0.893533834766982
0.937533015469363,-0.779112634251424,-0.122674570531407,0.901787204782844
0.937625174727856,-0.761663850424756,-0.150716799445804,0.91238064987055
0.93771733398635,-0.743576577809036,-0.178632775797356,0.922209353606419
0.93777753389265,-0.731423882380107,-0.196789040877567,0.928212923257676
0.937837733798949,-0.719009636359489,-0.214874826026061,0.93388446238558
0.937897933705249,-0.70633824835398,-0.232883719221849,0.93922196757583
0.937958133611549,-0.693414251722648,-0.250809265894781,0.944223517617463
0.938030633871205,-0.677520912257263,-0.272277599763018,0.949798512020274
0.938103134130861,-0.661276094673298,-0.29360468698519,0.954880781658503
0.938175634390516,-0.644688227379287,-0.314779476280054,0.959467703659358
0.938248134650172,-0.627765926014915,-0.335790958213063,0.963556884227991
0.938320634909828,-0.610517965031232,-0.356628250821482,0.967146215852725
0.938393135169484,-0.592953299001325,-0.377280524664909,0.970233823666215
0.938481302480856,-0.571179635748697,-0.402130603816676,0.973310239565402
0.938569469792229,-0.54896772059916,-0.426672245778811,0.975639966377958
0.938657637103601,-0.526334627635253,-0.450886599299943,0.977221226935211
0.938745804414973,-0.503297732826949,-0.474755062411645,0.978052795238574
0.938833971726346,-0.479874718175334,-0.498259326326418,0.978134044501752
0.938922139037718,-0.456083554337327,-0.521381346526335,0.977464900863653
0.93901030634909,-0.431942496600235,-0.544103391984245,0.976045888584481
0.939098473660462,-0.407470064141572,-0.566408021351243,0.973878085492799
0.939186640971835,-0.382685033653608,-0.588278131419434,0.970963165073084
0.93929504520424,-0.351811315508758,-0.614547214793796,0.96635853030259
0.939403449436644,-0.320529425707898,-0.640103762842934,0.960633188550799
0.939511853669049,-0.288875743058187,-0.664918046526874,0.953793789585056
0.939620257901454,-0.25688699992041,-0.688961276371458,0.945848276291864
0.939728662133859,-0.224600319571576,-0.712205539064058,0.936805858635646
0.939837066366264,-0.192053140808168,-0.734623887938005,0.926677028746188
0.939945470598669,-0.159283223303605,-0.756190303669552,0.915473526973176
0.940053874831074,-0.126328562491743,-0.776879788367796,0.903208350859528
0.940162279063479,-0.0932273883539457,-0.796668330064193,0.88989571841813
0.940270683295883,-0.0600180800700351,-0.815532992927774,0.875551072997787
0.940379087528288,-0.0267391620069891,-0.833451882513394,0.860191044520332
0.940487491760693,0.00657078043554444,-0.850404231054544,0.843833450618977
0.940595895993098,0.0398731068680738,-0.866370362846402,0.826497255978313
0.940663509204055,0.0606240360204819,-0.875821433530376,0.815197397509845
0.940731122415011,0.081347442657488,-0.884877270700238,0.803529828042733
0.940798735625968,0.102034068972674,-0.893533834366425,0.791499765393718
0.940866348836924,0.122674583432628,-0.901787212371681,0.779112628939022
0.940958508080095,0.1507168076525,-0.912380655479178,0.761663847826676
0.941050667323265,0.178632779346368,-0.922209357487231,0.743576578140867
0.941110867225017,0.196789043053607,-0.928212926677809,0.731423883624197
0.941171067126769,0.214874826839836,-0.933884465395157,0.719009638555312
0.941231267028521,0.232883718685597,-0.939221970225584,0.706338251539941
0.941291466930273,0.250809264022144,-0.944223519958348,0.693414255936185
0.941363967192604,0.27227759870728,-0.949798514656853,0.677520915949519
0.941436467454935,0.293604686737744,-0.954880784554697,0.661276097816935
0.941508967717266,0.31477947683108,-0.959467706779013,0.644688229947916
0.941581467979597,0.33579095955155,-0.9635568875346,0.627765927983034
0.941653968241928,0.356628252935128,-0.967146219309495,0.610517966374316
0.941726468504259,0.377280527540227,-0.970233827236167,0.592953299695907
0.941814635792585,0.402130600231349,-0.973310242416494,0.571179642185143
0.94190280308091,0.42667223589852,-0.975639968901119,0.5489677330026
0.941990970369236,0.450886583305274,-0.977221229522477,0.526334646217154
0.942079137657561,0.474755040497458,-0.978052798282482,0.503297757784983
0.942167304945886,0.498259298701856,-0.978134048394926,0.479874749693024
0.942255472234212,0.521381313414227,-0.977464905998023,0.456083592583795
0.942343639522537,0.544103353620981,-0.976045895350834,0.431942541729825
0.942431806810862,0.566407977986333,-0.973878094280082,0.407470116293725
0.942519974099188,0.58827808331519,-0.970963176267756,0.382685092952531
0.942628378331515,0.614547167996025,-0.966358543635831,0.351811375639804
0.942736782563842,0.640103717409913,-0.960633204012905,0.320529486602958
0.942845186796169,0.664918002515331,-0.953793807163679,0.288875804648362
0.942953591028496,0.688961233836385,-0.945848295972353,0.256887062135925
0.943061995260823,0.712205498058823,-0.936805880400748,0.224600382341906
0.94317039949315,0.734623848514227,-0.926677052576319,0.192053204062069
0.943278803725476,0.756190265877095,-0.915473552846353,0.159283286969259
0.943387207957803,0.776879752254579,-0.903208378751385,0.126328626496787
0.94349561219013,0.796668295676274,-0.889895748301858,0.093227452625571
0.943604016422457,0.815532960309205,-0.875551104844283,0.0600181445350336
0.943712420654784,0.833451851706232,-0.860191078298224,0.0267392265919665
0.943820824887111,0.850404202098814,-0.843833486294551,-0.00657071580426175
0.943929229119438,0.866370335779949,-0.826497293515734,-0.0398730422642403
0.943996842395079,0.875821416520049,-0.81519742519449,-0.0606239913255911
0.944064455670721,0.884877262998746,-0.803529845159932,-0.0813474178388398
0.944132068946362,0.893533835214562,-0.791499771243748,-0.102034063970793
0.944199682222003,0.901787220998778,-0.779112622837483,-0.122674598161273
0.944291841482409,0.912380665589138,-0.761663838039067,-0.15071682755008
0.944384000742815,0.922209368787637,-0.743576564439574,-0.178632804348057
0.944444200612771,0.928212934421036,-0.731423876032827,-0.19678905838822
0.944504400482728,0.933884469929996,-0.71900963735417,-0.214874832575828
0.944564600352684,0.939221971904088,-0.706338257002483,-0.232883714901657
0.944624800222641,0.944223519135697,-0.693414268328504,-0.250809250807229
0.944697300487438,0.94979851429299,-0.677520927996299,-0.272277586296713
0.944769800752234,0.954880784617672,-0.661276109489805,-0.29360467512786
0.944842301017031,0.959467707236309,-0.644688241219267,-0.314779466017047
0.944914801281828,0.963556888353395,-0.62776593882612,-0.335790949527298
0.944987301546625,0.967146220456718,-0.610517976763197,-0.356628243693525
0.945059801811422,0.97023382867832,-0.592953309605395,-0.377280519072927
0.94514796910496,0.973310244239848,-0.571179650926676,-0.402130593313163
0.945236136398499,0.975639971017765,-0.548967740520301,-0.426672230497521
0.945324303692038,0.977221231844217,-0.526334652458151,-0.450886579386095
0.945412470985576,0.978052800720789,-0.503297762699396,-0.474755038021397
0.945500638279115,0.978134050861115,-0.47987475323418,-0.498259297626929
0.945588805572654,0.977464908403375,-0.456083594708083,-0.52138131369529
0.945676972866192,0.976045897606691,-0.431942542396988,-0.544103355209708
0.945765140159731,0.973878096298061,-0.407470115466684,-0.566407980831374
0.94585330745327,0.970963177959835,-0.382685090597701,-0.588278087362149
0.945961711685603,0.96635854511259,-0.351811373201541,-0.614547171911055
0.946070115917936,0.960633205275322,-0.320529484088149,-0.640103721187158
0.946178520150269,0.953793808213064,-0.28887580206395,-0.664918006149071
0.946286924382602,0.945848296810122,-0.256887059488979,-0.688961237321145
0.946395328614935,0.936805881028752,-0.224600379639546,-0.712205501389206
0.946503732847269,0.926677052996551,-0.192053201311462,-0.734623851685102
0.946612137079602,0.91547355306104,-0.159283284177645,-0.756190268883397
0.946720541311935,0.903208378763029,-0.12632862367146,-0.776879755091556
0.946828945544268,0.889895748113182,-0.0932274497738655,-0.796668298339325
0.946937349776601,0.875551104458205,-0.0600181416643301,-0.815532962793879
0.947045754008934,0.860191077718002,-0.0267392237096483,-0.833451854008367
0.947154158241267,0.843833485523595,0.00657071869076276,-0.850404204214383
0.947262562473601,0.826497292557641,0.0398730451475169,-0.866370337705203
0.947330175748417,0.81519742426233,0.0606239939490152,-0.875821418211368
0.947397789023234,0.803529844264255,0.081347420200306,-0.884877264464543
0.947465402298051,0.791499770394836,0.102034066068543,-0.893533836463378
0.947533015572867,0.779112622045607,0.122674599993882,-0.901787222039471
0.947625174865781,0.761663830856389,0.150716839230834,-0.912380670087244
0.947717334158696,0.743576550423713,0.178632825775361,-0.922209376199063
0.947777534001434,0.73142386720898,0.196789071530415,-0.928212938739376
0.947837733844172,0.719009633963021,0.21487483749049,-0.933884471453487
0.94789793368691,0.706338259278621,0.232883711655252,-0.939221970933855
0.947958133529648,0.693414276500553,0.250809239474902,-0.94422351597546
0.948030633794243,0.677520936342266,0.272277574954066,-0.949798511296326
0.948103134058838,0.661276118008551,0.293604663779801,-0.954880781788359
0.948175634323433,0.644688249909561,0.314779454668476,-0.959467704578027
0.948248134588028,0.627765947686563,0.335790938183201,-0.963556885869764
0.948320634852623,0.610517985792276,0.356628232358959,-0.967146218151236
0.948393135117218,0.592953318801482,0.377280507752959,-0.970233826554463
0.948481302438996,0.571179653217773,0.402130589996888,-0.973310243214635
0.948569469760774,0.54896773562557,0.426672234987366,-0.975639970612957
0.948657637082552,0.526334640113508,0.450886591466343,-0.977221231579881
0.94874580440433,0.503297742657554,0.474755057458611,-0.978052800116132
0.948833971726108,0.479874725264977,0.49825932417021,-0.978134049435196
0.948922139047885,0.456083558599079,0.521381347076764,-0.977464905675855
0.949010306369663,0.431942497953611,0.544103395144928,-0.97604589309856
0.949098473691441,0.407470062512721,0.566408027019612,-0.973878089532296
0.949186641013219,0.382685028975388,0.588278139486995,-0.97096316846238
0.949295045245636,0.351811310664325,0.614547222598046,-0.966358533262362
0.949403449478052,0.320529420710973,0.640103770372193,-0.960633191083172
0.949511853710469,0.28887573792268,0.664918053769806,-0.95379379169246
0.949620257942886,0.256886994660401,0.688961283317051,-0.945848277977421
0.949728662175302,0.224600314201234,0.712205545701627,-0.936805859902852
0.949837066407719,0.192053135341833,0.734623894257245,-0.926677029599034
0.949945470640135,0.159283217755701,0.756190309660491,-0.91547352741618
0.950053874872552,0.12632855687683,0.776879794020907,-0.90320835089771
0.950162279104968,0.0932273826866478,0.796668335370276,-0.889895718056895
0.950270683337385,0.0600180743650443,0.815532997878016,-0.875551072243014
0.950379087569801,0.0267391562790876,0.833451887099413,-0.860191043378477
0.950487491802218,-0.00657078617158786,0.850404235268431,-0.843833449096819
0.950595896034634,-0.0398731125974503,0.866370366680586,-0.826497254083152
0.950663509243974,-0.0606240412400166,0.875821436901864,-0.815197395661813
0.950731122453313,-0.0813474473629684,0.884877273625434,-0.803529826262398
0.950798735662653,-0.102034073160539,0.893533836862106,-0.791499763701556
0.950866348871992,-0.122674587100036,0.901787214455125,-0.77911262735506
0.950958508180194,-0.15071683102073,0.91238066447893,-0.761663833458177
0.951050667488397,-0.178632822212248,0.922209372315048,-0.743576550102727
0.951110867335701,-0.19678906934608,0.928212935318193,-0.731423865972053
0.951171067183006,-0.214874836674139,0.933884468444742,-0.71900963177056
0.951231267030311,-0.232883712194614,0.939221968286683,-0.706338256092056
0.951291466877616,-0.250809241356275,0.944223513638598,-0.693414272282268
0.951363967139534,-0.272277576018055,0.949798508663598,-0.677520932645507
0.951436467401452,-0.293604664034985,0.954880778895616,-0.661276114860629
0.95150896766337,-0.314779454124676,0.959467701461615,-0.644688247336917
0.951581467925288,-0.335790936851484,0.963556882566183,-0.627765945714713
0.951653968187206,-0.356628230251566,0.967146214697298,-0.610517984445723
0.951726468449125,-0.37728050488336,0.970233822987193,-0.592953318103795
0.95181463579393,-0.402130593582466,0.973310240365406,-0.571179646782904
0.951902803138736,-0.426672244862538,0.975639968091308,-0.548967723228758
0.951990970483541,-0.450886607450724,0.977221228994076,-0.526334621543341
0.952079137828346,-0.474755079357446,0.978052797073966,-0.503297717716476
0.952167305173152,-0.498259351774564,0.978134045544362,-0.479874693769765
0.952255472517957,-0.521381380163997,0.977464900544744,-0.456083520380678
0.952343639862763,-0.544103433478802,0.976045886336651,-0.431942452857849
0.952431807207568,-0.566408070350854,0.973878080751119,-0.407470010400228
0.952519974552374,-0.588278187553486,0.970963157275666,-0.38268496972213
0.952628378784867,-0.614547269358771,0.966358519938767,-0.351811250579974
0.95273678301736,-0.640103815768875,0.960633175632505,-0.320529359863605
0.952845187249853,-0.664918097745836,0.953793774127036,-0.28887567638117
0.952953591482346,-0.688961325817452,0.945848258311917,-0.25688693249444
0.953061995714839,-0.712205586673139,0.936805838154466,-0.224600251481342
0.953170399947332,-0.734623933648247,0.926677005787464,-0.192053072139147
0.953278804179825,-0.756190347421317,0.915473501563346,-0.159283154142018
0.953387208412318,-0.776879830103552,0.903208323028019,-0.126328492924452
0.953495612644811,-0.796668369728818,0.889895688197197,-0.0932273184683405
0.953604016877304,-0.815533030468419,0.875551040422356,-0.0600180099539163
0.953712421109797,-0.833451917879722,0.860191009628263,-0.0267390917485197
0.95382082534229,-0.850404264198661,0.843833413450697,0.00657085074797516
0.953929229574783,-0.866370393722974,0.826497216576978,0.0398731771460169
0.95399684271949,-0.875821453896315,0.815197368000517,0.0606240858957897
0.954064455864197,-0.88487728131862,0.803529809160075,0.0813474721585802
0.954132069008904,-0.893533836012757,0.791499757857318,0.102034078155447
0.954199682153612,-0.901787205833147,0.779112633452694,0.122674572380452
0.954291841444634,-0.912380654380034,0.761663843230911,0.150716811149119
0.954384000735657,-0.92220936103069,0.743576563777418,0.178632797253284
0.954444200614702,-0.928212927584955,0.731423873547302,0.196789054037621
0.954504400493748,-0.933884463914374,0.719009632966506,0.214874830947899
0.954564600372794,-0.939221966607775,0.706338250635775,0.232883715971987
0.95462480025184,-0.944223514456579,0.693414259908096,0.250809254548504
0.954697300511302,-0.949798509024053,0.677520920614978,0.272277588409066
0.954769800770765,-0.954880778830408,0.661276103202033,0.29360467562838
0.954842301030228,-0.959467701002987,0.644688236077741,0.314779464925282
0.95491480128969,-0.9635568817469,0.627765934881633,0.335790946865289
0.954987301549153,-0.967146213550314,0.610517974064606,0.356628239485718
0.955059801808615,-0.970233821545796,0.592953308199657,0.377280513346142
0.955147969148218,-0.973310238543312,0.571179638044205,0.402130600499146
0.955236136487821,-0.975639965976153,0.548967715711198,0.426672250264964
0.955324303827424,-0.977221226673867,0.526334615299689,0.450886611374185
0.955412471167026,-0.978052794637094,0.503297712796571,0.47475508184054
0.955500638506629,-0.978134043079342,0.479874690220174,0.498259352859176
0.955588805846232,-0.977464898140088,0.4560835182449,0.521381379895205
0.955676973185834,-0.976045884080911,0.431942452176114,0.544103431904796
0.955765140525437,-0.973878078732417,0.407470011209527,0.566408067522909
0.95585330786504,-0.970963155581798,0.382684972055962,0.588278183525873
0.955961712097527,-0.966358518459491,0.351811252996823,0.61454726546265
0.956070116330014,-0.960633174366669,0.320529362356583,0.640103812010089
0.956178520562502,-0.953793773073408,0.288875678943332,0.664918094130111
0.956286924794989,-0.94584825746898,0.256886935118796,0.688961322350181
0.956395329027476,-0.93680583752044,0.224600254160764,0.712205583359701
0.956503733259963,-0.926677005360315,0.192053074866496,0.734623930493801
0.956612137492451,-0.915473501340866,0.159283156910075,0.756190344430799
0.956720541724938,-0.903208323007732,0.126328495725964,0.776879827281789
0.956828945957425,-0.889895688376344,0.0932273212959889,0.796668367080354
0.956937350189912,-0.875551040797991,0.0600180128003637,0.815533027997631
0.9570457544224,-0.860191010197206,0.0267390946064154,0.83345191559083
0.957154158654887,-0.843833414209544,-0.0065708478860543,0.85040426209564
0.957262562887374,-0.826497217522118,-0.0398731742874204,0.866370391809538
0.957330176032886,-0.815197368922594,-0.0606240832910038,0.87582145221358
0.957397789178398,-0.803529810048747,-0.0813474698097198,0.884877279858477
0.95746540232391,-0.791499758702503,-0.102034076064262,0.893533834766778
0.957533015469422,-0.779112634244393,-0.122674570548366,0.901787204792741
0.95762517472793,-0.761663850414557,-0.150716799466963,0.912380649881519
0.957717333986438,-0.743576577795552,-0.178632775822649,0.922209353618213
0.957777533892703,-0.731423882373303,-0.196789040892332,0.928212923265628
0.957837733798968,-0.719009636359683,-0.214874826030362,0.933884462390028
0.957897933705233,-0.706338248361466,-0.232883719215775,0.939221967577208
0.957958133611498,-0.693414251737711,-0.250809265878434,0.944223517616116
0.958030633871164,-0.677520912270226,-0.272277599749923,0.949798512020154
0.958103134130831,-0.66127609468404,-0.293604686975292,0.954880781659339
0.958175634390498,-0.644688227387682,-0.314779476273317,0.959467703660984
0.958248134650164,-0.627765926020878,-0.335790958209455,0.963556884230315
0.958320634909831,-0.61051796503469,-0.356628250820946,0.967146215855665
0.958393135169497,-0.592953299002137,-0.377280524667375,0.970233823669545
0.95848130248088,-0.571179635746948,-0.402130603821918,0.973310239568891
0.958569469792262,-0.54896772059473,-0.426672245786762,0.975639966381509
0.958657637103644,-0.526334627628045,-0.450886599310554,0.977221226938591
0.958745804415027,-0.503297732816869,-0.474755062424787,0.978052795241599
0.958833971726409,-0.479874718162351,-0.498259326341997,0.978134044504351
0.958922139037792,-0.456083554321317,-0.521381346544253,0.977464900865558
0.959010306349174,-0.431942496581149,-0.544103392004417,0.976045888585581
0.959098473660556,-0.407470064119349,-0.566408021373553,0.973878085492881
0.959186640971939,-0.382685033628229,-0.588278131443741,0.970963165071955
0.959295045204341,-0.351811315483721,-0.614547214816805,0.966358530300534
0.959403449436743,-0.32052942568325,-0.64010376286464,0.960633188547868
0.959511853669145,-0.288875743033986,-0.664918046547322,0.9537937895813
0.959620257901548,-0.25688699989674,-0.688961276390629,0.945848276287344
0.95972866213395,-0.224600319548485,-0.712205539081987,0.936805858630445
0.959837066366352,-0.192053140785645,-0.734623887954696,0.926677028740334
0.959945470598754,-0.159283223281739,-0.75619030368501,0.915473526966719
0.960053874831156,-0.126328562470532,-0.776879788382066,0.903208350852586
0.960162279063559,-0.0932273883334563,-0.796668330077305,0.889895718410729
0.960270683295961,-0.0600180800502702,-0.815532992939708,0.875551072989963
0.960379087528363,-0.0267391619880297,-0.833451882524183,0.860191044512232
0.960487491760765,0.00657078045368198,-0.850404231064276,0.843833450610577
0.960595895993168,0.0398731068853894,-0.866370362855113,0.826497255969686
0.960663509204107,0.0606240360324495,-0.875821433536299,0.815197397503816
0.960731122415046,0.0813474426640875,-0.88487727070357,0.803529828039469
0.960798735625985,0.102034068973941,-0.893533834367413,0.791499765393441
0.960866348836924,0.122674583428578,-0.901787212370469,0.779112628941853
0.960958508080143,0.150716807663355,-0.912380655483439,0.761663847820034
0.961050667323363,0.178632779371998,-0.922209357496121,0.743576578124091
0.961110867225084,0.196789043069933,-0.928212926683207,0.731423883613238
0.961171067126806,0.214874826846919,-0.933884465397356,0.71900963855044
0.961231267028527,0.232883718683512,-0.939221970224943,0.706338251541427
0.961291466930249,0.250809264010982,-0.944223519955208,0.69341425594421
0.961363967192584,0.27227759869737,-0.94979851465417,0.677520915956791
0.961436467454919,0.293604686729082,-0.954880784552437,0.661276097823342
0.961508967717254,0.314779476823661,-0.959467706777108,0.64468822995343
0.96158146797959,0.335790959545319,-0.963556887532987,0.627765927987649
0.961653968241925,0.356628252930112,-0.967146219308125,0.61051796637801
0.96172646850426,0.377280527536384,-0.970233827234972,0.592953299698577
0.961814635792624,0.402130600238314,-0.973310242416523,0.57117964217819
0.961902803080988,0.426672235916092,-0.975639968901674,0.548967732985574
0.961990970369352,0.450886583333093,-0.977221229522823,0.526334646189729
0.962079137657716,0.474755040535216,-0.97805279828208,0.50329775774684
0.962167304946081,0.498259298749172,-0.978134048393071,0.479874749643869
0.962255472234445,0.521381313470778,-0.977464905994052,0.456083592523269
0.962343639522809,0.544103353686361,-0.97604589534413,0.431942541657755
0.962431806811173,0.5664079780601,-0.973878094269919,0.407470116209816
0.962519974099537,0.588278083396906,-0.970963176253563,0.382685092856592
0.962628378331866,0.614547168075911,-0.966358543617918,0.351811375541978
0.962736782564195,0.640103717487869,-0.960633203991251,0.320529486503354
0.962845186796523,0.664918002591214,-0.953793807138347,0.288875804547078
0.962953591028852,0.688961233910125,-0.945848295943219,0.256887062033068
0.963061995261181,0.712205498130269,-0.936805880367886,0.224600382237589
0.963170399493509,0.734623848583274,-0.926677052539716,0.192053203956415
0.963278803725838,0.75619026594356,-0.915473552805992,0.159283286862408
0.963387207958167,0.776879752318437,-0.903208378707312,0.126328626388837
0.963495612190496,0.796668295737388,-0.889895748254044,0.0932274525166318
0.963604016422824,0.815532960367475,-0.875551104792766,0.0600181444252616
0.963712420655153,0.833451851761569,-0.860191078243077,0.0267392264814779
0.963820824887482,0.850404202151085,-0.84383348623578,-0.00657071591532797
0.96392922911981,0.866370335829103,-0.826497293453308,-0.0398730423757847
0.963996842395342,0.875821416552076,-0.815197425148605,-0.0606239914034872
0.964064455670874,0.8848772630149,-0.803529845131751,-0.0813474178831691
0.964132068946406,0.893533835216099,-0.791499771234488,-0.102034063981639
0.964199682221938,0.901787220987064,-0.779112622848294,-0.122674598138779
0.964291841482353,0.912380665578969,-0.76166383804858,-0.150716827530396
0.964384000742768,0.922209368778822,-0.743576564447709,-0.178632804331151
0.964444200612746,0.928212934414562,-0.731423876036763,-0.19678905837784
0.964504400482724,0.933884469925638,-0.719009637353791,-0.214874832571879
0.964564600352702,0.939221971901614,-0.706338256997503,-0.232883714904129
0.96462480022268,0.944223519134842,-0.693414268318849,-0.250809250816014
0.964697300487478,0.949798514291978,-0.67752092798613,-0.272277586305856
0.964769800752276,0.95488078461645,-0.661276109479131,-0.293604675137356
0.964842301017075,0.959467707234876,-0.644688241208007,-0.314779466026862
0.964914801281873,0.963556888351768,-0.627765938814328,-0.335790949537443
0.964987301546671,0.967146220454827,-0.610517976750889,-0.356628243703973
0.965059801811469,0.970233828676166,-0.592953309592513,-0.377280519083664
0.965147969105042,0.973310244238311,-0.57117965090497,-0.402130593333368
0.965236136398615,0.975639971016343,-0.548967740489442,-0.426672230526945
0.965324303692189,0.977221231842281,-0.526334652417824,-0.450886579424442
0.965412470985762,0.978052800717738,-0.503297762649338,-0.474755038068404
0.965500638279335,0.978134050856356,-0.479874753174111,-0.498259297682258
0.965588805572908,0.977464908396326,-0.456083594637753,-0.521381313758578
0.965676972866481,0.976045897596794,-0.431942542316174,-0.544103355280624
0.965765140160054,0.97387809628471,-0.407470115375253,-0.566407980909478
0.965853307453627,0.970963177942502,-0.382685090495396,-0.588278087447084
0.965961711685961,0.966358545091505,-0.351811373097683,-0.614547171993822
0.966070115918295,0.960633205250515,-0.320529483982827,-0.64010372126768
0.966178520150628,0.953793808184483,-0.288875801957282,-0.66491800622723
0.966286924382962,0.945848296777921,-0.256887059381086,-0.688961237396847
0.966395328615296,0.936805880992859,-0.224600379530539,-0.712205501462338
0.966503732847629,0.926677052957023,-0.192053201201496,-0.734623851755535
0.966612137079963,0.915473553017918,-0.159283284066849,-0.756190268951079
0.966720541312297,0.903208378716288,-0.126328623559918,-0.776879755156389
0.966828945544631,0.889895748062928,-0.0932274496617269,-0.796668298401209
0.966937349776964,0.875551104404424,-0.0600181415517159,-0.81553296285271
0.967045754009298,0.860191077660788,-0.0267392235966847,-0.833451854064089
0.967154158241632,0.843833485462969,0.00657071880393661,-0.850404204266925
0.967262562473965,0.82649729249367,0.0398730452607693,-0.866370337754456
0.967330175748669,0.815197424215623,0.060623994027341,-0.875821418242974
0.967397789023372,0.803529844236048,0.0813474202437589,-0.8848772644798
0.967465402298075,0.79149977038642,0.102034066077237,-0.893533836463685
0.967533015572778,0.77911262205818,0.122674599967961,-0.901787222026128
0.967625174865665,0.761663830874793,0.150716839196781,-0.912380670071588
0.967717334158552,0.743576550448341,0.178632825733269,-0.922209376181597
0.967777534001345,0.731423867223151,0.19678907150479,-0.928212938727927
0.967837733844137,0.719009633966285,0.214874837481201,-0.933884471447521
0.967897933686929,0.706338259270527,0.232883711662189,-0.939221970932746
0.967958133529721,0.69341427648067,0.250809239497884,-0.94422351597855
0.968030633794308,0.677520936323842,0.272277574974456,-0.949798511298326
0.968103134058895,0.661276117991727,0.293604663797605,-0.954880781789291
0.968175634323481,0.644688249894383,0.314779454683727,-0.959467704578071
0.968248134588068,0.627765947673142,0.33579093819594,-0.963556885869089
0.968320634852655,0.610517985780652,0.356628232369212,-0.967146218149871
0.968393135117241,0.592953318791819,0.377280507760756,-0.970233826552584
0.968481302439013,0.571179653209358,0.402130590003016,-0.973310243212369
0.968569469760786,0.548967735618536,0.426672234991891,-0.975639970610426
0.968657637082558,0.526334640107868,0.450886591469254,-0.977221231577125
0.96874580440433,0.503297742653334,0.474755057459986,-0.978052800113302
0.968833971726103,0.47987472526231,0.498259324170096,-0.978134049432398
0.968922139047875,0.45608355859795,0.521381347075209,-0.977464905673132
0.969010306369647,0.431942497954102,0.544103395141959,-0.976045893096053
0.96909847369142,0.407470062514824,0.566408027015324,-0.973878089530118
0.969186641013192,0.382685028979198,0.588278139481401,-0.970963168460576
0.969295045245608,0.351811310668187,0.614547222592667,-0.966358533260851
0.969403449478025,0.320529420714904,0.640103770367036,-0.960633191081908
0.969511853710442,0.288875737926681,0.664918053764857,-0.953793791691536
0.969620257942858,0.256886994664442,0.688961283312295,-0.945848277976741
0.969728662175275,0.224600314205327,0.712205545697089,-0.93680585990239
0.969837066407692,0.192053135345955,0.734623894252924,-0.92667702959888
0.969945470640108,0.159283217759849,0.756190309656448,-0.915473527416255
0.970053874872525,0.126328556880966,0.776879794017053,-0.903208350898024
0.970162279104942,0.0932273826907737,0.796668335366723,-0.889895718057473
0.970270683337358,0.0600180743691728,0.815532997874671,-0.875551072243816
0.970379087569775,0.0267391562831998,0.833451887096354,-0.860191043379524
0.970487491802192,-0.00657078616748653,0.850404235265583,-0.843833449098084
0.970595896034608,-0.0398731125934234,0.866370366678044,-0.826497254084609
0.970663509243947,-0.0606240412356941,0.875821436899298,-0.815197395663564
0.970731122453285,-0.0813474473583429,0.884877273622873,-0.803529826264505
0.970798735662624,-0.102034073155627,0.893533836859643,-0.791499763704009
0.970866348871962,-0.122674587094848,0.901787214452673,-0.779112627357822
0.970958508180138,-0.150716831007592,0.912380664473845,-0.761663833466212
0.971050667488314,-0.178632822191225,0.922209372307705,-0.74357655011648
0.971110867335645,-0.196789069333187,0.928212935313894,-0.731423865980699
0.971171067182977,-0.214874836669313,0.933884468443196,-0.719009631773871
0.971231267030308,-0.232883712197787,0.939221968287639,-0.706338256089829
0.971291466877639,-0.250809241367355,0.944223513641645,-0.693414272274281
0.971363967139572,-0.272277576033342,0.949798508667572,-0.677520932634215
0.971436467401505,-0.29360466405442,0.954880778900364,-0.661276114845864
0.971508967663437,-0.314779454148192,0.959467701466801,-0.644688247318588
0.97158146792537,-0.335790936879002,0.963556882571679,-0.627765945692684
0.971653968187303,-0.356628230282996,0.967146214702919,-0.610517984419903
0.971726468449235,-0.377280504918628,0.970233822992668,-0.592953318074026
0.971814635794031,-0.402130593614606,0.973310240369652,-0.571179646755031
0.971902803138826,-0.426672244891601,0.975639968094514,-0.548967723202862
0.971990970483622,-0.450886607476722,0.977221228996374,-0.526334621519621
0.972079137828417,-0.474755079380478,0.978052797075507,-0.50329771769501
0.972167305173213,-0.498259351794677,0.978134045545323,-0.479874693750607
0.972255472518008,-0.521381380181255,0.97746490054527,-0.456083520363998
0.972343639862804,-0.544103433493312,0.976045886336998,-0.431942452843682
0.9724318072076,-0.566408070362689,0.973878080751398,-0.407470010388685
0.972519974552395,-0.588278187562715,0.970963157276011,-0.382684969713246
0.972628378784889,-0.614547269368053,0.966358519938875,-0.351811250570772
0.972736783017383,-0.640103815778211,0.960633175632347,-0.320529359854105
0.972845187249877,-0.664918097755194,0.953793774126561,-0.288875676371374
0.97295359148237,-0.688961325826797,0.94584825831119,-0.256886932484382
0.973061995714864,-0.712205586682436,0.936805838153443,-0.224600251470964
0.973170399947358,-0.734623933657536,0.926677005786058,-0.192053072128482
0.973278804179852,-0.756190347430544,0.915473501561608,-0.159283154131081
0.973387208412346,-0.776879830112703,0.903208323025976,-0.126328492913234
0.973495612644839,-0.796668369737861,0.889895688194752,-0.0932273184568301
0.973604016877333,-0.815533030477369,0.875551040419534,-0.0600180099421583
0.973712421109827,-0.833451917888489,0.860191009625022,-0.0267390917365025
0.973820825342321,-0.850404264207289,0.843833413447063,0.00657085076025464
0.973929229574815,-0.866370393731427,0.826497216572974,0.0398731771585012
0.973996842719509,-0.875821453902791,0.815197367998571,0.0606240859042469
0.974064455864203,-0.884877281323297,0.8035298091603,0.0813474721630223
0.974132069008897,-0.893533836015772,0.791499757859908,0.102034078155889
0.974199682153591,-0.901787205834625,0.779112633457755,0.122674572376878
0.974291841444571,-0.912380654376961,0.761663843244366,0.150716811132612
0.97438400073555,-0.922209361023777,0.743576563799832,0.178632797223953
0.974444200614633,-0.92821292758214,0.731423873562692,0.19678905401945
0.974504400493715,-0.93388446391533,0.719009632974574,0.214874830940796
0.974564600372798,-0.939221966612051,0.706338250636205,0.232883715975871
0.97462480025188,-0.944223514463781,0.693414259900543,0.250809254563263
0.974697300511353,-0.949798509031674,0.677520920605071,0.272277588426664
0.974769800770825,-0.954880778838386,0.66127610318964,0.293604675648766
0.974842301030298,-0.959467701011148,0.644688236062777,0.314779464948419
0.97491480128977,-0.96355688175514,0.627765934864023,0.335790946891113
0.974987301549243,-0.967146213558422,0.610517974044279,0.356628239514162
0.975059801808715,-0.970233821553693,0.59295330817655,0.377280513377162
0.975147969148315,-0.973310238550268,0.571179638021302,0.402130600528956
0.975236136487914,-0.97563996598222,0.548967715688635,0.426672250293585
0.975324303827514,-0.977221226679093,0.526334615277524,0.450886611401595
0.975412471167113,-0.978052794641547,0.503297712774804,0.474755081866742
0.975500638506713,-0.978134043083063,0.479874690198864,0.49825935288421
0.975588805846313,-0.977464898143157,0.456083518224114,0.521381379919021
0.975676973185912,-0.976045884083327,0.431942452155855,0.544103431927478
0.975765140525512,-0.97387807873423,0.407470011189839,0.566408067544444
0.975853307865111,-0.970963155583162,0.382684972036903,0.588278183546247
0.975961712097598,-0.96635851846007,0.351811252977745,0.614547265482342
0.976070116330084,-0.960633174366615,0.320529362337521,0.640103812029089
0.97617852056257,-0.953793773072731,0.288875678924348,0.664918094148369
0.976286924795056,-0.94584825746768,0.256886935099915,0.688961322367735
0.976395329027543,-0.936805837518512,0.224600254142018,0.712205583376532
0.976503733260029,-0.926677005357802,0.192053074847911,0.734623930509916
0.976612137492515,-0.915473501337883,0.15928315689167,0.7561903444462
0.976720541725001,-0.90320832300425,0.126328495707761,0.776879827296498
0.976828945957488,-0.889895688372333,0.0932273212780024,0.796668367094325
0.976937350189974,-0.875551040793533,0.060018012782631,0.815533028010924
0.97704575442246,-0.860191010192344,0.0267390945889438,0.83345191560342
0.977154158654946,-0.843833414204246,-0.00657084790321915,0.850404262107494
0.977262562887433,-0.826497217516478,-0.039873174304275,0.866370391820727
0.977330176032928,-0.815197368919504,-0.0606240833025752,0.875821452222108
0.977397789178423,-0.803529810048466,-0.081347469816023,0.88487727986449
0.977465402323918,-0.791499758705187,-0.102034076065327,0.893533834770493
0.977533015469413,-0.779112634250198,-0.122674570544223,0.901787204794438
0.977625174727934,-0.761663850417897,-0.150716799466832,0.912380649884719
0.977717333986454,-0.743576577796236,-0.178632775826492,0.922209353622705
0.977777533892716,-0.731423882374523,-0.196789040895263,0.928212923269755
0.977837733798979,-0.719009636361475,-0.214874826032375,0.933884462393817
0.977897933705241,-0.706338248363835,-0.232883719216894,0.939221967580686
0.977958133611503,-0.693414251740691,-0.25080926587865,0.944223517619314
0.97803063387117,-0.677520912272931,-0.272277599750442,0.949798512023416
0.978103134130838,-0.661276094686459,-0.293604686976145,0.95488078166261
0.978175634390506,-0.644688227389825,-0.314779476274465,0.959467703664269
0.978248134650173,-0.627765926022738,-0.335790958210903,0.963556884233642
0.978320634909841,-0.610517965036227,-0.356628250822696,0.967146215858922
0.978393135169509,-0.592953299003388,-0.377280524669409,0.970233823672815
0.978481302480904,-0.571179635744899,-0.402130603827554,0.973310239572452
0.978569469792299,-0.54896772058931,-0.42667224579586,0.975639966385125
0.978657637103694,-0.526334627619086,-0.450886599323009,0.977221226942145
0.97874580441509,-0.503297732804291,-0.474755062440505,0.978052795244793
0.978833971726485,-0.479874718146035,-0.498259326360875,0.978134044506904
0.97892213903788,-0.456083554301207,-0.521381346566149,0.977464900867339
0.979010306349275,-0.431942496557146,-0.544103392029192,0.976045888586321
0.979098473660671,-0.40747006409138,-0.566408021401072,0.973878085492395
0.979186640972066,-0.382685033596191,-0.588278131473848,0.970963165070049
0.979295045204471,-0.351811315450411,-0.614547214846756,0.96635853029715
0.979403449436876,-0.320529425648668,-0.640103762894335,0.960633188543015
0.979511853669281,-0.288875742998172,-0.664918046576704,0.953793789574872
0.979620257901686,-0.256886999859703,-0.68896127641963,0.945848276279302
0.979728662134091,-0.224600319510247,-0.712205539110535,0.936805858620761
0.979837066366496,-0.192053140746282,-0.734623887982708,0.926677028728965
0.979945470598901,-0.159283223241264,-0.7561903037124,0.915473526953646
0.980053874831306,-0.126328562429,-0.776879788408771,0.903208350837732
0.980162279063711,-0.0932273882908963,-0.796668330103255,0.889895718394128
0.980270683296116,-0.0600180800067416,-0.815532992964766,0.875551072971529
0.980379087528521,-0.0267391619435763,-0.833451882548411,0.860191044491933
0.980487491760926,0.00657078049900846,-0.85040423108748,0.843833450588432
0.980595895993331,0.0398731069315288,-0.866370362877228,0.826497255945677
0.980663509204229,0.0606240360659557,-0.875821433551838,0.815197397485855
0.980731122415127,0.0813474426849981,-0.884877270713037,0.803529828028015
0.980798735626025,0.10203406898225,-0.893533834371244,0.79149976538895
0.980866348836923,0.122674583424364,-0.901787212369186,0.77911262894482
0.980958508080177,0.150716807669568,-0.912380655485958,0.761663847816344
0.981050667323431,0.178632779388542,-0.922209357501911,0.743576578113366
0.981110867225131,0.196789043079795,-0.928212926686478,0.73142388360666
0.98117106712683,0.214874826850174,-0.933884465398402,0.719009638548173
0.98123126702853,0.232883718680199,-0.939221970223959,0.706338251543695
0.981291466930229,0.25080926400118,-0.944223519952466,0.693414255951243
0.981363967192555,0.272277598684779,-0.949798514650793,0.677520915966004
0.981436467454881,0.293604686713751,-0.954880784548639,0.6612760978349
0.981508967717206,0.31477947680566,-0.959467706773053,0.644688229967335
0.981581467979532,0.335790959524678,-0.963556887528739,0.627765928004012
0.981653968241858,0.356628252906901,-0.967146219303849,0.610517966396916
0.981726468504183,0.377280527510617,-0.970233827230766,0.592953299720151
0.981814635792566,0.402130600218103,-0.973310242413538,0.571179642195428
0.981902803080949,0.426672235901305,-0.975639968899621,0.548967732998279
0.981990970369332,0.450886583323606,-0.977221229521348,0.526334646197752
0.982079137657715,0.474755040530898,-0.978052798280857,0.503297757749928
0.982167304946098,0.498259298749855,-0.978134048391808,0.479874749641914
0.982255472234481,0.521381313476258,-0.977464905992434,0.456083592516148
0.982343639522864,0.544103353696499,-0.97604589534178,0.431942541645262
0.982431806811247,0.566407978074708,-0.973878094266584,0.407470116191858
0.98251997409963,0.588278083415771,-0.970963176248841,0.38268509283306
0.982628378331958,0.614547168093959,-0.966358543612325,0.351811375518357
0.982736782564286,0.640103717505042,-0.960633203984761,0.320529486479701
0.982845186796613,0.66491800260752,-0.953793807130951,0.288875804523426
0.982953591028941,0.688961233925544,-0.945848295934981,0.256887062009445
0.983061995261269,0.712205498144799,-0.936805880358907,0.224600382214068
0.983170399493597,0.734623848596914,-0.926677052529953,0.192053203932994
0.983278803725924,0.756190265956332,-0.915473552795484,0.159283286839118
0.983387207958252,0.776879752330321,-0.903208378696016,0.126328626365691
0.98349561219058,0.796668295748355,-0.889895748242087,0.0932274524937293
0.983604016422908,0.81553296037753,-0.875551104780189,0.0600181444025968
0.983712420655235,0.833451851770733,-0.860191078229833,0.0267392264590729
0.983820824887563,0.850404202159381,-0.843833486221961,-0.00657071593743242
0.983929229119891,0.866370335836472,-0.826497293438944,-0.0398730423975414
0.983996842395407,0.87582141655691,-0.815197425136343,-0.0606239914205511
0.984064455670924,0.884877263017357,-0.803529845121898,-0.0813474178955118
0.984132068946441,0.893533835216378,-0.791499771227099,-0.102034063989293
0.984199682221957,0.901787220985311,-0.779112622843588,-0.122674598141739
0.984291841482401,0.912380665580234,-0.76166383803821,-0.150716827542025
0.984384000742844,0.922209368782622,-0.743576564431271,-0.178632804351374
0.984444200612797,0.928212934415568,-0.731423876025113,-0.196789058390477
0.984504400482751,0.933884469924054,-0.719009637347054,-0.214874832577012
0.984564600352704,0.939221971897746,-0.706338256995967,-0.232883714901811
0.984624800222657,0.944223519128968,-0.693414268322683,-0.250809250806308
0.984697300487436,0.949798514284828,-0.677520927994369,-0.272277586290495
0.984769800752215,0.954880784608314,-0.661276109491909,-0.293604675116429
0.984842301016993,0.959467707226026,-0.644688241225572,-0.314779466000468
0.984914801281772,0.963556888342451,-0.627765938836854,-0.335790949505643
0.984987301546551,0.967146220445309,-0.610517976778409,-0.356628243666905
0.98505980181133,0.970233828666738,-0.592953309625313,-0.377280519041432
0.985147969104906,0.973310244230152,-0.571179650937834,-0.402130593292307
0.985236136398481,0.975639971009411,-0.548967740522311,-0.426672230487102
0.985324303692057,0.977221231836434,-0.526334652450658,-0.450886579385804
0.985412470985633,0.978052800713073,-0.503297762682082,-0.474755038031001
0.985500638279208,0.978134050852777,-0.479874753206717,-0.498259297646068
0.985588805572784,0.977464908393793,-0.456083594670181,-0.521381313723626
0.98567697286636,0.976045897595269,-0.431942542348394,-0.544103355246888
0.985765140159935,0.973878096284132,-0.407470115407151,-0.566407980876985
0.985853307453511,0.970963177942842,-0.382685090527011,-0.588278087415841
0.985961711685846,0.966358545093,-0.35181137312935,-0.614547171963666
0.986070115918181,0.960633205253092,-0.320529484014508,-0.640103721238606
0.986178520150516,0.95379380818814,-0.288875801988918,-0.664918006199261
0.986286924382851,0.945848296782567,-0.256887059412622,-0.688961237369951
0.986395328615187,0.936805880998514,-0.224600379561921,-0.712205501436611
0.986503732847522,0.926677052963592,-0.1920532012327,-0.73462385173092
0.986612137079857,0.9154735530254,-0.159283284097815,-0.756190268927609
0.986720541312192,0.903208378724638,-0.126328623590624,-0.776879755134058
0.986828945544527,0.889895748072055,-0.0932274496921085,-0.796668298379973
0.986937349776862,0.875551104414388,-0.0600181415817536,-0.815532962832643
0.987045754009198,0.860191077671466,-0.0267392236263538,-0.833451854045123
0.987154158241533,0.843833485474353,0.00657071877471751,-0.850404204249086
0.987262562473868,0.826497292505699,0.0398730452320185,-0.866370337737714
0.987330175748597,0.815197424223829,0.0606239940064948,-0.875821418230328
0.987397789023326,0.803529844240158,0.0813474202308182,-0.884877264470959
0.987465402298054,0.791499770386125,0.102034066072177,-0.893533836458316
0.987533015572783,0.779112622053164,0.122674599970756,-0.901787222023951
0.987625174865668,0.761663830870235,0.150716839198825,-0.912380670069087
0.987717334158553,0.743576550444243,0.178632825734582,-0.922209376178826
0.987777534001343,0.731423867219477,0.196789071505541,-0.928212938724989
0.987837733844133,0.719009633962968,0.214874837481396,-0.933884471444399
0.987897933686924,0.706338259267674,0.232883711661834,-0.939221970929485
0.987958133529714,0.693414276478177,0.250809239496995,-0.94422351597517
0.988030633794296,0.677520936322502,0.272277574972168,-0.949798511294681
0.988103134058878,0.661276117991477,0.293604663793936,-0.954880781785421
0.98817563432346,0.644688249895325,0.314779454678704,-0.959467704574012
0.988248134588042,0.627765947675309,0.335790938189592,-0.963556885864916
0.988320634852623,0.610517985784107,0.356628232361541,-0.967146218145677
0.988393135117205,0.59295331879657,0.3772805077518,-0.970233826548354
0.98848130243896,0.571179653218501,0.402130589989446,-0.973310243207925
0.988569469760716,0.548967735632256,0.426672234973797,-0.97563997060607
0.988657637082471,0.52633464012633,0.450886591446823,-0.977221231573201
0.988745804404226,0.503297742676674,0.474755057433332,-0.978052800109978
0.988833971725982,0.479874725290624,0.498259324139382,-0.978134049429993
0.988922139047737,0.456083558631372,0.521381347040643,-0.977464905671973
0.989010306369492,0.431942497992732,0.544103395103678,-0.976045893096418
0.989098473691248,0.407470062558779,0.56640802697352,-0.973878089532282
0.989186641013003,0.382685029028513,0.588278139436301,-0.970963168464829
0.98929504524542,0.351811310718328,0.614547222548761,-0.966358533267076
0.989403449477836,0.320529420765762,0.640103770324348,-0.960633191090069
0.989511853710253,0.288875737978184,0.664918053723452,-0.953793791701631
0.989620257942669,0.256886994716542,0.688961283272232,-0.945848277988751
0.989728662175086,0.224600314257938,0.712205545658455,-0.936805859916348
0.989837066407502,0.192053135399013,0.734623894215722,-0.926677029614751
0.989945470639919,0.159283217813298,0.756190309620714,-0.915473527433991
0.990053874872335,0.126328556934762,0.776879793982873,-0.903208350917643
0.990162279104752,0.0932273827448397,0.796668335334067,-0.889895718078891
0.990270683337168,0.0600180744234082,0.815532997843665,-0.875551072267035
0.990379087569585,0.02673915633756,0.833451887067004,-0.860191043404565
0.990487491802001,-0.0065707861130908,0.850404235237933,-0.843833449124823
0.990595896034418,-0.039873112539007,0.866370366652135,-0.82649725411311
0.99066350924381,-0.0606240411977469,0.875821436881776,-0.81519739568404
0.990731122453202,-0.0813474473368461,0.884877273613158,-0.803529826276316
0.990798735662594,-0.102034073150544,0.893533836857141,-0.791499763706571
0.990866348871986,-0.122674587106103,0.901787214456714,-0.779112627350628
0.990958508180126,-0.150716831008101,0.912380664473777,-0.761663833465665
0.991050667488267,-0.17863282218111,0.922209372304134,-0.743576550123002
0.99111086733561,-0.196789069326646,0.928212935311728,-0.73142386598506
0.991171067182953,-0.214874836666323,0.933884468442283,-0.719009631775944
0.991231267030297,-0.232883712198345,0.93922196828783,-0.706338256089463
0.99129146687764,-0.250809241371434,0.944223513642912,-0.693414272271457
0.991363967139562,-0.272277576034351,0.949798508668045,-0.677520932633689
0.991436467401484,-0.293604664052403,0.954880778900183,-0.66127611484775
0.991508967663406,-0.314779454143183,0.959467701466193,-0.644688247322951
0.991581467925328,-0.335790936871073,0.963556882570745,-0.627765945699639
0.991653968187251,-0.356628230272183,0.967146214701763,-0.610517984429516
0.991726468449173,-0.377280504905031,0.970233822991451,-0.59295331808642
0.991814635793922,-0.402130593588293,0.973310240367534,-0.571179646779257
0.991902803138672,-0.426672244852918,0.975639968092269,-0.54896772323936
0.991990970483421,-0.450886607426078,0.977221228994818,-0.526334621568721
0.992079137828171,-0.474755079318248,0.97805279707543,-0.503297717757171
0.99216730517292,-0.498259351721335,0.978134045547536,-0.479874693826155
0.99225547251767,-0.521381380097223,0.977464900550482,-0.456083520453251
0.992343639862419,-0.544103433399064,0.976045886346047,-0.431942452946945
0.992431807207169,-0.566408070258776,0.973878080765025,-0.407470010506234
0.992519974551918,-0.588278187449685,0.97096315729501,-0.382684969845307
0.992628378784412,-0.614547269258054,0.966358519962811,-0.351811250704753
0.992736783016906,-0.640103815671407,0.960633175661183,-0.320529359989776
0.9928451872494,-0.664918097651731,0.953793774160325,-0.288875676508584
0.992953591481893,-0.688961325726783,0.945848258349805,-0.256886932622971
0.993061995714387,-0.712205586586015,0.93680583819682,-0.224600251610791
0.993170399946881,-0.734623933564807,0.926677005834171,-0.192053072269358
0.993278804179375,-0.756190347341602,0.915473501614469,-0.159283154272849
0.993387208411869,-0.776879830027678,0.903208323083485,-0.126328493055737
0.993495612644362,-0.796668369656873,0.889895688256796,-0.0932273185999149
0.993604016876856,-0.815533030400452,0.875551040486075,-0.0600180100856194
0.99371242110935,-0.833451917815837,0.86019100969605,-0.0267390918801872
0.993820825341844,-0.850404264138934,0.843833413522412,0.0065708506164998
0.993929229574338,-0.866370393667423,0.826497216652587,0.0398731770148809
0.993996842719175,-0.875821453861184,0.815197368056376,0.0606240858048151
0.994064455864013,-0.884877281302453,0.803529809194786,0.0813474721077027
0.99413206900885,-0.893533836014031,0.791499757869477,0.102034078144574
0.994199682153688,-0.901787205850264,0.779112633440895,0.122674572409366
0.994291841444654,-0.912380654390215,0.761663843229554,0.150716811160676
0.994384000735619,-0.922209361034874,0.743576563787256,0.17863279724762
0.994444200614669,-0.92821292758975,0.731423873556434,0.196789054033334
0.99450440049372,-0.933884463919808,0.71900963297481,0.214874830945008
0.99456460037277,-0.93922196661375,0.706338250643271,0.232883715970494
0.994624800251821,-0.944223514463056,0.693414259914681,0.250809254548398
0.994697300511285,-0.949798509030799,0.677520920621121,0.272277588409672
0.99476980077075,-0.954880778837457,0.66127610320774,0.293604675629717
0.994842301030215,-0.959467701010291,0.644688236082952,0.314779464927331
0.99491480128968,-0.963556881754412,0.627765934886372,0.335790946868048
0.994987301549145,-0.967146213557972,0.610517974068842,0.35662823948913
0.99505980180861,-0.970233821553624,0.592953308203351,0.377280513350263
0.995147969148164,-0.973310238549657,0.571179638060151,0.402130600489494
0.995236136487717,-0.975639965981863,0.548967715739907,0.426672250241951
0.995324303827271,-0.977221226679827,0.52633461534166,0.450886611338178
0.995412471166825,-0.978052794644066,0.50329771285209,0.474755081791963
0.995500638506378,-0.978134043088197,0.479874690289695,0.498259352798493
0.995588805845932,-0.977464898151673,0.45608351832883,0.521381379822853
0.995676973185486,-0.976045884096013,0.431942452274732,0.544103431821309
0.995765140525039,-0.973878078751911,0.407470011323103,0.566408067428816
0.995853307864593,-0.970963155606504,0.38268497218482,0.588278183421719
0.99596171209708,-0.966358518488728,0.35181125312742,0.614547265361337
0.996070116329567,-0.960633174400576,0.320529362488822,0.640103811911776
0.996178520562054,-0.953793773111911,0.288875679077043,0.664918094034878
0.996286924794541,-0.945848257512043,0.256886935253857,0.68896132225819
0.996395329027029,-0.936805837568029,0.224600254297025,0.712205583271029
0.996503733259516,-0.926677005412341,0.192053075003775,0.734623930408585
0.996612137492003,-0.915473501397355,0.159283157048234,0.756190344349115
0.99672054172449,-0.903208323068584,0.126328495864823,0.776879827203762
0.996828945956977,-0.889895688441506,0.0932273214353907,0.796668367006089
0.996937350189464,-0.875551040867393,0.0600180129401873,0.815533027927247
0.997045754421951,-0.860191010270804,0.0267390947464731,0.83345191552435
0.997154158654439,-0.843833414287235,-0.00657084774591044,0.850404262033135
0.997262562886926,-0.826497217603833,-0.0398731741473602,0.866370391751191
0.99733017603258,-0.815197368982485,-0.0606240831948563,0.875821452177395
0.997397789178235,-0.803529810085335,-0.0813474697574019,0.884877279842723
0.99746540232389,-0.791499758714207,-0.102034076055658,0.893533834769832
0.997533015469545,-0.779112634229703,-0.122674570583279,0.901787204812951
0.997625174728098,-0.761663850390194,-0.15071679951558,0.912380649905763
0.997717333986652,-0.743576577760903,-0.178632775884827,0.922209353645729
0.997777533892838,-0.731423882353661,-0.196789040930731,0.928212923284395
0.997837733799025,-0.719009636355764,-0.214874826045137,0.933884462400863
0.997897933705212,-0.706338248373949,-0.232883719207136,0.939221967581053
0.997958133611399,-0.693414251767198,-0.250809265846581,0.94422351761376
0.998030633871074,-0.677520912298334,-0.272277599720749,0.949798512019076
0.998103134130749,-0.66127609471068,-0.2936046869488,0.954880781659466
0.998175634390424,-0.644688227412731,-0.314779476249493,0.959467703662219
0.998248134650099,-0.627765926044266,-0.335790958188256,0.963556884232537
0.998320634909774,-0.610517965056289,-0.356628250802354,0.967146215858636
0.998393135169449,-0.592953299021945,-0.377280524651342,0.970233823673265
0.998481302480846,-0.57117963576347,-0.40213060380999,0.973310239573456
0.998569469792242,-0.548967720607856,-0.426672245778814,0.975639966386629
0.998657637103638,-0.526334627637671,-0.450886599306497,0.977221226944128
0.998745804415035,-0.503297732822801,-0.47475506242451,0.978052795247297
0.998833971726431,-0.479874718164495,-0.498259326345394,0.978134044509857
0.998922139037827,-0.456083554319591,-0.521381346551173,0.977464900870763
0.999010306349224,-0.431942496575426,-0.544103392014755,0.976045888590178
0.99909847366062,-0.407470064109535,-0.56640802138713,0.973878085496673
0.999186640972017,-0.382685033614228,-0.58827813146045,0.970963165074687
0.99929504520442,-0.351811315469025,-0.614547214833354,0.966358530302363
0.999403449436824,-0.32052942566788,-0.640103762880973,0.96063318854886
0.999511853669227,-0.288875743017959,-0.664918046563395,0.953793789581343
0.999620257901631,-0.256886999880051,-0.688961276406403,0.945848276286437
0.999728662134034,-0.224600319531185,-0.712205539097394,0.936805858628606
0.999837066366438,-0.192053140767769,-0.734623887969716,0.926677028737471
0.999945470598841,-0.159283223263277,-0.756190303699631,0.915473526962899
1.00005387483125,-0.126328562451543,-0.776879788396217,0.903208350847738
1.00016227906365,-0.0932273883139364,-0.796668330090964,0.889895718404878
1.00027068329605,-0.0600180800302663,-0.815532992952809,0.875551072983072
1.00037908752846,-0.0267391619675475,-0.833451882536744,0.860191044504299
1.00048749176086,0.00657078047457948,-0.850404231076172,0.843833450601594
1.00059589599326,0.039873106906665,-0.866370362866292,0.826497255959657
1.00066350920419,0.0606240360507158,-0.875821433545639,0.815197397494928
1.00073112241512,0.0813474426793617,-0.884877270711156,0.803529828031772
1.00079873562605,0.102034068986194,-0.893533834373305,0.791499765387091
1.00086634883698,0.122674583437836,-0.901787212374828,0.779112628936971
1.00095850808027,0.150716807693985,-0.912380655495154,0.761663847801167
1.00105066732356,0.178632779423778,-0.922209357514019,0.743576578090235
1.00111086722521,0.196789043100718,-0.928212926693333,0.731423883592574
1.00117106712687,0.214874826856877,-0.933884465400448,0.719009638543572
1.00123126702852,0.232883718672813,-0.939221970221787,0.706338251548967
1.00129146693017,0.25080926397983,-0.944223519946562,0.693414255966748
1.00136396719251,0.272277598666937,-0.949798514646182,0.677520915979255
1.00143646745485,0.293604686699368,-0.954880784545128,0.661276097845754
1.00150896771718,0.314779476794667,-0.959467706770364,0.644688229975708
1.00158146797952,0.335790959517056,-0.963556887526876,0.627765928009808
1.00165396824186,0.356628252902604,-0.967146219302575,0.610517966399974
1.00172646850419,0.377280527509594,-0.970233827229988,0.592953299720381
1.00181463579262,0.402130600228006,-0.973310242413874,0.571179642185866
1.00190280308104,0.426672235921814,-0.975639968900374,0.548967732978553
1.00199097036946,0.450886583354439,-0.977221229521923,0.526334646167481
1.00207913765788,0.47475504057169,-0.978052798280535,0.503297757708814
1.0021673049463,0.498259298800278,-0.978134048389915,0.4798747495896
1.00225547223473,0.521381313535953,-0.977464905988323,0.456083592452348
1.00234363952315,0.544103353765025,-0.976045895334807,0.431942541569759
1.00243180681157,0.56640797815166,-0.973878094256101,0.4074701161044
1.00251997409999,0.588278083500705,-0.970963176234141,0.38268509273343
1.00262837833232,0.614547168176419,-0.966358543593876,0.351811375417418
1.00273678256465,0.640103717585031,-0.96063320396263,0.320529486377564
1.00284518679697,0.664918002684935,-0.953793807105126,0.288875804420177
1.0029535910293,0.688961234000245,-0.945848295905532,0.256887061905256
1.00306199526163,0.712205498216729,-0.93680588032577,0.22460038210904
1.00317039949396,0.734623848666012,-0.926677052493288,0.192053203827257
1.00327880372628,0.756190266022489,-0.91547355275531,0.1592832867328
1.00338720795861,0.776879752393411,-0.903208378652392,0.126328626258963
1.00349561219094,0.796668295808403,-0.889895748195059,0.0932274523866631
1.00360401642327,0.81553296043442,-0.875551104729765,0.0600181442953512
1.00371242065559,0.833451851824391,-0.860191078176164,0.026739226351753
1.00382082488792,0.850404202209735,-0.84383348616507,-0.00657071604469649
1.00392922912025,0.866370335883518,-0.82649729337893,-0.0398730425046114
1.00399684239566,0.875821416587497,-0.815197425092205,-0.0606239914952898
1.00406445567107,0.884877263032714,-0.803529845094763,-0.0813474179379525
1.00413206894648,0.893533835217666,-0.791499771218149,-0.102034063999521
1.0041996822219,0.901787220973835,-0.779112622853937,-0.122674598119914
1.00429184148236,0.912380665571579,-0.761663838044983,-0.150716827526634
1.00438400074282,0.922209368776499,-0.743576564434151,-0.17863280434238
1.00444420061279,0.928212934410661,-0.731423876025649,-0.196789058385025
1.00450440048275,0.9338844699203,-0.719009637345264,-0.21487483257506
1.00456460035272,0.939221971894975,-0.706338256991672,-0.23288371490333
1.00462480022268,0.944223519127026,-0.693414268315737,-0.250809250811268
1.00469730048747,0.949798514283106,-0.677520927986158,-0.272277586296965
1.00476980075225,0.954880784606741,-0.661276109482384,-0.29360467512437
1.00484230101704,0.959467707224522,-0.644688241214651,-0.314779466009874
1.00491480128182,0.963556888340936,-0.627765938824467,-0.335790949516467
1.0049873015466,0.967146220443721,-0.610517976764605,-0.356628243679123
1.00505980181139,0.970233828664995,-0.59295330961001,-0.37728051905498
1.00514796910499,0.973310244228676,-0.57117965091594,-0.402130593312742
1.00523613639859,0.975639971007767,-0.548967740493536,-0.426672230514222
1.00532430369219,0.977221231834283,-0.52633465241493,-0.450886579419388
1.00541247098579,0.97805280070989,-0.503297762639095,-0.47475503807082
1.00550063827939,0.97813405084818,-0.479874753156303,-0.498259297691879
1.00558880557299,0.977464908387318,-0.456083594612153,-0.521381313775175
1.00567697286659,0.976045897586496,-0.431942542282582,-0.544103355303931
1.00576514016019,0.973878096272639,-0.407470115333461,-0.566407980939206
1.0058533074538,0.970963177928235,-0.382685090445306,-0.588278087482917
1.00596171168613,0.966358545075483,-0.35181137304684,-0.614547172028629
1.00607011591846,0.960633205232688,-0.320529483931297,-0.640103721301407
1.0061785201508,0.953793808164976,-0.288875801905113,-0.664918006259869
1.00628692438313,0.945848296756606,-0.256887059328357,-0.688961237428272
1.00639532861547,0.936805880969843,-0.224600379477278,-0.71220550149257
1.0065037328478,0.926677052932262,-0.192053201147735,-0.734623851784525
1.00661213708013,0.915473552991431,-0.15928328401267,-0.756190268978737
1.00672054131247,0.903208378688111,-0.1263286235054,-0.776879755182721
1.0068289455448,0.889895748033006,-0.0932274496068991,-0.796668298426114
1.00693734977714,0.875551104372908,-0.0600181414966796,-0.815532962876254
1.00704575400947,0.86019107762763,-0.0267392235414573,-0.833451854086153
1.0071541582418,0.84383348542819,0.00657071885928947,-0.850404204287485
1.00726256247414,0.826497292457316,0.0398730453161631,-0.866370337773473
1.00733017574879,0.815197424187459,0.0606239940661558,-0.875821418253612
1.00739778902344,0.803529844216681,0.0813474202660292,-0.884877264482705
1.00746540229809,0.791499770376435,0.102034066083004,-0.893533836459453
1.00753301557274,0.7791126220581,0.122674599957314,-0.901787222015395
1.0076251748656,0.761663830878794,0.150716839180279,-0.91238067005907
1.00771733415847,0.743576550456623,0.178632825710992,-0.922209376167589
1.00777753400129,0.731423867226005,0.196789071491153,-0.928212938717181
1.00783773384411,0.719009633963469,0.214874837476143,-0.933884471439595
1.00789793368693,0.706338259261772,0.232883711665631,-0.939221970927395
1.00795813352975,0.693414276465703,0.250809239509786,-0.944223515975476
1.00803063379435,0.677520936307104,0.272277574988505,-0.949798511295558
1.00810313405894,0.661276117973098,0.293604663813755,-0.954880781786811
1.00817563432354,0.64468824987378,0.314779454701947,-0.959467704575712
1.00824813458813,0.627765947650565,0.335790938216193,-0.963556885866741
1.00832063485272,0.610517985756042,0.3566282323914,-0.967146218147453
1.00839313511732,0.592953318765067,0.377280507784892,-0.970233826549941
1.00848130243909,0.57117965318339,0.402130590025541,-0.973310243208935
1.00856946976085,0.548967735593458,0.42667223501284,-0.975639970606306
1.00865763708262,0.526334640083726,0.450886591488652,-0.977221231572374
1.00874580440439,0.503297742630197,0.474755057477807,-0.978052800108006
1.00883397172615,0.479874725240213,0.498259324186401,-0.978134049426642
1.00892213904792,0.45608355857694,0.521381347090039,-0.977464905666953
1.00901030636969,0.43194249793425,0.544103395155335,-0.976045893089596
1.00909847369146,0.407470062496188,0.566408027027257,-0.973878089523439
1.00918664101322,0.382685028961795,0.58827813949198,-0.97096316845378
1.00929504524564,0.351811310650587,0.614547222603086,-0.966358533253661
1.00940344947806,0.320529420697135,0.640103770377266,-0.96063319107438
1.00951185371048,0.288875737908747,0.664918053774909,-0.953793791683647
1.00962025794289,0.256886994646335,0.688961283322182,-0.94584827796845
1.00972866217531,0.22460031418706,0.712205545706758,-0.936805859893795
1.00983706640773,0.192053135327523,0.734623894262407,-0.926677029589867
1.00994547064014,0.159283217741273,0.75619030966566,-0.915473527406931
1.01005387487256,0.126328556862301,0.77687979402607,-0.903208350888361
1.01016227910498,0.0932273826719939,0.796668335375426,-0.889895718047399
1.01027068333739,0.0600180743502871,0.815532997883128,-0.87555107223339
1.01037908756981,0.0267391562642055,0.833451887104575,-0.860191043368747
1.01048749180223,-0.00657078618655344,0.850404235273502,-0.843833449086954
1.01059589603464,-0.0398731126125227,0.86637036668567,-0.826497254073114
1.01066350924397,-0.0606240412494649,0.875821436904343,-0.815197395654867
1.01073112245329,-0.0813474473667825,0.884877273625522,-0.803529826258713
1.01079873566261,-0.102034073158781,0.89353383686012,-0.791499763701314
1.01086634887193,-0.122674587092721,0.901787214451164,-0.779112627358457
1.01095850818002,-0.150716830981262,0.912380664463766,-0.761663833482488
1.01105066748812,-0.17863282214095,0.922209372290402,-0.743576550149413
1.01111086733551,-0.196789069301914,0.928212935303683,-0.731423866001746
1.01117106718291,-0.214874836656918,0.933884468439449,-0.719009631782502
1.0112312670303,-0.232883712204128,0.939221968289597,-0.70633825608544
1.0112914668777,-0.250809241392276,0.944223513648707,-0.693414272256399
1.01136396713963,-0.272277576059674,0.94979850867457,-0.67752093261489
1.01143646740157,-0.293604664082116,0.954880778907233,-0.661276114825131
1.01150896766351,-0.314779454177241,0.959467701473566,-0.644688247296303
1.01158146792545,-0.335790936909367,0.963556882578233,-0.627765945668873
1.01165396818738,-0.356628230314613,0.967146214709122,-0.610517984394518
1.01172646844932,-0.377280504951507,0.970233822998554,-0.592953318047035
1.01181463579407,-0.402130593632543,0.973310240373188,-0.571179646740612
1.01190280313881,-0.426672244894949,0.975639968096543,-0.548967723201573
1.01199097048355,-0.450886607465903,0.977221228997856,-0.526334621531919
1.0120791378283,-0.47475507935588,0.978052797077322,-0.50329771772142
1.01216730517304,-0.498259351756798,0.978134045548376,-0.479874693791529
1.01225547251778,-0.521381380130532,0.977464900550384,-0.456083520419812
1.01234363986253,-0.544103433430297,0.976045886345119,-0.431942452914793
1.01243180720727,-0.566408070287918,0.973878080763345,-0.407470010475435
1.01251997455201,-0.588278187476814,0.970963157292719,-0.382684969815893
1.0126283787845,-0.61454726928442,0.96635851995961,-0.351811250675179
1.012736783017,-0.640103815696926,0.960633175657078,-0.32052935996011
1.01284518724949,-0.664918097676466,0.953793774155339,-0.288875676478842
1.01295359148198,-0.688961325750653,0.945848258343913,-0.256886932593196
1.01306199571448,-0.712205586609015,0.936805838190075,-0.224600251581022
1.01317039994697,-0.734623933586988,0.926677005826622,-0.192053072239626
1.01327880417946,-0.75619034736291,0.915473501606093,-0.159283154243183
1.01338720841196,-0.776879830048108,0.90320832307432,-0.126328493026177
1.01349561264445,-0.796668369676424,0.889895688246921,-0.0932273185704564
1.01360401687694,-0.815533030419124,0.875551040475516,-0.060018010056353
1.01371242110944,-0.83345191783363,0.860191009684775,-0.0267390918511311
1.01382082534193,-0.85040426415582,0.843833413510485,0.00657085064535316
1.01392922957442,-0.866370393683475,0.826497216640038,0.0398731770434698
1.01399684271922,-0.875821453871895,0.81519736804942,0.0606240858224832
1.01406445586403,-0.884877281308217,0.803529809193739,0.0813474721144807
1.01413206900883,-0.893533836015245,0.791499757874783,0.102034078140475
1.01419968215363,-0.901787205847354,0.77911263345293,0.122674572394452
1.01429184144456,-0.912380654383974,0.761663843248608,0.150716811135414
1.01438400073549,-0.922209361025943,0.743576563813794,0.178632797212143
1.01444420061459,-0.928212927586133,0.731423873573761,0.196789054012398
1.01450440049369,-0.933884463920996,0.719009632982526,0.214874830938492
1.01456460037279,-0.939221966619218,0.706338250640944,0.232883715978277
1.01462480025188,-0.944223514472238,0.693414259901938,0.250809254570325
1.01469730051134,-0.949798509038499,0.677520920611227,0.272277588427316
1.01476980077079,-0.954880778843931,0.661276103200783,0.29360467564313
1.01484230103024,-0.959467701015653,0.644688236079102,0.314779464936575
1.01491480128969,-0.963556881758868,0.627765934885716,0.335790946873167
1.01498730154914,-0.967146213561743,0.610517974071524,0.35662823949022
1.01505980180859,-0.970233821556863,0.592953308209519,0.377280513347378
1.01514796914812,-0.973310238552333,0.571179638072414,0.402130600479935
1.01523613648765,-0.975639965984403,0.548967715758499,0.42667225022591
1.01532430382718,-0.977221226682541,0.52633461536676,0.450886611315813
1.01541247116671,-0.978052794647473,0.503297712883969,0.474755081763532
1.01550063850624,-0.978134043092681,0.479874690328483,0.498259352764213
1.01558880584577,-0.977464898157611,0.456083518374706,0.521381379782922
1.0156769731853,-0.976045884103879,0.431942452327849,0.544103431776024
1.01576514052483,-0.973878078762031,0.40747001138363,0.566408067378433
1.01585330786436,-0.970963155619339,0.382684972252852,0.588278183366485
1.01596171209684,-0.966358518504039,0.351811253196426,0.614547265307608
1.01607011632933,-0.960633174418295,0.320529362558702,0.640103811859599
1.01617852056182,-0.953793773132043,0.288875679147733,0.664918093984314
1.0162869247943,-0.945848257534605,0.25688693532526,0.68896132220934
1.01639532902679,-0.936805837592979,0.224600254369057,0.712205583223958
1.01650373325928,-0.926677005439667,0.192053075076395,0.734623930363282
1.01661213749177,-0.915473501427028,0.159283157121339,0.756190344305709
1.01672054172425,-0.903208323100605,0.126328495938319,0.77687982716226
1.01682894595674,-0.889895688475789,0.0932273215091999,0.796668366966583
1.01693735018923,-0.875551040903971,0.0600180130142206,0.815533027889752
1.01704575442171,-0.860191010309567,0.0267390948206572,0.833451915488919
1.0171541586542,-0.843833414328183,-0.00657084767164956,0.850404261999835
1.01726256288669,-0.826497217646879,-0.039873174073145,0.866370391720037
1.01733017603241,-0.815197369014951,-0.0606240831422357,0.875821452157216
1.01739778917814,-0.803529810106399,-0.0813474697263524,0.884877279832747
1.01746540232386,-0.791499758723103,-0.102034076046122,0.893533834769239
1.01753301546959,-0.779112634225707,-0.122674570595148,0.901787204820854
1.01762517472815,-0.761663850384912,-0.150716799528951,0.912380649913848
1.0177173339867,-0.743576577754294,-0.178632775899662,0.922209353653954
1.01777753389287,-0.731423882350383,-0.196789040940253,0.928212923290618
1.01783773379904,-0.719009636355925,-0.214874826049398,0.933884462405334
1.01789793370521,-0.706338248377732,-0.232883719206156,0.939221967583881
1.01795813361138,-0.693414251774802,-0.250809265840416,0.944223517615253
1.01803063387105,-0.677520912306653,-0.272277599713767,0.949798512020459
1.01810313413073,-0.66127609471975,-0.293604686941031,0.954880781660761
1.0181756343904,-0.64468822742257,-0.314779476240914,0.959467703663479
1.01824813465007,-0.627765926054931,-0.3357909581789,0.963556884233802
1.01832063490974,-0.610517965067769,-0.356628250792252,0.967146215859978
1.01839313516942,-0.592953299034259,-0.377280524640485,0.970233823674692
1.01848130248081,-0.571179635777171,-0.40213060379789,0.973310239575041
1.0185694697922,-0.548967720622983,-0.4266722457655,0.975639966388488
1.01865763710359,-0.526334627654242,-0.45088659929201,0.97722122694625
1.01874580441498,-0.503297732840909,-0.474755062408917,0.978052795249808
1.01883397172637,-0.479874718184116,-0.498259326328762,0.978134044512866
1.01892213903776,-0.456083554340768,-0.521381346533538,0.977464900874297
1.01901030634916,-0.431942496598215,-0.544103391996135,0.976045888594356
1.01909847366055,-0.407470064133928,-0.566408021367637,0.973878085501561
1.01918664097194,-0.382685033640253,-0.588278131440117,0.97096316508037
1.01929504520434,-0.35181131549517,-0.614547214813678,0.966358530308818
1.01940344943675,-0.320529425694084,-0.640103762861997,0.96063318855605
1.01951185366915,-0.288875743044227,-0.66491804654511,0.953793789589329
1.01962025790156,-0.256886999906333,-0.688961276388817,0.945848276295102
1.01972866213396,-0.22460031955744,-0.712205539080529,0.936805858637916
1.01983706636636,-0.192053140793978,-0.734623887953556,0.926677028747533
1.01994547059877,-0.159283223289419,-0.756190303684191,0.91547352697361
1.02005387483117,-0.126328562477611,-0.776879788381497,0.903208350859084
1.02016227906358,-0.0932273883398806,-0.796668330076981,0.88989571841684
1.02027068329598,-0.0600180800560761,-0.815532992939539,0.875551072995631
1.02037908752839,-0.0267391619931923,-0.833451882524223,0.860191044517422
1.02048749176079,0.0065707804491407,-0.850404231064416,0.843833450615242
1.02059589599319,0.0398731068814687,-0.866370362855315,0.826497255973823
1.02066350920414,0.0606240360322224,-0.87582143353798,0.815197397505757
1.0207311224151,0.0813474426675537,-0.884877270706634,0.803529828039047
1.02079873562605,0.102034068981053,-0.89353383437167,0.791499765390597
1.020866348837,0.122674583439326,-0.901787212375808,0.779112628936476
1.02095850808032,0.150716807706412,-0.912380655499948,0.761663847793529
1.02105066732365,0.178632779447033,-0.922209357522108,0.743576578075037
1.02111086722527,0.196789043115332,-0.928212926698173,0.731423883582793
1.0211710671269,0.214874826862917,-0.933884465402334,0.719009638539408
1.02123126702852,0.232883718670327,-0.939221970221061,0.706338251550696
1.02129146693015,0.25080926396888,-0.944223519943555,0.693414255974633
1.02136396719246,0.272277598650001,-0.949798514641813,0.677520915991788
1.02143646745478,0.293604686676533,-0.954880784539672,0.661276097863158
1.0215089677171,0.314779476766051,-0.959467706764212,0.6446882299981
1.02158146797941,0.335790959482749,-0.963556887520149,0.627765928037415
1.02165396824173,0.35662825286268,-0.967146219295642,0.610517966432965
1.02172646850405,0.377280527464229,-0.970233827223154,0.592953299758882
1.02181463579248,0.402130600187264,-0.973310242408676,0.57117964222139
1.02190280308092,0.426672235885617,-0.97563996889663,0.548967733011014
1.02199097036936,0.450886583322699,-0.977221229519379,0.526334646196671
1.02207913765779,0.474755040544334,-0.978052798278919,0.503297757734584
1.02216730494623,0.498259298777173,-0.978134048388991,0.479874749611817
1.02225547223467,0.521381313516973,-0.977464905987861,0.456083592470858
1.0223436395231,0.544103353750067,-0.976045895334534,0.431942541584448
1.02243180681154,0.566407978140571,-0.973878094255743,0.407470116115123
1.02251997409998,0.588278083493366,-0.970963176233512,0.38268509274012
1.02262837833231,0.614547168169251,-0.966358543593386,0.351811375424099
1.02273678256463,0.640103717577971,-0.960633203962245,0.320529486384228
1.02284518679696,0.664918002678018,-0.953793807104856,0.288875804426833
1.02295359102929,0.688961233993488,-0.945848295905371,0.256887061911898
1.02306199526162,0.712205498210116,-0.936805880325786,0.224600382115639
1.02317039949394,0.734623848659504,-0.926677052493384,0.192053203833836
1.02327880372627,0.756190266016135,-0.91547355275551,0.159283286739349
1.0233872079586,0.776879752387249,-0.903208378652686,0.12632862626544
1.02349561219093,0.796668295802359,-0.889895748195454,0.0932274523930952
1.02360401642325,0.815532960428511,-0.875551104730221,0.0600181443017228
1.02371242065558,0.833451851818608,-0.86019107817671,0.0267392263580808
1.02382082488791,0.8504042022041,-0.843833486165666,-0.00657071603845635
1.02392922912024,0.866370335878009,-0.826497293379601,-0.0398730424984436
1.02399684239565,0.875821416582567,-0.815197425092309,-0.0606239914903233
1.02406445567107,0.884877263028374,-0.803529845094165,-0.081347417934228
1.02413206894648,0.893533835213871,-0.791499771216843,-0.102034063997025
1.0241996822219,0.901787220970506,-0.779112622851876,-0.122674598118635
1.02429184148238,0.912380665569678,-0.761663838040271,-0.150716827529413
1.02438400074286,0.922209368775808,-0.743576564426677,-0.178632804349154
1.02444420061281,0.928212934408949,-0.731423876019855,-0.196789058389135
1.02450440048277,0.933884469917674,-0.719009637341145,-0.214874832576524
1.02456460035272,0.939221971891482,-0.706338256989336,-0.23288371490219
1.02462480022268,0.944223519122812,-0.693414268315277,-0.250809250807541
1.02469730048746,0.949798514278732,-0.677520927986299,-0.272277586292439
1.02476980075224,0.954880784602219,-0.661276109483161,-0.293604675119065
1.02484230101702,0.95946770721985,-0.644688241216123,-0.314779466003767
1.02491480128181,0.963556888336237,-0.627765938826629,-0.335790949509613
1.02498730154659,0.967146220438957,-0.610517976767473,-0.35662824367151
1.02505980181137,0.970233828660215,-0.592953309613576,-0.377280519046657
1.02514796910499,0.973310244224666,-0.571179650914804,-0.402130593309909
1.02523613639861,0.975639971004207,-0.548967740487536,-0.426672230516724
1.02532430369223,0.977221231830839,-0.526334652403737,-0.450886579427089
1.02541247098585,0.978052800706209,-0.503297762622668,-0.474755038083559
1.02550063827947,0.978134050843916,-0.479874753134448,-0.498259297709466
1.02558880557309,0.977464908382207,-0.456083594584754,-0.521381313797446
1.02567697286671,0.976045897580162,-0.431942542249479,-0.544103355330678
1.02576514016033,0.97387809626477,-0.407470115294535,-0.566407980970231
1.02585330745395,0.970963177918486,-0.382685090400453,-0.588278087518013
1.02596171168628,0.96635854506419,-0.351811373001869,-0.61454717206231
1.02607011591861,0.960633205219971,-0.320529483886281,-0.640103721333664
1.02617852015095,0.953793808150768,-0.288875801860134,-0.664918006290674
1.02628692438328,0.945848296741041,-0.256887059283414,-0.688961237457657
1.02639532861561,0.936805880952949,-0.224600379432485,-0.712205501520476
1.02650373284794,0.926677052914093,-0.192053201103187,-0.734623851810915
1.02661213708028,0.915473552972022,-0.159283283968373,-0.756190269003672
1.02672054131261,0.903208378667543,-0.126328623461405,-0.77687975520611
1.02682894554494,0.889895748011373,-0.0932274495633068,-0.796668298448074
1.02693734977727,0.875551104350154,-0.0600181414534783,-0.815532962896687
1.0270457540096,0.860191077603883,-0.0267392234987541,-0.833451854105102
1.02715415824194,0.843833485403445,0.00657071890147573,-0.850404204304907
1.02726256247427,0.826497292431696,0.0398730453577711,-0.866370337789433
1.02733017574888,0.815197424168486,0.0606239940944058,-0.875821418262897
1.02739778902348,0.80352984420487,0.0813474202809271,-0.884877264485767
1.02746540229809,0.791499770372238,0.102034066084582,-0.893533836456816
1.02753301557269,0.779112622061943,0.122674599945644,-0.901787222007582
1.02762517486555,0.761663830884961,0.150716839165463,-0.912380670050438
1.02771733415841,0.743576550465252,0.178632825693112,-0.92220937615833
1.02777753400125,0.731423867230096,0.19678907148042,-0.928212938710542
1.0278377338441,0.719009633962831,0.214874837472531,-0.933884471435362
1.02789793368694,0.706338259256187,0.232883711669075,-0.939221970925315
1.02795813352978,0.693414276455013,0.250809239520196,-0.94422351597522
1.02803063379436,0.677520936301282,0.272277574992164,-0.949798511293461
1.02810313405893,0.661276117972338,0.29360466381077,-0.954880781783104
1.0281756343235,0.644688249878361,0.314779454692411,-0.959467704570776
1.02824813458807,0.627765947660647,0.335790938200186,-0.963556885860796
1.02832063485264,0.610517985771818,0.356628232369082,-0.967146218140876
1.02839313511721,0.592953318786717,0.377280507756355,-0.970233826543083
1.02848130243895,0.571179653212427,0.402130589989684,-0.973310243202101
1.02856946976069,0.548967735630096,0.426672234969861,-0.975639970599987
1.02865763708243,0.526334640128246,0.45088659143881,-0.977221231567023
1.02874580440417,0.503297742682748,0.47475505742137,-0.978052800104096
1.02883397172591,0.479874725301009,0.498259324123597,-0.978134049424625
1.02892213904765,0.456083558646168,0.521381347021219,-0.977464905667419
1.02901030636939,0.431942498012058,0.544103395080765,-0.976045893092848
1.02909847369113,0.407470062582726,0.566408026947263,-0.973878089529968
1.02918664101287,0.382685029057173,0.588278139406864,-0.970963168464031
1.02929504524529,0.35181131074768,0.614547222519976,-0.966358533267666
1.02940344947771,0.320529420795841,0.640103770296245,-0.960633191092077
1.02951185371012,0.288875738008918,0.664918053696112,-0.953793791705004
1.02962025794254,0.256886994747867,0.688961283245695,-0.945848277993538
1.02972866217495,0.224600314289837,0.71220554563272,-0.936805859922528
1.02983706640737,0.192053135431456,0.734623894190859,-0.926677029622282
1.02994547063978,0.159283217846224,0.756190309596773,-0.915473527442962
1.0300538748722,0.126328556968122,0.77687979395992,-0.903208350928021
1.03016227910462,0.0932273827785975,0.796668335312107,-0.889895718090705
1.03027068333703,0.0600180744575417,0.815532997822741,-0.87555107228028
1.03037908756945,0.0267391563719941,0.833451887047135,-0.860191043419123
1.03048749180186,-0.00657078607841002,0.850404235219217,-0.843833449140788
1.03059589603428,-0.0398731125041306,0.86637036663457,-0.82649725413042
1.0306635092437,-0.0606240411711073,0.875821436868715,-0.815197395697583
1.03073112245312,-0.0813474473184269,0.884877273604257,-0.803529826285805
1.03079873566253,-0.102034073140327,0.893533836852081,-0.791499763711723
1.03086634887195,-0.122674587104078,0.901787214455209,-0.779112627351082
1.03095850818004,-0.150716830988823,0.912380664466217,-0.761663833477389
1.03105066748812,-0.178632822144737,0.922209372291447,-0.743576550146696
1.03111086733551,-0.196789069304324,0.928212935304344,-0.731423865999989
1.0311710671829,-0.214874836657955,0.933884468439671,-0.719009631781712
1.03123126703029,-0.232883712203803,0.939221968289503,-0.706338256085698
1.03129146687768,-0.250809241390589,0.9442235136483,-0.693414272257661
1.03136396713961,-0.272277576055596,0.949798508673723,-0.677520932618115
1.03143646740154,-0.293604664075674,0.954880778906028,-0.661276114830352
1.03150896766347,-0.314779454168464,0.959467701472104,-0.644688247303609
1.0315814679254,-0.335790936898291,0.963556882576652,-0.627765945678333
1.03165396818732,-0.35662823030132,0.967146214707538,-0.610517984406171
1.03172646844925,-0.377280504936025,0.97023382299701,-0.592953318060965
1.03181463579395,-0.402130593605362,0.973310240370889,-0.571179646765536
1.03190280313866,-0.426672244856364,0.975639968094295,-0.548967723237926
1.03199097048336,-0.450886607416277,0.977221228996303,-0.526334621580011
1.03207913782806,-0.474755079295574,0.978052797077213,-0.503297717781616
1.03216730517276,-0.498259351686243,0.978134045550429,-0.479874693864172
1.03225547251746,-0.52138138005014,0.977464900555372,-0.456083520505222
1.03234363986216,-0.544103433340507,0.976045886353715,-0.431942453013217
1.03243180720686,-0.566408070189216,0.973878080776333,-0.407470010587088
1.03251997455156,-0.588278187369675,0.970963157310739,-0.382684969941033
1.03262837878405,-0.614547269180293,0.966358519982282,-0.351811250801952
1.03273678301655,-0.640103815595952,0.960633175684365,-0.320529360088398
1.03284518724904,-0.664918097578712,0.953793774187218,-0.288875676608474
1.03295359148153,-0.688961325656295,0.945848258380338,-0.256886932724026
1.03306199571403,-0.712205586518148,0.936805838231039,-0.224600251712876
1.03317039994652,-0.734623933499682,0.926677005872027,-0.192053072372374
1.03327880417901,-0.756190347279234,0.915473501655909,-0.159283154376644
1.03338720841151,-0.776879829968222,0.903208323128433,-0.12632849316018
1.033495612644,-0.796668369600406,0.889895688305286,-0.0932273187048605
1.03360401687649,-0.815533030347052,0.875551040538032,-0.0600180101909698
1.03371242110899,-0.83345191776555,0.860191009751401,-0.0267390919858304
1.03382082534148,-0.85040426409183,0.843833413581153,0.00657085051072116
1.03392922957398,-0.866370393623642,0.826497216714564,0.0398731769090921
1.03399684271891,-0.875821453832771,0.815197368103931,0.060624085728856
1.03406445586384,-0.884877281288287,0.803529809226779,0.0813474720615325
1.03413206900878,-0.893533836012965,0.79149975788491,0.102034078128099
1.03419968215371,-0.901787205861144,0.779112633438691,0.122674572422474
1.03429184144464,-0.912380654396545,0.761663843234723,0.150716811161819
1.03438400073557,-0.922209361037335,0.743576563800437,0.178632797236891
1.03444420061463,-0.928212927593927,0.73142387356679,0.196789054027175
1.0345044004937,-0.933884463925588,0.719009632982209,0.214874830943372
1.03456460037276,-0.93922196662093,0.706338250647595,0.232883715973356
1.03462480025183,-0.944223514471489,0.693414259915807,0.250809254555697
1.03469730051129,-0.94979850903933,0.677520920621845,0.272277588417476
1.03476980077076,-0.954880778846078,0.661276103208029,0.29360467563803
1.03484230103023,-0.959467701018931,0.64468823608279,0.314779464936158
1.03491480128969,-0.963556881763081,0.627765934885694,0.335790946877381
1.03498730154916,-0.967146213566629,0.610517974067671,0.35662823949897
1.03505980180863,-0.970233821562233,0.5929533082017,0.377280513360582
1.03514796914814,-0.973310238556842,0.571179638069065,0.402130600487814
1.03523613648765,-0.975639965988288,0.548967715759776,0.426672250228529
1.03532430382716,-0.977221226686273,0.52633461537293,0.450886611313331
1.03541247116667,-0.978052794651267,0.503297712895193,0.474755081756072
1.03550063850618,-0.978134043096844,0.479874690344893,0.498259352751946
1.03558880584569,-0.977464898162502,0.456083518396477,0.52138137976604
1.0356769731852,-0.976045884109816,0.431942452355117,0.544103431754674
1.03576514052471,-0.973878078769284,0.407470011416478,0.566408067352819
1.03585330786422,-0.970963155628275,0.382684972291415,0.588278183336848
1.03596171209671,-0.966358518514318,0.351811253235344,0.61454726527899
1.0360701163292,-0.960633174429908,0.320529362597894,0.640103811831987
1.03617852056169,-0.953793773144957,0.288875679187194,0.664918093957763
1.03628692479417,-0.945848257548765,0.256886935364914,0.688961322183849
1.03639532902666,-0.9368058376084,0.224600254408844,0.712205583199542
1.03650373325915,-0.926677005456316,0.192053075116259,0.734623930340045
1.03661213749164,-0.915473501444858,0.159283157161244,0.756190344283612
1.03672054172413,-0.903208323119578,0.126328495978221,0.776879827141363
1.03682894595661,-0.889895688495917,0.0932273215490533,0.79666836694684
1.0369373501891,-0.875551040925186,0.0600180130539614,0.815533027871229
1.03704575442159,-0.860191010331857,0.0267390948602384,0.8334519154716
1.03715415865408,-0.843833414351554,-0.00657084763225235,0.85040426198378
1.03726256288656,-0.826497217671281,-0.0398731740339543,0.866370391705222
1.03733017603233,-0.815197369032718,-0.0606240831162209,0.875821452148983
1.0373977891781,-0.80352981011711,-0.0813474697134898,0.884877279830611
1.03746540232387,-0.791499758726275,-0.102034076046372,0.89353383477263
1.03753301546964,-0.77911263422089,-0.122674570608462,0.901787204829347
1.03762517472822,-0.761663850374928,-0.150716799549851,0.912380649924765
1.0377173339868,-0.743576577738765,-0.178632775928054,0.922209353666786
1.03777753389293,-0.731423882342016,-0.196789040957365,0.928212923299372
1.03783773379907,-0.719009636355052,-0.214874826055303,0.933884462410353
1.0378979337052,-0.706338248384641,-0.232883719200978,0.93922196758561
1.03795813361133,-0.693414251789772,-0.250809265824248,0.944223517614019
1.03803063387101,-0.677520912321558,-0.272277599698098,0.949798512019658
1.03810313413068,-0.66127609473454,-0.293604686925865,0.954880781660395
1.03817563439035,-0.6446882274373,-0.314779476226265,0.959467703663529
1.03824813465003,-0.627765926069515,-0.33579095816476,0.96355688423425
1.0383206349097,-0.610517965082232,-0.356628250778606,0.967146215860828
1.03839313516937,-0.592953299048587,-0.377280524627347,0.970233823675903
1.03848130248077,-0.571179635790114,-0.402130603786677,0.973310239576781
1.03856946979217,-0.548967720634492,-0.426672245756178,0.975639966390666
1.03865763710357,-0.52633462766422,-0.450886599284551,0.977221226948788
1.03874580441496,-0.5032977328493,-0.474755062403265,0.978052795252556
1.03883397172636,-0.479874718190882,-0.498259326324849,0.978134044515714
1.03892213903776,-0.456083554345834,-0.521381346531352,0.97746490087719
1.03901030634916,-0.431942496601504,-0.544103391995611,0.976045888597134
1.03909847366056,-0.407470064135437,-0.566408021368692,0.973878085504111
1.03918664097195,-0.38268503363991,-0.588278131442723,0.970963165082603
1.03929504520436,-0.351811315494791,-0.614547214816142,0.966358530310924
1.03940344943676,-0.320529425693661,-0.640103762864319,0.960633188557989
1.03951185366917,-0.288875743043764,-0.66491804654732,0.953793789591104
1.03962025790157,-0.256886999905838,-0.688961276390912,0.945848276296757
1.03972866213398,-0.224600319556931,-0.712205539082472,0.936805858639433
1.03983706636638,-0.192053140793445,-0.734623887955388,0.926677028748836
1.03994547059878,-0.15928322328886,-0.756190303685894,0.915473526974749
1.04005387483119,-0.126328562477017,-0.776879788383088,0.903208350860095
1.04016227906359,-0.0932273883392989,-0.796668330078407,0.889895718417694
1.040270683296,-0.0600180800554707,-0.815532992940853,0.875551072996356
1.0403790875284,-0.0267391619926079,-0.833451882525428,0.860191044517972
1.0404874917608,0.0065707804497201,-0.850404231065437,0.843833450615674
1.04059589599321,0.0398731068820299,-0.866370362856189,0.826497255974144
1.04066350920416,0.0606240360342328,-0.875821433539444,0.815197397505198
1.04073112241512,0.0813474426709977,-0.884877270708586,0.803529828037565
1.04079873562608,0.102034068985919,-0.893533834374054,0.791499765388105
1.04086634883703,0.122674583445613,-0.901787212378574,0.779112628932975
1.04095850808041,0.150716807727346,-0.912380655507812,0.761663847780458
1.04105066732378,0.178632779482484,-0.922209357534213,0.743576578051709
1.04111086722536,0.196789043137333,-0.928212926705265,0.73142388356791
1.04117106712694,0.214874826871553,-0.933884465404924,0.719009638533386
1.04123126702852,0.23288371866572,-0.939221970219615,0.706338251553891
1.0412914669301,0.250809263951149,-0.944223519938587,0.693414255987404
1.04136396719243,0.272277598634492,-0.949798514637719,0.677520916003187
1.04143646745475,0.293604686663261,-0.954880784536333,0.661276097873061
1.04150896771707,0.314779476754989,-0.959467706761483,0.644688230006467
1.0415814679794,0.335790959473836,-0.963556887518033,0.627765928044147
1.04165396824172,0.356628252855932,-0.967146219293943,0.610517966438006
1.04172646850405,0.377280527459563,-0.970233827221794,0.592953299762194
1.04181463579251,0.402130600190064,-0.973310242408154,0.571179642218105
1.04190280308097,0.426672235895695,-0.975639968896488,0.54896773300081
1.04199097036944,0.450886583339827,-0.977221229519176,0.52633464617935
1.0420791376579,0.474755040568289,-0.97805279827821,0.503297757709922
1.04216730494636,0.49825929880772,-0.978134048387324,0.479874749579577
1.04225547223483,0.521381313553868,-0.97746490598476,0.456083592430841
1.04234363952329,0.544103353793041,-0.976045895329535,0.4319425415365
1.04243180681175,0.566407978189318,-0.973878094248404,0.407470116059064
1.04251997410022,0.58827808354758,-0.970963176223425,0.382685092675802
1.04262837833254,0.614547168221757,-0.966358543580849,0.351811375359071
1.04273678256487,0.640103717628728,-0.960633203947311,0.320529486318555
1.0428451867972,0.664918002726895,-0.953793807087589,0.288875804360648
1.04295359102952,0.688961234040503,-0.945848295885793,0.256887061845285
1.04306199526185,0.712205498255198,-0.936805880303904,0.224600382048691
1.04317039949418,0.734623848702609,-0.926677052469242,0.192053203766636
1.0432788037265,0.756190266057204,-0.915473552729197,0.159283286671944
1.04338720795883,0.776879752426258,-0.903208378624237,0.126328626197962
1.04349561219116,0.796668295839286,-0.889895748164917,0.0932274523255963
1.04360401642348,0.815532960463295,-0.875551104697633,0.0600181442342963
1.04371242065581,0.833451851851252,-0.860191078142108,0.0267392262908252
1.04382082488814,0.850404202234588,-0.843833486129139,-0.00657071610545813
1.04392922912046,0.866370335906276,-0.826497293341166,-0.0398730425651216
1.04399684239581,0.875821416600691,-0.815197425063602,-0.0606239915371276
1.04406445567117,0.884877263037075,-0.803529845075928,-0.0813474179611745
1.04413206894652,0.893533835213916,-0.7914997712098,-0.102034064004173
1.04419968222187,0.901787220962659,-0.779112622856617,-0.122674598106067
1.04429184148237,0.912380665564474,-0.761663838041187,-0.150716827523287
1.04438400074287,0.922209368772854,-0.743576564423437,-0.17863280434941
1.04444420061282,0.928212934405846,-0.731423876016774,-0.196789058389072
1.04450440048278,0.933884469914359,-0.719009637338259,-0.214874832576133
1.04456460035273,0.939221971888094,-0.70633825698665,-0.232883714901462
1.04462480022269,0.94422351911932,-0.693414268312817,-0.250809250806495
1.04469730048748,0.949798514275805,-0.677520927981844,-0.272277586293996
1.04476980075227,0.954880784599795,-0.661276109476615,-0.293604675123178
1.04484230101706,0.959467707217851,-0.644688241207384,-0.314779466010436
1.04491480128185,0.963556888334432,-0.627765938815683,-0.335790949518777
1.04498730154664,0.967146220437289,-0.610517976754209,-0.356628243683114
1.04505980181143,0.970233828658584,-0.592953309597932,-0.377280519060646
1.04514796910509,0.973310244223671,-0.57117965088945,-0.402130593334214
1.04523613639874,0.975639971003189,-0.548967740452191,-0.426672230551012
1.0453243036924,0.977221231829182,-0.526334652358096,-0.4508865794711
1.04541247098606,0.978052800703299,-0.503297762566354,-0.474755038136951
1.04550063827972,0.978134050839122,-0.479874753067186,-0.498259297771927
1.04558880557337,0.977464908374814,-0.456083594506319,-0.521381313868551
1.04567697286703,0.976045897569585,-0.431942542159599,-0.544103355410031
1.04576514016069,0.973878096250433,-0.407470115192995,-0.566407981057447
1.04585330745435,0.970963177899691,-0.38268509028705,-0.58827808761265
1.04596171168668,0.966358545041245,-0.351811372886453,-0.614547172154792
1.04607011591901,0.960633205192772,-0.320529483768919,-0.640103721423862
1.04617852015135,0.953793808119368,-0.28887580174096,-0.664918006378463
1.04628692438368,0.94584829670546,-0.256887059162572,-0.688961237542883
1.04639532861602,0.936805880913112,-0.224600379310084,-0.712205501603025
1.04650373284835,0.926677052870016,-0.192053200979335,-0.734623851890693
1.04661213708068,0.915473552923778,-0.15928328384324,-0.756190269080548
1.04672054131302,0.903208378615077,-0.126328623335123,-0.77687975527998
1.04682894554535,0.88989574795474,-0.0932274494359857,-0.79666829851874
1.04693734977769,0.875551104289401,-0.0600181413253126,-0.8155329629641
1.04704575401002,0.860191077539002,-0.026739223369848,-0.833451854169134
1.04715415824236,0.84383348533454,0.00657071903096415,-0.850404204365476
1.04726256247469,0.826497292358698,0.0398730454877022,-0.866370337846411
1.04733017574917,0.815197424115219,0.0606239941845385,-0.875821418299754
1.04739778902364,0.803529844172649,0.081347420331341,-0.884877264504006
1.04746540229812,0.7914997703625,0.102034066095425,-0.893533836457926
1.0475330155726,0.779112622076065,0.122674599917047,-0.901787221993147
1.04762517486542,0.761663830906595,0.150716839126257,-0.91238067003284
1.04771733415824,0.743576550494854,0.178632825643378,-0.92220937613823
1.04777753400115,0.731423867247556,0.196789071449918,-0.92821293869749
1.04783773384405,0.71900963396755,0.214874837461121,-0.933884471428664
1.04789793368696,0.706338259247653,0.232883711676584,-0.939221970924277
1.04795813352987,0.693414276432658,0.25080923954649,-0.94422351597916
1.04803063379444,0.677520936277718,0.272277575019344,-0.949798511297051
1.04810313405902,0.661276117947577,0.293604663838808,-0.954880781786378
1.04817563432359,0.644688249852311,0.314779454721306,-0.959467704573618
1.04824813458817,0.627765947633318,0.335790938229891,-0.963556885863177
1.04832063485274,0.610517985743194,0.356628232399551,-0.96714621814277
1.04839313511732,0.59295331875679,0.37728050778755,-0.970233826544377
1.04848130243907,0.571179653179141,0.402130590023707,-0.973310243202846
1.04856946976082,0.548967735593377,0.426672235006594,-0.975639970599959
1.04865763708257,0.526334640087949,0.450886591478138,-0.977221231566115
1.04874580440432,0.503297742638852,0.474755057463192,-0.978052800102054
1.04883397172608,0.479874725253461,0.498259324167795,-0.978134049421247
1.04892213904783,0.456083558594868,0.521381347067621,-0.977464905662492
1.04901030636958,0.431942497956966,0.544103395129246,-0.976045893086201
1.04909847369133,0.407470062523788,0.566408026997694,-0.973878089521449
1.04918664101308,0.382685028994339,0.588278139459121,-0.970963168453454
1.0492950452455,0.351811310683581,0.614547222571266,-0.966358533254869
1.04940344947792,0.320529420730507,0.640103770346507,-0.960633191076991
1.04951185371033,0.288875737942438,0.664918053745234,-0.953793791687678
1.04962025794275,0.256886994680318,0.688961283293612,-0.945848277973912
1.04972866217517,0.224600314221276,0.712205545679387,-0.936805859900628
1.04983706640759,0.19205313536191,0.734623894236198,-0.926677029598073
1.04994547064,0.159283217775797,0.756190309640684,-0.915473527416458
1.05005387487242,0.126328556896876,0.776879794002312,-0.903208350899182
1.05016227910484,0.0932273827065958,0.796668335352932,-0.889895718059523
1.05027068333725,0.0600180743848963,0.815532997861911,-0.875551072246822
1.05037908756967,0.0267391562987491,0.833451887084624,-0.860191043383326
1.05048749180209,-0.00657078615213913,0.850404235254903,-0.843833449102761
1.05059589603451,-0.0398731125782888,0.866370366668361,-0.826497254090075
1.05066350924385,-0.0606240412231086,0.875821436891354,-0.815197395668209
1.0507311224532,-0.0813474473482959,0.884877273616515,-0.803529826268237
1.05079873566255,-0.10203407314815,0.893533836854835,-0.791499763706656
1.05086634887189,-0.122674587089914,0.901787214449277,-0.779112627359357
1.05095850817992,-0.150716830958512,0.912380664454868,-0.761663833496356
1.05105066748795,-0.17863282209843,0.922209372275591,-0.743576550177147
1.0511108673354,-0.196789069275753,0.928212935295047,-0.731423866019259
1.05117106718285,-0.214874836646996,0.933884468436269,-0.719009631789289
1.0512312670303,-0.232883712210318,0.939221968291404,-0.706338256081092
1.05129146687774,-0.250809241414452,0.944223513654837,-0.693414272240384
1.05136396713967,-0.272277576079596,0.949798508679893,-0.677520932600276
1.05143646740161,-0.293604664099799,0.954880778911802,-0.661276114811972
1.05150896766354,-0.314779454192708,0.959467701477426,-0.644688247284711
1.05158146792547,-0.335790936922661,0.963556882581547,-0.6277659456589
1.0516539681874,-0.356628230325792,0.967146214711979,-0.610517984386166
1.05172646844933,-0.377280504960562,0.970233823001019,-0.592953318040447
1.051814635794,-0.402130593620931,0.973310240373374,-0.57117964675242
1.05190280313867,-0.426672244863212,0.975639968095711,-0.5489677232325
1.05199097048334,-0.450886607414615,0.977221228997225,-0.526334621582606
1.052079137828,-0.474755079285664,0.978052797078149,-0.503297717792467
1.05216730517267,-0.498259351668322,0.978134045551886,-0.479874693883567
1.05225547251734,-0.521381380024525,0.977464900557942,-0.456083520533401
1.05234363986201,-0.544103433307479,0.97604588635786,-0.431942453050389
1.05243180720668,-0.566408070149096,0.97387808078259,-0.407470010633466
1.05251997455135,-0.588278187322827,0.97096315731964,-0.382684969996838
1.05262837878385,-0.614547269134679,0.966358519993386,-0.351811250858706
1.05273678301634,-0.640103815551652,0.960633175697651,-0.320529360145988
1.05284518724883,-0.664918097535782,0.953793774202672,-0.288875676666878
1.05295359148132,-0.688961325614701,0.945848258397935,-0.256886932783175
1.05306199571382,-0.712205586478083,0.93680583825078,-0.224600251772686
1.05317039994631,-0.734623933461117,0.926677005893887,-0.192053072432765
1.0532788041788,-0.756190347242298,0.91547350167988,-0.159283154437572
1.0533872084113,-0.776879829932935,0.903208323154502,-0.126328493221552
1.05349561264379,-0.796668369566807,0.889895688333453,-0.0932273187666275
1.05360401687628,-0.815533030315176,0.875551040568254,-0.0600180102530601
1.05371242110878,-0.833451917735503,0.860191009783619,-0.0267390920481276
1.05382082534127,-0.85040426406361,0.843833413615352,0.00657085044826299
1.05392922957376,-0.866370393597331,0.826497216750783,0.0398731768465424
1.05399684271876,-0.875821453816465,0.815197368130391,0.0606240856860846
1.05406445586376,-0.884877281281294,0.803529809242765,0.0813474720385417
1.05413206900876,-0.893533836014479,0.7914997578897,0.102034078124808
1.05419968215376,-0.901787205870456,0.779112633431627,0.122674572438821
1.05429184144467,-0.912380654403577,0.761663843230712,0.150716811172903
1.05438400073558,-0.922209361042374,0.743576563799614,0.178632797242786
1.05444420061463,-0.928212927598263,0.731423873567379,0.1967890540309
1.05450440049369,-0.933884463929238,0.719009632984275,0.214874830944954
1.05456460037275,-0.939221966623967,0.706338250651182,0.232883715972799
1.05462480025181,-0.944223514474055,0.69341425992096,0.250809254553047
1.05469730051128,-0.949798509042096,0.677520920626727,0.272277588415369
1.05476980077074,-0.954880778849042,0.66127610321265,0.293604675636437
1.05484230103021,-0.95946770102214,0.644688236087089,0.314779464935066
1.05491480128968,-0.96355688176648,0.627765934889657,0.335790946876798
1.05498730154915,-0.967146213570203,0.610517974071338,0.356628239498887
1.05505980180862,-0.970233821565939,0.592953308204968,0.377280513360973
1.05514796914811,-0.973310238559861,0.5711796380783,0.402130600481592
1.05523613648759,-0.975639965991074,0.548967715775216,0.426672250215882
1.05532430382708,-0.977221226689173,0.526334615394727,0.450886611294451
1.05541247116657,-0.978052794654719,0.503297712923586,0.474755081731165
1.05550063850605,-0.978134043101243,0.479874690380032,0.498259352721221
1.05558880584554,-0.977464898168295,0.456083518438529,0.521381379729729
1.05567697318503,-0.976045884117305,0.431942452404273,0.544103431713031
1.05576514052452,-0.973878078778977,0.40747001147288,0.566408067306118
1.055853307864,-0.970963155640523,0.382684972355161,0.588278183285333
1.05596171209649,-0.966358518528873,0.351811253300346,0.614547265228559
1.05607011632898,-0.960633174446853,0.320529362664127,0.640103811782716
1.05617852056146,-0.953793773164343,0.288875679254587,0.664918093909715
1.05628692479395,-0.945848257570541,0.256886935433384,0.688961322137162
1.05639532902643,-0.93680583763261,0.224600254478354,0.712205583154222
1.05650373325892,-0.926677005482928,0.192053075186746,0.734623930296185
1.05661213749141,-0.915473501473933,0.159283157232611,0.75619034424131
1.05672054172389,-0.903208323151091,0.126328496050414,0.77687982710066
1.05682894595638,-0.889895688529849,0.0932273216219934,0.796668366907846
1.05693735018886,-0.875551040961573,0.0600180131275683,0.815533027833991
1.05704575442135,-0.860191010370643,0.0267390949344143,0.833451915436213
1.05715415865384,-0.843833414392697,-0.00657084755759644,0.850404261950315
1.05726256288632,-0.826497217714832,-0.0398731739588888,0.866370391673712
1.05733017603217,-0.815197369064737,-0.0606240830645476,0.87582145212926
1.05739778917801,-0.803529810136644,-0.0813474696851571,0.884877279821794
1.05746540232385,-0.791499758732604,-0.102034076041315,0.893533834773884
1.0575330154697,-0.779112634213128,-0.122674570626569,0.901787204839684
1.0576251747283,-0.761663850362676,-0.150716799574242,0.912380649936903
1.05771733398691,-0.743576577721743,-0.178632775958685,0.92220935368043
1.057777533893,-0.731423882332108,-0.196789040976692,0.928212923308787
1.0578377337991,-0.719009636352576,-0.214874826063422,0.933884462416015
1.05789793370519,-0.706338248389941,-0.232883719197967,0.939221967587902
1.05795813361129,-0.693414251803164,-0.250809265810221,0.944223517613381
1.05803063387096,-0.677520912334864,-0.272277599684565,0.949798512019447
1.05810313413064,-0.661276094747732,-0.293604686912795,0.954880781660518
1.05817563439031,-0.644688227450346,-0.314779476213663,0.959467703664024
1.05824813464999,-0.627765926082456,-0.335790958152628,0.963556884235065
1.05832063490966,-0.610517965095004,-0.356628250766957,0.967146215861931
1.05839313516934,-0.592953299061179,-0.377280524616164,0.970233823677339
1.05848130248074,-0.571179635802475,-0.402130603776124,0.973310239578576
1.05856946979214,-0.548967720646544,-0.426672245746245,0.9756399663928
1.05865763710354,-0.526334627675962,-0.450886599275236,0.977221226951188
1.05874580441494,-0.503297732860709,-0.474755062394536,0.978052795255238
1.05883397172634,-0.479874718201907,-0.498259326316726,0.978134044518641
1.05892213903774,-0.456083554356493,-0.521381346523812,0.977464900880302
1.05901030634914,-0.43194249661177,-0.544103391988647,0.976045888600443
1.05909847366054,-0.407470064145282,-0.566408021362289,0.973878085507571
1.05918664097193,-0.382685033649322,-0.588278131436847,0.970963165086153
1.05929504520434,-0.351811315504404,-0.614547214810294,0.966358530314661
1.05940344943674,-0.320529425703487,-0.640103762858501,0.960633188561962
1.05951185366915,-0.28887574305379,-0.664918046541535,0.953793789595297
1.05962025790155,-0.256886999916085,-0.688961276385136,0.945848276301193
1.05972866213395,-0.224600319567355,-0.712205539076791,0.936805858644141
1.05983706636636,-0.192053140804059,-0.734623887949757,0.926677028753823
1.05994547059876,-0.159283223299667,-0.75619030368036,0.915473526980012
1.06005387483116,-0.126328562487996,-0.776879788377611,0.903208350865627
1.06016227906357,-0.0932273883504319,-0.796668330073093,0.889895718423479
1.06027068329597,-0.0600180800667773,-0.815532992935651,0.875551073002413
1.06037908752838,-0.0267391620040437,-0.833451882520297,0.860191044524323
1.06048749176078,0.00657078043814426,-0.850404231060499,0.843833450622344
1.06059589599318,0.0398731068703077,-0.866370362851385,0.826497255981094
1.06066350920415,0.0606240360270215,-0.8758214335368,0.815197397509762
1.06073112241512,0.0813474426682962,-0.884877270707945,0.803529828039627
1.0607987356261,0.102034068987703,-0.893533834375239,0.791499765387487
1.06086634883707,0.122674583451839,-0.901787212381388,0.779112628929544
1.06095850808047,0.150716807741149,-0.912380655513122,0.761663847771966
1.06105066732387,0.178632779503762,-0.922209357541609,0.743576578037827
1.06111086722542,0.196789043150157,-0.928212926709498,0.731423883559307
1.06117106712697,0.214874826875991,-0.933884465406315,0.719009638530301
1.06123126702852,0.232883718661832,-0.939221970218475,0.706338251556627
1.06129146693007,0.250809263939029,-0.944223519935211,0.69341425599613
1.0613639671924,0.272277598622745,-0.949798514634579,0.677520916011813
1.06143646745472,0.293604686651847,-0.95488078453345,0.661276097881597
1.06150896771705,0.314779476743883,-0.959467706758808,0.644688230014924
1.06158146797937,0.335790959463067,-0.963556887515576,0.627765928052494
1.0616539682417,0.356628252845479,-0.967146219291729,0.610517966446225
1.06172646850402,0.377280527449464,-0.970233827219779,0.592953299770294
1.06181463579251,0.402130600187336,-0.973310242407152,0.571179642219807
1.061902803081,0.426672235900189,-0.975639968896005,0.548967732995789
1.06199097036949,0.450886583351359,-0.977221229518788,0.52633464616743
1.06207913765798,0.474755040586644,-0.978052798277471,0.503297757690809
1.06216730494647,0.49825929883267,-0.97813404838578,0.479874749553099
1.06225547223496,0.521381313585124,-0.977464905981985,0.456083592396815
1.06234363952345,0.544103353830366,-0.976045895325078,0.431942541494686
1.06243180681194,0.566407978232429,-0.973878094241828,0.407470116009357
1.06251997410043,0.588278083596188,-0.970963176214239,0.382685092618022
1.06262837833276,0.614547168269266,-0.966358543569444,0.351811375300121
1.06273678256509,0.640103717675072,-0.960633203933589,0.320529486258472
1.06284518679741,0.664918002772034,-0.953793807071549,0.288875804299499
1.06295359102974,0.688961234084325,-0.945848295867418,0.256887061783095
1.06306199526207,0.712205498297685,-0.936805880283235,0.224600381985552
1.0631703994944,0.734623848743649,-0.92667705244625,0.192053203702588
1.06327880372673,0.75619026609674,-0.915473552703866,0.159283286607112
1.06338720795905,0.77687975246418,-0.903208378596577,0.12632862613238
1.06349561219138,0.79666829587554,-0.889895748134901,0.093227452259368
1.06360401642371,0.815532960497815,-0.875551104665339,0.0600181441674735
1.06371242065604,0.833451851884009,-0.860191078107519,0.0267392262234609
1.06382082488837,0.850404202265422,-0.843833486092241,-0.00657071617323261
1.06392922912069,0.866370335935218,-0.826497293301991,-0.0398730426332492
1.06399684239598,0.875821416619659,-0.815197425033863,-0.0606239915858447
1.06406445567127,0.884877263046804,-0.803529845056308,-0.0813474179905024
1.06413206894656,0.893533835215121,-0.791499771201015,-0.102034064014151
1.06419968222185,0.901787220956131,-0.779112622859337,-0.122674598096802
1.06429184148238,0.912380665561484,-0.761663838038184,-0.15071682752333
1.06438400074291,0.922209368772935,-0.743576564414243,-0.178632804358715
1.06444420061285,0.928212934404635,-0.731423876009701,-0.196789058394925
1.06450440048279,0.933884469911951,-0.719009637333431,-0.214874832578559
1.06456460035274,0.939221971884618,-0.706338256984144,-0.232883714900489
1.06462480022268,0.944223519114886,-0.693414268312723,-0.250809250802146
1.06469730048746,0.949798514270319,-0.677520927985104,-0.27227758628527
1.06476980075223,0.954880784593449,-0.661276109483326,-0.293604675110143
1.06484230101701,0.959467707210828,-0.644688241217717,-0.314779465993129
1.06491480128178,0.963556888327004,-0.627765938829714,-0.335790949497292
1.06498730154656,0.967146220429597,-0.610517976772115,-0.356628243657528
1.06505980181133,0.970233828650879,-0.59295330961981,-0.377280519031069
1.065147969105,0.973310244217015,-0.571179650909683,-0.402130593307352
1.06523613639867,0.975639970997493,-0.548967740470607,-0.426672230526904
1.06532430369233,0.977221231824206,-0.52633465237461,-0.450886579449653
1.065412470986,0.97805280069897,-0.503297762580915,-0.474755038118096
1.06550063827966,0.978134050835276,-0.479874753079677,-0.498259297755605
1.06558880557333,0.977464908371358,-0.456083594516638,-0.52138131385471
1.065676972867,0.976045897566284,-0.431942542167707,-0.544103355398621
1.06576514016066,0.973878096247147,-0.407470115198803,-0.56640798104837
1.06585330745433,0.970963177896314,-0.382685090290519,-0.588278087605809
1.06596171168666,0.966358545038106,-0.351811372890548,-0.614547172147566
1.06607011591899,0.960633205189985,-0.320529483773743,-0.640103721416277
1.06617852015133,0.953793808116983,-0.288875801746479,-0.664918006370518
1.06628692438366,0.94584829670343,-0.256887059168805,-0.688961237534629
1.06639532861599,0.936805880911548,-0.224600379317039,-0.712205501594533
1.06650373284832,0.926677052868957,-0.192053200986994,-0.734623851881963
1.06661213708065,0.915473552923186,-0.159283283851616,-0.756190269071617
1.06672054131298,0.903208378615096,-0.126328623344225,-0.776879755270935
1.06682894554532,0.889895747955377,-0.0932274494457878,-0.796668298509585
1.06693734977765,0.875551104290696,-0.0600181413358036,-0.815532962954851
1.06704575400998,0.86019107754093,-0.0267392233810349,-0.833451854159899
1.06715415824231,0.843833485337241,0.00657071901908671,-0.850404204356319
1.06726256247464,0.826497292362154,0.0398730454751595,-0.8663703378373
1.06733017574913,0.815197424116728,0.0606239941758549,-0.87582141829259
1.06739778902362,0.803529844172143,0.0813474203265274,-0.884877264498694
1.06746540229811,0.791499770359833,0.102034066094462,-0.893533836454296
1.0675330155726,0.779112622071105,0.122674599919934,-0.901787221991045
1.06762517486541,0.761663830904127,0.150716839125108,-0.912380670029247
1.06771733415822,0.743576550495071,0.178632825638271,-0.922209376133318
1.06777753400113,0.731423867246194,0.196789071447326,-0.928212938693494
1.06783773384405,0.719009633964504,0.214874837461018,-0.933884471425501
1.06789793368697,0.706338259242865,0.232883711678964,-0.939221970921808
1.06795813352988,0.693414276426086,0.250809239551267,-0.944223515977323
1.06803063379445,0.677520936271569,0.272277575023472,-0.949798511295019
1.06810313405903,0.661276117941876,0.293604663842259,-0.954880781784107
1.0681756343236,0.644688249847116,0.314779454724082,-0.959467704571166
1.06824813458817,0.627765947628601,0.335790938232027,-0.963556885860593
1.06832063485274,0.610517985738975,0.356628232401044,-0.967146218140047
1.06839313511732,0.59295331875314,0.377280507788425,-0.970233826541537
1.06848130243905,0.571179653180362,0.40213059001911,-0.973310243199455
1.06856946976078,0.548967735599647,0.426672234996699,-0.975639970596289
1.06865763708251,0.526334640099428,0.450886591463092,-0.977221231562502
1.06874580440425,0.503297742655754,0.474755057443152,-0.978052800098908
1.06883397172598,0.479874725275874,0.498259324142954,-0.97813404941881
1.06892213904771,0.456083558623022,0.521381347038119,-0.977464905661134
1.06901030636944,0.431942497990945,0.544103395095322,-0.976045893086269
1.06909847369117,0.407470062563721,0.566408026959562,-0.973878089523273
1.0691866410129,0.382685029040359,0.588278139416962,-0.970963168457283
1.06929504524532,0.351811310730501,0.614547222530066,-0.966358533260557
1.06940344947774,0.320529420778289,0.640103770306296,-0.960633191084585
1.06951185371015,0.288875737991,0.664918053706163,-0.953793791697119
1.06962025794257,0.256886994729611,0.688961283255655,-0.945848277985269
1.06972866217499,0.224600314271222,0.712205545642643,-0.936805859913846
1.0698370664074,0.192053135412492,0.734623894200671,-0.926677029613178
1.06994547063982,0.159283217826928,0.756190309606434,-0.915473527433369
1.07005387487224,0.126328556948514,0.776879793969433,-0.903208350917945
1.07016227910465,0.0932273827586513,0.796668335321485,-0.889895718080147
1.07027068333707,0.0600180744372896,0.815532997831949,-0.875551072269188
1.07037908756949,0.0267391563514459,0.833451887056133,-0.860191043407561
1.0704874918019,-0.00657078609921392,0.850404235227989,-0.843833449128733
1.07059589603432,-0.0398731125251897,0.866370366643071,-0.826497254117838
1.07066350924372,-0.0606240411855408,0.875821436874008,-0.815197395688454
1.07073112245312,-0.0813474473262861,0.884877273606632,-0.803529826280328
1.07079873566251,-0.102034073141608,0.893533836851729,-0.791499763710089
1.07086634887191,-0.122674587098785,0.901787214452396,-0.779112627353614
1.07095850817989,-0.150716830952219,0.91238066445232,-0.761663833500113
1.07105066748787,-0.178632822077163,0.922209372268252,-0.743576550191058
1.07111086733535,-0.196789069263275,0.928212935290962,-0.731423866027665
1.07117106718282,-0.214874836643253,0.933884468435172,-0.719009631791916
1.0712312670303,-0.232883712215237,0.939221968292913,-0.70633825607764
1.07129146687778,-0.250809241427923,0.944223513658633,-0.693414272230697
1.0713639671397,-0.272277576089875,0.949798508682673,-0.677520932592757
1.07143646740162,-0.293604664106935,0.954880778913751,-0.66127611480677
1.07150896766354,-0.314779454196724,0.959467701478675,-0.644688247281955
1.07158146792545,-0.335790936923609,0.963556882582239,-0.627765945658601
1.07165396818737,-0.356628230323695,0.967146214712227,-0.610517984388545
1.07172646844929,-0.377280504955499,0.97023382300102,-0.59295331804549
1.07181463579393,-0.402130593605689,0.973310240372481,-0.571179646766771
1.07190280313856,-0.426672244838061,0.975639968094606,-0.548967723256518
1.07199097048319,-0.450886607379861,0.977221228996503,-0.526334621616615
1.07207913782783,-0.474755079241629,0.978052797078447,-0.503297717836794
1.07216730517246,-0.498259351615346,0.978134045553824,-0.479874693938481
1.07225547251709,-0.521381379962974,0.977464900562116,-0.456083520599166
1.07234363986172,-0.544103433237744,0.976045886364959,-0.43194245312722
1.07243180720636,-0.566408070071568,0.973878080793198,-0.407470010721615
1.07251997455099,-0.588278187237944,0.970963157334401,-0.382684970096425
1.07262837878348,-0.614547269052106,0.966358520011862,-0.351811250959701
1.07273678301598,-0.640103815471508,0.960633175719815,-0.3205293602483
1.07284518724847,-0.664918097458164,0.953793774228529,-0.288875676770377
1.07295359148096,-0.688961325539774,0.945848258427493,-0.256886932887695
1.07306199571346,-0.712205586405815,0.936805838284014,-0.224600251878147
1.07317039994595,-0.734623933391661,0.926677005930714,-0.19205307253905
1.07327880417844,-0.756190347175737,0.915473501720248,-0.159283154544506
1.07338720841093,-0.776879829869325,0.903208323198424,-0.126328493329054
1.07349561264343,-0.796668369506237,0.88989568838083,-0.0932273188745625
1.07360401687592,-0.815533030257749,0.875551040619017,-0.0600180103612575
1.07371242110841,-0.833451917681265,0.860191009837802,-0.0267390921565159
1.07382082534091,-0.850404264012658,0.84383341367285,0.00657085033983496
1.0739292295734,-0.866370393549651,0.826497216811452,0.0398731767382262
1.0739968427185,-0.875821453784909,0.81519736817568,0.0606240856092513
1.0740644558636,-0.884877281264665,0.803529809271532,0.0813474719931335
1.0741320690087,-0.893533836011576,0.791499757900904,0.102034078110719
1.0741996821538,-0.901787205880045,0.77911263342413,0.122674572455933
1.0742918414447,-0.912380654411355,0.761663843225454,0.15071681118592
1.0743840007356,-0.922209361048485,0.743576563796775,0.178632797251708
1.07444420061464,-0.92821292760317,0.731423873566636,0.196789054036552
1.07450440049369,-0.933884463933131,0.71900963298579,0.214874830947347
1.07456460037274,-0.939221966626937,0.706338250654991,0.232883715971939
1.07462480025178,-0.944223514476193,0.693414259927216,0.250809254548974
1.07469730051126,-0.949798509044679,0.677520920632323,0.272277588412372
1.07476980077073,-0.954880778852001,0.661276103217519,0.293604675634508
1.0748423010302,-0.959467701025397,0.644688236091199,0.314779464934202
1.07491480128967,-0.963556881770012,0.627765934893042,0.335790946876963
1.07498730154914,-0.967146213573964,0.610517974073905,0.356628239500073
1.07505980180862,-0.970233821569819,0.592953308206677,0.377280513363181
1.07514796914808,-0.973310238563252,0.571179638084902,0.402130600478328
1.07523613648755,-0.975639965994187,0.548967715786879,0.426672250207313
1.07532430382702,-0.977221226692359,0.526334615411637,0.450886611280746
1.07541247116649,-0.978052794658335,0.503297712945877,0.474755081712459
1.07550063850595,-0.978134043105586,0.479874690407925,0.498259352697683
1.07558880584542,-0.977464898173701,0.456083518472152,0.521381379701564
1.07567697318489,-0.976045884124166,0.431942452443712,0.544103431680459
1.07576514052436,-0.973878078787556,0.407470011518262,0.566408067269309
1.07585330786383,-0.970963155651144,0.382684972406595,0.588278183244528
1.07596171209631,-0.966358518541403,0.351811253352575,0.614547265188824
1.0760701163288,-0.960633174461218,0.320529362717103,0.640103811744112
1.07617852056128,-0.953793773180511,0.288875679308183,0.664918093872311
1.07628692479377,-0.945848257588555,0.256886935487592,0.688961322100994
1.07639532902625,-0.93680583765246,0.224600254533104,0.712205583119348
1.07650373325874,-0.926677005504584,0.192053075241958,0.734623930262665
1.07661213749123,-0.915473501497365,0.159283157288242,0.756190344209135
1.07672054172371,-0.903208323176293,0.126328496106396,0.776879827069895
1.0768289459562,-0.889895688556794,0.0932273216782588,0.796668366878577
1.07693735018868,-0.875551040990232,0.0600180131840463,0.815533027806197
1.07704575442117,-0.860191010401067,0.0267390949910642,0.833451915410016
1.07715415865366,-0.843833414424795,-0.00657084750087843,0.850404261925685
1.07726256288614,-0.826497217748568,-0.0398731739021584,0.866370391650709
1.07733017603204,-0.815197369090657,-0.0606240830237289,0.875821452114367
1.07739778917793,-0.803529810154229,-0.0813474696602601,0.884877279814459
1.07746540232383,-0.791499758741227,-0.102034076032268,0.893533834773479
1.07753301546972,-0.779112634212282,-0.122674570633331,0.901787204845618
1.07762517472834,-0.761663850358606,-0.150716799585744,0.912380649944366
1.07771733398697,-0.743576577714283,-0.178632775974844,0.922209353689089
1.07777753389304,-0.731423882328746,-0.196789040986346,0.928212923315097
1.07783773379911,-0.71900963635358,-0.21487482606658,0.933884462420109
1.07789793370519,-0.706338248395409,-0.232883719194679,0.939221967590101
1.07795813361126,-0.693414251813322,-0.250809265800564,0.944223517613901
1.07803063387094,-0.677520912343243,-0.272277599677564,0.94979851202083
1.07810313413063,-0.66127609475422,-0.293604686908413,0.954880781662623
1.07817563439031,-0.64468822745483,-0.314779476211871,0.959467703666713
1.07824813464999,-0.627765926084836,-0.335790958153412,0.963556884238262
1.07832063490968,-0.610517965095229,-0.356628250770248,0.967146215865497
1.07839313516936,-0.592953299059195,-0.377280524621934,0.970233823681109
1.07848130248077,-0.571179635797113,-0.402130603785399,0.973310239582506
1.07856946979219,-0.548967720637729,-0.426672245758954,0.975639966396663
1.0786576371036,-0.52633462766359,-0.450886599291263,0.977221226954807
1.07874580441501,-0.503297732844648,-0.474755062413783,0.978052795258426
1.07883397172643,-0.479874718182116,-0.49825932633904,0.978134044521162
1.07892213903784,-0.456083554332807,-0.521381346549065,0.977464900881896
1.07901030634925,-0.431942496584146,-0.544103392016719,0.976045888600836
1.07909847366066,-0.407470064113613,-0.566408021393044,0.973878085506659
1.07918664097208,-0.382685033613604,-0.588278131470118,0.970963165083703
1.07929504520448,-0.351811315468095,-0.61454721484268,0.966358530310787
1.07940344943688,-0.320529425666697,-0.640103762889952,0.960633188556637
1.07951185366929,-0.28887574301651,-0.664918046572011,0.953793789588479
1.07962025790169,-0.256886999878378,-0.688961276414624,0.945848276293008
1.07972866213409,-0.224600319529265,-0.712205539105228,0.936805858634493
1.0798370663665,-0.192053140765654,-0.734623887977153,0.926677028742803
1.0799454705989,-0.159283223260983,-0.756190303706599,0.915473526967571
1.08005387483131,-0.126328562449096,-0.776879788402722,0.903208350851793
1.08016227906371,-0.0932273883113536,-0.796668330097014,0.889895718408348
1.08027068329611,-0.06001808002758,-0.815532992958365,0.875551072985923
1.08037908752852,-0.0267391619647801,-0.833451882541802,0.860191044506555
1.08048749176092,0.00657078047743526,-0.850404231080722,0.84383345060323
1.08059589599332,0.0398731069095684,-0.86637036287036,0.826497255960759
1.08066350920426,0.0606240360541444,-0.875821433549526,0.815197397495356
1.08073112241519,0.0813474426832719,-0.884877270714863,0.803529828031575
1.08079873562612,0.102034068990605,-0.893533834376882,0.791499765386223
1.08086634883705,0.122674583442729,-0.901787212378186,0.779112628935458
1.0809585080805,0.150716807746361,-0.912380655515305,0.76166384776894
1.08105066732394,0.178632779523154,-0.922209357548358,0.743576578025181
1.08111086722547,0.196789043162189,-0.928212926713449,0.731423883551301
1.081171067127,0.214874826880711,-0.933884465407802,0.719009638527071
1.08123126702853,0.2328837186593,-0.939221970217702,0.706338251558369
1.08129146693005,0.250809263929299,-0.944223519932451,0.693414256003152
1.08136396719238,0.272277598614348,-0.949798514632287,0.677520916017947
1.08143646745471,0.293604686644764,-0.954880784531562,0.661276097886756
1.08150896771704,0.314779476738119,-0.959467706757273,0.64468823001915
1.08158146797937,0.335790959458602,-0.963556887514337,0.627765928055706
1.0816539682417,0.356628252842264,-0.967146219290694,0.610517966448413
1.08172646850403,0.377280527447494,-0.970233827218846,0.592953299771374
1.08181463579256,0.402130600197314,-0.973310242407487,0.571179642210159
1.0819028030811,0.4266722359218,-0.975639968896872,0.548967732975053
1.08199097036963,0.450886583384223,-0.977221229519442,0.526334646135209
1.08207913765816,0.474755040630432,-0.978052798277199,0.503297757646742
1.08216730494669,0.498259298886972,-0.978134048383872,0.479874749496879
1.08225547223522,0.521381313649544,-0.977464905977673,0.456083592328089
1.08234363952376,0.54410335390443,-0.97604589531765,0.431942541413213
1.08243180681229,0.566407978315745,-0.973878094230576,0.40747011591482
1.08251997410082,0.588278083688204,-0.970963176198458,0.382685092510245
1.08262837833315,0.614547168358341,-0.966358543549663,0.351811375191317
1.08273678256547,0.640103717761138,-0.960633203909947,0.320529486148788
1.0828451867978,0.664918002854956,-0.953793807044067,0.288875804189071
1.08295359103013,0.688961234164094,-0.945848295836167,0.256887061672071
1.08306199526245,0.712205498374144,-0.936805880248252,0.224600381874059
1.08317039949478,0.734623848816812,-0.926677052407635,0.192053203590794
1.08327880372711,0.756190266166501,-0.9154735526617,0.159283286495141
1.08338720795943,0.776879752530529,-0.903208378550945,0.126328626020389
1.08349561219176,0.796668295938414,-0.889895748085893,0.093227452147454
1.08360401642408,0.815532960557172,-0.875551104613024,0.0600181440558064
1.08371242065641,0.833451851939773,-0.860191078051989,0.0267392261121916
1.08382082488874,0.850404202317585,-0.843833486033592,-0.00657071628401881
1.08392922912106,0.866370335983706,-0.826497293240318,-0.0398730427433909
1.08399684239624,0.875821416650567,-0.815197424989361,-0.0606239916612414
1.08406445567141,0.884877263061426,-0.803529845030195,-0.0813474180312219
1.08413206894659,0.893533835214811,-0.791499771194494,-0.102034064020318
1.08419968222176,0.901787220942185,-0.779112622873686,-0.122674598068526
1.08429184148229,0.912380665547734,-0.761663838054002,-0.150716827493777
1.08438400074281,0.922209368759446,-0.743576564431572,-0.178632804327861
1.0844442006128,0.928212934395341,-0.731423876019636,-0.196789058375754
1.08450440048278,0.933884469906495,-0.719009637335553,-0.214874832570982
1.08456460035276,0.939221971882548,-0.706338256978177,-0.232883714904387
1.08462480022274,0.944223519115747,-0.69341426829834,-0.250809250817434
1.08469730048752,0.949798514270902,-0.677520927970145,-0.272277586300751
1.08476980075229,0.954880784593648,-0.661276109467848,-0.293604675125816
1.08484230101707,0.959467707210637,-0.644688241201678,-0.314779466008991
1.08491480128185,0.96355688832644,-0.627765938813132,-0.335790949513316
1.08498730154662,0.967146220428653,-0.61051797675494,-0.356628243673727
1.0850598018114,0.970233828649482,-0.592953309602115,-0.377280519047381
1.0851479691051,0.973310244216013,-0.571179650883855,-0.402130593332194
1.0852361363988,0.975639970996376,-0.548967740436358,-0.426672230560023
1.08532430369249,0.977221231822428,-0.526334652331658,-0.450886579490786
1.08541247098619,0.978052800695935,-0.503297762528971,-0.474755038166997
1.08550063827989,0.978134050830517,-0.479874753018539,-0.498259297811976
1.08558880557359,0.977464908364321,-0.456083594446078,-0.521381313918226
1.08567697286728,0.976045897556454,-0.431942542087539,-0.544103355468936
1.08576514016098,0.973878096233984,-0.40747011510884,-0.566407981125135
1.08585330745468,0.970963177879237,-0.382685090190604,-0.588278087688659
1.08596171168701,0.966358545017417,-0.35181137278916,-0.61454717222826
1.08607011591934,0.960633205165673,-0.320529483670957,-0.640103721494731
1.08617852015168,0.953793808089041,-0.288875801642412,-0.664918006446593
1.08628692438401,0.945848296671856,-0.256887059063573,-0.688961237608311
1.08639532861634,0.936805880876414,-0.224600379210771,-0.712205501665662
1.08650373284867,0.92667705283032,-0.192053200879836,-0.734623851950466
1.08661213708101,0.915473552881074,-0.159283283743661,-0.756190269137393
1.08672054131334,0.903208378569479,-0.126328623235579,-0.776879755333888
1.08682894554567,0.889895747906299,-0.0932274493366126,-0.796668298569652
1.086937349778,0.875551104238196,-0.0600181412262039,-0.815532963011982
1.08704575401033,0.860191077485102,-0.026739223271135,-0.83345185421395
1.08715415824267,0.843833485278087,0.00657071912915191,-0.850404204407259
1.087262562475,0.82649729229977,0.0398730455852782,-0.866370337885084
1.08733017574938,0.815197424071151,0.0606239942520232,-0.875821418323162
1.08739778902376,0.803529844144581,0.0813474203688233,-0.884877264513409
1.08746540229814,0.791499770351493,0.102034066102948,-0.893533836454413
1.08753301557251,0.779112622083143,0.122674599894761,-0.901787221977882
1.08762517486529,0.761663830923615,0.15071683908927,-0.912380670012858
1.08771733415806,0.743576550522462,0.178632825591884,-0.922209376114345
1.08777753400103,0.731423867262552,0.196789071418437,-0.928212938680954
1.08783773384401,0.719009633969304,0.214874837449499,-0.933884471418793
1.08789793368698,0.706338259235621,0.232883711684677,-0.939221970920271
1.08795813352995,0.693414276406298,0.250809239574059,-0.94422351598035
1.08803063379452,0.6775209362538,0.272277575042921,-0.949798511296742
1.08810313405908,0.661276117926287,0.293604663858406,-0.954880781784695
1.08817563432364,0.644688249833787,0.314779454736939,-0.959467704570713
1.0882481345882,0.627765947617701,0.335790938241635,-0.963556885859318
1.08832063485276,0.610517985730573,0.356628232407477,-0.967146218138047
1.08839313511733,0.592953318747264,0.377280507791728,-0.970233826538997
1.08848130243906,0.571179653173207,0.40213059002381,-0.973310243197021
1.0885694697608,0.548967735591145,0.426672235002737,-0.975639970593868
1.08865763708254,0.526334640089572,0.450886591470443,-0.977221231559966
1.08874580440427,0.503297742644444,0.474755057451754,-0.97805280009617
1.08883397172601,0.479874725263118,0.498259324152779,-0.978134049415851
1.08892213904775,0.456083558608738,0.521381347049108,-0.977464905657828
1.08901030636948,0.431942497975143,0.544103395107434,-0.976045893082545
1.08909847369122,0.407470062546332,0.566408026972711,-0.973878089519026
1.08918664101296,0.382685029021348,0.588278139431126,-0.970963168452479
1.08929504524537,0.351811310711691,0.614547222543535,-0.966358533255226
1.08940344947779,0.320529420759728,0.640103770319103,-0.960633191078832
1.0895118537102,0.28887573797271,0.66491805371827,-0.953793791690969
1.08962025794262,0.256886994711615,0.688961283267123,-0.945848277978718
1.08972866217503,0.224600314253571,0.712205545653409,-0.936805859906965
1.08983706640745,0.192053135395189,0.734623894210806,-0.926677029605977
1.08994547063986,0.159283217810016,0.756190309615953,-0.915473527425932
1.09005387487228,0.126328556931981,0.776879793978311,-0.903208350910271
1.09016227910469,0.0932273827425394,0.796668335329739,-0.889895718072256
1.09027068333711,0.0600180744216261,0.815532997839558,-0.875551072261172
1.09037908756952,0.0267391563362224,0.833451887063189,-0.86019104339941
1.09048749180194,-0.00657078611396371,0.850404235234492,-0.843833449120508
1.09059589603435,-0.0398731125394722,0.866370366649026,-0.826497254109525
1.09066350924373,-0.0606240411943092,0.875821436877315,-0.815197395682978
1.09073112245311,-0.0813474473295026,0.884877273607494,-0.803529826277938
1.09079873566249,-0.102034073139331,0.893533836850362,-0.791499763711018
1.09086634887187,-0.122674587091055,0.901787214449033,-0.779112627357978
1.09095850817984,-0.150716830940569,0.912380664447851,-0.761663833507249
1.09105066748781,-0.178632822061615,0.92220937226282,-0.743576550201185
1.0911108673353,-0.196789069253479,0.928212935287728,-0.731423866034207
1.0911710671828,-0.214874836639161,0.933884468433912,-0.719009631794702
1.09123126703029,-0.232883712216799,0.939221968293427,-0.706338256076574
1.09129146687779,-0.250809241435092,0.944223513660713,-0.693414272225573
1.09136396713972,-0.272277576099624,0.949798508685309,-0.677520932585653
1.09143646740164,-0.293604664119237,0.954880778916815,-0.661276114797569
1.09150896766357,-0.314779454211534,0.959467701482097,-0.644688247270563
1.0915814679255,-0.335790936940888,0.96355688258588,-0.627765945644926
1.09165396818743,-0.35662823034342,0.967146214715977,-0.610517984372515
1.09172646844936,-0.377280504977584,0.970233823004689,-0.592953318027082
1.09181463579397,-0.402130593622531,0.973310240375079,-0.571179646752516
1.09190280313859,-0.426672244849774,0.975639968096388,-0.548967723246596
1.0919909704832,-0.45088660738657,0.977221228997839,-0.52633462161124
1.09207913782782,-0.47475507924348,0.978052797079596,-0.503297717836077
1.09216730517243,-0.498259351612472,0.978134045555118,-0.479874693942627
1.09225547251705,-0.521381379955551,0.977464900563831,-0.456083520608258
1.09234363986166,-0.544103433225912,0.976045886367422,-0.43194245314149
1.09243180720628,-0.566408070055527,0.97387808079665,-0.407470010741104
1.09251997455089,-0.588278187217882,0.970963157339227,-0.382684970121324
1.09262837878339,-0.614547269032582,0.96635852001768,-0.351811250985126
1.09273678301588,-0.640103815452532,0.960633175726735,-0.320529360274201
1.09284518724837,-0.664918097439791,0.95379377423651,-0.288875676796714
1.09295359148086,-0.688961325521992,0.945848258436494,-0.256886932914458
1.09306199571336,-0.712205586388707,0.936805838294034,-0.224600251905295
1.09317039994585,-0.734623933375233,0.926677005941796,-0.192053072566546
1.09327880417834,-0.756190347160033,0.915473501732388,-0.159283154572323
1.09338720841083,-0.776879829854365,0.903208323211548,-0.126328493357166
1.09349561264333,-0.796668369492059,0.889895688395009,-0.0932273189029317
1.09360401687582,-0.815533030244355,0.875551040634243,-0.0600180103898725
1.09371242110831,-0.833451917668717,0.860191009854007,-0.0267390921852946
1.0938208253408,-0.850404264000957,0.843833413690059,0.00657085031091648
1.0939292295733,-0.866370393538834,0.826497216829665,0.039873176709187
1.09399684271842,-0.875821453778493,0.815197368189832,0.0606240855886843
1.09406445586355,-0.884877281262248,0.8035298092813,0.0813474719809952
1.09413206900868,-0.893533836012884,0.791499757905892,0.102034078107024
1.09419968215381,-0.901787205884763,0.779112633424131,0.122674572460638
1.09429184144469,-0.912380654414678,0.761663843227649,0.150716811187045
1.09438400073558,-0.92220936105066,0.743576563801374,0.178632797249295
1.09444420061463,-0.928212927605693,0.731423873570848,0.196789054034821
1.09450440049368,-0.933884463935912,0.719009632989619,0.21487483094629
1.09456460037273,-0.939221966629992,0.706338250658419,0.232883715971586
1.09462480025178,-0.944223514479442,0.693414259930195,0.250809254549291
1.09469730051127,-0.94979850904957,0.677520920630611,0.272277588418982
1.09476980077076,-0.954880778858202,0.66127610321093,0.293604675647324
1.09484230103026,-0.95946770103269,0.644688236079564,0.314779464953129
1.09491480128975,-0.963556881778014,0.627765934876132,0.335790946901895
1.09498730154924,-0.967146213582438,0.610517974051517,0.35662823953093
1.09505980180874,-0.97023382157847,0.592953308178684,0.377280513399817
1.09514796914819,-0.973310238570544,0.571179638058494,0.4021306005121
1.09523613648765,-0.975639966000398,0.548967715762173,0.426672250238241
1.09532430382711,-0.977221226697573,0.526334615388742,0.450886611308853
1.09541247116657,-0.978052794662733,0.503297712924914,0.474755081737826
1.09550063850603,-0.978134043109317,0.479874690388969,0.498259352720364
1.09558880584549,-0.977464898176896,0.456083518455269,0.521381379721621
1.09567697318495,-0.976045884126943,0.431942452429011,0.544103431697949
1.09576514052441,-0.973878078790124,0.407470011505835,0.566408067284286
1.09585330786387,-0.970963155653597,0.382684972396511,0.58827818325711
1.09596171209635,-0.966358518543422,0.351811253342046,0.614547265201391
1.09607011632884,-0.96063317446274,0.320529362706093,0.640103811756698
1.09617852056133,-0.953793773181537,0.288875679296711,0.664918093884814
1.09628692479381,-0.945848257589051,0.256886935475687,0.688961322113391
1.0963953290263,-0.936805837652396,0.224600254520757,0.712205583131689
1.09650373325879,-0.926677005503964,0.19205307522917,0.73462393027483
1.09661213749127,-0.915473501496199,0.159283157275039,0.756190344221191
1.09672054172376,-0.903208323174513,0.126328496092769,0.776879827081753
1.09682894595625,-0.889895688554431,0.093227321664223,0.796668366890213
1.09693735018874,-0.875551040987222,0.0600180131696475,0.815533027817601
1.09704575442122,-0.860191010397421,0.0267390949763088,0.833451915421125
1.09715415865371,-0.843833414420524,-0.00657084751595447,0.850404261936493
1.0972625628862,-0.826497217743634,-0.0398731739175661,0.866370391661232
1.09733017603208,-0.815197369087999,-0.0606240830344715,0.875821452122479
1.09739778917796,-0.803529810154,-0.0813474696663214,0.884877279820364
1.09746540232384,-0.791499758743624,-0.102034076033684,0.893533834777304
1.09753301546972,-0.77911263421748,-0.122674570630104,0.901787204847562
1.09762517472835,-0.761663850362367,-0.150716799584863,0.912380649947244
1.09771733398697,-0.743576577716475,-0.178632775976249,0.922209353692734
1.09777753389304,-0.731423882331533,-0.196789040986884,0.928212923318419
1.09783773379912,-0.719009636356908,-0.214874826066254,0.933884462423177
1.09789793370519,-0.706338248399349,-0.232883719193506,0.939221967592853
1.09795813361126,-0.693414251817888,-0.250809265798535,0.94422351761642
1.09803063387093,-0.677520912350549,-0.272277599671875,0.949798512022422
1.0981031341306,-0.661276094764377,-0.293604686899158,0.95488078166353
1.09817563439027,-0.644688227468007,-0.314779476199056,0.959467703667077
1.09824813464994,-0.627765926101133,-0.335790958137119,0.96355688423824
1.09832063490961,-0.610517965114747,-0.356628250750538,0.967146215865265
1.09839313516928,-0.592953299082021,-0.377280524598856,0.970233823680858
1.09848130248069,-0.571179635821874,-0.402130603760867,0.973310239582724
1.0985694697921,-0.54896772066449,-0.426672245733014,0.975639966397485
1.0986576371035,-0.526334627692378,-0.450886599263961,0.977221226956329
1.09874580441491,-0.503297732875481,-0.474755062385213,0.978052795260693
1.09883397172632,-0.479874718215015,-0.498259326309257,0.978134044524258
1.09892213903772,-0.456083554367874,-0.521381346518156,0.977464900886028
1.09901030634913,-0.431942496621348,-0.544103391984762,0.976045888606105
1.09909847366054,-0.407470064153012,-0.566408021360102,0.973878085513113
1.09918664097194,-0.382685033655161,-0.588278131436308,0.970963165091445
1.09929504520435,-0.351811315510337,-0.614547214809617,0.966358530319943
1.09940344943675,-0.32052942570954,-0.640103762857671,0.96063318856717
1.09951185366915,-0.288875743059939,-0.664918046540548,0.95379378960049
1.09962025790156,-0.256886999922328,-0.688961276384066,0.945848276306395
1.09972866213396,-0.224600319573697,-0.712205539075568,0.936805858649243
1.09983706636636,-0.192053140810544,-0.734623887948418,0.926677028758965
1.09994547059877,-0.159283223306252,-0.756190303678873,0.915473526985127
1.10005387483117,-0.1263285624947,-0.77687978837604,0.903208350870739
1.10016227906357,-0.0932273883572575,-0.796668330071378,0.88989571842863
1.10027068329598,-0.0600180800737255,-0.815532992933845,0.8755510730076
1.10037908752838,-0.0267391620111353,-0.833451882518398,0.860191044529515
1.10048749176078,0.00657078043093517,-0.850404231058516,0.843833450627579
1.10059589599319,0.039873106862968,-0.866370362849353,0.826497255986381
1.10066350920416,0.0606240360221882,-0.875821433535873,0.815197397513646
1.10073112241514,0.0813474426659454,-0.884877270708,0.80352982804202
1.10079873562612,0.102034068987833,-0.893533834376189,0.791499765388341
1.1008663488371,0.122674583454468,-0.901787212383164,0.779112628928687
1.10095850808059,0.150716807771633,-0.912380655524804,0.76166384775317
1.10105066732408,0.178632779561823,-0.92220935756165,0.743576577999814
1.10111086722556,0.196789043185914,-0.928212926721224,0.731423883535287
1.10117106712704,0.214874826889583,-0.933884465410524,0.719009638520961
1.10123126702852,0.232883718653454,-0.939221970216019,0.706338251562531
1.10129146693,0.250809263908862,-0.944223519926839,0.693414256017971
1.10136396719232,0.272277598592449,-0.949798514626637,0.677520916034183
1.10143646745465,0.293604686621448,-0.954880784526003,0.661276097904508
1.10150896771697,0.31477947671338,-0.959467706751815,0.644688230038433
1.1015814679793,0.335790959432503,-0.963556887509059,0.627765928076566
1.10165396824162,0.356628252814859,-0.967146219285722,0.610517966470846
1.10172646850394,0.37728052741878,-0.970233827214295,0.592953299795462
1.10181463579249,0.40213060017231,-0.973310242404026,0.571179642231685
1.10190280308103,0.426672235900406,-0.97563996889434,0.548967732993899
1.10199097036958,0.450886583366407,-0.977221229517589,0.526334646151175
1.10207913765812,0.474755040616061,-0.978052798275812,0.503297757659718
1.10216730494667,0.498259298875992,-0.978134048382777,0.479874749506755
1.10225547223521,0.521381313641848,-0.977464905976654,0.456083592334786
1.10234363952375,0.544103353899905,-0.976045895316513,0.431942541416601
1.1024318068123,0.566407978314261,-0.973878094229126,0.407470115914842
1.10251997410084,0.588278083689678,-0.970963176196465,0.382685092506751
1.10262837833317,0.614547168360344,-0.96635854354727,0.351811375186934
1.1027367825655,0.640103717763579,-0.960633203907137,0.320529486143559
1.10284518679783,0.664918002857849,-0.953793807040812,0.288875804182928
1.10295359103016,0.688961234167318,-0.945848295832409,0.256887061665045
1.10306199526249,0.71220549837771,-0.936805880243914,0.224600381866142
1.10317039949482,0.73462384882067,-0.926677052402677,0.192053203581991
1.10327880372715,0.756190266170585,-0.915473552656029,0.159283286485435
1.10338720795948,0.776879752534769,-0.903208378544576,0.126328626009791
1.1034956121918,0.796668295942746,-0.889895748078742,0.0932274521359964
1.10360401642413,0.815532960561556,-0.875551104605054,0.0600181440434854
1.10371242065646,0.833451851944166,-0.860191078043206,0.0267392260990318
1.10382082488879,0.850404202321928,-0.843833486023932,-0.00657071629800879
1.10392922912112,0.866370335987893,-0.826497293229737,-0.0398730427581743
1.10399684239629,0.875821416653224,-0.815197424979976,-0.0606239916732564
1.10406445567145,0.884877263062612,-0.803529845022179,-0.0813474180404389
1.10413206894662,0.893533835214639,-0.791499771187909,-0.102034064026749
1.10419968222178,0.901787220940767,-0.779112622868567,-0.122674598072165
1.10429184148234,0.912380665549164,-0.761663838043395,-0.150716827505788
1.10438400074289,0.922209368763297,-0.743576564415121,-0.178632804348183
1.10444420061285,0.928212934396328,-0.731423876008048,-0.196789058388297
1.1045044004828,0.933884469904884,-0.719009637329094,-0.214874832575816
1.10456460035276,0.939221971878589,-0.706338256977007,-0.232883714901568
1.10462480022272,0.944223519109752,-0.693414268302756,-0.25080925080703
1.1046973004875,0.949798514265388,-0.677520927973699,-0.272277586291724
1.10476980075228,0.954880784588582,-0.661276109470468,-0.293604675118147
1.10484230101706,0.959467707206015,-0.644688241203358,-0.314779466002663
1.10491480128184,0.963556888322121,-0.627765938813797,-0.335790949508318
1.10498730154662,0.967146220424578,-0.610517976754599,-0.356628243670018
1.1050598018114,0.970233828645616,-0.59295330960067,-0.377280519044958
1.10514796910513,0.973310244213129,-0.571179650874479,-0.402130593338653
1.10523613639886,0.975639970993845,-0.548967740418758,-0.426672230575115
1.10532430369259,0.977221231819849,-0.526334652305533,-0.450886579514303
1.10541247098632,0.9780528006927,-0.50329776249408,-0.474755038198615
1.10550063828005,0.978134050826055,-0.479874752974639,-0.498259297851425
1.10558880557378,0.977464908358075,-0.456083594392875,-0.521381313965219
1.10567697286751,0.976045897547959,-0.43194254202481,-0.544103355523159
1.10576514016124,0.973878096222714,-0.407470115036449,-0.56640798118623
1.10585330745497,0.970963177864632,-0.382685090108382,-0.588278087756281
1.1059617116873,0.966358544999771,-0.351811372705342,-0.614547172294427
1.10607011591963,0.960633205144894,-0.320529483585627,-0.64010372155931
1.10617852015197,0.953793808065203,-0.288875801555697,-0.664918006509529
1.1062869243843,0.945848296644967,-0.256887058975548,-0.688961237669453
1.10639532861664,0.936805880846461,-0.224600379121533,-0.712205501724926
1.10650373284897,0.926677052797227,-0.192053200789469,-0.734623852007781
1.1066121370813,0.915473552844896,-0.159283283652252,-0.756190269192621
1.10672054131364,0.903208378530254,-0.126328623143259,-0.776879755386989
1.10682894554597,0.889895747863963,-0.0932274492434453,-0.796668298620541
1.1069373497783,0.875551104192833,-0.060018141132323,-0.815532963060501
1.10704575401064,0.860191077436737,-0.0267392231766332,-0.833451854260092
1.10715415824297,0.843833485226664,0.00657071922417583,-0.850404204450846
1.10726256247531,0.82649729224538,0.0398730456807246,-0.866370337926112
1.10733017574959,0.815197424031609,0.0606239943175252,-0.875821418349097
1.10739778902387,0.803529844120971,0.0813474204044144,-0.884877264525376
1.10746540229815,0.791499770344816,0.102034066108732,-0.893533836453558
1.10753301557243,0.779112622094455,0.12267459987088,-0.901787221965336
1.1076251748652,0.761663830937494,0.150716839062358,-0.912380669999865
1.10771733415796,0.743576550539074,0.178632825561971,-0.922209376101045
1.10777753400097,0.731423867272176,0.19678907139954,-0.928212938671729
1.10783773384398,0.719009633971688,0.214874837441551,-0.93388447141323
1.10789793368699,0.706338259230467,0.232883711687568,-0.939221970918032
1.10795813353,0.693414276393257,0.250809239587709,-0.94422351598095
1.10803063379456,0.677520936239725,0.272277575057634,-0.949798511297356
1.10810313405913,0.661276117911089,0.29360466387418,-0.954880781785233
1.10817563432369,0.644688249817463,0.314779454753755,-0.959467704571168
1.10824813458826,0.627765947600141,0.335790938259479,-0.963556885859591
1.10832063485282,0.610517985711828,0.356628232426315,-0.96714621813814
1.10839313511739,0.592953318727302,0.377280507811522,-0.970233826538795
1.10848130243912,0.571179653155136,0.402130590040832,-0.973310243195993
1.10856946976085,0.548967735575148,0.426672235017049,-0.975639970592183
1.10865763708257,0.526334640075701,0.450886591482074,-0.977221231557781
1.1087458044043,0.503297742632787,0.47475505746081,-0.978052800093571
1.10883397172603,0.479874725253738,0.498259324159302,-0.978134049413014
1.10892213904776,0.45608355860177,0.521381347053188,-0.977464905654921
1.10901030636949,0.431942497970622,0.544103395109151,-0.976045893079738
1.10909847369121,0.407470062544337,0.566408026972148,-0.97387808951646
1.10918664101294,0.382685029021954,0.588278139428376,-0.970963168450323
1.10929504524536,0.351811310712088,0.614547222541134,-0.966358533253184
1.10940344947777,0.320529420759843,0.64010377031707,-0.960633191076866
1.10951185371019,0.288875737972557,0.664918053716557,-0.953793791689112
1.10962025794261,0.256886994711188,0.688961283265718,-0.945848277976894
1.10972866217502,0.224600314252861,0.712205545652318,-0.93680585990514
1.10983706640744,0.192053135394161,0.734623894209997,-0.926677029604183
1.10994547063986,0.159283217808671,0.756190309615453,-0.915473527424133
1.11005387487227,0.126328556930315,0.776879793978103,-0.903208350908358
1.11016227910469,0.0932273827405704,0.79666833532975,-0.889895718070289
1.1102706833371,0.0600180744193023,0.815532997839831,-0.875551072259126
1.11037908756952,0.0267391563335703,0.833451887063705,-0.860191043397273
1.11048749180194,-0.0065707861169696,0.850404235235185,-0.84383344911821
1.11059589603435,-0.0398731125427988,0.866370366649914,-0.82649725410709
1.11066350924373,-0.0606240411959243,0.87582143687744,-0.815197395681508
1.1107311224531,-0.0813474473294358,0.88487727360692,-0.803529826277471
1.11079873566247,-0.102034073137569,0.893533836849207,-0.791499763711627
1.11086634887185,-0.122674587087607,0.901787214447351,-0.779112627359692
1.11095850817976,-0.150716830921515,0.912380664440616,-0.761663833519103
1.11105066748768,-0.178632822027112,0.922209372250969,-0.743576550223815
1.11111086733522,-0.196789069232426,0.928212935280844,-0.731423866048418
1.11117106718276,-0.214874836631465,0.933884468431524,-0.719009631800061
1.1112312670303,-0.232883712222352,0.939221968295028,-0.706338256072637
1.11129146687784,-0.250809241453756,0.94422351366586,-0.693414272212055
1.11136396713976,-0.27227757611571,0.949798508689538,-0.677520932573774
1.11143646740168,-0.293604664132738,0.954880778920159,-0.661276114787395
1.1115089676636,-0.314779454222491,0.959467701484694,-0.644688247262208
1.11158146792552,-0.335790936949344,0.963556882587854,-0.627765945638501
1.11165396818744,-0.356628230349396,0.967146214717468,-0.610517984368018
1.11172646844936,-0.377280504981169,0.970233823005809,-0.592953318024598
1.11181463579393,-0.402130593614062,0.973310240374893,-0.571179646760823
1.1119028031385,-0.426672244829565,0.975639968095626,-0.54896772326605
1.11199097048307,-0.450886607354944,0.9772212289972,-0.526334621642229
1.11207913782764,-0.474755079200789,0.978052797079855,-0.503297717879038
1.11216730517222,-0.498259351559122,0.978134045556983,-0.479874693997845
1.11225547251679,-0.52138137989196,0.977464900568086,-0.456083520676102
1.11234363986136,-0.544103433152539,0.97604588637475,-0.431942453222185
1.11243180720593,-0.566408069972842,0.973878080807797,-0.407470010834952
1.1125199745505,-0.588278187126342,0.970963157354897,-0.382684970228526
1.112628378783,-0.614547268943602,0.966358520037402,-0.351811251093796
1.11273678301549,-0.640103815366175,0.960633175750459,-0.320529360384225
1.11284518724798,-0.664918097356157,0.953793774264175,-0.288875676907964
1.11295359148048,-0.688961325441285,0.945848258468072,-0.256886933026762
1.11306199571297,-0.712205586310924,0.936805838329491,-0.224600252018541
1.11317039994546,-0.734623933300493,0.926677005981083,-0.192053072680594
1.11327880417795,-0.756190347088411,0.915473501775485,-0.159283154687051
1.11338720841045,-0.776879829785957,0.903208323258418,-0.126328493472431
1.11349561264294,-0.796668369426962,0.889895688445509,-0.0932273190185699
1.11360401687543,-0.815533030182629,0.875551040688396,-0.0600180105057585
1.11371242110792,-0.833451917610398,0.860191009911729,-0.026739092301314
1.11382082534042,-0.850404263946178,0.843833413751276,0.00657085019491415
1.11392922957291,-0.866370393487709,0.826497216894333,0.0398731765933623
1.11399684271815,-0.875821453745019,0.815197368237408,0.0606240855076143
1.11406445586339,-0.884877281245175,0.803529809310548,0.0813474719346299
1.11413206900863,-0.893533836010872,0.791499757915637,0.102034078095245
1.11419968215388,-0.901787205896501,0.7791126334132,0.122674572483278
1.11429184144473,-0.912380654422881,0.761663843221458,0.15071681120145
1.11438400073559,-0.922209361055784,0.743576563800299,0.178632797255535
1.11444420061463,-0.92821292760999,0.731423873571242,0.196789054038799
1.11450440049367,-0.933884463939532,0.719009632991551,0.214874830947995
1.11456460037272,-0.93922196663297,0.706338250661954,0.232883715971039
1.11462480025176,-0.944223514481944,0.693414259935427,0.250809254546532
1.11469730051126,-0.949798509052778,0.677520920634205,0.272277588418562
1.11476980077076,-0.954880778862001,0.66127610321278,0.293604675649233
1.11484230103026,-0.959467701036931,0.644688236079613,0.314779464957334
1.11491480128976,-0.963556881782638,0.627765934874314,0.33579094690837
1.11498730154926,-0.967146213587329,0.610517974047753,0.356628239539602
1.11505980180876,-0.970233821583554,0.592953308172927,0.377280513410636
1.1151479691482,-0.973310238574748,0.571179638058107,0.40213060051665
1.11523613648764,-0.975639966004013,0.548967715767375,0.426672250236656
1.11532430382707,-0.977221226701046,0.526334615399762,0.450886611301332
1.11541247116651,-0.978052794666407,0.503297712941871,0.47475508172451
1.11550063850595,-0.97813404311354,0.479874690412092,0.498259352701462
1.11558880584538,-0.977464898182076,0.456083518484722,0.521381379697372
1.11567697318482,-0.976045884133468,0.431942452464973,0.544103431668541
1.11576514052426,-0.973878078798329,0.407470011548389,0.566408067249988
1.1158533078637,-0.970963155663891,0.382684972445807,0.588278183218134
1.11596171209618,-0.966358518555437,0.351811253391593,0.614547265163827
1.11607011632867,-0.960633174476437,0.320529362755835,0.6401038117206
1.11617852056116,-0.953793773196843,0.288875679346637,0.664918093850214
1.11628692479365,-0.945848257605941,0.256886935525661,0.688961322080297
1.11639532902614,-0.936805837670804,0.22460025457075,0.71220558310005
1.11650373325863,-0.926677005523891,0.192053075279136,0.734623930244772
1.11661213749111,-0.915473501517518,0.159283157324875,0.756190344192668
1.1167205417236,-0.903208323197276,0.126328496142463,0.77687982705485
1.11682894595609,-0.889895688578551,0.0932273217137046,0.796668366864844
1.11693735018858,-0.875551041012657,0.0600180132188387,0.815533027793805
1.11704575442107,-0.860191010424101,0.0267390950251488,0.83345191539894
1.11715415865356,-0.843833414448384,-0.00657084746750321,0.850404261915911
1.11726256288604,-0.826497217772681,-0.0398731738695595,0.866370391642225
1.11733017603198,-0.815197369108973,-0.0606240830026011,0.875821452111616
1.11739778917791,-0.803529810166347,-0.0813474696505345,0.884877279816939
1.11746540232384,-0.791499758746746,-0.102034076033948,0.893533834780698
1.11753301546977,-0.779112634210836,-0.122674570646332,0.901787204857175
1.11762517472843,-0.761663850350796,-0.150716799608146,0.91238064995897
1.11771733398708,-0.743576577699666,-0.178632776006548,0.922209353706236
1.11777753389311,-0.731423882321925,-0.196789041005759,0.928212923327681
1.11783773379914,-0.719009636354817,-0.214874826073786,0.93388446242857
1.11789793370518,-0.706338248405092,-0.232883719189787,0.939221967594913
1.11795813361121,-0.693414251831825,-0.250809265783682,0.944223517615499
1.11803063387089,-0.67752091236337,-0.272277599658889,0.949798512022254
1.11810313413057,-0.661276094776093,-0.293604686887974,0.954880781664026
1.11817563439024,-0.644688227478465,-0.314779476189722,0.959467703668188
1.11824813464992,-0.627765926110269,-0.335790958129569,0.963556884239836
1.1183206349096,-0.610517965122566,-0.356628250744744,0.967146215867354
1.11839313516927,-0.592953299088422,-0.377280524594842,0.970233823683269
1.1184813024807,-0.571179635823987,-0.402130603761761,0.973310239585737
1.11856946979212,-0.54896772066211,-0.426672245738722,0.975639966400816
1.11865763710355,-0.526334627685342,-0.450886599274347,0.97722122695967
1.11874580441497,-0.503297732863645,-0.474755062400111,0.978052795263741
1.11883397172639,-0.479874718198256,-0.498259326328558,0.97813404452682
1.11892213903782,-0.45608355434601,-0.521381346541668,0.977464900887709
1.11901030634924,-0.431942496594311,-0.544103392012291,0.976045888606608
1.11909847366067,-0.407470064120639,-0.566408021391509,0.973878085512137
1.11918664097209,-0.382685033617392,-0.588278131471323,0.970963165088729
1.11929504520449,-0.351811315471521,-0.614547214844078,0.966358530315606
1.1194034494369,-0.320529425669727,-0.640103762891477,0.960633188561209
1.1195118536693,-0.28887574301917,-0.664918046573698,0.953793789592845
1.11962025790171,-0.256886999880647,-0.688961276416434,0.945848276297074
1.11972866213411,-0.224600319531155,-0.712205539107107,0.93680585863826
1.11983706636652,-0.192053140767157,-0.734623887979098,0.926677028746257
1.11994547059892,-0.159283223262114,-0.756190303708623,0.915473526970749
1.12005387483133,-0.126328562449839,-0.776879788404752,0.903208350854576
1.12016227906373,-0.0932273883117403,-0.796668330099026,0.889895718410744
1.12027068329614,-0.0600180800275991,-0.815532992960398,0.875551072987992
1.12037908752854,-0.0267391619644581,-0.833451882543736,0.860191044508189
1.12048749176095,0.00657078047812119,-0.85040423108261,0.843833450604449
1.12059589599335,0.0398731069105946,-0.866370362872111,0.826497255961498
1.12066350920429,0.0606240360562296,-0.875821433551631,0.815197397495385
1.12073112241522,0.0813474426864352,-0.884877270717263,0.80352982803083
1.12079873562616,0.102034068994835,-0.893533834379485,0.791499765384642
1.12086634883709,0.122674583447998,-0.901787212381004,0.779112628932976
1.1209585080806,0.150716807769309,-0.9123806555242,0.761663847754894
1.1210506673241,0.178632779563592,-0.922209357562381,0.743576577998759
1.12111086722558,0.196789043186961,-0.928212926721625,0.731423883534631
1.12117106712706,0.214874826889902,-0.933884465410674,0.71900963852074
1.12123126702853,0.232883718653066,-0.939221970215812,0.706338251562722
1.12129146693001,0.250809263907765,-0.944223519926406,0.693414256018625
1.12136396719234,0.272277598592476,-0.949798514626417,0.677520916033947
1.12143646745466,0.293604686622607,-0.954880784525971,0.661276097903342
1.12150896771699,0.314779476715671,-0.959467706751907,0.644688230036231
1.12158146797932,0.335790959435886,-0.963556887509245,0.627765928073354
1.12165396824165,0.356628252819296,-0.967146219285858,0.610517966466579
1.12172646850398,0.377280527424279,-0.970233827214356,0.592953299790075
1.12181463579257,0.402130600190066,-0.973310242405196,0.571179642215127
1.12190280308115,0.426672235930139,-0.975639968895827,0.548967732965653
1.12199097036974,0.450886583407726,-0.977221229518654,0.526334646110899
1.12207913765833,0.474755040668613,-0.978052798275687,0.503297757607083
1.12216730494692,0.498259298939336,-0.978134048380719,0.479874749441347
1.12225547223551,0.521381313715562,-0.97746490597194,0.456083592256339
1.1223436395241,0.544103353983555,-0.976045895308347,0.431942541324774
1.12243180681269,0.566407978407332,-0.97387809421677,0.407470115809436
1.12251997410127,0.58827808379164,-0.970963176179198,0.382685092387516
1.1226283783336,0.614547168458832,-0.966358543525707,0.351811375066845
1.12273678256593,0.640103717858501,-0.960633203881273,0.320529486022761
1.12284518679825,0.664918002949158,-0.953793807010775,0.288875804061595
1.12295359103058,0.68896123425494,-0.945848295798334,0.256887061543334
1.12306199526291,0.712205498461592,-0.936805880205822,0.224600381744219
1.12317039949523,0.734623848900711,-0.926677052360708,0.192053203460017
1.12327880372756,0.756190266246759,-0.915473552610344,0.159283286363557
1.12338720795988,0.77687975260705,-0.903208378495229,0.126328625888169
1.12349561219221,0.796668296011046,-0.889895748025876,0.0932274520147794
1.12360401642454,0.815532960625892,-0.87555110454874,0.0600181439228202
1.12371242065686,0.833451852004472,-0.860191077983519,0.0267392259790503
1.12382082488919,0.850404202378185,-0.843833485961066,-0.00657071641712514
1.12392922912151,0.866370336040131,-0.826497293163844,-0.0398730428763209
1.12399684239656,0.875821416687387,-0.815197424931498,-0.0606239917559061
1.12406445567162,0.884877263080025,-0.803529844992372,-0.0813474180876623
1.12413206894667,0.893533835216645,-0.791499771178052,-0.102034064038625
1.12419968222172,0.901787220928764,-0.779112622879919,-0.122674598048881
1.12429184148229,0.912380665540446,-0.76166383805056,-0.150716827489882
1.12438400074287,0.922209368757353,-0.743576564417792,-0.17863280433959
1.12444420061284,0.928212934391527,-0.731423876008548,-0.196789058382981
1.1245044004828,0.93388446990112,-0.719009637327403,-0.214874832573756
1.12456460035277,0.939221971875755,-0.706338256972998,-0.232883714902759
1.12462480022274,0.944223519107683,-0.693414268296301,-0.250809250811403
1.1246973004875,0.949798514261841,-0.677520927971206,-0.272277586290661
1.12476980075227,0.954880784583778,-0.661276109472082,-0.293604675111717
1.12484230101703,0.959467707200189,-0.644688241209228,-0.314779465990956
1.12491480128179,0.963556888315491,-0.627765938824137,-0.335790949491393
1.12498730154655,0.967146220417496,-0.610517976769534,-0.356628243647978
1.12505980181132,0.970233828638285,-0.592953309620357,-0.377280519017926
1.12514796910505,0.9733102442065,-0.571179650894625,-0.402130593311863
1.12523613639877,0.975639970987958,-0.54896774043937,-0.426672230548584
1.1253243036925,0.977221231814644,-0.526334652326584,-0.450886579488072
1.12541247098623,0.978052800688264,-0.503297762515574,-0.474755038172671
1.12550063827996,0.978134050822343,-0.479874752996524,-0.49825929782583
1.12558880557369,0.977464908355104,-0.456083594415183,-0.521381313939948
1.12567697286742,0.976045897545724,-0.431942542047546,-0.544103355498199
1.12576514016115,0.97387809622118,-0.407470115059561,-0.56640798116163
1.12585330745488,0.970963177863887,-0.382685090131826,-0.588278087732073
1.12596171168721,0.966358544999879,-0.351811372729102,-0.614547172270799
1.12607011591955,0.960633205145985,-0.320529483609716,-0.640103721536252
1.12617852015188,0.953793808067138,-0.288875801580051,-0.664918006487134
1.12628692438421,0.945848296647789,-0.256887059000143,-0.688961237647661
1.12639532861655,0.936805880850119,-0.224600379146362,-0.712205501703792
1.12650373284888,0.926677052801809,-0.192053200814463,-0.734623851987338
1.12661213708122,0.915473552850331,-0.159283283677423,-0.756190269172909
1.12672054131355,0.903208378536508,-0.126328623168538,-0.77687975536799
1.12682894554588,0.889895747871116,-0.0932274492688368,-0.796668298602242
1.12693734977822,0.875551104200739,-0.060018141157761,-0.815532963043007
1.12704575401055,0.860191077445474,-0.0267392232021268,-0.833451854243354
1.12715415824289,0.843833485236194,0.00657071919868999,-0.850404204434882
1.12726256247522,0.826497292255675,0.0398730456552499,-0.866370337910932
1.12733017574952,0.815197424038714,0.060623994298727,-0.875821418337427
1.12739778902383,0.803529844124611,0.081347420392253,-0.884877264516871
1.12746540229813,0.791499770344812,0.10203406610321,-0.893533836448028
1.12753301557243,0.779112622090557,0.122674599871968,-0.901787221962542
1.1276251748652,0.761663830933357,0.150716839063857,-0.912380669997205
1.12771733415796,0.743576550534641,0.178632825563901,-0.922209376098536
1.12777753400097,0.731423867267643,0.196789071401599,-0.928212938669251
1.12783773384398,0.719009633967018,0.214874837443758,-0.933884471410815
1.12789793368699,0.706338259225692,0.232883711689893,-0.939221970915601
1.12795813353,0.693414276388392,0.250809239590167,-0.944223515978535
1.12803063379457,0.677520936233838,0.272277575061403,-0.949798511295235
1.12810313405914,0.661276117904138,0.293604663879236,-0.954880781783389
1.12817563432371,0.64468824980942,0.314779454760073,-0.959467704569489
1.12824813458828,0.627765947590977,0.335790938267045,-0.963556885858021
1.12832063485285,0.610517985701502,0.35662823243509,-0.967146218136591
1.12839313511742,0.592953318715789,0.377280507821506,-0.970233826537302
1.12848130243915,0.571179653143651,0.402130590050528,-0.973310243194143
1.12856946976088,0.54896773556365,0.426672235026437,-0.975639970590063
1.1286576370826,0.526334640064244,0.450886591491192,-0.97722123155541
1.12874580440433,0.503297742621363,0.474755057469631,-0.978052800090953
1.12883397172606,0.479874725242388,0.498259324167816,-0.978134049410213
1.12892213904778,0.456083558590473,0.521381347061406,-0.977464905651903
1.12901030636951,0.431942497959406,0.544103395117079,-0.976045893076497
1.12909847369124,0.407470062533229,0.566408026979776,-0.973878089512972
1.12918664101297,0.38268502901093,0.588278139435725,-0.970963168446594
1.12929504524538,0.351811310700966,0.614547222548307,-0.966358533249253
1.1294034494778,0.320529420748629,0.640103770324099,-0.960633191072703
1.12951185371021,0.288875737961264,0.664918053723368,-0.953793791684631
1.12962025794263,0.256886994699836,0.688961283272358,-0.945848277972204
1.12972866217505,0.224600314241445,0.712205545658768,-0.936805859900203
1.12983706640746,0.192053135382691,0.734623894216309,-0.926677029598988
1.12994547063988,0.159283217797145,0.756190309621526,-0.915473527418662
1.1300538748723,0.126328556918756,0.776879793983936,-0.903208350902693
1.13016227910471,0.0932273827289912,0.796668335335397,-0.889895718064408
1.13027068333713,0.0600180744077015,0.815532997845287,-0.875551072252968
1.13037908756954,0.0267391563219594,0.833451887068915,-0.860191043390875
1.13048749180196,-0.00657078612856451,0.850404235240196,-0.843833449111623
1.13059589603438,-0.0398731125544027,0.86637036665465,-0.826497254100258
1.13066350924374,-0.0606240412038987,0.875821436880463,-0.815197395676553
1.1307311224531,-0.0813474473337827,0.884877273608318,-0.803529826274514
1.13079873566246,-0.102034073138307,0.893533836849085,-0.791499763710758
1.13086634887182,-0.122674587084752,0.901787214445849,-0.779112627361112
1.13095850817971,-0.150716830908201,0.912380664435524,-0.7616638335273
1.13105066748759,-0.178632822003456,0.922209372242768,-0.743576550239319
1.13111086733515,-0.19678906921737,0.928212935275903,-0.731423866058527
1.13117106718272,-0.21487483662495,0.933884468429552,-0.719009631804597
1.13123126703029,-0.232883712224315,0.939221968295667,-0.706338256071323
1.13129146687786,-0.25080924146412,0.9442235136688,-0.693414272204666
1.13136396713978,-0.272277576128073,0.949798508692818,-0.677520932564749
1.13143646740171,-0.293604664147077,0.954880778923755,-0.661276114776669
1.13150896766364,-0.31477945423879,0.959467701488476,-0.644688247249687
1.13158146792557,-0.335790936967515,0.963556882591657,-0.627765945624168
1.13165396818749,-0.356628230369441,0.967146214721264,-0.610517984351797
1.13172646844942,-0.377280505003012,0.970233823009517,-0.592953318006492
1.13181463579397,-0.402130593629632,0.973310240377394,-0.571179646747761
1.13190280313852,-0.426672244839031,0.97563996809733,-0.548967723258269
1.13199097048307,-0.450886607358455,0.977221228998398,-0.526334621639962
1.13207913782762,-0.474755079198514,0.978052797080958,-0.503297717882449
1.13216730517217,-0.498259351551249,0.978134045558434,-0.479874694007154
1.13225547251672,-0.521381379878667,0.977464900570135,-0.456083520691421
1.13234363986127,-0.544103433134054,0.976045886377794,-0.431942453243685
1.13243180720582,-0.566408069949375,0.973878080812197,-0.407470010862786
1.13251997455037,-0.588278187098142,0.970963157361037,-0.38268497026286
1.13262837878287,-0.614547268916342,0.966358520044858,-0.351811251128493
1.13273678301536,-0.640103815339946,0.960633175759242,-0.320529360419265
1.13284518724785,-0.664918097330934,0.953793774274237,-0.288875676943276
1.13295359148035,-0.688961325417065,0.945848258479431,-0.25688693306236
1.13306199571284,-0.712205586287777,0.936805838342126,-0.224600252054335
1.13317039994533,-0.734623933278416,0.926677005994967,-0.192053072716557
1.13327880417783,-0.75619034706744,0.915473501790573,-0.159283154723106
1.13338720841032,-0.776879829766183,0.903208323274716,-0.126328493508521
1.13349561264281,-0.796668369408298,0.889895688463011,-0.0932273190546857
1.1336040168753,-0.815533030165168,0.875551040707039,-0.0600180105418288
1.1337124211078,-0.833451917594142,0.860191009931442,-0.0267390923373077
1.13382082534029,-0.850404263931116,0.843833413772047,0.00657085015906184
1.13392922957278,-0.866370393473791,0.826497216916197,0.0398731765576356
1.13399684271806,-0.87582145373667,0.81519736825398,0.0606240854826934
1.13406445586334,-0.884877281241951,0.803529809321437,0.081347471920498
1.13413206900861,-0.893533836012399,0.791499757920524,0.102034078091872
1.13419968215389,-0.901787205902269,0.779112633411685,0.122674572490624
1.13429184144473,-0.912380654426282,0.761663843223753,0.150716811202564
1.13438400073556,-0.922209361057143,0.743576563806669,0.178632797250476
1.13444420061461,-0.928212927612128,0.731423873576464,0.196789054035673
1.13450440049366,-0.933884463942312,0.719009632995521,0.214874830946826
1.13456460037271,-0.939221966636401,0.706338250664614,0.232883715971799
1.13462480025176,-0.944223514485914,0.693414259936727,0.250809254549197
1.13469730051124,-0.949798509055647,0.677520920638889,0.272277588416764
1.13476980077073,-0.954880778864002,0.661276103220951,0.293604675643035
1.13484230103021,-0.959467701038191,0.644688236091426,0.314779464946801
1.1349148012897,-0.963556881783433,0.627765934889857,0.335790946893575
1.13498730154919,-0.967146213587823,0.610517974067186,0.356628239520627
1.13505980180867,-0.970233821584004,0.592953308196424,0.377280513387576
1.13514796914806,-0.973310238574553,0.571179638093388,0.402130600481143
1.13523613648746,-0.975639966003997,0.548967715814916,0.426672250189069
1.13532430382685,-0.977221226701921,0.526334615459916,0.450886611242024
1.13541247116624,-0.978052794668938,0.503297713015046,0.474755081653923
1.13550063850563,-0.978134043118608,0.479874690498613,0.49825935262002
1.13558880584502,-0.977464898190402,0.456083518584894,0.521381379605486
1.13567697318441,-0.976045884145799,0.431942452579082,0.544103431566741
1.1357651405238,-0.97387807881546,0.407470011676715,0.566408067138744
1.13585330786319,-0.970963155686555,0.382684972588565,0.588278183098001
1.13596171209568,-0.966358518583334,0.351811253536674,0.614547265046653
1.13607011632817,-0.960633174509558,0.320529362903079,0.640103811606471
1.13617852056066,-0.95379377323519,0.288875679495863,0.664918093739384
1.13628692479314,-0.945848257649501,0.256886935676705,0.688961321972791
1.13639532902563,-0.936805837719592,0.22460025472343,0.712205582996149
1.13650373325812,-0.926677005577817,0.192053075433272,0.734623930144522
1.13661213749061,-0.915473501576604,0.159283157480338,0.756190344096264
1.13672054172309,-0.903208323261411,0.126328496299045,0.776879826962377
1.13682894595558,-0.889895688647712,0.0932273218712232,0.796668366776505
1.13693735018807,-0.87555104108681,0.0600180133771145,0.815533027709675
1.13704575442055,-0.860191010503157,0.0267390951840329,0.833451915319135
1.13715415865304,-0.843833414532325,-0.00657084730823759,0.850404261840552
1.13726256288553,-0.82649721786138,-0.0398731737100572,0.866370391571431
1.13733017603162,-0.815197369173833,-0.0606240828914365,0.875821452065269
1.13739778917771,-0.803529810205613,-0.0813474695876346,0.88487727979323
1.1374654023238,-0.791499758758742,-0.102034076019152,0.89353383477789
1.13753301546989,-0.779112634193892,-0.122674570679439,0.901787204873328
1.13762517472856,-0.761663850328603,-0.150716799648161,0.912380649976774
1.13771733398724,-0.74357657767192,-0.178632776053363,0.922209353725268
1.13777753389321,-0.731423882305977,-0.196789041033913,0.928212923339877
1.13783773379918,-0.719009636351233,-0.214874826083446,0.933884462434663
1.13789793370515,-0.706338248414404,-0.232883719181116,0.939221967595542
1.13795813361112,-0.693414251854533,-0.250809265756817,0.944223517611331
1.13803063387079,-0.677520912388304,-0.272277599629766,0.94979851201807
1.13810313413046,-0.661276094803298,-0.293604686856637,0.954880781659944
1.13817563439013,-0.644688227508079,-0.314779476156205,0.959467703664312
1.1382481346498,-0.627765926142372,-0.335790958093937,0.963556884236284
1.13832063490947,-0.610517965157152,-0.35662825070706,0.967146215864184
1.13839313516914,-0.592953299125547,-0.377280524555168,0.970233823680713
1.13848130248055,-0.57117963586395,-0.402130603720139,0.973310239584072
1.13856946979197,-0.548967720704963,-0.426672245695242,0.975639966400172
1.13865763710339,-0.526334627731134,-0.450886599229095,0.977221226960222
1.1387458044148,-0.503297732912442,-0.474755062353202,0.978052795265647
1.13883397172622,-0.479874718250053,-0.498259326280087,0.978134044530144
1.13892213903763,-0.456083554400929,-0.521381346491762,0.977464900892651
1.13901030634905,-0.43194249665231,-0.54410339196106,0.976045888613372
1.13909847366046,-0.407470064181793,-0.566408021339028,0.973878085520797
1.13918664097188,-0.382685033681676,-0.588278131417781,0.970963165099471
1.13929504520428,-0.351811315537093,-0.614547214791526,0.966358530328618
1.13940344943668,-0.320529425736527,-0.640103762840029,0.960633188576558
1.13951185366909,-0.288875743087129,-0.66491804652339,0.953793789610496
1.13962025790149,-0.256886999949713,-0.688961276367351,0.945848276317048
1.13972866213389,-0.224600319601239,-0.7122055390594,0.936805858660608
1.1398370663663,-0.192053140838215,-0.734623887932737,0.926677028770941
1.1399454705987,-0.159283223334058,-0.756190303663744,0.915473526997763
1.1400538748311,-0.12632856252263,-0.776879788361425,0.903208350884023
1.14016227906351,-0.0932273883852491,-0.796668330057312,0.889895718442558
1.14027068329591,-0.0600180801017487,-0.815532992920372,0.875551073022092
1.14037908752831,-0.0267391620391873,-0.833451882505488,0.860191044544694
1.14048749176072,0.00657078040287131,-0.850404231046193,0.843833450643339
1.14059589599312,0.0398731068349219,-0.866370362837605,0.826497256002694
1.14066350920413,0.0606240360050415,-0.875821433529387,0.8151973975243
1.14073112241515,0.0813474426596978,-0.884877270706341,0.803529828046637
1.14079873562616,0.102034068992425,-0.893533834378957,0.791499765386486
1.14086634883718,0.122674583469842,-0.90178721238988,0.779112628920023
1.14095850808074,0.150716807808074,-0.912380655538625,0.761663847730512
1.1410506673243,0.178632779619114,-0.922209357581383,0.74357657796227
1.14111086722571,0.196789043220975,-0.928212926732702,0.731423883511693
1.14117106712711,0.214874826902574,-0.933884465414571,0.71900963851199
1.14123126702852,0.232883718644551,-0.939221970213322,0.706338251568761
1.14129146692992,0.250809263878272,-0.944223519918319,0.69341425604002
1.14136396719226,0.272277598564806,-0.949798514619358,0.67752091605455
1.14143646745459,0.293604686596705,-0.954880784519782,0.661276097923048
1.14150896771692,0.31477947669155,-0.959467706746579,0.644688230055035
1.14158146797926,0.335790959413517,-0.963556887504658,0.627765928091127
1.14165396824159,0.356628252798687,-0.967146219282016,0.610517966483305
1.14172646850392,0.377280527405397,-0.970233827211135,0.592953299805699
1.14181463579254,0.402130600179105,-0.973310242403257,0.571179642224088
1.14190280308116,0.426672235926858,-0.975639968894696,0.548967732967801
1.14199097036977,0.450886583411953,-0.977221229517873,0.52633464610587
1.14207913765839,0.474755040680123,-0.978052798274796,0.5032977575947
1.14216730494701,0.498259298957883,-0.978134048379228,0.479874749421329
1.14225547223562,0.521381313740898,-0.97746490596938,0.456083592228468
1.14234363952424,0.544103354015379,-0.976045895304277,0.431942541288894
1.14243180681285,0.566407978445378,-0.973878094210725,0.407470115765342
1.14251997410147,0.588278083835615,-0.97096317617067,0.382685092335054
1.1426283783338,0.614547168502126,-0.96635854351507,0.351811375012938
1.14273678256613,0.640103717901052,-0.960633203868489,0.32052948596742
1.14284518679846,0.664918002990833,-0.953793806995765,0.288875804004907
1.14295359103078,0.688961234295665,-0.945848295781062,0.256887061485314
1.14306199526311,0.712205498501295,-0.936805880186276,0.224600381684965
1.14317039949544,0.734623848939282,-0.926677052338893,0.192053203399558
1.14327880372777,0.756190266284147,-0.915473552586119,0.159283286301981
1.1433872079601,0.776879752643118,-0.903208378468642,0.126328625825517
1.14349561219243,0.79666829604576,-0.889895747996927,0.0932274519511399
1.14360401642476,0.815532960659162,-0.875551104517415,0.0600181438582531
1.14371242065708,0.833451852036175,-0.860191077949822,0.0267392259136421
1.14382082488941,0.850404202408296,-0.843833485924981,-0.00657071648331287
1.14392922912174,0.866370336068509,-0.82649729312531,-0.0398730429431919
1.14399684239673,0.875821416705406,-0.815197424902926,-0.0606239918025331
1.14406445567171,0.884877263088498,-0.803529844974446,-0.0813474181140779
1.1441320689467,0.89353383521635,-0.791499771171465,-0.102034064044901
1.14419968222168,0.901787220920464,-0.779112622885378,-0.122674598035082
1.14429184148226,0.912380665533153,-0.761663838055013,-0.150716827478149
1.14438400074285,0.922209368751043,-0.743576564421104,-0.178632804329947
1.14444420061283,0.928212934386578,-0.731423876009411,-0.196789058377181
1.14450440048281,0.933884469897332,-0.719009637325631,-0.214874832571745
1.14456460035279,0.93922197187306,-0.706338256968554,-0.232883714904517
1.14462480022277,0.944223519105921,-0.69341426828904,-0.250809250816911
1.14469730048755,0.949798514261031,-0.677520927960331,-0.272277586300716
1.14476980075232,0.954880784583733,-0.661276109457474,-0.293604675126268
1.1448423010171,0.959467707200664,-0.644688241190758,-0.3147794660099
1.14491480128188,0.963556888316297,-0.627765938801617,-0.335790949514674
1.14498730154666,0.96714622041837,-0.610517976742862,-0.356628243675509
1.14505980181144,0.97023382863902,-0.592953309589453,-0.377280519049592
1.14514796910522,0.973310244207855,-0.571179650849907,-0.402130593357928
1.145236136399,0.975639970988996,-0.548967740380385,-0.426672230608641
1.14532430369278,0.977221231814509,-0.526334652252837,-0.450886579561665
1.14541247098657,0.978052800685997,-0.503297762426629,-0.47475503825937
1.14550063828035,0.978134050817052,-0.479874752891999,-0.498259297925053
1.14558880557413,0.977464908345945,-0.456083594294719,-0.52138131405122
1.14567697286791,0.976045897531771,-0.431942541910798,-0.544103355620974
1.14576514016169,0.97387809620153,-0.407470114906247,-0.566407981295273
1.14585330745548,0.970963177837636,-0.382685089961701,-0.588278087875951
1.14596171168781,0.966358544967451,-0.351811372556419,-0.614547172411025
1.14607011592015,0.960633205107292,-0.320529483434646,-0.640103721672649
1.14617852015248,0.953793808022285,-0.288875801402775,-0.66491800661953
1.14628692438482,0.945848296596771,-0.25688705882088,-0.68896123777591
1.14639532861715,0.936805880793003,-0.224600378965269,-0.712205501827718
1.14650373284948,0.926677052738538,-0.192053200631781,-0.73462385210679
1.14661213708182,0.915473552781037,-0.159283283493332,-0.756190269287723
1.14672054131415,0.90320837846125,-0.126328622983282,-0.776879755477962
1.14682894554649,0.889895747789935,-0.0932274490825965,-0.796668298707299
1.14693734977882,0.875551104113781,-0.0600181409707765,-0.815532963142992
1.14704575401116,0.860191077352739,-0.0267392230145962,-0.833451854338119
1.14715415824349,0.843833485137799,0.00657071938655956,-0.850404204524341
1.14726256247583,0.826497292151687,0.0398730458432354,-0.86637033799491
1.14733017574995,0.815197423962878,0.0606239944296879,-0.875821418392549
1.14739778902406,0.80352984407894,0.0813474204663161,-0.884877264545251
1.14746540229818,0.791499770331317,0.102034066120509,-0.893533836451795
1.1475330155723,0.779112622111181,0.122674599832757,-0.901787221943941
1.14762517486502,0.761663830962504,0.15071683901284,-0.912380669975321
1.14771733415775,0.743576550572825,0.178632825501224,-0.922209376074054
1.14777753400084,0.731423867290673,0.196789071362929,-0.928212938653593
1.14783773384393,0.719009633974191,0.214874837428891,-0.933884471403077
1.14789793368702,0.706338259216273,0.232883711698688,-0.939221970914952
1.1479581335301,0.693414276361715,0.250809239622377,-0.944223515984118
1.14803063379467,0.677520936208726,0.272277575090669,-0.949798511299413
1.14810313405923,0.661276117880703,0.293604663905571,-0.954880781786272
1.14817563432379,0.644688249787715,0.314779454783519,-0.95946770457121
1.14824813458835,0.627765947571128,0.335790938287627,-0.963556885858753
1.14832063485291,0.610517985683592,0.35662823245283,-0.967146218136419
1.14839313511747,0.592953318699881,0.377280507836452,-0.970233826536325
1.1484813024392,0.571179653127187,0.402130590065672,-0.973310243192862
1.14856946976093,0.548967735546568,0.426672235041796,-0.975639970588363
1.14865763708266,0.526334640046591,0.4508865915067,-0.97722123155331
1.14874580440438,0.503297742603154,0.47475505748526,-0.978052800088433
1.14883397172611,0.479874725223593,0.498259324183575,-0.978134049407198
1.14892213904784,0.456083558571114,0.521381347077274,-0.977464905648363
1.14901030636957,0.431942497939415,0.544103395133043,-0.976045893072468
1.1490984736913,0.407470062512646,0.566408026995799,-0.973878089508433
1.14918664101303,0.382685028989796,0.588278139451736,-0.970963168441519
1.14929504524544,0.351811310680094,0.61454722256354,-0.966358533243602
1.14940344947786,0.320529420728053,0.640103770338481,-0.960633191066533
1.14951185371027,0.288875737940992,0.664918053737028,-0.953793791678016
1.14962025794269,0.256886994679921,0.688961283285218,-0.945848277965143
1.1497286621751,0.224600314221911,0.712205545670875,-0.936805859892783
1.14983706640751,0.192053135363571,0.734623894227608,-0.926677029591185
1.14994547063993,0.159283217778461,0.756190309632126,-0.915473527410574
1.15005387487234,0.126328556900535,0.776879793993855,-0.903208350894333
1.15016227910476,0.0932273827112463,0.796668335344603,-0.889895718055796
1.15027068333717,0.060018074390458,0.815532997853778,-0.875551072244225
1.15037908756959,0.0267391563052308,0.83345188707677,-0.860191043381981
1.150487491802,-0.0065707861447514,0.850404235247345,-0.843833449102622
1.15059589603441,-0.0398731125700308,0.866370366661264,-0.826497254091188
1.15066350924376,-0.0606240412140789,0.875821436884394,-0.815197395670288
1.1507311224531,-0.0813474473385254,0.884877273609826,-0.803529826271276
1.15079873566245,-0.102034073137642,0.893533836848359,-0.791499763710692
1.15086634887179,-0.122674587078703,0.901787214443114,-0.779112627364434
1.15095850817964,-0.150716830891382,0.912380664429098,-0.761663833537703
1.15105066748748,-0.178632821975998,0.922209372233277,-0.743576550257289
1.15111086733509,-0.196789069201107,0.928212935270568,-0.731423866069469
1.15117106718269,-0.214874836619837,0.933884468427939,-0.719009631808084
1.1512312670303,-0.232883712230228,0.939221968297425,-0.706338256067164
1.1512914668779,-0.250809241480984,0.944223513673477,-0.693414272192469
1.15136396713983,-0.272277576144295,0.949798508697047,-0.677520932552719
1.15143646740175,-0.293604664162667,0.954880778927548,-0.661276114764876
1.15150896766368,-0.31477945425376,0.959467701491905,-0.644688247238121
1.1515814679256,-0.335790936981895,0.963556882594766,-0.627765945612845
1.15165396818753,-0.35662823038319,0.967146214723983,-0.610517984340807
1.15172646844945,-0.377280505016164,0.970233823011925,-0.592953317995779
1.15181463579398,-0.402130593635792,0.973310240378799,-0.571179646742979
1.1519028031385,-0.426672244838322,0.975639968098072,-0.548967723259757
1.15199097048303,-0.450886607351115,0.977221228999008,-0.526334621647883
1.15207913782755,-0.474755079184716,0.978052797081781,-0.503297717897035
1.15216730517208,-0.498259351531222,0.978134045559854,-0.479874694028621
1.15225547251661,-0.521381379852634,0.977464900572615,-0.456083520719983
1.15234363986113,-0.544103433102261,0.97604588638176,-0.431942453279487
1.15243180720566,-0.566408069912086,0.973878080818125,-0.407470010906025
1.15251997455018,-0.588278187055648,0.970963157369258,-0.382684970313579
1.15262837878267,-0.614547268874598,0.96635852005513,-0.351811251180524
1.15273678301517,-0.640103815299019,0.960633175771584,-0.320529360472557
1.15284518724766,-0.664918097290919,0.953793774288713,-0.288875676997758
1.15295359148015,-0.688961325378059,0.945848258496045,-0.256886933117987
1.15306199571264,-0.712205586249825,0.936805838360899,-0.224600252111056
1.15317039994513,-0.734623933241617,0.92667700601595,-0.192053072774323
1.15327880417762,-0.756190347031874,0.915473501813748,-0.159283154781845
1.15338720841011,-0.776879829731868,0.903208323300091,-0.126328493568202
1.1534956126426,-0.796668369375378,0.889895688490574,-0.0932273191151859
1.1536040168751,-0.815533030133699,0.875551040736841,-0.0600180106031241
1.15371242110759,-0.833451917564163,0.860191009963496,-0.0267390923992851
1.15382082534008,-0.850404263902758,0.843833413806341,0.00657085009642928
1.15392922957257,-0.866370393447167,0.826497216952708,0.0398731764944719
1.15399684271791,-0.875821453719802,0.815197368281063,0.0606240854387714
1.15406445586325,-0.884877281234155,0.803529809338414,0.0813474718957895
1.15413206900859,-0.893533836012931,0.791499757926612,0.102034078086332
1.15419968215393,-0.901787205910438,0.779112633406262,0.12267457250418
1.15429184144475,-0.912380654433181,0.761663843219829,0.150716811213383
1.15438400073558,-0.922209361062884,0.743576563804315,0.17863279725859
1.15444420061462,-0.928212927616825,0.731423873576103,0.196789054040761
1.15450440049366,-0.933884463946076,0.719009632997201,0.214874830948904
1.1545646003727,-0.939221966639317,0.706338250668432,0.232883715970918
1.15462480025173,-0.944223514488096,0.69341425994276,0.250809254545359
1.15469730051121,-0.949798509057018,0.677520920647718,0.272277588409336
1.15476980077068,-0.954880778864806,0.66127610323271,0.293604675632105
1.15484230103016,-0.959467701038647,0.644688236106279,0.314779464932398
1.15491480128963,-0.963556881783599,0.627765934907883,0.335790946875764
1.1549873015491,-0.967146213587919,0.610517974088467,0.356628239499508
1.15505980180858,-0.970233821584194,0.592953308221043,0.377280513363201
1.15514796914793,-0.973310238574507,0.571179638127272,0.402130600447231
1.15523613648729,-0.975639966004263,0.548967715858371,0.426672250145908
1.15532430382664,-0.977221226703123,0.526334615513273,0.450886611189895
1.155412471166,-0.978052794671711,0.503297713078616,0.474755081593103
1.15550063850536,-0.978134043123494,0.479874690572634,0.498259352550878
1.15558880584471,-0.977464898198009,0.45608351866964,0.521381379528369
1.15567697318407,-0.97604588415675,0.431942452674753,0.544103431482023
1.15576514052343,-0.973878078830363,0.407470011783505,0.566408067046844
1.15585330786278,-0.970963155705976,0.382684972706616,0.58827818299936
1.15596171209527,-0.966358518607081,0.351811253656762,0.614547264950318
1.15607011632775,-0.960633174537676,0.320529363025098,0.64010381151258
1.15617852056024,-0.95379377326766,0.28887567961967,0.664918093648021
1.15628692479272,-0.945848257686355,0.256886935802175,0.688961321884202
1.15639532902521,-0.936805837760804,0.22460025485046,0.712205582910354
1.1565037332577,-0.926677005623413,0.192053075561721,0.73462393006169
1.15661213749018,-0.91547350162651,0.159283157610028,0.756190344016487
1.15672054172267,-0.903208323315624,0.12632849642984,0.77687982688578
1.15682894595515,-0.889895688706182,0.0932273220029982,0.796668366703211
1.15693735018764,-0.875551041149531,0.0600180135096962,0.815533027639819
1.15704575442012,-0.86019101057009,0.0267390953172903,0.833451915252834
1.15715415865261,-0.843833414603428,-0.00657084717445286,0.850404261777861
1.1572625628851,-0.826497217936577,-0.0398731735759213,0.866370391512495
1.15733017603132,-0.81519736922905,-0.0606240827978223,0.875821452026852
1.15739778917754,-0.803529810239378,-0.081347469534499,0.884877279773881
1.15746540232376,-0.791499758769614,-0.10203407600638,0.893533834776013
1.15753301546998,-0.77911263418049,-0.12267457070685,0.901787204887353
1.15762517472868,-0.761663850310529,-0.150716799681831,0.912380649992335
1.15771733398737,-0.743576577648845,-0.178632776093209,0.922209353742024
1.1577775338933,-0.731423882292123,-0.196789041059134,0.928212923351262
1.15783773379922,-0.719009636347029,-0.214874826094126,0.93388446244113
1.15789793370514,-0.706338248420309,-0.232883719177362,0.939221967597657
1.15795813361107,-0.693414251870877,-0.250809265738779,0.944223517609626
1.15803063387075,-0.677520912401112,-0.272277599616895,0.949798512018013
1.15810313413044,-0.661276094812405,-0.293604686848907,0.954880781661327
1.15817563439013,-0.644688227513293,-0.314779476153524,0.959467703666854
1.15824813464981,-0.627765926143522,-0.33579095809626,0.96355688423976
1.1583206349095,-0.610517965154114,-0.356628250714298,0.967146215868426
1.15839313516919,-0.592953299118145,-0.377280524567208,0.97023382368537
1.15848130248061,-0.571179635853103,-0.402130603735663,0.973310239588754
1.15856946979204,-0.548967720690532,-0.426672245714128,0.97563996640463
1.15865763710347,-0.526334627713007,-0.450886599251237,0.977221226964242
1.1587458044149,-0.503297732890556,-0.474755062378483,0.978052795269002
1.15883397172633,-0.479874718224304,-0.498259326308346,0.978134044532614
1.15892213903775,-0.456083554371198,-0.521381346522854,0.977464900894049
1.15901030634918,-0.431942496618559,-0.544103391994878,0.976045888613409
1.15909847366061,-0.40747006414392,-0.566408021375439,0.973878085519332
1.15918664097204,-0.382685033639653,-0.588278131456583,0.970963165096254
1.15929504520444,-0.351811315493855,-0.614547214829743,0.966358530323614
1.15940344943685,-0.320529425692052,-0.640103762877658,0.960633188569703
1.15951185366926,-0.288875743041491,-0.66491804656032,0.95379378960181
1.15962025790166,-0.25688699990291,-0.68896127640354,0.945848276306428
1.15972866213407,-0.224600319553361,-0.712205539094734,0.93680585864806
1.15983706636647,-0.19205314078929,-0.734623887967213,0.926677028756432
1.15994547059888,-0.159283223284164,-0.756190303697207,0.915473526981343
1.16005387483128,-0.126328562471774,-0.776879788393859,0.903208350865604
1.16016227906369,-0.0932273883335199,-0.796668330088622,0.889895718422109
1.16027068329609,-0.0600180800492134,-0.815532992950462,0.875551072999662
1.1603790875285,-0.0267391619858868,-0.8334518825343,0.860191044520185
1.16048749176091,0.00657078045685249,-0.850404231073648,0.843833450616781
1.16059589599331,0.0398731068895267,-0.866370362863655,0.826497255974105
1.16066350920427,0.0606240360434419,-0.875821433547092,0.815197397503634
1.16073112241523,0.0813474426819067,-0.884877270716335,0.803529828034404
1.1607987356262,0.10203406899852,-0.893533834381855,0.791499765383341
1.16086634883716,0.122674583459871,-0.901787212386345,0.779112628926441
1.16095850808075,0.150716807807469,-0.912380655538654,0.761663847731154
1.16105066732434,0.17863277962775,-0.922209357584456,0.743576577956673
1.16111086722574,0.196789043226324,-0.928212926734492,0.731423883508168
1.16117106712713,0.214874826904649,-0.933884465415204,0.719009638510535
1.16123126702853,0.232883718643384,-0.939221970212956,0.706338251569557
1.16129146692992,0.250809263873863,-0.944223519917045,0.693414256043143
1.16136396719224,0.272277598554735,-0.949798514616634,0.677520916061894
1.16143646745455,0.293604686581084,-0.954880784515913,0.661276097934832
1.16150896771687,0.314779476670447,-0.959467706741884,0.644688230071417
1.16158146797918,0.335790959387048,-0.963556887499353,0.627765928112278
1.16165396824149,0.356628252766937,-0.967146219276349,0.610517966509389
1.16172646850381,0.377280527368477,-0.970233827205394,0.592953299836879
1.16181463579243,0.402130600144861,-0.973310242398712,0.571179642253843
1.16190280308106,0.426672235895276,-0.975639968891263,0.548967732995978
1.16199097036968,0.45088658338297,-0.977221229515377,0.526334646132418
1.16207913765831,0.474755040653697,-0.978052798273185,0.503297757619438
1.16216730494693,0.498259298933982,-0.978134048378264,0.479874749444272
1.16225547223555,0.521381313719457,-0.97746490596899,0.456083592249493
1.16234363952418,0.54410335399635,-0.976045895304291,0.431942541307911
1.1624318068128,0.566407978428682,-0.973878094210988,0.407470115782276
1.16251997410143,0.588278083821197,-0.970963176171085,0.382685092349847
1.16262837833376,0.614547168487807,-0.966358543515925,0.351811375028087
1.16273678256608,0.640103717886887,-0.960633203869823,0.320529485982891
1.16284518679841,0.664918002976843,-0.95379380699757,0.288875804020715
1.16295359103074,0.688961234281867,-0.945848295783363,0.256887061501469
1.16306199526307,0.712205498487689,-0.936805880189097,0.224600381701395
1.1631703994954,0.73462384892589,-0.926677052342198,0.192053203416282
1.16327880372772,0.756190266270998,-0.915473552590012,0.159283286319
1.16338720796005,0.776879752630231,-0.903208378473072,0.126328625842818
1.16349561219238,0.796668296033187,-0.889895748001872,0.0932274519686859
1.16360401642471,0.815532960646885,-0.875551104522933,0.0600181438760466
1.16371242065703,0.833451852024244,-0.860191077955897,0.0267392259316597
1.16382082488936,0.850404202396676,-0.843833485931594,-0.00657071646509223
1.16392922912169,0.866370336057271,-0.826497293132494,-0.0398730429247797
1.16399684239669,0.875821416697168,-0.815197424907038,-0.0606239917901553
1.1640644556717,0.884877263082995,-0.803529844975297,-0.0813474181077272
1.1641320689467,0.893533835213392,-0.791499771168848,-0.102034064044545
1.16419968222171,0.901787220919762,-0.779112622879101,-0.122674598040675
1.16429184148231,0.912380665534636,-0.761663838044323,-0.150716827490295
1.16438400074292,0.922209368754317,-0.74357656440575,-0.178632804348573
1.16444420061288,0.9282129343872,-0.731423875998446,-0.196789058388767
1.16450440048283,0.933884469895658,-0.719009637319292,-0.214874832576355
1.16456460035279,0.939221971869207,-0.706338256967042,-0.232883714902197
1.16462480022275,0.944223519100245,-0.693414268292539,-0.250809250807717
1.16469730048751,0.949798514254576,-0.677520927966631,-0.27227758628797
1.16476980075228,0.954880784576714,-0.661276109466713,-0.293604675109988
1.16484230101704,0.959467707193234,-0.64468824120301,-0.314779465990191
1.16491480128181,0.963556888308605,-0.627765938817027,-0.335790949491574
1.16498730154658,0.967146220410581,-0.610517976761534,-0.356628243649088
1.16505980181134,0.970233828631331,-0.59295330961143,-0.377280519019916
1.16514796910513,0.973310244201178,-0.571179650870771,-0.402130593330411
1.16523613639892,0.97563997098323,-0.548967740400029,-0.426672230583223
1.16532430369271,0.977221231809483,-0.526334652271207,-0.450886579538307
1.1654124709865,0.978052800681684,-0.503297762443627,-0.474755038238057
1.16550063828029,0.97813405081329,-0.479874752907569,-0.498259297905755
1.16558880557407,0.97746490834265,-0.456083594308765,-0.521381314033886
1.16567697286786,0.976045897528801,-0.431942541923315,-0.544103355605531
1.16576514016165,0.973878096198792,-0.407470114917141,-0.566407981281667
1.16585330745544,0.970963177835051,-0.382685089970918,-0.588278087864157
1.16596171168777,0.966358544965306,-0.351811372566088,-0.614547172399213
1.16607011592011,0.960633205105585,-0.320529483444746,-0.640103721660888
1.16617852015244,0.953793808021049,-0.288875801413341,-0.664918006607719
1.16628692438477,0.945848296596039,-0.256887058831889,-0.688961237764165
1.16639532861711,0.936805880792786,-0.224600378976713,-0.712205501816063
1.16650373284944,0.926677052738868,-0.192053200643643,-0.734623852095209
1.16661213708177,0.915473552781925,-0.159283283505615,-0.756190269276292
1.16672054131411,0.903208378462668,-0.126328622995968,-0.776879755466708
1.16682894554644,0.889895747791915,-0.0932274490956889,-0.796668298696242
1.16693734977878,0.875551104116364,-0.060018140984221,-0.815532963132157
1.16704575401111,0.8601910773559,-0.0267392230283829,-0.833451854327534
1.16715415824344,0.843833485141621,0.00657071937240558,-0.850404204514023
1.16726256247578,0.826497292156156,0.0398730458287542,-0.8663703379849
1.16733017574991,0.815197423965039,0.0606239944197986,-0.875821418384833
1.16739778902404,0.803529844078727,0.0813474204609892,-0.884877264539703
1.16746540229817,0.791499770328549,0.102034066119746,-0.893533836448254
1.16753301557231,0.779112622105661,0.122674599836542,-0.901787221942211
1.16762517486503,0.761663830957512,0.150716839015682,-0.912380669973196
1.16771733415775,0.74357655056845,0.178632825503113,-0.922209376071549
1.16777753400084,0.73142386728695,0.196789071363831,-0.928212938650762
1.16783773384392,0.719009633971144,0.214874837428805,-0.933884471399958
1.16789793368701,0.706338259213993,0.232883711697602,-0.939221970911575
1.16795813353009,0.693414276360173,0.250809239620332,-0.944223515980498
1.16803063379466,0.677520936204944,0.272277575091659,-0.94979851129658
1.16810313405924,0.6612761178746,0.293604663909538,-0.954880781784133
1.16817563432381,0.644688249779259,0.314779454790441,-0.959467704569694
1.16824813458838,0.627765947560174,0.335790938297444,-0.963556885857624
1.16832063485295,0.610517985670012,0.356628232465515,-0.967146218135534
1.16839313511752,0.592953318683675,0.37728050785189,-0.970233826535559
1.16848130243923,0.571179653114437,0.402130590076758,-0.973310243191199
1.16856946976095,0.548967735537454,0.426672235048647,-0.975639970586075
1.16865763708266,0.526334640041217,0.450886591509404,-0.977221231550646
1.16874580440438,0.503297742601689,0.47475505748397,-0.978052800085621
1.16883397172609,0.479874725226151,0.49825932417837,-0.978134049404527
1.1689221390478,0.456083558577803,0.521381347068294,-0.977464905646065
1.16901030636952,0.431942497950385,0.544103395120429,-0.976045893070794
1.16909847369123,0.407470062527955,0.566408026979706,-0.973878089507655
1.16918664101294,0.38268502900954,0.588278139432356,-0.970963168441894
1.16929504524536,0.351811310699957,0.614547222544885,-0.966358533244834
1.16940344947777,0.32052942074803,0.640103770320537,-0.960633191068581
1.16951185371019,0.288875737961063,0.6649180537198,-0.953793791680852
1.1696202579426,0.256886994700024,0.68896128326875,-0.94584827796875
1.16972866217502,0.224600314242012,0.712205545655137,-0.936805859897108
1.16983706640743,0.192053135383643,0.734623894212652,-0.926677029596263
1.16994547063985,0.159283217798493,0.756190309617903,-0.915473527416382
1.17005387487226,0.126328556920489,0.776879793980387,-0.903208350900861
1.17016227910468,0.0932273827310911,0.796668335331927,-0.889895718062992
1.17027068333709,0.0600180744101604,0.815532997841896,-0.875551072252085
1.17037908756951,0.0267391563247565,0.833451887065659,-0.860191043390419
1.17048749180192,-0.00657078612542118,0.850404235237061,-0.843833449111635
1.17059589603434,-0.0398731125509375,0.866370366651751,-0.826497254100784
1.1706635092437,-0.06062404120044,0.875821436877718,-0.815197395677277
1.17073112245306,-0.081347447330324,0.884877273605801,-0.803529826275473
1.17079873566242,-0.102034073134871,0.893533836846838,-0.791499763711908
1.17086634887179,-0.122674587081347,0.901787214443792,-0.779112627362434
1.17095850817961,-0.150716830885878,0.912380664426834,-0.76166383354096
1.17105066748742,-0.178632821962408,0.922209372228566,-0.74357655026611
1.17111086733504,-0.196789069192325,0.928212935267623,-0.7314238660753
1.17117106718266,-0.214874836615803,0.933884468426693,-0.719009631810879
1.17123126703029,-0.23288371223092,0.939221968297643,-0.706338256066712
1.17129146687791,-0.250809241486368,0.944223513674999,-0.693414272188628
1.17136396713985,-0.272277576155789,0.94979850870009,-0.677520932544278
1.1714364674018,-0.293604664180165,0.954880778931827,-0.661276114751639
1.17150896766374,-0.314779454277155,0.959467701497043,-0.644688247219888
1.17158146792569,-0.335790937011108,0.963556882600586,-0.62776594558945
1.17165396818764,-0.356628230418109,0.967146214730162,-0.610517984312038
1.17172646844958,-0.377280505056639,0.970233823018158,-0.592953317961466
1.17181463579408,-0.402130593669315,0.973310240383231,-0.571179646713885
1.17190280313859,-0.426672244865026,0.975639968101082,-0.548967723236037
1.17199097048309,-0.450886607371157,0.977221229000988,-0.526334621629825
1.17207913782759,-0.474755079198258,0.978052797083152,-0.503297717884863
1.17216730517209,-0.498259351538438,0.978134045561004,-0.479874694022519
1.1722554725166,-0.521381379853751,0.977464900573921,-0.456083520720189
1.1723436398611,-0.544103433097463,0.976045886383643,-0.431942453286147
1.1724318072056,-0.566408069901605,0.973878080820955,-0.407470010919326
1.1725199745501,-0.588278187039716,0.970963157373397,-0.382684970333648
1.1726283787826,-0.614547268859789,0.966358520060061,-0.351811251200237
1.17273678301509,-0.640103815285301,0.96063317577714,-0.320529360491823
1.17284518724758,-0.664918097278288,0.953793774294912,-0.288875677016571
1.17295359148008,-0.688961325366478,0.945848258502806,-0.256886933136305
1.17306199571257,-0.712205586239292,0.936805838368141,-0.224600252128834
1.17317039994506,-0.734623933232129,0.926677006023617,-0.192053072791503
1.17327880417756,-0.756190347023364,0.91547350182181,-0.159283154798408
1.17338720841005,-0.776879829724369,0.903208323308501,-0.126328493584111
1.17349561264255,-0.796668369368813,0.889895688499288,-0.0932273191304423
1.17360401687504,-0.815533030128045,0.875551040745738,-0.0600180106176689
1.17371242110753,-0.833451917559459,0.860191009972585,-0.0267390924131172
1.17382082534003,-0.850404263898863,0.843833413815545,0.00657085008334617
1.17392922957252,-0.866370393444116,0.826497216961958,0.0398731764821557
1.17399684271787,-0.875821453718322,0.815197368288967,0.0606240854293507
1.17406445586322,-0.884877281234148,0.80352980934491,0.081347471889256
1.17413206900857,-0.893533836014283,0.791499757931626,0.102034078082684
1.17419968215391,-0.901787205913028,0.779112633409618,0.122674572503416
1.17429184144473,-0.912380654434051,0.761663843226433,0.150716811207611
1.17438400073554,-0.922209361062284,0.743576563814449,0.178632797247844
1.17444420061459,-0.928212927617912,0.731423873583315,0.19678905403461
1.17450440049364,-0.933884463948705,0.719009633001393,0.214874830947332
1.1745646003727,-0.939221966643335,0.706338250669496,0.23288371597385
1.17462480025175,-0.944223514493317,0.693414259940542,0.250809254552778
1.17469730051123,-0.949798509062222,0.677520920645201,0.272277588417021
1.1747698007707,-0.954880778869938,0.661276103229931,0.293604675640012
1.17484230103017,-0.959467701043705,0.644688236103183,0.314779464940533
1.17491480128965,-0.963556881788624,0.627765934904476,0.335790946884136
1.17498730154912,-0.967146213592807,0.610517974084738,0.356628239508091
1.1750598018086,-0.970233821589006,0.592953308217023,0.37728051337199
1.17514796914793,-0.973310238578326,0.571179638129345,0.402130600449018
1.17523613648726,-0.975639966007599,0.54896771586676,0.426672250140847
1.17532430382659,-0.977221226706358,0.526334615528191,0.450886611178184
1.17541247116592,-0.978052794675241,0.503297713100273,0.474755081574995
1.17550063850525,-0.978134043127803,0.479874690601261,0.498259352526524
1.17558880584459,-0.977464898203474,0.456083518705379,0.521381379498083
1.17567697318392,-0.976045884163774,0.43194245271777,0.54410343144601
1.17576514052325,-0.973878078839395,0.407470011833948,0.566408067005428
1.17585330786258,-0.970963155717406,0.382684972764683,0.588278182952715
1.17596171209507,-0.966358518620538,0.351811253715299,0.614547264905231
1.17607011632755,-0.960633174553095,0.320529363084063,0.64010381146907
1.17617852056004,-0.953793773285085,0.288875679678952,0.664918093606151
1.17628692479253,-0.94584825770571,0.256886935861736,0.688961321843979
1.17639532902501,-0.93680583778201,0.224600254910178,0.71220558287184
1.1765037332575,-0.926677005646444,0.192053075621536,0.73462393002492
1.17661213748999,-0.915473501651362,0.15928315766988,0.75619034398146
1.17672054172247,-0.90320832334221,0.126328496489667,0.776879826852551
1.17682894595496,-0.889895688734533,0.0932273220627081,0.796668366671807
1.17693735018745,-0.87555104117947,0.0600180135692418,0.815533027610251
1.17704575441994,-0.860191010601681,0.0267390953765704,0.833451915225113
1.17715415865242,-0.843833414636507,-0.00657084711548836,0.850404261752009
1.17726256288491,-0.826497217971206,-0.0398731735173364,0.866370391488513
1.17733017603119,-0.815197369254588,-0.0606240827575044,0.875821452012078
1.17739778917747,-0.803529810255236,-0.0813474695123974,0.884877279767611
1.17746540232375,-0.791499758775137,-0.102034076002444,0.893533834777596
1.17753301547003,-0.779112634175039,-0.122674570721016,0.901787204896017
1.17762517472876,-0.761663850298839,-0.150716799705131,0.912380650003976
1.17771733398748,-0.743576577630583,-0.178632776125521,0.922209353756124
1.17777753389337,-0.731423882282011,-0.196789041078612,0.9282129233606
1.17783773379925,-0.719009636345425,-0.214874826100861,0.933884462446262
1.17789793370513,-0.706338248427527,-0.232883719171453,0.939221967599007
1.17795813361101,-0.693414251887334,-0.25080926572038,0.944223517607701
1.17803063387071,-0.67752091241547,-0.272277599601799,0.949798512017265
1.1781031341304,-0.661276094824557,-0.29360468683705,0.954880781661609
1.1781756343901,-0.64468822752314,-0.314779476144891,0.959467703668032
1.1782481346498,-0.627765926150978,-0.33579095809077,0.963556884241728
1.1783206349095,-0.61051796515905,-0.356628250711926,0.967146215870941
1.17839313516919,-0.592953299120505,-0.377280524567879,0.970233823688358
1.17848130248063,-0.571179635852857,-0.402130603739144,0.973310239591991
1.17856946979207,-0.548967720687636,-0.426672245720346,0.975639966407992
1.17865763710351,-0.526334627707364,-0.450886599260128,0.977221226967488
1.17874580441495,-0.503297732882059,-0.474755062389934,0.978052795271965
1.17883397172638,-0.479874718212862,-0.498259326322299,0.978134044535168
1.17892213903782,-0.456083554356754,-0.521381346539234,0.97746490089596
1.17901030634926,-0.431942496601067,-0.544103392013504,0.976045888614548
1.1790984736607,-0.407470064123307,-0.566408021396238,0.973878085519559
1.17918664097214,-0.382685033615846,-0.588278131479463,0.9709631650953
1.17929504520454,-0.351811315469996,-0.614547214851749,0.966358530321726
1.17940344943695,-0.320529425668198,-0.640103762898687,0.960633188566877
1.17951185366935,-0.288875743017685,-0.664918046580428,0.953793789598114
1.17962025790175,-0.25688699987923,-0.688961276422702,0.945848276301885
1.17972866213416,-0.224600319529819,-0.712205539112912,0.936805858642703
1.17983706636656,-0.192053140765946,-0.734623887984367,0.926677028750331
1.17994547059897,-0.159283223261007,-0.756190303713435,0.915473526974415
1.18005387483137,-0.126328562448886,-0.776879788409123,0.903208350857991
1.18016227906378,-0.0932273883109214,-0.796668330102909,0.889895718413829
1.18027068329618,-0.0600180800269601,-0.815532992963792,0.875551072990748
1.18037908752858,-0.0267391619639824,-0.833451882546687,0.860191044510658
1.18048749176099,0.00657078047837145,-0.85040423108507,0.843833450606689
1.18059589599339,0.039873106910642,-0.86637036287414,0.826497255963482
1.18066350920433,0.0606240360583728,-0.875821433554373,0.815197397495956
1.18073112241528,0.081347442690671,-0.88487727072064,0.803529828029952
1.18079873562622,0.102034069001133,-0.893533834383398,0.791499765382264
1.18086634883716,0.122674583456356,-0.901787212385399,0.779112628929013
1.18095850808078,0.150716807812175,-0.912380655540684,0.76166384772843
1.1810506673244,0.178632779640602,-0.922209357589021,0.743576577948391
1.18111086722578,0.196789043234088,-0.928212926737123,0.731423883503001
1.18117106712715,0.214874826907366,-0.933884465416102,0.719009638508704
1.18123126702853,0.232883718641078,-0.939221970212288,0.70633825157118
1.18129146692991,0.250809263866614,-0.944223519914989,0.69341425604836
1.18136396719223,0.272277598550031,-0.949798514615316,0.677520916065274
1.18143646745456,0.293604686578864,-0.954880784515195,0.661276097936305
1.18150896771688,0.314779476670673,-0.959467706741591,0.644688230070892
1.1815814679792,0.335790959389668,-0.963556887499379,0.6277659281097
1.18165396824153,0.356628252771923,-0.967146219276648,0.610517966504708
1.18172646850385,0.377280527375772,-0.97023382720577,0.592953299829974
1.18181463579252,0.402130600164416,-0.973310242400163,0.571179642235722
1.18190280308119,0.426672235926756,-0.975639968892956,0.548967732966214
1.18199097036985,0.450886583426035,-0.977221229516649,0.526334646090583
1.18207913765852,0.47475504070796,-0.978052798273165,0.503297757565196
1.18216730494719,0.498259298999003,-0.978134048376288,0.479874749377271
1.18225547223586,0.521381313794805,-0.977464905964232,0.456083592169402
1.18234363952453,0.54410335408158,-0.976045895296072,0.431942541214452
1.1824318068132,0.566407978523295,-0.973878094198558,0.407470115675202
1.18251997410187,0.588278083924677,-0.970963176153631,0.38268509222893
1.18262837833419,0.614547168588741,-0.966358543493871,0.351811374905144
1.18273678256652,0.640103717985078,-0.960633203843173,0.320529485858093
1.18284518679885,0.664918003072223,-0.953793806966384,0.288875803894144
1.18295359103118,0.688961234374301,-0.945848295747615,0.256887061373298
1.18306199526351,0.712205498577009,-0.936805880148793,0.224600381571777
1.18317039949584,0.734623849012021,-0.926677052297401,0.192053203285361
1.18327880372817,0.756190266353796,-0.915473552540703,0.159283286186884
1.1833872079605,0.776879752709592,-0.903208378419337,0.12632862570969
1.18349561219283,0.796668296108978,-0.889895747943712,0.0932274518346893
1.18360401642515,0.815532960718987,-0.875551104460337,0.060018143741358
1.18371242065748,0.833451852092549,-0.860191077888981,0.0267392257964367
1.18382082488981,0.850404202461114,-0.843833485860423,-0.00657071660069489
1.18392922912214,0.86637033611775,-0.82649729305714,-0.0398730430606043
1.18399684239701,0.875821416736879,-0.81519742485166,-0.060623991885213
1.18406445567189,0.884877263103487,-0.803529844941416,-0.081347418162079
1.18413206894676,0.893533835216173,-0.791499771157898,-0.10203406405831
1.18419968222163,0.901787220906471,-0.779112622892439,-0.122674598014057
1.18429184148226,0.912380665524281,-0.761663838054308,-0.150716827469953
1.18438400074288,0.922209368746496,-0.743576564412097,-0.178632804334427
1.18444420061285,0.928212934381103,-0.731423876001792,-0.196789058379343
1.18450440048283,0.933884469891075,-0.719009637319448,-0.214874832571638
1.1845646003528,0.939221971866004,-0.706338256963926,-0.232883714902126
1.18462480022277,0.944223519098248,-0.693414268286021,-0.250809250812267
1.18469730048753,0.949798514251843,-0.677520927961685,-0.27227758629018
1.18476980075229,0.954880784573336,-0.66127610946345,-0.293604675109903
1.18484230101705,0.95946770718934,-0.644688241201519,-0.314779465987827
1.1849148012818,0.963556888304325,-0.627765938817364,-0.335790949486959
1.18498730154656,0.967146220405972,-0.610517976763727,-0.356628243642273
1.18505980181132,0.970233828626561,-0.592953309615616,-0.377280519010948
1.18514796910513,0.973310244197126,-0.571179650870257,-0.40213059332688
1.18523613639894,0.975639970979623,-0.548967740394587,-0.426672230585039
1.18532430369274,0.977221231806015,-0.526334652260726,-0.450886579545306
1.18541247098655,0.97805280067799,-0.50329776242791,-0.47475503825008
1.18550063828036,0.978134050809051,-0.479874752886446,-0.49825929792264
1.18558880557417,0.977464908337561,-0.456083594282143,-0.521381314055425
1.18567697286798,0.976045897522524,-0.431942541890964,-0.544103355631567
1.18576514016178,0.973878096191023,-0.40747011487901,-0.566407981312012
1.18585330745559,0.970963177825417,-0.382685089926866,-0.588278087898568
1.18596171168792,0.966358544954074,-0.351811372521547,-0.614547172432542
1.18607011592026,0.960633205092873,-0.320529483399786,-0.640103721693097
1.18617852015259,0.953793808006838,-0.288875801367997,-0.664918006638831
1.18628692438492,0.945848296580319,-0.256887058786238,-0.688961237794077
1.18639532861726,0.936805880775584,-0.224600378930802,-0.712205501844773
1.18650373284959,0.926677052720225,-0.192053200597529,-0.734623852122693
1.18661213708192,0.915473552761808,-0.159283283459329,-0.756190269302482
1.18672054131426,0.903208378441225,-0.126328622949591,-0.776879755491621
1.18682894554659,0.889895747769087,-0.0932274490492618,-0.796668298719807
1.18693734977892,0.87555110409223,-0.0600181409378152,-0.8155329631544
1.18704575401126,0.860191077330451,-0.0267392229820445,-0.833451854348385
1.18715415824359,0.843833485114876,0.00657071941862443,-0.850404204533471
1.18726256247592,0.826497292128148,0.0398730458748052,-0.866370338002972
1.18733017575001,0.815197423944036,0.0606239944518165,-0.87582141839584
1.1873977890241,0.803529844065148,0.0813474204790089,-0.884877264544118
1.18746540229818,0.791499770322859,0.102034066123822,-0.893533836446656
1.18753301557227,0.779112622108414,0.122674599826715,-0.90178722193513
1.18762517486497,0.76166383096509,0.150716838998688,-0.912380669963763
1.18771733415767,0.743576550581162,0.178632825479031,-0.922209376060176
1.18777753400078,0.731423867293602,0.196789071349324,-0.92821293864293
1.1878377338439,0.719009633971436,0.214874837423828,-0.933884471395278
1.18789793368702,0.70633825920764,0.232883711702068,-0.93922197090972
1.18795813353014,0.693414276346959,0.250809239634148,-0.9442235159811
1.1880306337947,0.677520936194214,0.272277575101844,-0.949798511296034
1.18810313405925,0.661276117866434,0.293604663916168,-0.954880781782593
1.18817563432381,0.644688249773736,0.314779454793533,-0.959467704567264
1.18824813458837,0.627765947557452,0.335790938297058,-0.963556885854523
1.18832063485293,0.610517985670257,0.356628232461697,-0.967146218131932
1.18839313511749,0.59295331868688,0.37728050784475,-0.970233826531598
1.1884813024392,0.571179653118781,0.402130590068595,-0.973310243187361
1.18856946976091,0.548967735543015,0.426672235039418,-0.975639970582478
1.18865763708262,0.526334640048061,0.450886591499196,-0.977221231547254
1.18874580440433,0.503297742609826,0.474755057472798,-0.978052800082604
1.18883397172604,0.479874725235593,0.498259324166313,-0.978134049401904
1.18892213904775,0.456083558588582,0.52138134705539,-0.977464905643965
1.18901030636946,0.431942497962541,0.544103395106697,-0.976045893069204
1.18909847369117,0.407470062541507,0.56640802696522,-0.973878089506707
1.18918664101288,0.38268502902448,0.58827813941717,-0.970963168441656
1.18929504524529,0.351811310714882,0.614547222530339,-0.966358533245204
1.18940344947771,0.320529420762879,0.6401037703067,-0.960633191069565
1.18951185371012,0.288875737975799,0.664918053706653,-0.95379379168245
1.18962025794254,0.256886994714605,0.688961283256293,-0.945848277970881
1.18972866217496,0.224600314256452,0.712205545643349,-0.936805859899837
1.18983706640737,0.192053135397909,0.734623894201586,-0.926677029599491
1.18994547063979,0.15928321781254,0.756190309607552,-0.915473527420062
1.19005387487221,0.126328556934275,0.776879793970724,-0.903208350904987
1.19016227910462,0.0932273827446184,0.796668335322922,-0.889895718067549
1.19027068333704,0.0600180744234005,0.815532997833599,-0.875551072256961
1.19037908756945,0.026739156337689,0.833451887058039,-0.860191043395681
1.19048749180187,-0.0065707861128186,0.850404235230092,-0.843833449117239
1.19059589603429,-0.0398731125386733,0.866370366645401,-0.826497254106748
1.19066350924366,-0.0606240411919361,0.875821436873349,-0.815197395681417
1.19073112245303,-0.0813474473255764,0.884877273603272,-0.803529826277682
1.19079873566241,-0.102034073133875,0.893533836845978,-0.791499763712051
1.19086634887178,-0.12267458708407,0.901787214444513,-0.779112627360432
1.19095850817955,-0.150716830873954,0.912380664422236,-0.761663833548258
1.19105066748732,-0.178632821935999,0.922209372219432,-0.743576550283418
1.19111086733498,-0.196789069176531,0.928212935262479,-0.731423866085904
1.19117106718263,-0.214874836610552,0.933884468425074,-0.719009631814518
1.19123126703029,-0.23288371223613,0.939221968299216,-0.706338256063052
1.19129146687794,-0.250809241501919,0.94422351367933,-0.693414272177388
1.19136396713988,-0.272277576167176,0.949798508703144,-0.67752093253595
1.19143646740181,-0.293604664187433,0.954880778933731,-0.661276114746325
1.19150896766374,-0.314779454280365,0.959467701498133,-0.644688247217742
1.19158146792567,-0.335790937010273,0.963556882600899,-0.6277659455906
1.1916539681876,-0.35662823041333,0.967146214729957,-0.610517984316629
1.19172646844954,-0.377280505047993,0.970233823017602,-0.59295331796961
1.19181463579401,-0.402130593652276,0.973310240382111,-0.57117964672983
1.19190280313848,-0.426672244839838,0.975639968099958,-0.548967723260102
1.19199097048295,-0.450886607338066,0.977221229000348,-0.526334621662241
1.19207913782742,-0.474755079157541,0.978052797083512,-0.503297717925933
1.1921673051719,-0.498259351490386,0.978134045562852,-0.479874694072438
1.19225547251637,-0.521381379798674,0.977464900577855,-0.456083520779167
1.19234363986084,-0.544103433035672,0.976045886390128,-0.431942453354419
1.19243180720531,-0.566408069833447,0.973878080830452,-0.407470010997014
1.19251997454978,-0.588278186965519,0.970963157386503,-0.382684970420966
1.19262837878228,-0.614547268787134,0.966358520076528,-0.3518112512894
1.19273678301477,-0.64010381521429,0.960633175797078,-0.320529360582753
1.19284518724726,-0.664918097209081,0.953793774318232,-0.288875677109155
1.19295359147975,-0.688961325299171,0.945848258529614,-0.256886933230433
1.19306199571224,-0.712205586174011,0.936805838398433,-0.22460025222442
1.19317039994473,-0.734623933168946,0.926677006057397,-0.192053072888426
1.19327880417723,-0.756190346962462,0.91547350185905,-0.1592831548966
1.19338720840972,-0.776879829665755,0.903208323349166,-0.126328493683408
1.19349561264221,-0.796668369312668,0.88989568854345,-0.0932273192307469
1.1936040168747,-0.81553303007448,0.875551040793374,-0.0600180107188698
1.19371242110719,-0.833451917508542,0.860191010023644,-0.0267390925151065
1.19382082533968,-0.850404263850736,0.843833413870027,0.00657084998070837
1.19392922957218,-0.866370393398766,0.82649721701984,0.0398731763789736
1.19399684271762,-0.875821453688685,0.815197368331758,0.0606240853569169
1.19406445586307,-0.884877281219055,0.803529809371495,0.0813474718475414
1.19413206900852,-0.893533836012553,0.791499757940938,0.102034078071593
1.19419968215397,-0.901787205923436,0.779112633400623,0.122674572522804
1.19429184144475,-0.912380654440348,0.761663843223369,0.150716811216998
1.19438400073553,-0.922209361065081,0.743576563817772,0.178632797247335
1.19444420061458,-0.928212927620783,0.731423873586713,0.196789054034062
1.19450440049363,-0.933884463951638,0.719009633004905,0.214874830946724
1.19456460037269,-0.939221966646253,0.706338250673096,0.232883715973205
1.19462480025174,-0.94422351449626,0.693414259944238,0.250809254552081
1.19469730051123,-0.949798509066308,0.677520920645842,0.272277588420487
1.19476980077072,-0.954880778874949,0.661276103227418,0.293604675647584
1.1948423010302,-0.959467701049447,0.644688236097293,0.314779464952168
1.19491480128969,-0.96355688179491,0.627765934895164,0.335790946899719
1.19498730154918,-0.967146213599503,0.610517974071917,0.356628239527569
1.19505980180867,-0.970233821595759,0.592953308200504,0.377280513395303
1.19514796914799,-0.973310238584302,0.571179638114204,0.402130600470089
1.19523613648732,-0.975639966012848,0.54896771585311,0.426672250159732
1.19532430382664,-0.977221226711017,0.526334615516105,0.450886611194946
1.19541247116597,-0.978052794679453,0.503297713089838,0.474755081589629
1.19550063850529,-0.978134043131638,0.479874690592498,0.498259352539133
1.19558880584462,-0.977464898207061,0.456083518698429,0.521381379508672
1.19567697318394,-0.976045884167259,0.431942452712631,0.544103431454657
1.19576514052326,-0.973878078842885,0.407470011830712,0.566408067012164
1.19585330786259,-0.970963155721074,0.38268497276341,0.588278182957661
1.19596171209507,-0.966358518624185,0.351811253714372,0.614547264909795
1.19607011632756,-0.960633174556748,0.320529363083474,0.640103811473278
1.19617852056005,-0.953793773288765,0.288875679678742,0.664918093610027
1.19628692479253,-0.945848257709399,0.25688693586189,0.688961321847556
1.19639532902502,-0.93680583778582,0.224600254910722,0.712205582875097
1.1965037332575,-0.926677005650365,0.192053075622477,0.734623930027897
1.19661213748999,-0.915473501655414,0.159283157671219,0.756190343984138
1.19672054172247,-0.903208323346416,0.126328496491415,0.776879826855018
1.19682894595496,-0.889895688738893,0.0932273220648604,0.79666836667403
1.19693735018744,-0.875551041184124,0.0600180135717965,0.815533027612293
1.19704575441993,-0.860191010606499,0.026739095379534,0.833451915227008
1.19715415865241,-0.843833414641644,-0.00657084711211327,0.850404261753746
1.1972625628849,-0.826497217976585,-0.0398731735135525,0.866370391490131
1.19733017603119,-0.815197369258881,-0.060624082755815,0.875821452014702
1.19739778917748,-0.803529810258324,-0.0813474695128251,0.884877279771147
1.19746540232376,-0.791499758776989,-0.102034076004944,0.893533834781898
1.19753301547005,-0.779112634175558,-0.122674570725594,0.901787204901121
1.19762517472878,-0.761663850297683,-0.150716799712056,0.912380650009742
1.19771733398752,-0.743576577627634,-0.178632776134811,0.92220935376246
1.19777753389339,-0.731423882281083,-0.19678904108468,0.928212923365732
1.19783773379926,-0.719009636346595,-0.214874826103716,0.933884462450348
1.19789793370513,-0.706338248430927,-0.232883719171133,0.939221967602038
1.197958133611,-0.693414251892998,-0.25080926571688,0.944223517609914
1.19803063387068,-0.677520912424364,-0.272277599594095,0.949798512018493
1.19810313413037,-0.661276094836753,-0.293604686825236,0.95488078166198
1.19817563439005,-0.644688227538802,-0.314779476129012,0.959467703667777
1.19824813464973,-0.627765926170212,-0.335790958070903,0.963556884241105
1.19832063490942,-0.610517965181978,-0.356628250688126,0.967146215870125
1.1983931351691,-0.592953299147268,-0.377280524540264,0.970233823687521
1.19848130248054,-0.571179635880054,-0.402130603711896,0.973310239591955
1.19856946979198,-0.548967720715252,-0.426672245693482,0.975639966408721
1.19865763710341,-0.526334627735366,-0.450886599233661,0.977221226968996
1.19874580441485,-0.503297732910403,-0.474755062363903,0.978052795274306
1.19883397172629,-0.479874718241561,-0.498259326296708,0.97813404453828
1.19892213903773,-0.456083554385781,-0.521381346514067,0.977464900899856
1.19901030634917,-0.431942496630373,-0.544103391988857,0.97604588861922
1.19909847366061,-0.407470064152875,-0.566408021372071,0.973878085524945
1.19918664097205,-0.382685033645693,-0.588278131455805,0.97096316510149
1.19929504520445,-0.351811315500015,-0.61454721482882,0.966358530328788
1.19940344943686,-0.32052942569837,-0.640103762876518,0.960633188574865
1.19951185366926,-0.288875743047979,-0.66491804655903,0.953793789606967
1.19962025790167,-0.256886999909607,-0.688961276402052,0.945848276311625
1.19972866213407,-0.224600319560213,-0.712205539093073,0.936805858653268
1.19983706636648,-0.192053140796322,-0.734623887965386,0.926677028761663
1.19994547059888,-0.159283223291374,-0.756190303695228,0.915473526986587
1.20005387483129,-0.126328562479192,-0.776879788391754,0.903208350870915
1.20016227906369,-0.0932273883411384,-0.796668330086414,0.889895718427518
1.20027068329609,-0.0600180800570395,-0.815532992948105,0.875551073005124
1.2003790875285,-0.0267391619939189,-0.83345188253188,0.860191044525746
1.2004874917609,0.00657078044865373,-0.850404231071142,0.843833450622427
1.20059589599331,0.0398731068811305,-0.866370362861052,0.82649725597988
1.20066350920428,0.060624036037902,-0.875821433545775,0.815197397507815
1.20073112241525,0.0813474426792193,-0.884877270716185,0.803529828036954
1.20079873562622,0.102034068998672,-0.893533834382756,0.791499765384058
1.20086634883719,0.122674583462841,-0.901787212388229,0.779112628925345
1.20095850808085,0.150716807831483,-0.912380655547914,0.761663847716387
1.20105066732452,0.178632779672612,-0.922209357599978,0.743576577927326
1.20111086722585,0.196789043253946,-0.928212926743579,0.731423883489586
1.20117106712719,0.214874826915148,-0.933884465418445,0.719009638503235
1.20123126702853,0.232883718636891,-0.939221970210986,0.706338251574044
1.20129146692987,0.250809263850551,-0.944223519910512,0.693414256059885
1.20136396719219,0.272277598533912,-0.949798514611075,0.67752091607711
1.20143646745451,0.293604686562738,-0.954880784511177,0.661276097948404
1.20150896771684,0.314779476654538,-0.959467706737858,0.644688230083313
1.20158146797916,0.335790959373525,-0.963556887495935,0.627765928122405
1.20165396824148,0.356628252755765,-0.96714621927346,0.610517966517699
1.2017264685038,0.377280527359622,-0.970233827202931,0.59295329984326
1.2018146357925,0.402130600154788,-0.973310242398307,0.571179642243526
1.20190280308119,0.426672235923514,-0.975639968891789,0.548967732968293
1.20199097036988,0.45088658342901,-0.977221229515799,0.526334646086738
1.20207913765857,0.474755040716989,-0.978052798272207,0.503297757555208
1.20216730494726,0.498259299013856,-0.978134048374853,0.479874749360973
1.20225547223595,0.521381313815304,-0.977464905961921,0.45608359214657
1.20234363952464,0.544103354107484,-0.976045895292478,0.43194254118498
1.20243180681334,0.566407978554353,-0.973878094193253,0.407470115638888
1.20251997410203,0.588278083960681,-0.970963176146354,0.382685092185671
1.20262837833436,0.614547168623788,-0.966358543484911,0.351811374861089
1.20273678256669,0.640103718019209,-0.960633203832537,0.320529485813294
1.20284518679902,0.664918003105321,-0.953793806954045,0.288875803848674
1.20295359103135,0.688961234406289,-0.945848295733503,0.256887061327204
1.20306199526367,0.712205498607899,-0.936805880133011,0.224600381525107
1.203170399496,0.734623849041719,-0.926677052279905,0.192053203238176
1.20327880372833,0.756190266382252,-0.915473552521546,0.159283286139253
1.20338720796066,0.776879752736788,-0.903208378398479,0.126328625661649
1.20349561219299,0.796668296134856,-0.8898957479212,0.0932274517863256
1.20360401642532,0.815532960743498,-0.875551104436236,0.0600181436926975
1.20371242065765,0.833451852115662,-0.860191077863278,0.0267392257475662
1.20382082488998,0.850404202482795,-0.843833485833088,-0.00657071664972046
1.20392922912231,0.866370336137944,-0.826497293028199,-0.0398730431097406
1.20399684239713,0.875821416749514,-0.815197424829975,-0.0606239919195673
1.20406445567196,0.884877263109127,-0.803529844927519,-0.0813474181816705
1.20413206894678,0.893533835215407,-0.791499771152222,-0.102034064063197
1.20419968222161,0.901787220899816,-0.779112622895552,-0.12267459800429
1.20429184148225,0.912380665520018,-0.761663838053744,-0.150716827466309
1.2043840007429,0.922209368744364,-0.7435765644075,-0.178632804336885
1.20444420061287,0.928212934378768,-0.731423875997297,-0.196789058381532
1.20450440048284,0.933884469888601,-0.719009637315064,-0.214874832573542
1.20456460035281,0.939221971863376,-0.706338256959659,-0.232883714903761
1.20462480022278,0.944223519095479,-0.693414268281861,-0.250809250813617
1.20469730048755,0.949798514249433,-0.67752092795605,-0.272277586293409
1.20476980075231,0.954880784571214,-0.661276109456253,-0.29360467511497
1.20484230101708,0.959467707187388,-0.644688241192692,-0.314779465994692
1.20491480128184,0.963556888302468,-0.627765938806882,-0.335790949495613
1.20498730154661,0.967146220404205,-0.610517976751574,-0.356628243652653
1.20505980181137,0.970233828624648,-0.59295330960165,-0.377280519023017
1.20514796910521,0.973310244195714,-0.571179650848808,-0.402130593346919
1.20523613639905,0.975639970978152,-0.548967740365332,-0.426672230612847
1.20532430369288,0.977221231804019,-0.526334652223424,-0.450886579580618
1.20541247098672,0.978052800674935,-0.503297762382298,-0.474755038292666
1.20550063828056,0.978134050804479,-0.479874752832322,-0.498259297972189
1.20558880557439,0.977464908330947,-0.456083594219282,-0.52138131411168
1.20567697286823,0.976045897513389,-0.431942541819227,-0.544103355694177
1.20576514016207,0.973878096178834,-0.407470114798178,-0.566407981380669
1.20585330745591,0.970963177809773,-0.382685089836844,-0.588278087972917
1.20596171168824,0.966358544935168,-0.351811372430293,-0.614547172504895
1.20607011592057,0.960633205070719,-0.320529483307424,-0.640103721763319
1.2061785201529,0.953793807981458,-0.288875801274641,-0.664918006706821
1.20628692438524,0.945848296551745,-0.25688705869194,-0.68896123785982
1.20639532861757,0.936805880743819,-0.224600378835712,-0.712205501908141
1.2065037328499,0.926677052685346,-0.192053200501741,-0.734623852183633
1.20661213708224,0.915473552723905,-0.159283283362985,-0.756190269360918
1.20672054131457,0.903208378400189,-0.126328622852761,-0.776879755547455
1.2068289455469,0.889895747725057,-0.0932274489520734,-0.796668298772995
1.20693734977924,0.8755511040452,-0.060018140840358,-0.815532963204858
1.20704575401157,0.860191077280528,-0.0267392228844758,-0.833451854396074
1.2071541582439,0.843833485062097,0.00657071951623722,-0.850404204578325
1.20726256247624,0.826497292072611,0.0398730459723385,-0.86637033804492
1.20733017575022,0.815197423903636,0.0606239945187011,-0.875821418422364
1.20739778902421,0.803529844041069,0.0813474205152721,-0.884877264556328
1.2074654022982,0.791499770316181,0.102034066129538,-0.893533836445712
1.20753301557219,0.779112622120213,0.12267459980203,-0.901787221922239
1.20762517486487,0.761663830980688,0.150716838969058,-0.912380669949742
1.20771733415755,0.743576550600804,0.178632825444523,-0.922209376045295
1.20777753400071,0.731423867305154,0.196789071327565,-0.928212938632749
1.20783773384387,0.719009633974624,0.214874837414729,-0.933884471389355
1.20789793368703,0.706338259202067,0.232883711705517,-0.939221970907565
1.20795813353019,0.693414276332282,0.250809239650036,-0.944223515982277
1.20803063379474,0.677520936180391,0.272277575116148,-0.949798511296549
1.20810313405929,0.661276117853508,0.293604663928924,-0.954880781782446
1.20817563432385,0.644688249761822,0.314779454804736,-0.959467704566539
1.2082481345884,0.627765947546588,0.335790938306702,-0.963556885853278
1.20832063485296,0.610517985660438,0.35662823246984,-0.967146218130283
1.20839313511751,0.592953318678197,0.377280507851384,-0.970233826529608
1.20848130243921,0.571179653112338,0.402130590072565,-0.973310243184914
1.20856946976091,0.548967735538871,0.42667223504083,-0.975639970579687
1.20865763708261,0.526334640046247,0.45088659149814,-0.977221231544395
1.20874580440431,0.50329774261043,0.474755057469319,-0.978052800079721
1.20883397172601,0.479874725238717,0.498259324160485,-0.978134049399205
1.20892213904771,0.456083558594299,0.521381347047284,-0.977464905641592
1.20901030636941,0.431942497970932,0.544103395096451,-0.976045893067332
1.20909847369111,0.407470062552595,0.566408026952887,-0.973878089505495
1.20918664101281,0.38268502903835,0.588278139402864,-0.970963168441201
1.20929504524523,0.351811310729225,0.614547222516262,-0.96635853324548
1.20940344947764,0.320529420777688,0.640103770292833,-0.960633191070546
1.20951185371006,0.288875737991122,0.664918053693035,-0.953793791684163
1.20962025794247,0.256886994730389,0.688961283242951,-0.945848277973317
1.20972866217489,0.224600314272642,0.712205545630344,-0.936805859902971
1.20983706640731,0.192053135414515,0.734623894188905,-0.926677029603437
1.20994547063972,0.159283217829545,0.756190309595221,-0.915473527424765
1.21005387487214,0.12632855695168,0.776879793958784,-0.903208350910475
1.21016227910455,0.0932273827623636,0.796668335311455,-0.889895718073769
1.21027068333697,0.0600180744414819,0.81553299782254,-0.875551072264038
1.21037908756938,0.0267391563560876,0.833451887047468,-0.860191043403565
1.2104874918018,-0.0065707860941664,0.850404235220045,-0.843833449125868
1.21059589603421,-0.0398731125197737,0.866370366635938,-0.826497254116112
1.2106635092436,-0.0606240411764474,0.87582143686584,-0.815197395689374
1.21073112245298,-0.0813474473135303,0.884877273597596,-0.803529826284043
1.21079873566237,-0.10203407312525,0.893533836841979,-0.791499763716699
1.21086634887175,-0.122674587078866,0.901787214442095,-0.779112627363217
1.21095850817948,-0.150716830856303,0.912380664415518,-0.761663833559175
1.21105066748721,-0.178632821905999,0.922209372209076,-0.743576550303096
1.2111108673349,-0.196789069157622,0.928212935256285,-0.731423866098639
1.21117106718259,-0.214874836602667,0.933884468422592,-0.719009631819921
1.21123126703029,-0.232883712239159,0.939221968300086,-0.706338256060934
1.21129146687798,-0.250809241515784,0.944223513683185,-0.693414272167394
1.2113639671399,-0.272277576179458,0.94979850870637,-0.677520932526909
1.21143646740183,-0.293604664198158,0.954880778936499,-0.661276114738317
1.21150896766376,-0.314779454289541,0.959467701500391,-0.6446882472108
1.21158146792569,-0.335790937017939,0.963556882602746,-0.627765945584781
1.21165396818761,-0.356628230419511,0.967146214731477,-0.610517984311979
1.21172646844954,-0.377280505052713,0.970233823018912,-0.592953317966167
1.21181463579398,-0.402130593648029,0.973310240382396,-0.57117964673438
1.21190280313842,-0.426672244826876,0.975639968099806,-0.548967723272889
1.21199097048286,-0.450886607316615,0.977221229000272,-0.526334621683614
1.2120791378273,-0.474755079127881,0.978052797084044,-0.503297717956156
1.21216730517174,-0.498259351452813,0.978134045564581,-0.479874694111742
1.21225547251618,-0.52138137975346,0.977464900581286,-0.456083520827799
1.21234363986062,-0.544103432983178,0.976045886395776,-0.431942453412589
1.21243180720506,-0.566408069774002,0.973878080838947,-0.40747001106494
1.2125199745495,-0.588278186899545,0.970963157398345,-0.382684970498794
1.21262837878199,-0.614547268722817,0.96635852009136,-0.35181125136852
1.21273678301448,-0.640103815151749,0.960633175814888,-0.320529360663105
1.21284518724697,-0.664918097148403,0.953793774339075,-0.288875677190632
1.21295359147946,-0.688961325240431,0.945848258553372,-0.256886933312923
1.21306199571195,-0.712205586117249,0.936805838425157,-0.224600252307862
1.21317039994444,-0.734623933114316,0.926677006086991,-0.192053072972678
1.21327880417694,-0.756190346910022,0.915473501891629,-0.159283154981585
1.21338720840943,-0.776879829615596,0.903208323384655,-0.12632849376905
1.21349561264192,-0.796668369264819,0.889895688581776,-0.0932273193169401
1.21360401687441,-0.815533030029016,0.875551040834554,-0.0600180108054944
1.2137124211069,-0.833451917465556,0.860191010067634,-0.0267390926020677
1.21382082533939,-0.850404263810262,0.843833413916805,0.00657084989350904
1.21392922957188,-0.866370393360931,0.826497217069294,0.0398731762916576
1.21399684271742,-0.875821453664192,0.815197368368432,0.0606240852957615
1.21406445586295,-0.884877281206877,0.803529809394391,0.081347471812497
1.21413206900848,-0.893533836011727,0.791499757949134,0.102034078062602
1.21419968215402,-0.901787205932983,0.779112633393234,0.122674572539758
1.21429184144479,-0.912380654448786,0.761663843216935,0.150716811231874
1.21438400073556,-0.922209361072494,0.74357656381242,0.178632797260116
1.2144442006146,-0.928212927626371,0.731423873584636,0.196789054041726
1.21450440049363,-0.933884463955526,0.719009633006233,0.214874830949296
1.21456460037267,-0.939221966648765,0.706338250678046,0.232883715970728
1.2146248002517,-0.944223514497506,0.693414259952909,0.250809254544636
1.21469730051121,-0.94979850906872,0.677520920651976,0.272277588416698
1.21476980077071,-0.95488077887827,0.661276103230893,0.293604675647399
1.21484230103021,-0.959467701053529,0.644688236098046,0.314779464955527
1.21491480128971,-0.963556881799624,0.627765934893026,0.335790946906609
1.21498730154921,-0.967146213604673,0.610517974066774,0.356628239537899
1.21505980180871,-0.97023382160126,0.592953308192235,0.377280513409035
1.21514796914802,-0.973310238589075,0.571179638108828,0.402130600480253
1.21523613648733,-0.975639966017132,0.548967715850709,0.426672250166431
1.21532430382665,-0.97722122671505,0.526334615516794,0.450886611198241
1.21541247116596,-0.978052794683333,0.503297713093723,0.474755081589645
1.21550063850527,-0.978134043135649,0.479874690599703,0.498259352535953
1.21558880584458,-0.977464898211442,0.456083518709039,0.521381379502439
1.21567697318389,-0.976045884172197,0.431942452726779,0.544103431445449
1.21576514052321,-0.973878078848549,0.40747001184844,0.566408067000107
1.21585330786252,-0.970963155727653,0.382684972784752,0.588278182942919
1.215961712095,-0.966358518631454,0.351811253735714,0.614547264895767
1.21607011632749,-0.960633174564721,0.320529363104755,0.640103811459945
1.21617852055998,-0.95379377329734,0.28887567969993,0.664918093597427
1.21628692479246,-0.945848257718608,0.256886935882953,0.688961321835675
1.21639532902495,-0.936805837795585,0.22460025493163,0.712205582863973
1.21650373325744,-0.926677005660677,0.192053075643213,0.734623930017482
1.21661213748992,-0.915473501666232,0.159283157691742,0.756190343974501
1.21672054172241,-0.903208323357764,0.12632849651169,0.776879826846086
1.2168289459549,-0.88989568875069,0.0932273220848761,0.796668366665815
1.21693735018738,-0.875551041196312,0.0600180135915484,0.815533027604782
1.21704575441987,-0.860191010619145,0.0267390953989742,0.833451915220158
1.21715415865236,-0.843833414654639,-0.00657084709301016,0.850404261747658
1.21726256288484,-0.82649721798992,-0.0398731734948125,0.866370391484703
1.21733017603115,-0.815197369269563,-0.0606240827424491,0.875821452011994
1.21739778917745,-0.803529810266146,-0.0813474695048285,0.884877279770959
1.21746540232376,-0.791499758781729,-0.102034076002342,0.89353383478408
1.21753301547006,-0.779112634177061,-0.122674570728314,0.901787204905354
1.2176251747288,-0.761663850299209,-0.150716799714642,0.912380650013847
1.21771733398753,-0.743576577629233,-0.178632776137188,0.922209353766405
1.2177775338934,-0.731423882283626,-0.196789041085492,0.928212923369165
1.21783773379926,-0.719009636350207,-0.214874826102985,0.933884462453173
1.21789793370513,-0.706338248435601,-0.232883719168855,0.939221967604439
1.21795813361099,-0.693414251898825,-0.250809265713081,0.944223517611918
1.21803063387069,-0.677520912426956,-0.272277599594662,0.949798512021614
1.21810313413039,-0.661276094836031,-0.293604686830084,0.954880781666081
1.21817563439009,-0.644688227534577,-0.314779476138086,0.959467703672622
1.21824813464978,-0.627765926162337,-0.335790958084132,0.963556884246464
1.21832063490948,-0.610517965170385,-0.35662825070543,0.967146215875824
1.21839313516918,-0.592953299131806,-0.377280524561562,0.970233823693358
1.21848130248064,-0.571179635858183,-0.402130603739712,0.973310239597872
1.2185694697921,-0.548967720686659,-0.42667224572764,0.975639966414268
1.21865763710357,-0.526334627699909,-0.450886599273956,0.97722122697382
1.21874580441503,-0.503297732867863,-0.474755062410089,0.978052795277952
1.21883397172649,-0.479874718191787,-0.498259326348559,0.978134044540323
1.21892213903796,-0.456083554328597,-0.521381346571335,0.977464900899923
1.21901030634942,-0.431942496565655,-0.544103392051249,0.976045888616878
1.21909847366088,-0.407470064080532,-0.566408021439314,0.973878085519839
1.21918664097234,-0.382685033565557,-0.588278131527614,0.970963165093174
1.21929504520475,-0.351811315418423,-0.614547214898959,0.96635853031735
1.21940344943716,-0.320529425615443,-0.640103762944888,0.960633188560311
1.21951185366956,-0.288875742963809,-0.664918046625484,0.953793789589266
1.21962025790197,-0.256886999824266,-0.688961276466555,0.945848276290793
1.21972866213437,-0.224600319473862,-0.712205539155499,0.936805858629355
1.21983706636678,-0.192053140709027,-0.73462388802565,0.926677028734633
1.21994547059918,-0.159283223203236,-0.75619030375328,0.915473526956501
1.22005387483159,-0.126328562390294,-0.776879788447473,0.903208350837747
1.220162279064,-0.093227388251618,-0.796668330139692,0.889895718391282
1.2202706832964,-0.060018079966994,-0.815532992998919,0.875551072965913
1.22037908752881,-0.0267391619034595,-0.833451882580122,0.860191044483569
1.22048749176121,0.00657078053940818,-0.850404231116745,0.843833450577349
1.22059589599362,0.039873106972082,-0.866370362903961,0.826497255931912
1.2206635092045,0.0606240361022767,-0.87582143357508,0.815197397472808
1.22073112241539,0.0813474427170549,-0.884877270732885,0.803529828015852
1.22079873562627,0.102034069010036,-0.89353383438789,0.791499765377835
1.22086634883716,0.122674583447842,-0.901787212382766,0.779112628934886
1.22095850808084,0.150716807824531,-0.912380655545688,0.76166384772113
1.22105066732453,0.178632779673646,-0.922209357600524,0.743576577926855
1.22111086722587,0.19678904325472,-0.928212926743918,0.731423883489165
1.22117106712721,0.214874826915664,-0.933884465418646,0.719009638502964
1.22123126702855,0.23288371863719,-0.939221970211057,0.706338251573848
1.22129146692988,0.250809263850624,-0.944223519910388,0.693414256059757
1.2213639671922,0.272277598531704,-0.94979851461033,0.677520916078586
1.22143646745451,0.293604686558253,-0.954880784509883,0.661276097951619
1.22150896771683,0.314779476647843,-0.959467706736086,0.644688230088239
1.22158146797914,0.335790959364642,-0.963556887493852,0.627765928129217
1.22165396824146,0.356628252744739,-0.967146219271145,0.610517966526371
1.22172646850377,0.377280527346509,-0.970233827200441,0.592953299853925
1.22181463579251,0.402130600153247,-0.973310242397396,0.571179642244108
1.22190280308124,0.426672235933252,-0.975639968891712,0.548967732958445
1.22199097036997,0.450886583449707,-0.9772212295158,0.526334646066082
1.2220791376587,0.474755040748271,-0.978052798271699,0.503297757523395
1.22216730494743,0.498259299055407,-0.978134048373026,0.479874749317608
1.22225547223617,0.52138131386674,-0.977464905958165,0.456083592091412
1.2223436395249,0.544103354168365,-0.976045895286104,0.431942541117707
1.22243180681363,0.566407978624233,-0.973878094183546,0.407470115559308
1.22251997410236,0.588278084039074,-0.970963176132637,0.382685092093519
1.22262837833469,0.614547168700007,-0.966358543467735,0.351811374767675
1.22273678256702,0.640103718093138,-0.960633203811864,0.320529485718711
1.22284518679935,0.664918003176832,-0.953793806929946,0.288875803753067
1.22295359103168,0.688961234475373,-0.945848295706039,0.256887061230677
1.22306199526401,0.712205498674388,-0.936805880102212,0.224600381427784
1.22317039949634,0.734623849105593,-0.926677052245816,0.192053203140163
1.22327880372867,0.756190266443439,-0.915473552484158,0.159283286040683
1.223387207961,0.776879752795183,-0.903208378357854,0.126328625562651
1.22349561219333,0.796668296190416,-0.889895747877422,0.0932274516869904
1.22360401642566,0.815532960796126,-0.875551104389295,0.0600181435931693
1.22371242065798,0.833451852165313,-0.860191077813287,0.0267392256479227
1.22382082489031,0.850404202529437,-0.843833485780078,-0.0065707167493524
1.22392922912264,0.866370336181468,-0.826497292972258,-0.0398730432092353
1.22399684239737,0.87582141677752,-0.815197424789115,-0.0606239919884305
1.22406445567209,0.884877263122726,-0.803529844902788,-0.08134741821997
1.22413206894682,0.893533835215755,-0.791499771144793,-0.102034064071001
1.22419968222154,0.901787220888154,-0.779112622906407,-0.12267459798174
1.22429184148219,0.912380665509406,-0.761663838064128,-0.15071682744527
1.22438400074284,0.9222093687347,-0.743576564417354,-0.178632804317364
1.22444420061284,0.928212934371781,-0.731423876002536,-0.196789058369257
1.22450440048283,0.933884469883933,-0.71900963731549,-0.214874832568475
1.22456460035283,0.939221971860772,-0.706338256954972,-0.232883714905833
1.22462480022283,0.94422351909474,-0.693414268271939,-0.250809250822776
1.22469730048757,0.949798514246626,-0.677520927951349,-0.272277586295272
1.22476980075231,0.95488078456661,-0.661276109457026,-0.293604675109623
1.22484230101705,0.959467707181415,-0.644688241199173,-0.314779465982231
1.22491480128179,0.963556888295454,-0.627765938819281,-0.335790949476172
1.22498730154653,0.967146220396409,-0.610517976770089,-0.356628243626345
1.22505980181127,0.970233828616493,-0.592953309626507,-0.37728051899002
1.22514796910511,0.973310244188777,-0.571179650871739,-0.402130593317039
1.22523613639896,0.975639970972219,-0.548967740386252,-0.426672230586004
1.22532430369281,0.977221231798959,-0.526334652242189,-0.450886579556778
1.22541247098665,0.978052800670586,-0.503297762398857,-0.474755038271745
1.2255006382805,0.978134050800718,-0.479874752846556,-0.498259297954163
1.22558880557435,0.977464908327522,-0.456083594231078,-0.521381314096464
1.22567697286819,0.976045897510178,-0.431942541828492,-0.544103355681702
1.22576514016204,0.973878096175675,-0.407470114804873,-0.566407981370826
1.22585330745589,0.970963177806448,-0.382685089840839,-0.58827808796561
1.22596171168822,0.966358544932003,-0.351811372433946,-0.614547172498087
1.22607011592056,0.960633205067621,-0.320529483310664,-0.640103721756976
1.22617852015289,0.953793807978413,-0.288875801277447,-0.664918006700995
1.22628692438523,0.945848296548728,-0.256887058694319,-0.688961237854415
1.22639532861756,0.936805880740817,-0.224600378837648,-0.712205501903168
1.2265037328499,0.92667705268228,-0.192053200503239,-0.734623852179052
1.22661213708223,0.915473552720693,-0.159283283364014,-0.756190269356706
1.22672054131456,0.903208378396933,-0.126328622853305,-0.776879755543606
1.2268289455469,0.889895747721626,-0.093227448952142,-0.796668298769482
1.22693734977923,0.875551104041618,-0.060018140839974,-0.815532963201638
1.22704575401157,0.860191077276716,-0.0267392228835746,-0.833451854393124
1.2271541582439,0.843833485058088,0.00657071951761447,-0.850404204575672
1.22726256247624,0.826497292068292,0.0398730459741812,-0.866370338042482
1.22733017575023,0.815197423899289,0.0606239945206577,-0.875821418419898
1.22739778902421,0.803529844036591,0.0813474205173503,-0.884877264553956
1.2274654022982,0.791499770311646,0.102034066131739,-0.89353383644338
1.22753301557219,0.779112622115537,0.12267459980437,-0.901787221919903
1.22762517486486,0.761663830977363,0.150716838969249,-0.91238066994661
1.22771733415754,0.743576550598882,0.178632825442593,-0.922209376041487
1.2277775340007,0.731423867302829,0.196789071326378,-0.928212938629221
1.22783773384386,0.71900963397181,0.214874837414272,-0.933884471386098
1.22789793368702,0.70633825919873,0.232883711705839,-0.939221970904554
1.22795813353019,0.693414276328436,0.250809239651086,-0.944223515979508
1.22803063379476,0.677520936172259,0.272277575122893,-0.94979851129515
1.22810313405933,0.661276117840958,0.293604663941246,-0.954880781782226
1.22817563432391,0.644688249744617,0.314779454822582,-0.959467704567213
1.22824813458848,0.627765947524593,0.335790938329979,-0.963556885854576
1.22832063485305,0.610517985633506,0.356628232498422,-0.967146218131918
1.22839313511763,0.592953318646128,0.377280507885184,-0.970233826531313
1.22848130243934,0.571179653077222,0.402130590108739,-0.973310243185938
1.22856946976105,0.548967735500654,0.426672235079248,-0.975639970579904
1.22865763708276,0.526334640004876,0.450886591538696,-0.977221231543574
1.22874580440447,0.503297742565847,0.474755057511904,-0.978052800077726
1.22883397172618,0.479874725190867,0.498259324205029,-0.978134049395882
1.22892213904789,0.45608355854311,0.521381347093643,-0.977464905636721
1.2290103063696,0.431942497916335,0.544103395144468,-0.97604589306079
1.22909847369131,0.407470062494639,0.566408027002476,-0.973878089497111
1.22918664101302,0.382685028976972,0.58827813945388,-0.970963168430848
1.22929504524543,0.351811310666723,0.614547222566225,-0.966358533232966
1.22940344947785,0.32052942071415,0.640103770341684,-0.960633191055817
1.22951185371027,0.288875737926562,0.664918053740707,-0.953793791667259
1.22962025794268,0.256886994664894,0.688961283289363,-0.945848277954265
1.2297286621751,0.224600314206303,0.712205545675462,-0.93680585988175
1.22983706640752,0.192053135347361,0.734623894232623,-0.926677029579968
1.22994547063993,0.159283217761656,0.756190309637501,-0.915473527399114
1.23005387487235,0.126328556883122,0.776879793999546,-0.903208350882635
1.23016227910476,0.0932273826932159,0.796668335350594,-0.889895718043794
1.23027068333718,0.0600180743718154,0.815532997860058,-0.875551072231856
1.2303790875696,0.0267391562859781,0.833451887083269,-0.860191043369236
1.23048749180201,-0.00657078616463033,0.850404235254104,-0.84383344908946
1.23059589603443,-0.0398731125905208,0.866370366668121,-0.826497254077614
1.23066350924374,-0.0606240412254436,0.875821436887135,-0.815197395661633
1.23073112245306,-0.0813474473407646,0.884877273608719,-0.803529826267934
1.23079873566237,-0.10203407313082,0.893533836843798,-0.79149976371299
1.23086634887169,-0.12267458706284,0.901787214435479,-0.779112627372624
1.23095850817938,-0.150716830829201,0.91238066440536,-0.76166383357611
1.23105066748707,-0.178632821867987,0.922209372196029,-0.743576550328013
1.23111086733481,-0.196789069134663,0.928212935248811,-0.73142386611411
1.23117106718255,-0.214874836594647,0.933884468420166,-0.719009631825492
1.2312312670303,-0.232883712245984,0.93922196830211,-0.706338256056092
1.23129146687804,-0.250809241537291,0.944223513689113,-0.693414272151802
1.23136396713996,-0.272277576199995,0.9497985087117,-0.677520932511676
1.23143646740188,-0.293604664217737,0.954880778941194,-0.661276114723443
1.23150896766381,-0.314779454308165,0.959467701504594,-0.644688247196403
1.23158146792573,-0.335790937035621,0.963556882606436,-0.62776594557081
1.23165396818766,-0.356628230436255,0.967146214734705,-0.610517984298458
1.23172646844958,-0.377280505068515,0.970233823021725,-0.592953317953195
1.23181463579399,-0.402130593654101,0.97331024038382,-0.571179646729699
1.23190280313839,-0.426672244823467,0.975639968100356,-0.548967723276912
1.2319909704828,-0.450886607303969,0.97722122900058,-0.526334621696619
1.2320791378272,-0.474755079106292,0.978052797084722,-0.503297717978435
1.23216730517161,-0.498259351422568,0.978134045566195,-0.479874694143603
1.23225547251602,-0.521381379714896,0.977464900584383,-0.456083520869483
1.23234363986042,-0.544103432936648,0.976045886400988,-0.431942453464334
1.23243180720483,-0.566408069719878,0.973878080846801,-0.40747001112691
1.23251997454923,-0.588278186838159,0.970963157409445,-0.382684970571272
1.23262837878172,-0.614547268663216,0.966358520105175,-0.351811251441967
1.23273678301422,-0.640103815094001,0.960633175831451,-0.320529360737428
1.23284518724671,-0.664918097092528,0.9537937743583,-0.288875677265755
1.2329535914792,-0.688961325186555,0.945848258575304,-0.256886933388786
1.23306199571169,-0.712205586065421,0.936805838449739,-0.224600252384298
1.23317039994418,-0.73462393306457,0.92667700611427,-0.192053073049675
1.23327880417667,-0.756190346862417,0.915473501921417,-0.159283155059004
1.23338720840916,-0.776879829570172,0.90320832341702,-0.126328493846809
1.23349561264165,-0.796668369221723,0.889895688616656,-0.0932273193949216
1.23360401687415,-0.815533029988203,0.875551040871898,-0.0600180108836527
1.23371242110664,-0.833451917427114,0.860191010107374,-0.0267390926802547
1.23382082533913,-0.850404263774199,0.843833413958884,0.00657084981535057
1.23392922957162,-0.866370393327347,0.826497217113702,0.0398731762136305
1.23399684271723,-0.875821453642606,0.815197368401233,0.0606240852413904
1.23406445586284,-0.884877281196514,0.803529809414764,0.0813474717817747
1.23413206900845,-0.893533836011615,0.791499757956182,0.102034078055445
1.23419968215406,-0.901787205942223,0.779112633386196,0.122674572556046
1.23429184144479,-0.912380654453555,0.761663843216688,0.150716811236893
1.23438400073553,-0.92220936107345,0.743576563819457,0.178632797253983
1.23444420061457,-0.928212927628188,0.731423873590281,0.196789054037957
1.23450440049362,-0.933884463958237,0.719009633010358,0.214874830947875
1.23456460037266,-0.939221966652182,0.706338250680564,0.232883715971653
1.23462480025171,-0.944223514501589,0.693414259953737,0.250809254547862
1.23469730051121,-0.94979850907274,0.67752092065289,0.272277588419823
1.23476980077071,-0.954880778882256,0.661276103231834,0.293604675650461
1.23484230103021,-0.959467701057559,0.644688236099,0.314779464958544
1.23491480128971,-0.963556881803592,0.627765934894085,0.335790946909536
1.23498730154921,-0.967146213608652,0.610517974067885,0.356628239540761
1.23505980180871,-0.970233821605198,0.592953308193412,0.377280513411806
1.23514796914799,-0.973310238592151,0.571179638117027,0.402130600475156
1.23523613648728,-0.975639966019809,0.548967715866206,0.426672250153609
1.23532430382656,-0.977221226717811,0.526334615539887,0.450886611177958
1.23541247116584,-0.978052794686721,0.503297713124585,0.474755081562122
1.23550063850513,-0.978134043140072,0.479874690638605,0.498259352501463
1.23558880584441,-0.977464898217388,0.45608351875617,0.521381379461217
1.2356769731837,-0.976045884180126,0.431942452782318,0.544103431397827
1.23576514052298,-0.973878078858984,0.407470011912594,0.566408066946372
1.23585330786226,-0.970963155741037,0.382684972857677,0.588278182883385
1.23596171209475,-0.966358518647533,0.351811253809869,0.614547264837657
1.23607011632724,-0.960633174583446,0.32052936318006,0.640103811403398
1.23617852055972,-0.953793773318736,0.28887567977632,0.664918093542459
1.23628692479221,-0.945848257742699,0.256886935960376,0.68896132178234
1.23639532902469,-0.936805837822321,0.22460025500998,0.712205582812365
1.23650373325718,-0.926677005690124,0.192053075722389,0.734623929967723
1.23661213748966,-0.91547350169831,0.159283157771672,0.756190343926607
1.23672054172215,-0.903208323392453,0.126328496592276,0.776879826800181
1.23682894595464,-0.889895688788017,0.0932273221660394,0.796668366621969
1.23693735018712,-0.875551041236226,0.0600180136731926,0.815533027563025
1.23704575441961,-0.860191010661607,0.0267390954810175,0.833451915180592
1.23715415865209,-0.843833414699637,-0.00657084701067636,0.850404261710294
1.23726256288458,-0.826497218037431,-0.0398731734122638,0.866370391449711
1.23733017603097,-0.815197369304511,-0.0606240826853123,0.875821451989833
1.23739778917735,-0.803529810287593,-0.0813474694730334,0.884877279760641
1.23746540232374,-0.791499758788847,-0.102034075995799,0.893533834784626
1.23753301547013,-0.779112634168975,-0.122674570746937,0.901787204915876
1.23762517472889,-0.761663850284398,-0.150716799743085,0.912380650027455
1.23771733398766,-0.743576577607168,-0.178632776175371,0.922209353782533
1.23777753389348,-0.731423882270458,-0.196789041109616,0.92821292338006
1.2378377337993,-0.719009636346272,-0.214874826113161,0.933884462459478
1.23789793370512,-0.70633824844134,-0.2328837191652,0.939221967606527
1.23795813361094,-0.693414251914626,-0.250809265695689,0.944223517610327
1.23803063387062,-0.677520912445598,-0.272277599573985,0.949798512019542
1.23810313413031,-0.661276094857534,-0.293604686806142,0.954880781663709
1.23817563439,-0.644688227559137,-0.314779476110976,0.959467703670094
1.23824813464968,-0.627765926190056,-0.335790958053878,0.963556884243938
1.23832063490937,-0.610517965201305,-0.356628250672154,0.967146215873447
1.23839313516905,-0.592953299166022,-0.377280524525283,0.970233823691328
1.2384813024805,-0.571179635897606,-0.402130603698688,0.973310239596299
1.23856946979194,-0.548967720731458,-0.426672245682036,0.975639966413513
1.23865763710339,-0.526334627750257,-0.450886599223925,0.977221226974166
1.23874580441483,-0.5032977329239,-0.474755062355827,0.978052795279709
1.23883397172628,-0.479874718253591,-0.498259326290259,0.978134044543851
1.23892213903772,-0.456083554396304,-0.521381346509205,0.97746490090548
1.23901030634917,-0.431942496639329,-0.544103391985491,0.976045888624811
1.23909847366061,-0.407470064160272,-0.566408021370185,0.973878085530438
1.23918664097205,-0.38268503365145,-0.588278131455324,0.970963165106764
1.23929504520446,-0.35181131550577,-0.614547214828226,0.966358530334006
1.23940344943686,-0.320529425704155,-0.640103762875848,0.960633188579999
1.23951185366927,-0.288875743053776,-0.664918046558255,0.953793789612038
1.23962025790167,-0.256886999915428,-0.688961276401245,0.945848276316659
1.23972866213408,-0.224600319566084,-0.712205539092144,0.936805858658225
1.23983706636648,-0.192053140802255,-0.734623887964387,0.92667702876664
1.23994547059889,-0.159283223297329,-0.756190303694158,0.915473526991475
1.24005387483129,-0.126328562485185,-0.776879788390589,0.903208350875768
1.2401622790637,-0.093227388347186,-0.796668330085143,0.889895718432319
1.2402706832961,-0.0600180800631391,-0.815532992946779,0.875551073009934
1.24037908752851,-0.026739162000071,-0.833451882530449,0.860191044530496
1.24048749176091,0.00657078044240293,-0.85040423106962,0.8438334506272
1.24059589599331,0.039873106874817,-0.866370362859462,0.82649725598461
1.2406635092043,0.0606240360358331,-0.875821433546046,0.815197397510182
1.24073112241528,0.0813474426813582,-0.884877270718182,0.80352982803684
1.24079873562627,0.102034069005003,-0.893533834386297,0.791499765381277
1.24086634883725,0.122674583473342,-0.901787212393104,0.77911262891972
1.240958508081,0.15071680786699,-0.912380655561453,0.76166384769448
1.24105066732474,0.178632779732851,-0.922209357620791,0.743576577887928
1.241110867226,0.196789043290779,-0.928212926755662,0.731423883464892
1.24117106712726,0.214874826928775,-0.933884465422688,0.719009638493933
1.24123126702853,0.232883718627463,-0.939221970208236,0.706338251580725
1.24129146692979,0.250809263818314,-0.944223519901602,0.693414256083258
1.24136396719211,0.272277598500647,-0.949798514602427,0.677520916101766
1.24143646745442,0.293604686528448,-0.954880784502864,0.661276097974422
1.24150896771674,0.314779476619256,-0.959467706729904,0.644688230110653
1.24158146797906,0.335790959337309,-0.963556887488443,0.627765928151131
1.24165396824138,0.35662825271865,-0.967146219266447,0.610517966547809
1.2417264685037,0.377280527321629,-0.970233827196447,0.592953299874787
1.24181463579244,0.402130600132255,-0.973310242394414,0.57117964226213
1.24190280308119,0.426672235916077,-0.975639968889531,0.548967732973434
1.24199097036993,0.450886583436261,-0.977221229514227,0.526334646077931
1.24207913765868,0.474755040738485,-0.978052798270435,0.503297757531951
1.24216730494743,0.498259299049173,-0.978134048371939,0.479874749322751
1.24225547223617,0.521381313863935,-0.977464905957016,0.456083592093064
1.24234363952492,0.544103354168845,-0.976045895284635,0.431942541115756
1.24243180681366,0.566407978627928,-0.973878094181525,0.407470115553615
1.24251997410241,0.588278084045822,-0.970963176129871,0.382685092084029
1.24262837833474,0.614547168706526,-0.966358543464509,0.35181137475795
1.24273678256707,0.640103718099379,-0.960633203808199,0.320529485708802
1.2428451867994,0.664918003182832,-0.953793806925814,0.288875803742948
1.24295359103172,0.688961234481067,-0.945848295701441,0.256887061220343
1.24306199526405,0.712205498679825,-0.936805880097123,0.224600381417289
1.24317039949638,0.734623849110724,-0.926677052240227,0.192053203129491
1.24327880372871,0.756190266448239,-0.915473552478129,0.159283286029867
1.24338720796104,0.776879752799642,-0.903208378351353,0.126328625551687
1.24349561219337,0.796668296194525,-0.889895747870492,0.0932274516759097
1.2436040164257,0.81553296079991,-0.875551104381936,0.0600181435819823
1.24371242065803,0.83345185216875,-0.860191077805399,0.026739225636661
1.24382082489036,0.85040420253244,-0.843833485771815,-0.0065707167606533
1.24392922912269,0.866370336184088,-0.82649729296353,-0.0398730432205859
1.24399684239741,0.87582141677905,-0.815197424781132,-0.0606239919979524
1.24406445567213,0.884877263123264,-0.803529844895655,-0.0813474182276398
1.24413206894685,0.893533835215345,-0.791499771138526,-0.102034064076832
1.24419968222156,0.901787220886858,-0.779112622901131,-0.122674597985736
1.24429184148225,0.912380665512089,-0.761663838051334,-0.150716827460764
1.24438400074294,0.922209368740829,-0.743576564396636,-0.178632804344207
1.2444442006129,0.928212934374043,-0.731423875988222,-0.196789058385845
1.24450440048286,0.933884469882764,-0.719009637307927,-0.214874832574872
1.24456460035283,0.9392219718566,-0.706338256954487,-0.232883714902117
1.24462480022279,0.944223519087791,-0.69341426827875,-0.250809250809041
1.24469730048755,0.949798514241241,-0.677520927954467,-0.272277586286787
1.2447698007523,0.954880784562602,-0.661276109456236,-0.29360467510635
1.24484230101706,0.95946770717842,-0.644688241194337,-0.314779465984094
1.24491480128182,0.963556888293225,-0.627765938810215,-0.335790949483072
1.24498730154658,0.967146220394809,-0.61051797675663,-0.356628243638218
1.24505980181134,0.970233828615236,-0.592953309608543,-0.377280519006721
1.24514796910522,0.973310244187995,-0.571179650844744,-0.40213059334328
1.2452361363991,0.9756399709714,-0.548967740349869,-0.426672230621541
1.24532430369298,0.977221231797391,-0.526334652196113,-0.450886579601308
1.24541247098686,0.978052800667743,-0.503297762342797,-0.474755038324969
1.24550063828074,0.978134050795955,-0.479874752780267,-0.498259298015703
1.24558880557462,0.977464908320308,-0.456083594154313,-0.521381314166001
1.24567697286851,0.97604589749989,-0.431942541741066,-0.544103355758859
1.24576514016239,0.973878096161752,-0.407470114706549,-0.566407981455211
1.24585330745627,0.970963177788288,-0.38268508973148,-0.588278088056806
1.2459617116886,0.966358544909898,-0.351811372323404,-0.614547172586517
1.24607011592094,0.960633205041682,-0.320529483199072,-0.640103721842624
1.24617852015327,0.95379380794864,-0.288875801164963,-0.664918006783702
1.2462869243856,0.945848296515207,-0.256887058581059,-0.688961237934142
1.24639532861794,0.936805880703577,-0.224600378723758,-0.71220550197981
1.24650373285027,0.926677052641363,-0.192053200388827,-0.734623852252545
1.2466121370826,0.915473552676243,-0.159283283249244,-0.756190269426968
1.24672054131494,0.903208378348914,-0.126328622738315,-0.776879755610595
1.24682894554727,0.889895747670219,-0.0932274488370586,-0.796668298833163
1.24693734977961,0.875551103986838,-0.0600181407249391,-0.815532963261902
1.24704575401194,0.86019107721865,-0.0267392227687115,-0.833451854449925
1.24715415824427,0.843833484996777,0.00657071963218165,-0.850404204628978
1.24726256247661,0.826497292003912,0.0398730460883208,-0.866370338092237
1.24733017575048,0.815197423852344,0.0606239945994797,-0.87582141845182
1.24739778902435,0.80352984400841,0.0813474205609196,-0.884877264569336
1.24746540229823,0.791499770303431,0.10203406614017,-0.893533836443589
1.2475330155721,0.779112622128578,0.122674599777776,-0.901787221906331
1.24762517486474,0.761663830998254,0.15071683893134,-0.912380669929604
1.24771733415737,0.743576550628173,0.178632825393521,-0.922209376021679
1.2477775340006,0.731423867319667,0.196789071296957,-0.928212938616616
1.24783773384382,0.719009633975611,0.214874837404372,-0.933884471379949
1.24789793368705,0.706338259188976,0.232883711715254,-0.939221970904206
1.24795813353028,0.693414276304499,0.250809239679674,-0.944223515984156
1.24803063379483,0.677520936152079,0.272277575145758,-0.949798511297827
1.24810313405939,0.661276117824652,0.29360466395848,-0.954880781783117
1.24817563432394,0.644688249732374,0.314779454834251,-0.95946770456662
1.2482481345885,0.627765947516573,0.335790938336179,-0.963556885852746
1.24832063485305,0.610517985629863,0.356628232499249,-0.967146218129127
1.24839313511761,0.592953318647085,0.377280507880712,-0.970233826527784
1.2484813024393,0.571179653082616,0.402130590099426,-0.973310243182026
1.24856946976099,0.548967735510706,0.426672235065252,-0.975639970575957
1.24865763708268,0.526334640019702,0.450886591520135,-0.977221231539812
1.24874580440438,0.503297742585595,0.47475505748896,-0.978052800074526
1.24883397172607,0.47987472521571,0.49825932417781,-0.978134049393477
1.24892213904776,0.456083558573162,0.521381347062347,-0.977464905635493
1.24901030636945,0.431942497951703,0.544103395109301,-0.976045893060996
1.24909847369115,0.407470062535411,0.566408026963601,-0.97387808949902
1.24918664101284,0.382685029023246,0.588278139411517,-0.970963168434719
1.24929504524525,0.351811310714028,0.6145472225247,-0.966358533238722
1.24940344947767,0.320529420762459,0.6401037703011,-0.960633191063519
1.24951185371008,0.288875737975798,0.664918053701049,-0.953793791676851
1.2496202579425,0.256886994715005,0.688961283250801,-0.945848277965813
1.24972866217492,0.22460031425723,0.712205545638011,-0.936805859895219
1.24983706640733,0.192053135399047,0.734623894196371,-0.926677029595355
1.24994547063975,0.159283217814029,0.756190309602461,-0.915473527416485
1.25005387487216,0.126328556936146,0.776879793965859,-0.903208350901967
1.25016227910458,0.0932273827468025,0.79666833531825,-0.889895718065037
1.25027068333699,0.0600180744259103,0.815532997829161,-0.875551072255056
1.25037908756941,0.0267391563405036,0.833451887053824,-0.860191043394315
1.25048749180182,-0.00657078610975102,0.85040423522619,-0.843833449116413
1.25059589603424,-0.0398731125353161,0.866370366641833,-0.826497254106502
1.2506635092436,-0.0606240411863788,0.875821436869093,-0.815197395682719
1.25073112245297,-0.0813474473178407,0.884877273598366,-0.803529826280512
1.25079873566234,-0.102034073123953,0.893533836840543,-0.791499763716571
1.2508663488717,-0.122674587071992,0.901787214438645,-0.779112627366663
1.25095850817937,-0.150716830829179,0.912380664405077,-0.761663833575872
1.25105066748703,-0.178632821858841,0.92220937219277,-0.743576550333888
1.25111086733478,-0.196789069128823,0.928212935246793,-0.731423866117952
1.25117106718253,-0.214874836592092,0.933884468419355,-0.71900963182723
1.25123126703029,-0.2328837122467,0.939221968302325,-0.706338256055617
1.25129146687804,-0.250809241541234,0.94422351369027,-0.693414272148997
1.25136396713996,-0.272277576204475,0.949798508712998,-0.677520932508479
1.25143646740189,-0.293604664222742,0.954880778942633,-0.661276114719847
1.25150896766381,-0.314779454313668,0.959467701506042,-0.644688247192339
1.25158146792574,-0.335790937041593,0.963556882607981,-0.627765945566359
1.25165396818767,-0.356628230442695,0.967146214736285,-0.610517984293558
1.25172646844959,-0.377280505075441,0.970233823023256,-0.592953317947796
1.25181463579397,-0.402130593653287,0.973310240384429,-0.571179646731111
1.25190280313835,-0.426672244815095,0.975639968100521,-0.548967723285403
1.25199097048273,-0.450886607288254,0.977221229000755,-0.52633462171246
1.2520791378271,-0.474755079083465,0.978052797085351,-0.503297718001855
1.25216730517148,-0.498259351392899,0.978134045567695,-0.479874694174805
1.25225547251586,-0.521381379678636,0.977464900587336,-0.456083520908704
1.25234363986024,-0.544103432894065,0.97604588640582,-0.431942453511728
1.25243180720462,-0.566408069671269,0.973878080853992,-0.407470011182698
1.252519974549,-0.588278186783835,0.970963157419417,-0.382684970635546
1.25262837878149,-0.614547268610397,0.966358520117633,-0.351811251507245
1.25273678301398,-0.640103815042712,0.96063317584633,-0.320529360803615
1.25284518724647,-0.664918097042836,0.953793774375639,-0.288875677332788
1.25295359147896,-0.688961325138527,0.945848258595116,-0.256886933456556
1.25306199571145,-0.712205586019158,0.936805838471943,-0.224600252452766
1.25317039994394,-0.734623933020098,0.926677006138862,-0.192053073118723
1.25327880417643,-0.756190346819781,0.915473501948382,-0.159283155128594
1.25338720840892,-0.776879829529505,0.903208323446307,-0.126328493916814
1.25349561264142,-0.796668369182955,0.889895688648271,-0.0932273194652909
1.25360401687391,-0.815533029951497,0.875551040905788,-0.0600180109542764
1.2537124211064,-0.833451917392474,0.860191010143538,-0.0267390927510588
1.25382082533889,-0.850404263741729,0.843833413997276,0.00657084974446132
1.25392922957138,-0.86637039329702,0.826497217154277,0.0398731761427191
1.25399684271706,-0.875821453623285,0.81519736843123,0.0606240851920418
1.25406445586274,-0.88487728118727,0.803529809433373,0.0813474717539264
1.25413206900842,-0.893533836011774,0.791499757962748,0.102034078049053
1.2541996821541,-0.901787205950876,0.779112633379862,0.122674572571028
1.25429184144483,-0.912380654461822,0.761663843210197,0.150716811251668
1.25438400073557,-0.922209361081356,0.743576563812781,0.178632797268566
1.2544442006146,-0.92821292763424,0.731423873586974,0.196789054047289
1.25450440049362,-0.933884463962554,0.719009633010533,0.214874830952009
1.25456460037265,-0.939221966655023,0.706338250684386,0.232883715970635
1.25462480025168,-0.944223514503108,0.693414259961421,0.250809254541717
1.25469730051117,-0.949798509073857,0.67752092066246,0.272277588411447
1.25476980077066,-0.954880778883166,0.661276103243341,0.293604675639882
1.25484230103015,-0.959467701058268,0.644688236112486,0.314779464945784
1.25491480128965,-0.963556881804283,0.627765934909613,0.335790946894684
1.25498730154914,-0.967146213609386,0.610517974085592,0.356628239523825
1.25505980180863,-0.970233821606152,0.592953308213316,0.377280513392852
1.25514796914788,-0.973310238592549,0.571179638146959,0.402130600445588
1.25523613648712,-0.975639966020341,0.548967715906569,0.426672250113764
1.25532430382637,-0.977221226719115,0.52633461559103,0.450886611128076
1.25541247116561,-0.978052794689448,0.503297713186832,0.474755081502606
1.25550063850486,-0.978134043144938,0.479874690712276,0.498259352432654
1.2555888058441,-0.97746489822497,0.4560835188415,0.521381379383498
1.25567697318335,-0.976045884191204,0.431942452879567,0.544103431311637
1.25576514052259,-0.97387807887413,0.407470012021962,0.566408066852135
1.25585330786184,-0.97096315576093,0.382684972979362,0.588278182781558
1.25596171209432,-0.966358518671828,0.351811253933351,0.614547264738473
1.25607011632681,-0.960633174612166,0.320529363305221,0.64010381130695
1.25617852055929,-0.953793773351901,0.288875679903034,0.664918093448892
1.25628692479178,-0.94584825778025,0.256886936088426,0.688961321691802
1.25639532902426,-0.936805837864222,0.224600255139262,0.712205582724955
1.25650373325675,-0.926677005736254,0.192053075852737,0.734623929883517
1.25661213748923,-0.91547350174875,0.159283157902992,0.756190343845744
1.25672054172172,-0.903208323447123,0.126328496724402,0.776879826722731
1.25682894595421,-0.889895688846856,0.0932273222987989,0.796668366548059
1.25693735018669,-0.875551041299224,0.0600180138064419,0.815533027492759
1.25704575441918,-0.860191010728663,0.0267390956145784,0.833451915114049
1.25715415865166,-0.843833414770672,-0.00657084687692134,0.850404261647573
1.25726256288415,-0.826497218112395,-0.0398731732784714,0.866370391390861
1.25733017603067,-0.815197369358811,-0.0606240825932276,0.875821451952042
1.25739778917719,-0.803529810319766,-0.0813474694226021,0.884877279742365
1.25746540232372,-0.791499758797376,-0.102034075986884,0.893533834784268
1.25753301547024,-0.77911263415242,-0.122674570779381,0.901787204931799
1.25762517472904,-0.76166385026122,-0.150716799784611,0.91238065004582
1.25771733398783,-0.743576577576989,-0.178632776225853,0.922209353802858
1.25777753389359,-0.731423882252731,-0.196789041140414,0.928212923393148
1.25783773379934,-0.719009636341603,-0.214874826124389,0.933884462465999
1.2578979337051,-0.706338248450285,-0.232883719157037,0.939221967607307
1.25795813361085,-0.693414251937699,-0.25080926566834,0.944223517606024
1.25803063387056,-0.677520912464601,-0.272277599552732,0.94979851201732
1.25810313413026,-0.661276094872349,-0.293604686790933,0.954880781663256
1.25817563438997,-0.644688227569501,-0.314779476101718,0.959467703671222
1.25824813464968,-0.627765926195777,-0.335790958050528,0.963556884246272
1.25832063490938,-0.610517965202238,-0.356628250674559,0.967146215876826
1.25839313516909,-0.592953299161976,-0.377280524533398,0.970233823695343
1.25848130248055,-0.571179635889156,-0.40213060371143,0.973310239600582
1.25856946979201,-0.548967720718501,-0.426672245699269,0.975639966417772
1.25865763710347,-0.52633462773256,-0.450886599245515,0.977221226978087
1.25874580441493,-0.503297732901382,-0.474755062381622,0.978052795283001
1.25883397172639,-0.479874718226159,-0.498259326320099,0.978134044546252
1.25892213903785,-0.456083554363776,-0.521381346542917,0.977464900906654
1.25901030634932,-0.431942496601639,-0.544103392022912,0.976045888624521
1.25909847366078,-0.40747006411727,-0.566408021411107,0.973878085528378
1.25918664097224,-0.382685033603103,-0.588278131499558,0.970963165102644
1.25929504520464,-0.351811315456858,-0.614547214871153,0.966358530328029
1.25940344943705,-0.320529425654712,-0.640103762917448,0.960633188572134
1.25951185366945,-0.288875743003877,-0.664918046598422,0.953793789602281
1.25962025790186,-0.256886999865116,-0.688961276439987,0.945848276305069
1.25972866213426,-0.224600319515466,-0.712205539129431,0.936805858644862
1.25983706636666,-0.192053140751342,-0.734623888000106,0.926677028751469
1.25994547059907,-0.159283223246238,-0.756190303728373,0.915473526974573
1.26005387483147,-0.126328562433952,-0.776879788423216,0.903208350857153
1.26016227906388,-0.0932273882958905,-0.79666833011616,0.88989571841203
1.26027068329628,-0.0600180800118254,-0.815532992976137,0.875551072987985
1.26037908752868,-0.0267391619488156,-0.833451882558165,0.860191044506977
1.26048749176109,0.00657078049356115,-0.85040423109565,0.843833450602056
1.26059589599349,0.0398731069257877,-0.866370362883788,0.826497255957997
1.26066350920443,0.0606240360712797,-0.87582143356242,0.815197397491146
1.26073112241536,0.0813474427013232,-0.884877270727215,0.803529828025878
1.2607987356263,0.102034069009514,-0.893533834388559,0.791499765379051
1.26086634883723,0.122674583462477,-0.901787212389216,0.779112628926706
1.260958508081,0.150716807864746,-0.912380655560859,0.761663847696104
1.26105066732478,0.178632779739193,-0.922209357623071,0.743576577883856
1.26111086722603,0.196789043294695,-0.928212926756973,0.731423883462276
1.26117106712728,0.214874826930256,-0.933884465423161,0.719009638492885
1.26123126702854,0.232883718626555,-0.939221970207876,0.706338251581332
1.26129146692979,0.250809263815032,-0.944223519900565,0.693414256085516
1.26136396719212,0.272277598501132,-0.949798514602343,0.677520916101208
1.26143646745445,0.293604686532666,-0.954880784503538,0.661276097970869
1.26150896771678,0.314779476627136,-0.95946770673115,0.644688230103983
1.26158146797912,0.335790959348803,-0.963556887490109,0.627765928141266
1.26165396824145,0.356628252733696,-0.96714621926832,0.610517966534599
1.26172646850378,0.377280527340151,-0.970233827198318,0.592953299858179
1.26181463579257,0.402130600164004,-0.973310242397118,0.571179642233079
1.26190280308137,0.426672235960705,-0.97563996889222,0.548967732931501
1.26199097037016,0.450886583493356,-0.977221229516074,0.526334646022682
1.26207913765895,0.474755040807623,-0.97805279827067,0.50329775746301
1.26216730494775,0.498259299129889,-0.97813404836968,0.479874749239756
1.26225547223654,0.521381313955753,-0.977464905951412,0.456083591995674
1.26234363952533,0.54410335427125,-0.976045895274937,0.431942541003651
1.26243180681413,0.566407978740395,-0.973878094166938,0.407470115426523
1.26251997410292,0.588278084167791,-0.970963176109523,0.382685091941714
1.26262837833525,0.614547168824987,-0.966358543438867,0.35181137461386
1.26273678256758,0.640103718214194,-0.960633203777324,0.320529485563116
1.26284518679991,0.664918003293893,-0.953793806889766,0.288875803595862
1.26295359103223,0.688961234588235,-0.945848295660298,0.256887061072045
1.26306199526456,0.712205498782957,-0.936805880050923,0.224600381267928
1.26317039949689,0.734623849209766,-0.926677052189089,0.192053202979286
1.26327880372922,0.756190266543063,-0.915473552422085,0.159283285878961
1.26338720796155,0.776879752890153,-0.903208378290506,0.126328625400288
1.26349561219388,0.7966682962806,-0.889895747804858,0.0932274515241913
1.26360401642621,0.815532960881494,-0.875551104311622,0.0600181434301186
1.26371242065853,0.833451852245743,-0.860191077730556,0.0267392254848178
1.26382082489086,0.850404202604776,-0.843833485692471,-0.00657071691229772
1.26392922912319,0.866370336251685,-0.826497292879873,-0.0398730433718194
1.26399684239776,0.875821416823257,-0.815197424720125,-0.0606239921031789
1.26406445567233,0.88487726314585,-0.803529844858925,-0.0813474182869421
1.2641320689469,0.893533835218037,-0.791499771127706,-0.102034064090346
1.26419968222147,0.901787220871436,-0.779112622917788,-0.122674597953644
1.26429184148215,0.912380665497227,-0.761663838069171,-0.150716827428058
1.26438400074284,0.922209368726498,-0.743576564415551,-0.17863280431095
1.26444420061284,0.92821293436444,-0.731423875998875,-0.196789058365586
1.26450440048285,0.933884469877399,-0.719009637309895,-0.214874832567515
1.26456460035285,0.939221971854993,-0.706338256947443,-0.232883714907588
1.26462480022286,0.944223519089476,-0.693414268262308,-0.250809250827205
1.2646973004876,0.949798514241171,-0.677520927941579,-0.272277586299611
1.26476980075234,0.954880784560968,-0.661276109447141,-0.293604675113849
1.26484230101708,0.959467707175488,-0.644688241189138,-0.314779465986359
1.26491480128182,0.963556888289281,-0.627765938809119,-0.335790949480184
1.26498730154656,0.967146220390064,-0.61051797675979,-0.356628243630226
1.2650598018113,0.970233828609885,-0.592953309616153,-0.377280518993764
1.2651479691052,0.973310244183586,-0.571179650847209,-0.402130593336457
1.26523613639911,0.975639970967562,-0.548967740346907,-0.426672230620682
1.26532430369301,0.977221231793856,-0.526334652187555,-0.450886579606279
1.26541247098691,0.978052800664056,-0.5032977623285,-0.474755038335572
1.26550063828081,0.97813405079177,-0.479874752759993,-0.498259298031801
1.26558880557472,0.977464908315235,-0.4560835941279,-0.521381314187348
1.26567697286862,0.976045897493628,-0.431942541708371,-0.544103355785254
1.26576514016252,0.973878096153855,-0.40747011466743,-0.566407981486445
1.26585330745643,0.970963177778438,-0.382685089685796,-0.588278088092653
1.26596171168876,0.966358544898338,-0.351811372276619,-0.614547172621738
1.2660701159211,0.960633205028402,-0.32052948315126,-0.640103721877122
1.26617852015343,0.953793807933615,-0.288875801116167,-0.66491800681743
1.26628692438577,0.945848296498404,-0.256887058531346,-0.688961237967048
1.2663953286181,0.936805880684952,-0.224600378673131,-0.71220550201182
1.26650373285044,0.926677052620994,-0.192053200337382,-0.734623852283609
1.26661213708277,0.915473552654029,-0.159283283196995,-0.756190269457057
1.26672054131511,0.903208378324898,-0.126328622685352,-0.776879755639577
1.26682894554744,0.889895747644389,-0.0932274487834122,-0.796668298860953
1.26693734977978,0.875551103959132,-0.0600181406706668,-0.815532963288509
1.26704575401211,0.860191077189132,-0.026739222713871,-0.833451854475262
1.26715415824445,0.843833484965408,0.00657071968751544,-0.850404204652946
1.26726256247678,0.826497291970706,0.0398730461441038,-0.866370338114824
1.2673301757506,0.815197423827755,0.060623994637883,-0.875821418465657
1.26739778902442,0.80352984399308,0.0813474205819792,-0.88487726457504
1.26746540229823,0.791499770297954,0.102034066143931,-0.89353383644188
1.26753301557205,0.779112622133498,0.122674599764334,-0.901787221897851
1.26762517486468,0.76166383100598,0.150716838914139,-0.91238066992011
1.2677173341573,0.74357655063881,0.178632825372609,-0.922209376011408
1.26777753400055,0.731423867325606,0.196789071283491,-0.928212938609132
1.2678377338438,0.71900963397671,0.214874837398278,-0.93388447137497
1.26789793368705,0.70633825918494,0.2328837117165,-0.939221970901424
1.2679581335303,0.69341427629519,0.250809239688168,-0.944223515983362
1.26803063379485,0.677520936143605,0.272277575152953,-0.949798511296576
1.2681031340594,0.661276117817066,0.293604663964363,-0.954880781781425
1.26817563432395,0.644688249725747,0.31477945483882,-0.959467704564536
1.2682481345885,0.627765947510916,0.335790938339478,-0.963556885850392
1.26832063485305,0.610517985625221,0.356628232501258,-0.967146218126501
1.2683931351176,0.592953318643504,0.377280507881494,-0.970233826525012
1.26848130243929,0.571179653079836,0.4021305900993,-0.97331024317916
1.26856946976098,0.548967735508797,0.426672235064271,-0.975639970573029
1.26865763708267,0.526334640018638,0.450886591518319,-0.977221231536952
1.26874580440436,0.503297742585443,0.474755057486308,-0.97805280007173
1.26883397172605,0.479874725216422,0.498259324174388,-0.97813404939079
1.26892213904774,0.456083558574813,0.521381347058167,-0.977464905632995
1.26901030636943,0.431942497954296,0.544103395104426,-0.976045893058737
1.26909847369112,0.407470062538987,0.566408026958069,-0.973878089497039
1.26918664101281,0.382685029027783,0.588278139405337,-0.970963168433078
1.26929504524522,0.35181131071861,0.614547222518794,-0.966358533237403
1.26940344947764,0.320529420767026,0.640103770295446,-0.960633191062458
1.26951185371006,0.288875737980369,0.664918053695731,-0.953793791676103
1.26962025794247,0.256886994719584,0.688961283245726,-0.945848277965316
1.26972866217489,0.224600314261814,0.712205545633211,-0.936805859895017
1.2698370664073,0.19205313540362,0.734623894191825,-0.926677029595436
1.26994547063972,0.159283217818587,0.756190309598208,-0.915473527416805
1.27005387487213,0.126328556940656,0.776879793961857,-0.903208350902527
1.27016227910455,0.0932273827512691,0.796668335314572,-0.889895718065836
1.27027068333696,0.0600180744303107,0.81553299782575,-0.875551072256037
1.27037908756938,0.0267391563448537,0.833451887050694,-0.86019104339557
1.2704874918018,-0.00657078610545172,0.850404235223346,-0.843833449117917
1.27059589603421,-0.0398731125311183,0.866370366639251,-0.826497254108135
1.27066350924358,-0.060624041182608,0.875821436866905,-0.815197395684247
1.27073112245295,-0.0813474473144811,0.884877273596504,-0.803529826282002
1.27079873566231,-0.102034073120989,0.89353383683897,-0.791499763717976
1.27086634887168,-0.122674587069465,0.901787214437367,-0.779112627367907
1.27095850817932,-0.150716830818841,0.912380664401062,-0.761663833582257
1.27105066748696,-0.178632821840771,0.922209372186517,-0.743576550345746
1.27111086733473,-0.196789069117796,0.928212935243236,-0.731423866125403
1.27117106718251,-0.214874836588071,0.933884468418139,-0.719009631830063
1.27123126703028,-0.232883712249615,0.939221968303301,-0.706338256053657
1.27129146687806,-0.250809241551013,0.944223513693078,-0.693414272142063
1.27136396713997,-0.272277576211215,0.949798508714891,-0.677520932503657
1.27143646740189,-0.29360466422651,0.95488077894379,-0.66127611471728
1.2715089676638,-0.314779454314535,0.959467701506617,-0.644688247192077
1.27158146792572,-0.335790937039599,0.963556882608101,-0.627765945568501
1.27165396818764,-0.356628230437882,0.967146214736089,-0.610517984298181
1.27172646844955,-0.377280505067858,0.970233823022906,-0.592953317955028
1.27181463579389,-0.402130593634865,0.973310240383221,-0.57117964674834
1.27190280313823,-0.426672244786106,0.97563996809914,-0.548967723312991
1.27199097048257,-0.450886607249005,0.977221228999808,-0.52633462175079
1.27207913782691,-0.474755079034311,0.978052797085543,-0.503297718051236
1.27216730517125,-0.498259351334179,0.978134045569751,-0.479874694235533
1.27225547251558,-0.521381379610776,0.977464900591852,-0.456083520981057
1.27234363985992,-0.544103432817443,0.976045886413475,-0.431942453596012
1.27243180720426,-0.566408069586338,0.973878080865462,-0.407470011279116
1.2725199745486,-0.588278186691047,0.970963157435314,-0.382684970744287
1.27262837878109,-0.614547268520454,0.966358520137604,-0.351811251617107
1.27273678301359,-0.640103814955792,0.960633175870267,-0.320529360914467
1.27284518724608,-0.664918096958993,0.953793774403488,-0.288875677444469
1.27295359147857,-0.688961325057812,0.945848258626714,-0.256886933568914
1.27306199571106,-0.712205585941677,0.936805838507346,-0.224600252565648
1.27317039994356,-0.734623932945939,0.926677006177957,-0.19205307323201
1.27327880417605,-0.756190346748957,0.915473501991136,-0.159283155242151
1.27338720840854,-0.776879829462091,0.903208323492602,-0.126328494030496
1.27349561264103,-0.796668369119061,0.889895688698018,-0.0932273195789432
1.27360401687353,-0.815533029891151,0.875551040958918,-0.060018011067761
1.27371242110602,-0.833451917335704,0.860191010199962,-0.0267390928642573
1.27382082533851,-0.850404263688588,0.843833414056889,0.00657084963170251
1.273929229571,-0.866370393247546,0.826497217216999,0.039873176030533
1.27399684271679,-0.875821453590869,0.81519736847754,0.0606240851133338
1.27406445586258,-0.884877281170721,0.803529809462051,0.0813474717086758
1.27413206900837,-0.893533836009673,0.791499757972619,0.102034078037109
1.27419968215416,-0.901787205962049,0.779112633369796,0.122674572592275
1.27429184144487,-0.912380654470125,0.761663843203821,0.150716811266343
1.27438400073559,-0.922209361087106,0.743576563810434,0.178632797276697
1.2744442006146,-0.928212927638681,0.731423873587084,0.19678905405164
1.27450440049362,-0.933884463965845,0.719009633013255,0.214874830952609
1.27456460037263,-0.939221966657251,0.706338250689764,0.232883715967492
1.27462480025164,-0.944223514504471,0.693414259969576,0.250809254534903
1.27469730051115,-0.949798509076309,0.67752092066816,0.272277588408128
1.27476980077065,-0.9548807788865,0.661276103246527,0.293604675639983
1.27484230103016,-0.959467701062398,0.644688236113136,0.31477946494927
1.27491480128966,-0.96355688180894,0.6277659349075,0.335790946901497
1.27498730154917,-0.967146213614484,0.610517974080572,0.356628239533917
1.27505980180867,-0.970233821611522,0.592953308205385,0.377280513406145
1.2751479691479,-0.973310238596998,0.571179638143782,0.402130600453233
1.27523613648712,-0.975639966024198,0.548967715908339,0.426672250115876
1.27532430382635,-0.977221226722721,0.526334615597924,0.450886611124831
1.27541247116557,-0.978052794693148,0.503297713199053,0.474755081494127
1.2755006385048,-0.978134043149073,0.479874690729945,0.49825935241913
1.27558880584402,-0.977464898229888,0.456083518864769,0.521381379365114
1.27567697318325,-0.976045884197172,0.431942452908587,0.544103431288591
1.27576514052247,-0.973878078881563,0.407470012056907,0.566408066824637
1.2758533078617,-0.970963155770102,0.382684973020291,0.588278182749816
1.27596171209418,-0.966358518682377,0.351811253974466,0.614547264707931
1.27607011632667,-0.960633174624077,0.320529363346442,0.640103811277647
1.27617852055916,-0.953793773365139,0.288875679944304,0.664918093420867
1.27628692479164,-0.945848257794752,0.256886936129709,0.688961321665028
1.27639532902413,-0.936805837879979,0.22460025518051,0.712205582699474
1.27650373325662,-0.926677005753236,0.192053075893922,0.734623929859317
1.2766121374891,-0.915473501766905,0.159283157944001,0.756190343822874
1.27672054172159,-0.903208323466391,0.126328496765191,0.776879826701198
1.27682894595408,-0.889895688867178,0.0932273223393428,0.796668366527842
1.27693735018656,-0.875551041320597,0.0600180138466876,0.815533027473892
1.27704575441905,-0.860191010750973,0.0267390956544908,0.833451915096497
1.27715415865154,-0.843833414793988,-0.00657084683741853,0.850404261631392
1.27726256288402,-0.826497218136594,-0.0398731732394155,0.866370391376034
1.27733017603058,-0.815197369377605,-0.060624082565199,0.875821451942803
1.27739778917714,-0.803529810332783,-0.0813474694055685,0.884877279738331
1.2774654023237,-0.791499758804183,-0.102034075980862,0.893533834785037
1.27753301547026,-0.77911263415266,-0.122674570784272,0.901787204936917
1.27762517472906,-0.761663850259994,-0.150716799791543,0.912380650051559
1.27771733398786,-0.743576577574246,-0.178632776234786,0.922209353809031
1.27777753389361,-0.731423882252302,-0.196789041145695,0.928212923397992
1.27783773379935,-0.719009636343566,-0.214874826126063,0.933884462469648
1.27789793370509,-0.706338248454752,-0.232883719155105,0.939221967609829
1.27795813361084,-0.69341425194477,-0.250809265662845,0.944223517607606
1.27803063387054,-0.677520912472139,-0.272277599546763,0.949798512018874
1.27810313413024,-0.661276094880348,-0.293604686784497,0.954880781664851
1.27817563438995,-0.644688227578007,-0.314779476094821,0.959467703672802
1.27824813464965,-0.62776592620478,-0.335790958043174,0.963556884247933
1.27832063490936,-0.610517965211728,-0.356628250666773,0.967146215878479
1.27839313516906,-0.592953299172017,-0.377280524525154,0.970233823697139
1.27848130248052,-0.571179635899729,-0.402130603702831,0.973310239602532
1.27856946979198,-0.548967720729593,-0.426672245690325,0.975639966419904
1.27865763710344,-0.526334627744189,-0.450886599236247,0.977221226980438
1.2787458044149,-0.503297732913585,-0.474755062372029,0.978052795285588
1.27883397172636,-0.479874718238902,-0.498259326310206,0.978134044549122
1.27892213903782,-0.456083554377095,-0.521381346532762,0.977464900909842
1.27901030634928,-0.431942496615523,-0.544103392012526,0.976045888628034
1.27909847366074,-0.407470064131738,-0.566408021400486,0.973878085532199
1.2791866409722,-0.382685033618126,-0.58827813148872,0.970963165106814
1.2792950452046,-0.351811315472072,-0.614547214860558,0.96635853033261
1.27940344943701,-0.320529425670138,-0.640103762907029,0.96063318857717
1.27951185366941,-0.288875743019485,-0.664918046588285,0.953793789607736
1.27962025790182,-0.256886999880921,-0.688961276430031,0.94584827631098
1.27972866213422,-0.224600319531422,-0.712205539119779,0.936805858651171
1.27983706636662,-0.192053140767457,-0.734623887990748,0.926677028758217
1.27994547059903,-0.159283223262487,-0.756190303719267,0.915473526981772
1.28005387483143,-0.126328562450351,-0.77687978841442,0.903208350864722
1.28016227906384,-0.0932273883123775,-0.796668330107663,0.889895718420021
1.28027068329624,-0.0600180800284311,-0.815532992968005,0.875551072996453
1.28037908752864,-0.0267391619655026,-0.833451882550296,0.860191044515811
1.28048749176105,0.0065707804767926,-0.850404231088162,0.843833450611342
1.28059589599345,0.0398731069089852,-0.866370362876653,0.826497255967667
1.2806635092044,0.060624036060127,-0.875821433558036,0.815197397497898
1.28073112241536,0.081347442695825,-0.88487727072537,0.80352982802954
1.28079873562631,0.102034069009657,-0.893533834389056,0.791499765379399
1.28086634883726,0.122674583468224,-0.901787212391781,0.779112628923558
1.28095850808107,0.150716807880903,-0.912380655567046,0.761663847686128
1.28105066732488,0.178632779765634,-0.922209357632215,0.743576577866544
1.2811108672261,0.196789043311366,-0.928212926762468,0.731423883451083
1.28117106712732,0.214874826937251,-0.933884465425322,0.719009638488068
1.28123126702854,0.232883718623949,-0.939221970207112,0.706338251583133
1.28129146692976,0.250809263802888,-0.944223519897176,0.693414256094258
1.28136396719208,0.272277598486262,-0.949798514598462,0.677520916112145
1.28143646745441,0.293604686515067,-0.954880784499245,0.661276097984159
1.28150896771673,0.314779476606888,-0.959467706726594,0.6446882301197
1.28158146797905,0.335790959325924,-0.963556887485385,0.627765928159453
1.28165396824137,0.35662825270823,-0.967146219263673,0.6105179665554
1.28172646850369,0.377280527312178,-0.970233827193866,0.592953299881624
1.28181463579251,0.402130600142075,-0.973310242393941,0.571179642251841
1.28190280308132,0.426672235944674,-0.975639968890077,0.548967732945378
1.28199097037014,0.450886583483048,-0.977221229514571,0.526334646031506
1.28207913765895,0.4747550408029,-0.978052798269446,0.503297757466523
1.28216730494776,0.498259299130613,-0.97813404836843,0.47987474923781
1.28225547223658,0.521381313961696,-0.977464905949822,0.456083591988084
1.28234363952539,0.544103354282281,-0.97604589527255,0.431942540990255
1.28243180681421,0.566407978756259,-0.973878094163482,0.407470115407221
1.28251997410302,0.588278084188288,-0.970963176104674,0.382685091916369
1.28262837833535,0.61454716884499,-0.966358543432945,0.35181137458794
1.28273678256768,0.640103718233647,-0.960633203770342,0.320529485536657
1.28284518680001,0.664918003312784,-0.953793806881673,0.288875803568889
1.28295359103234,0.688961234606538,-0.94584829565111,0.256887061044574
1.28306199526467,0.712205498800649,-0.9368058800407,0.224600381240022
1.28317039949699,0.734623849226766,-0.926677052177761,0.192053202950953
1.28327880372932,0.756190266559378,-0.915473552409605,0.159283285850239
1.28338720796165,0.776879752905718,-0.903208378276967,0.126328625371211
1.28349561219398,0.796668296295395,-0.889895747790238,0.0932274514947929
1.28360401642631,0.815532960895513,-0.875551104295937,0.0600181434004213
1.28371242065864,0.833451852258905,-0.860191077713807,0.0267392254548959
1.28382082489097,0.850404202617059,-0.843833485674667,-0.00657071694243751
1.2839292291233,0.866370336263106,-0.826497292860982,-0.0398730434021459
1.28399684239784,0.875821416829742,-0.815197424705939,-0.0606239921238165
1.28406445567237,0.884877263147748,-0.80352984484986,-0.0813474182978876
1.28413206894691,0.893533835215745,-0.791499771124121,-0.102034064091628
1.28419968222145,0.901787220865293,-0.779112622919987,-0.122674597945313
1.28429184148216,0.912380665494057,-0.761663838066588,-0.150716827427502
1.28438400074287,0.922209368725916,-0.74357656440783,-0.178632804318093
1.28444420061287,0.928212934362766,-0.731423875992963,-0.196789058369796
1.28450440048286,0.93388446987469,-0.719009637305917,-0.214874832568777
1.28456460035286,0.939221971851364,-0.706338256945462,-0.23288371490592
1.28462480022285,0.944223519085076,-0.693414268262472,-0.250809250822639
1.28469730048762,0.949798514238991,-0.67752092793502,-0.272277586304014
1.28476980075239,0.954880784560678,-0.661276109433554,-0.293604675127124
1.28484230101716,0.959467707176652,-0.644688241168308,-0.314779466008365
1.28491480128193,0.963556888291477,-0.627765938780732,-0.335790949510741
1.28498730154671,0.967146220392833,-0.610517976723595,-0.356628243669212
1.28505980181148,0.97023382861286,-0.592953309571874,-0.377280519040988
1.28514796910544,0.973310244186865,-0.571179650787321,-0.402130593399572
1.2852361363994,0.975639970970163,-0.548967740270941,-0.426672230699241
1.28532430369336,0.977221231794735,-0.526334652094971,-0.450886579699773
1.28541247098732,0.978052800662237,-0.503297762218795,-0.47475503844348
1.28550063828129,0.978134050786294,-0.47987475263274,-0.498259298153534
1.28558880557525,0.977464908305034,-0.456083593982768,-0.521381314322316
1.28567697286921,0.976045897477727,-0.431942541544929,-0.544103355932783
1.28576514016317,0.973878096131267,-0.407470114485411,-0.566407981645873
1.28585330745713,0.970963177748179,-0.382685089484915,-0.588278088263307
1.28596171168947,0.966358544860757,-0.351811372072756,-0.614547172788002
1.2860701159218,0.960633204983446,-0.320529482944646,-0.64010372203881
1.28617852015414,0.95379380788136,-0.288875800906999,-0.664918006974384
1.28628692438648,0.94584829643886,-0.256887058319854,-0.68896123811903
1.28639532861881,0.936805880618216,-0.224600378459585,-0.712205502158655
1.28650373285115,0.926677052547088,-0.192053200121988,-0.734623852425086
1.28661213708349,0.915473552573005,-0.159283282980018,-0.756190269592997
1.28672054131582,0.903208378236871,-0.126328622467021,-0.776879755769865
1.28682894554816,0.889895747549362,-0.0932274485639782,-0.796668298985414
1.28693734978049,0.87555110385726,-0.0600181404503822,-0.815532963406904
1.28704575401283,0.860191077080515,-0.0267392224929968,-0.833451854587558
1.28715415824517,0.843833484850137,0.00657071990871323,-0.850404204758882
1.2872625624775,0.826497291848908,0.0398730463653777,-0.866370338214276
1.2873301757511,0.815197423739029,0.0606239947921108,-0.875821418531163
1.2873977890247,0.803529843939787,0.0813474206692823,-0.884877264609073
1.2874654022983,0.7914997702825,0.102034066164492,-0.893533836446987
1.2875330155719,0.779112622158197,0.122674599718438,-0.901787221876631
1.28762517486448,0.761663831039245,0.150716838856617,-0.912380669895871
1.28771733415707,0.743576550681185,0.178632825303612,-0.922209375984797
1.28777753400041,0.73142386735084,0.196789071241543,-0.928212938592394
1.28783773384375,0.719009633983987,0.214874837383196,-0.933884471367202
1.28789793368709,0.70633825917351,0.232883711728048,-0.939221970901595
1.28795813353043,0.693414276264358,0.250809239726092,-0.94422351599046
1.28803063379497,0.677520936113839,0.272277575188405,-0.949798511302202
1.28810313405951,0.661276117788462,0.293604663997381,-0.954880781785798
1.28817563432405,0.644688249698369,0.314779454869379,-0.959467704567766
1.2882481345886,0.627765947484862,0.33579093836761,-0.963556885852441
1.28832063485314,0.610517985600587,0.356628232527005,-0.967146218127551
1.28839313511768,0.592953318620363,0.377280507904821,-0.970233826525173
1.28848130243937,0.571179653057258,0.402130590121364,-0.973310243178574
1.28856946976105,0.548967735486695,0.426672235085009,-0.975639970571714
1.28865763708274,0.526334639997216,0.450886591537776,-0.977221231534987
1.28874580440443,0.503297742564669,0.474755057504518,-0.978052800069182
1.28883397172611,0.479874725196414,0.498259324191323,-0.978134049387736
1.2889221390478,0.456083558555546,0.521381347073901,-0.977464905629459
1.28901030636948,0.431942497935886,0.544103395118915,-0.976045893054806
1.28909847369117,0.407470062521414,0.566408026971353,-0.973878089492752
1.28918664101285,0.382685029011123,0.588278139417453,-0.970963168428561
1.28929504524527,0.351811310701822,0.614547222530585,-0.966358533232409
1.28940344947768,0.320529420750141,0.640103770306906,-0.96063319105703
1.2895118537101,0.288875737963408,0.664918053706832,-0.953793791670228
1.28962025794252,0.256886994702541,0.68896128325648,-0.945848277959019
1.28972866217493,0.224600314244702,0.712205545643612,-0.936805859888285
1.28983706640735,0.192053135386481,0.734623894201829,-0.926677029588297
1.28994547063976,0.159283217801421,0.756190309607848,-0.915473527409252
1.29005387487218,0.126328556923485,0.776879793971072,-0.903208350894557
1.29016227910459,0.0932273827341012,0.796668335323395,-0.88989571805749
1.29027068333701,0.0600180744131778,0.815532997834177,-0.875551072247331
1.29037908756942,0.0267391563277806,0.833451887058725,-0.860191043386497
1.29048749180184,-0.00657078612246819,0.850404235230971,-0.843833449108486
1.29059589603425,-0.0398731125480715,0.866370366646454,-0.826497254098367
1.2906635092436,-0.060624041193504,0.875821436871168,-0.815197395677622
1.29073112245295,-0.0813474473193743,0.884877273598021,-0.803529826278641
1.2907987356623,-0.102034073119909,0.893533836838045,-0.79149976371811
1.29086634887165,-0.122674587062404,0.901787214434212,-0.779112627371808
1.29095850817922,-0.150716830793096,0.912380664391413,-0.761663833598262
1.2910506674868,-0.178632821796552,0.922209372171348,-0.743576550374749
1.29111086733463,-0.196789069090613,0.928212935234297,-0.731423866143684
1.29117106718246,-0.214874836577798,0.933884468414989,-0.719009631837129
1.29123126703029,-0.2328837122561,0.939221968305163,-0.706338256049019
1.29129146687812,-0.250809241574139,0.944223513699414,-0.693414272125259
1.29136396714004,-0.272277576236409,0.949798508721381,-0.677520932484923
1.29143646740197,-0.293604664253725,0.95488077895023,-0.661276114696511
1.29150896766389,-0.314779454343717,0.959467701512997,-0.644688247169256
1.29158146792581,-0.335790937070708,0.963556882614271,-0.627765945543541
1.29165396818774,-0.356628230470884,0.967146214741965,-0.610517984271028
1.29172646844966,-0.37728050510267,0.970233823028329,-0.592953317925649
1.29181463579398,-0.402130593665427,0.973310240387325,-0.571179646721869
1.29190280313831,-0.426672244812487,0.975639968102105,-0.548967723289572
1.29199097048264,-0.450886607271317,0.977221229001912,-0.526334621730578
1.29207913782696,-0.474755079052648,0.978052797087003,-0.503297718034333
1.29216730517129,-0.498259351348646,0.97813404557079,-0.479874694222128
1.29225547251561,-0.521381379621459,0.977464900592694,-0.456083520971219
1.29234363985994,-0.544103432824501,0.976045886414372,-0.431942453589873
1.29243180720426,-0.566408069589869,0.973878080866649,-0.407470011276767
1.29251997454859,-0.588278186691182,0.970963157437061,-0.382684970745857
1.29262837878108,-0.614547268520547,0.966358520139522,-0.351811251618928
1.29273678301357,-0.640103814955815,0.960633175872379,-0.320529360916507
1.29284518724606,-0.66491809695902,0.953793774405788,-0.288875677446776
1.29295359147855,-0.688961325057803,0.945848258629322,-0.256886933571458
1.29306199571105,-0.71220558594168,0.936805838510164,-0.22460025256847
1.29317039994354,-0.734623932945946,0.926677006181046,-0.192053073235076
1.29327880417603,-0.756190346749024,0.915473501994464,-0.159283155245427
1.29338720840852,-0.776879829462191,0.903208323496206,-0.126328494033981
1.29349561264101,-0.796668369119241,0.889895688701908,-0.0932273195826608
1.29360401687351,-0.815533029891373,0.875551040963099,-0.0600180110717086
1.293712421106,-0.833451917336029,0.860191010204447,-0.0267390928684207
1.29382082533849,-0.850404263688995,0.843833414061708,0.00657084962731984
1.29392922957098,-0.866370393248071,0.826497217222157,0.0398731760259658
1.29399684271677,-0.875821453591645,0.81519736848265,0.0606240851090441
1.29406445586256,-0.88487728117178,0.803529809467117,0.081347471704648
1.29413206900835,-0.893533836010984,0.791499757977621,0.102034078033392
1.29419968215414,-0.901787205963566,0.779112633374742,0.122674572588832
1.29429184144482,-0.912380654468275,0.761663843215081,0.150716811253225
1.2943840007355,-0.922209361082408,0.743576563828442,0.178632797253988
1.29444420061455,-0.928212927637263,0.731423873599508,0.196789054037785
1.29450440049359,-0.933884463967388,0.719009633019837,0.21487483094756
1.29456460037263,-0.939221966661432,0.706338250690297,0.232883715971157
1.29462480025168,-0.94422351451098,0.693414259963799,0.250809254547204
1.29469730051118,-0.949798509082631,0.677520920662143,0.272277588420509
1.29476980077069,-0.954880778892681,0.661276103240229,0.293604675652467
1.29484230103019,-0.959467701068356,0.64468823610652,0.314779464961829
1.2949148012897,-0.963556881814715,0.627765934900644,0.335790946914099
1.2949873015492,-0.967146213620031,0.610517974073462,0.356628239546582
1.2950598018087,-0.970233821616833,0.592953308198003,0.377280513418854
1.29514796914791,-0.97331023860154,0.571179638140616,0.402130600460915
1.29523613648712,-0.975639966028132,0.548967715909485,0.426672250118682
1.29532430382633,-0.977221226726461,0.526334615603564,0.4508866111229
1.29541247116554,-0.97805279469693,0.503297713209376,0.474755081487577
1.29550063850474,-0.978134043153189,0.479874690745039,0.498259352408142
1.29558880584395,-0.977464898234644,0.456083518884814,0.521381379349841
1.29567697318316,-0.976045884202845,0.431942452933669,0.5441034312692
1.29576514052237,-0.973878078888454,0.407470012087146,0.566408066801309
1.29585330786158,-0.970963155778549,0.382684973055806,0.588278182722742
1.29596171209406,-0.966358518692174,0.351811254010837,0.614547264681349
1.29607011632655,-0.960633174635221,0.320529363383651,0.640103811251572
1.29617852055903,-0.953793773377595,0.288875679982287,0.664918093395352
1.29628692479152,-0.945848257808577,0.256886936168463,0.688961321640128
1.296395329024,-0.936805837895232,0.224600255220001,0.712205582675254
1.29650373325649,-0.926677005769914,0.192053075934071,0.734623929835824
1.29661213748897,-0.91547350178494,0.159283157984804,0.756190343800135
1.29672054172146,-0.90320832348592,0.126328496806621,0.776879826679284
1.29682894595394,-0.889895688888142,0.0932273223813458,0.796668366506798
1.29693735018643,-0.875551041342939,0.0600180138891843,0.815533027453795
1.29704575441891,-0.860191010774832,0.0267390956974516,0.83345191507738
1.2971541586514,-0.843833414819248,-0.00657084679401301,0.850404261613243
1.29726256288388,-0.826497218163307,-0.0398731731956211,0.866370391358947
1.29733017603049,-0.81519736939676,-0.0606240825365026,0.875821451933255
1.2973977891771,-0.803529810343797,-0.0813474693919337,0.884877279735712
1.29746540232371,-0.791499758806584,-0.102034075982223,0.893533834788787
1.29753301547032,-0.779112634145909,-0.122674570800581,0.901787204946461
1.29762517472914,-0.761663850247975,-0.150716799815418,0.912380650063392
1.29771733398797,-0.743576577556634,-0.178632776266155,0.922209353822786
1.29777753389368,-0.731423882242306,-0.196789041164965,0.928212923407284
1.29783773379938,-0.719009636341629,-0.2148748261333,0.933884462474908
1.29789793370508,-0.70633824846111,-0.232883719150458,0.939221967611589
1.29795813361079,-0.693414251959822,-0.250809265646372,0.944223517606197
1.2980306338705,-0.677520912485281,-0.272277599533267,0.949798512018565
1.29810313413021,-0.661276094891505,-0.293604686773942,0.954880781665416
1.29817563438993,-0.644688227587021,-0.314779476087163,0.959467703674184
1.29824813464964,-0.6277659262116,-0.335790958038383,0.963556884249962
1.29832063490936,-0.610517965216276,-0.356628250664794,0.96714621588104
1.29839313516907,-0.592953299174176,-0.377280524525957,0.970233823700115
1.29848130248055,-0.571179635897986,-0.402130603707978,0.973310239605954
1.29856946979202,-0.548967720723754,-0.426672245699688,0.975639966423432
1.2986576371035,-0.526334627734169,-0.450886599249715,0.97722122698385
1.29874580441497,-0.503297732899198,-0.47475506238947,0.978052795288646
1.29883397172645,-0.479874718220047,-0.498259326331484,0.978134044551522
1.29892213903792,-0.456083554353643,-0.521381346557718,0.977464900911359
1.2990103063494,-0.431942496587422,-0.544103392040975,0.97604588862836
1.29909847366087,-0.407470064098857,-0.566408021432284,0.973878085531133
1.29918664097235,-0.382685033580383,-0.588278131523702,0.970963165104067
1.29929504520475,-0.351811315433317,-0.614547214894948,0.966358530328248
1.29940344943716,-0.320529425630404,-0.6401037629408,0.960633188571185
1.29951185366956,-0.288875742978786,-0.664918046621346,0.953793789600114
1.29962025790197,-0.256886999839322,-0.688961276462337,0.945848276301642
1.29972866213437,-0.224600319488961,-0.712205539151239,0.936805858640182
1.29983706636678,-0.192053140724185,-0.734623888021347,0.92667702874552
1.29994547059919,-0.159283223218423,-0.756190303748941,0.915473526967321
1.30005387483159,-0.126328562405569,-0.776879788443063,0.903208350848576
1.300162279064,-0.0932273882669612,-0.796668330135229,0.889895718402143
1.3002706832964,-0.0600180799823896,-0.815532992994425,0.875551072976789
1.30037908752881,-0.0267391619189101,-0.833451882575578,0.860191044494442
1.30048749176121,0.0065707805238918,-0.850404231112153,0.84383345058824
1.30059589599362,0.0398731069565075,-0.866370362899332,0.826497255942828
1.30066350920453,0.0606240360939926,-0.875821433573717,0.815197397479707
1.30073112241544,0.0813474427160273,-0.884877270734484,0.803529828018432
1.30079873562634,0.102034069016232,-0.893533834392154,0.79149976537591
1.30086634883725,0.122674583461243,-0.901787212389432,0.779112628928172
1.3009585080811,0.150716807886035,-0.912380655569162,0.761663847683121
1.30105066732495,0.178632779782761,-0.922209357638167,0.743576577855376
1.30111086722614,0.196789043321528,-0.928212926765836,0.731423883444268
1.30117106712734,0.214874826940472,-0.933884465426294,0.719009638485791
1.30123126702854,0.23288371862029,-0.939221970206003,0.706338251585671
1.30129146692974,0.250809263792443,-0.944223519894211,0.693414256101764
1.30136396719207,0.272277598476763,-0.949798514595885,0.67752091611909
1.30143646745439,0.293604686506515,-0.954880784497013,0.661276097990465
1.30150896771672,0.314779476599275,-0.959467706724656,0.644688230125379
1.30158146797904,0.335790959319245,-0.963556887483742,0.627765928164443
1.30165396824137,0.356628252702468,-0.967146219262158,0.610517966559704
1.30172646850369,0.377280527307326,-0.970233827192491,0.592953299885167
1.30181463579254,0.402130600147521,-0.973310242393788,0.571179642246271
1.30190280308139,0.426672235960161,-0.975639968890456,0.548967732930268
1.30199097037024,0.450886583508375,-0.977221229514841,0.526334646006458
1.30207913765909,0.474755040837684,-0.978052798268988,0.503297757431337
1.30216730494794,0.498259299174519,-0.978134048366648,0.479874749192128
1.3022554722368,0.521381314014401,-0.977464905946011,0.456083591931609
1.30234363952565,0.544103354343351,-0.976045895266187,0.431942540922814
1.3024318068145,0.566407978825321,-0.973878094153904,0.407470115328551
1.30251997410335,0.588278084264965,-0.970963176091227,0.382685091826229
1.30262837833568,0.614547168919791,-0.966358543416068,0.351811374496245
1.30273678256801,0.64010371830651,-0.96063320375001,0.320529485443438
1.30284518680034,0.664918003383583,-0.953793806857861,0.288875803474266
1.30295359103267,0.688961234675193,-0.945848295623861,0.256887060948645
1.303061995265,0.712205498867064,-0.936805880009963,0.224600381142896
1.30317039949733,0.734623849290794,-0.926677052143598,0.192053202852759
1.30327880372966,0.756190266620946,-0.915473552372058,0.159283285751092
1.30338720796199,0.776879752964772,-0.903208378236011,0.126328625271195
1.30349561219432,0.796668296351818,-0.889895747745892,0.0932274513940401
1.30360401642665,0.815532960949164,-0.875551104248248,0.0600181432990493
1.30371242065898,0.833451852309755,-0.860191077662809,0.026739225353025
1.30382082489131,0.850404202665033,-0.843833485620354,-0.00657071704468652
1.30392922912364,0.866370336308072,-0.826497292803424,-0.0398730435046383
1.30399684239808,0.875821416859462,-0.815197424663011,-0.0606239921965007
1.30406445567252,0.884877263163338,-0.803529844822534,-0.0813474183408264
1.30413206894696,0.89353383521835,-0.791499771113507,-0.102034064104877
1.30419968222141,0.901787220856053,-0.779112622927082,-0.122674597929005
1.30429184148213,0.912380665486575,-0.761663838071563,-0.150716827415032
1.30438400074285,0.922209368719988,-0.743576564410577,-0.178632804309413
1.30444420061286,0.92821293435804,-0.731423875993437,-0.196789058364617
1.30450440048287,0.933884469871083,-0.719009637304001,-0.21487483256709
1.30456460035287,0.939221971848727,-0.70633825694105,-0.232883714907681
1.30462480022288,0.944223519083242,-0.693414268255496,-0.250809250827811
1.30469730048763,0.949798514235405,-0.677520927932813,-0.272277586302602
1.30476980075238,0.954880784555567,-0.661276109436339,-0.293604675119252
1.30484230101712,0.959467707170341,-0.644688241176269,-0.3147794659941
1.30491480128187,0.963556888284269,-0.627765938794077,-0.335790949490211
1.30498730154662,0.967146220385015,-0.610517976742506,-0.356628243642526
1.30505980181137,0.970233828604747,-0.592953309596473,-0.377280519008265
1.30514796910534,0.973310244179828,-0.571179650811272,-0.402130593368528
1.3052361363993,0.975639970964054,-0.548967740294227,-0.426672230669854
1.30532430369327,0.97722123178954,-0.526334652117446,-0.450886579672058
1.30541247098724,0.978052800657867,-0.503297762240469,-0.474755038417383
1.3055006382812,0.97813405078257,-0.479874752653552,-0.498259298129028
1.30558880557517,0.977464908302001,-0.456083594002634,-0.521381314299367
1.30567697286914,0.976045897475237,-0.431942541563837,-0.544103355911436
1.3057651401631,0.973878096129275,-0.407470114503256,-0.566407981626056
1.30585330745707,0.970963177746611,-0.38268508950167,-0.588278088244933
1.3059617116894,0.9663585448599,-0.351811372090332,-0.614547172769606
1.30607011592174,0.960633204983392,-0.320529482962973,-0.640103722020421
1.30617852015407,0.953793807882138,-0.288875800926136,-0.664918006956011
1.30628692438641,0.945848296440477,-0.256887058339772,-0.688961238100733
1.30639532861874,0.93680588062077,-0.224600378480255,-0.71220550214048
1.30650373285107,0.926677052550528,-0.192053200143426,-0.734623852407108
1.30661213708341,0.915473552577405,-0.159283283002202,-0.756190269575229
1.30672054131574,0.903208378242256,-0.12632862248991,-0.77687975575235
1.30682894554808,0.889895747555759,-0.093227448587553,-0.796668298968212
1.30693734978041,0.875551103864718,-0.0600181404746396,-0.815532963390076
1.30704575401274,0.860191077089049,-0.0267392225179079,-0.833451854571124
1.30715415824508,0.843833484859738,0.00657071988321052,-0.850404204742959
1.30726256247741,0.826497291859585,0.0398730463392743,-0.866370338198868
1.30733017575103,0.815197423746401,0.0606239947729009,-0.875821418519322
1.30739778902466,0.803529843943643,0.0813474206569564,-0.884877264600586
1.30746540229828,0.791499770282491,0.102034066159047,-0.893533836441562
1.3075330155719,0.779112622154141,0.122674599719835,-0.901787221874004
1.30762517486447,0.761663831037787,0.150716838853973,-0.91238066989176
1.30771733415704,0.74357655068247,0.17863282529697,-0.922209375979421
1.30777753400039,0.731423867350446,0.196789071237557,-0.928212938588015
1.30783773384374,0.719009633981853,0.214874837381844,-0.933884471363696
1.30789793368709,0.706338259169582,0.232883711729303,-0.939221970898895
1.30795813353043,0.693414276258511,0.250809239729928,-0.944223515988447
1.30803063379498,0.677520936108202,0.272277575191901,-0.949798511300095
1.30810313405952,0.661276117783065,0.293604664000497,-0.954880781783554
1.30817563432406,0.64468824969318,0.31477945487218,-0.959467704565357
1.3082481345886,0.627765947479944,0.335790938370054,-0.963556885849994
1.30832063485314,0.610517985595887,0.356628232529125,-0.967146218125028
1.30839313511768,0.592953318615928,0.37728050790665,-0.970233826522547
1.30848130243937,0.57117965305253,0.402130590123454,-0.973310243176001
1.30856946976106,0.548967735481718,0.426672235087392,-0.97563997056912
1.30865763708274,0.526334639991929,0.450886591540419,-0.977221231532357
1.30874580440443,0.503297742559076,0.474755057507417,-0.978052800066505
1.30883397172612,0.479874725190502,0.498259324194499,-0.978134049385015
1.30892213904781,0.456083558549311,0.521381347077322,-0.977464905626634
1.30901030636949,0.431942497929292,0.544103395122576,-0.976045893051851
1.30909847369118,0.407470062514494,0.566408026975229,-0.973878089489743
1.30918664101287,0.382685029003854,0.588278139421552,-0.970963168425391
1.30929504524528,0.351811310694525,0.614547222534586,-0.966358533229078
1.3094034494777,0.320529420742818,0.640103770310818,-0.960633191053594
1.30951185371011,0.288875737956073,0.664918053710637,-0.953793791666707
1.30962025794253,0.256886994695208,0.688961283260177,-0.945848277955362
1.30972866217494,0.224600314237332,0.712205545647169,-0.936805859884494
1.30983706640736,0.192053135379089,0.734623894205303,-0.926677029584396
1.30994547063977,0.159283217794023,0.756190309611241,-0.915473527405225
1.31005387487219,0.126328556916096,0.776879793974347,-0.903208350890444
1.3101622791046,0.0932273827267129,0.796668335326571,-0.88989571805326
1.31027068333702,0.0600180744057981,0.815532997837219,-0.875551072243009
1.31037908756943,0.0267391563203723,0.83345188706169,-0.860191043382072
1.31048749180185,-0.00657078612987569,0.850404235233806,-0.843833449103909
1.31059589603426,-0.0398731125554711,0.866370366649196,-0.82649725409374
1.3106635092436,-0.0606240411976363,0.875821436872343,-0.815197395674698
1.31073112245294,-0.0813474473202373,0.88487727359789,-0.803529826277619
1.31079873566228,-0.10203407311754,0.893533836836589,-0.791499763719042
1.31086634887162,-0.122674587056809,0.901787214431587,-0.779112627374808
1.31095850817916,-0.150716830777586,0.912380664385391,-0.761663833607818
1.3110506674867,-0.178632821771216,0.922209372162533,-0.743576550391316
1.31111086733456,-0.196789069074997,0.928212935229183,-0.731423866154148
1.31117106718243,-0.214874836571853,0.933884468413063,-0.719009631841175
1.31123126703029,-0.232883712259756,0.939221968306183,-0.70633825604643
1.31129146687815,-0.250809241587295,0.944223513703045,-0.693414272115706
1.31136396714008,-0.272277576250399,0.94979850872497,-0.67752093247455
1.311436467402,-0.293604664268553,0.954880778953849,-0.661276114685306
1.31150896766393,-0.314779454359339,0.959467701516551,-0.64468824715714
1.31158146792586,-0.33579093708714,0.963556882617688,-0.627765945530531
1.31165396818778,-0.356628230488059,0.967146214745166,-0.610517984257109
1.31172646844971,-0.377280505120617,0.97023382303138,-0.592953317910773
1.31181463579401,-0.402130593674871,0.973310240389013,-0.571179646714133
1.3119028031383,-0.426672244813642,0.975639968102958,-0.548967723289329
1.3119909704826,-0.450886607264415,0.977221229002475,-0.526334621738044
1.31207913782689,-0.474755079037884,0.978052797087748,-0.503297718049865
1.31216730517119,-0.498259351326315,0.978134045572256,-0.479874694245899
1.31225547251548,-0.521381379591832,0.977464900595353,-0.456083521003482
1.31234363985978,-0.544103432787856,0.97604588641874,-0.431942453630858
1.31243180720407,-0.566408069546561,0.973878080873187,-0.407470011326638
1.31251997454837,-0.588278186641532,0.970963157446341,-0.382684970804765
1.31262837878086,-0.614547268472715,0.966358520150946,-0.351811251678222
1.31273678301336,-0.640103814909811,0.960633175885932,-0.320529360976135
1.31284518724585,-0.664918096914863,0.953793774421472,-0.288875677506593
1.31295359147834,-0.688961325015561,0.945848258647035,-0.256886933631439
1.31306199571084,-0.712205585901363,0.936805838529866,-0.224600252628486
1.31317039994333,-0.734623932907565,0.926677006202671,-0.192053073295092
1.31327880417582,-0.756190346712622,0.915473502018031,-0.159283155305343
1.31338720840832,-0.7768798294278,0.903208323521589,-0.126328494093758
1.31349561264081,-0.796668369086808,0.889895688729061,-0.0932273196421898
1.3136040168733,-0.815533029861025,0.875551040991909,-0.0600180111308964
1.3137124211058,-0.83345191730769,0.860191010234944,-0.0267390929272329
1.31382082533829,-0.850404263662739,0.843833414093786,0.00657084956897629
1.31392922957078,-0.866370393223866,0.826497217255725,0.0398731759681494
1.31399684271663,-0.875821453576397,0.815197368507608,0.0606240850687884
1.31406445586248,-0.884877281164778,0.803529809482894,0.0813474716819028
1.31413206900832,-0.893533836011653,0.791499757983574,0.102034078028113
1.31419968215417,-0.901787205971166,0.77911263337021,0.122674572600978
1.31429184144486,-0.912380654476209,0.761663843209294,0.150716811266934
1.31438400073554,-0.922209361090592,0.743576563821372,0.178632797269227
1.31444420061457,-0.928212927643364,0.731423873596177,0.196789054047223
1.31450440049359,-0.933884463971588,0.719009633020397,0.214874830951234
1.31456460037262,-0.939221966663997,0.706338250694866,0.232883715969139
1.31462480025164,-0.944223514512083,0.693414259972565,0.250809254539535
1.31469730051115,-0.949798509083961,0.677520920671104,0.272277588412904
1.31476980077065,-0.954880778894277,0.66127610324936,0.29360467564491
1.31484230103016,-0.959467701070184,0.644688236115825,0.314779464954329
1.31491480128966,-0.9635568818168,0.627765934910137,0.335790946906694
1.31498730154916,-0.967146213622327,0.610517974083132,0.356628239539244
1.31505980180867,-0.970233821619414,0.592953308207809,0.377280513411607
1.31514796914785,-0.973310238603563,0.571179638156509,0.402130600447117
1.31523613648704,-0.97563996603024,0.548967715931786,0.426672250098483
1.31532430382622,-0.977221226728899,0.526334615632452,0.450886611096501
1.31541247116541,-0.978052794700167,0.503297713245032,0.474755081455158
1.31550063850459,-0.978134043157621,0.479874690787704,0.498259352369942
1.31558880584377,-0.977464898240706,0.456083518934608,0.521381379306114
1.31567697318296,-0.976045884210957,0.431942452990793,0.544103431220172
1.31576514052214,-0.973878078898941,0.407470012151655,0.566408066747283
1.31585330786133,-0.970963155791807,0.382684973127873,0.588278182663961
1.31596171209381,-0.966358518707937,0.351811254083302,0.614547264624676
1.3160701163263,-0.960633174653497,0.320529363456417,0.640103811197048
1.31617852055879,-0.953793773398259,0.288875680055271,0.664918093342985
1.31628692479127,-0.945848257831591,0.256886936241557,0.688961321590009
1.31639532902376,-0.936805837920437,0.224600255293114,0.71220558262736
1.31650373325625,-0.926677005797342,0.192053076007118,0.734623929790216
1.31661213748874,-0.915473501814515,0.159283158057672,0.756190343756839
1.31672054172122,-0.903208323517567,0.126328496879225,0.77687982663831
1.31682894595371,-0.889895688921795,0.0932273224536076,0.796668366468162
1.3169373501862,-0.875551041378529,0.0600180139610505,0.815533027417476
1.31704575441868,-0.860191010812254,0.0267390957687967,0.833451915043429
1.31715415865117,-0.843833414858427,-0.0065708467232524,0.85040426158167
1.31726256288366,-0.826497218204171,-0.0398731731255632,0.86637039132974
1.31733017603034,-0.815197369427179,-0.0606240824876344,0.8758214519148
1.31739778917701,-0.803529810362967,-0.0813474693642545,0.88487727972726
1.31746540232369,-0.791499758813785,-0.102034075975629,0.893533834789414
1.31753301547037,-0.779112634140388,-0.122674570815007,0.901787204955383
1.31762517472921,-0.761663850239068,-0.15071679983459,0.912380650073637
1.31771733398806,-0.743576577544081,-0.178632776290026,0.922209353834097
1.31777753389373,-0.731423882235524,-0.196789041179709,0.928212923415234
1.3178377337994,-0.719009636340833,-0.214874826139,0.933884462479806
1.31789793370507,-0.706338248466611,-0.232883719147155,0.939221967613791
1.31795813361075,-0.693414251971806,-0.2508092656342,0.944223517606069
1.31803063387045,-0.677520912499703,-0.272277599518201,0.949798512017905
1.31810313413016,-0.661276094908374,-0.293604686756056,0.954880781664459
1.31817563438986,-0.644688227606489,-0.314779476066491,0.959467703672973
1.31824813464956,-0.627765926233746,-0.335790958014975,0.963556884248704
1.31832063490927,-0.610517965241152,-0.356628250638723,0.967146215879873
1.31839313516897,-0.592953299201851,-0.377280524497285,0.970233823699125
1.31848130248044,-0.571179635927642,-0.402130603677926,0.973310239605603
1.31856946979191,-0.548967720755488,-0.426672245668348,0.975639966423828
1.31865763710338,-0.52633462776798,-0.45088659921712,0.977221226985112
1.31874580441485,-0.503297732935128,-0.474755062355747,0.978052795290854
1.31883397172632,-0.479874718258096,-0.498259326296672,0.978134044554763
1.31892213903779,-0.456083554393836,-0.521381346521914,0.977464900915738
1.31901030634926,-0.431942496629772,-0.544103392004222,0.976045888633992
1.31909847366073,-0.407470064143422,-0.566408021394736,0.973878085538102
1.3191866409722,-0.382685033627155,-0.588278131485355,0.970963165112483
1.3192950452046,-0.351811315481244,-0.614547214857112,0.966358530338335
1.319403449437,-0.320529425679448,-0.640103762903549,0.960633188582963
1.31951185366941,-0.288875743028939,-0.664918046584715,0.95379378961364
1.31962025790181,-0.256886999890519,-0.688961276426415,0.945848276316913
1.31972866213421,-0.224600319541182,-0.712205539116104,0.93680585865725
1.31983706636662,-0.192053140777341,-0.734623887987039,0.926677028764355
1.31994547059902,-0.159283223272522,-0.756190303715516,0.915473526988028
1.32005387483142,-0.126328562460504,-0.776879788410651,0.903208350871159
1.32016227906383,-0.0932273883226959,-0.796668330103867,0.88989571842655
1.32027068329623,-0.0600180800388927,-0.815532992964184,0.875551073003083
1.32037908752863,-0.0267391619761018,-0.833451882546519,0.860191044522637
1.32048749176104,0.00657078046607309,-0.850404231084365,0.843833450618255
1.32059589599344,0.0398731068980997,-0.866370362872882,0.82649725597475
1.32066350920441,0.0606240360548576,-0.875821433556841,0.815197397501959
1.32073112241538,0.0813474426961146,-0.884877270726497,0.803529828030356
1.32079873562635,0.102034069015502,-0.89353383439231,0.791499765376805
1.32086634883733,0.122674583479573,-0.901787212396947,0.779112628917354
1.3209585080812,0.150716807914232,-0.912380655579724,0.761663847665469
1.32105066732508,0.178632779820696,-0.92220935765121,0.743576577830482
1.32111086722624,0.19678904334485,-0.92821292677343,0.731423883428576
1.32117106712739,0.214874826949258,-0.933884465429017,0.719009638479749
1.32123126702854,0.232883718614677,-0.939221970204367,0.706338251589655
1.32129146692969,0.25080926377255,-0.944223519888748,0.693414256116164
1.32136396719202,0.272277598459642,-0.949798514591394,0.677520916131724
1.32143646745435,0.293604686492146,-0.954880784493477,0.661276098001302
1.32150896771669,0.314779476587623,-0.959467706721909,0.644688230134262
1.32158146797902,0.335790959310276,-0.963556887481638,0.627765928171365
1.32165396824136,0.356628252696128,-0.967146219260627,0.610517966564455
1.32172646850369,0.377280527303599,-0.970233827191372,0.592953299887766
1.32181463579257,0.402130600152157,-0.97331024239356,0.571179642241379
1.32190280308145,0.426672235972915,-0.975639968890594,0.548967732917674
1.32199097037033,0.450886583528988,-0.977221229514928,0.526334645985903
1.32207913765921,0.47475504086595,-0.978052798268462,0.503297757402496
1.32216730494809,0.498259299210144,-0.978134048364975,0.479874749154816
1.32225547223697,0.521381314057075,-0.97746490594276,0.456083591885647
1.32234363952586,0.544103354392848,-0.976045895260787,0.43194254086794
1.32243180681474,0.566407978881269,-0.973878094145848,0.407470115264566
1.32251997410362,0.588278084326985,-0.970963176080072,0.38268509175304
1.32262837833594,0.614547168979508,-0.96635854340219,0.351811374422648
1.32273678256827,0.640103718363904,-0.960633203733519,0.320529485369611
1.3228451868006,0.664918003438571,-0.953793806838861,0.28887580340028
1.32295359103293,0.68896123472776,-0.945848295602418,0.256887060874641
1.32306199526526,0.712205498917196,-0.936805879986151,0.224600381068955
1.32317039949758,0.734623849338463,-0.92667705211741,0.192053202778952
1.32327880372991,0.756190266666128,-0.915473552343666,0.159283285677535
1.32338720796224,0.776879753007408,-0.903208378205421,0.126328625198006
1.32349561219457,0.796668296391905,-0.889895747713248,0.0932274513213229
1.32360401642689,0.815532960986729,-0.875551104213557,0.0600181432268717
1.32371242065922,0.833451852344752,-0.860191077626244,0.0267392252814614
1.32382082489155,0.85040420269749,-0.843833485581987,-0.00657071711550313
1.32392922912388,0.866370336337969,-0.826497292763321,-0.0398730435746695
1.32399684239825,0.875821416878817,-0.815197424632995,-0.0606239922458107
1.32406445567263,0.884877263172883,-0.803529844803452,-0.0813474183694429
1.324132068947,0.893533835218859,-0.791499771105994,-0.102034064112863
1.32419968222137,0.901787220848344,-0.779112622931919,-0.122674597916448
1.32429184148212,0.912380665481484,-0.761663838072522,-0.15071682740896
1.32438400074286,0.922209368717125,-0.743576564407357,-0.178632804309789
1.32444420061287,0.928212934355122,-0.731423875990153,-0.196789058365014
1.32450440048288,0.93388446986815,-0.719009637300635,-0.21487483256753
1.32456460035288,0.939221971845741,-0.706338256937618,-0.232883714908151
1.32462480022289,0.944223519080235,-0.69341426825194,-0.250809250828331
1.32469730048763,0.949798514231746,-0.67752092793087,-0.272277586300893
1.32476980075237,0.954880784551372,-0.661276109436067,-0.293604675115331
1.32484230101711,0.959467707165748,-0.64468824117775,-0.314779465988012
1.32491480128185,0.96355688827933,-0.627765938797366,-0.335790949482001
1.3249873015466,0.967146220379891,-0.610517976747683,-0.356628243632226
1.32505980181134,0.97023382859954,-0.592953309603639,-0.37728051899589
1.3251479691053,0.973310244174909,-0.571179650818266,-0.402130593356683
1.32523613639927,0.97563997095952,-0.548967740300939,-0.426672230658557
1.32532430369324,0.977221231785188,-0.526334652123969,-0.450886579661228
1.32541247098721,0.978052800653782,-0.503297762246673,-0.474755038407099
1.32550063828118,0.978134050778767,-0.479874752659484,-0.498259298119274
1.32558880557515,0.977464908298379,-0.456083594008266,-0.521381314290136
1.32567697286911,0.976045897471811,-0.431942541569121,-0.544103355902705
1.32576514016308,0.973878096126018,-0.407470114508217,-0.566407981617795
1.32585330745705,0.970963177743413,-0.382685089506267,-0.588278088237178
1.32596171168938,0.96635854485696,-0.351811372094987,-0.614547172761961
1.32607011592172,0.960633204980641,-0.320529482967733,-0.640103722012936
1.32617852015405,0.953793807879585,-0.288875800930952,-0.66491800694863
1.32628692438639,0.945848296438146,-0.256887058344665,-0.688961238093498
1.32639532861872,0.936805880618621,-0.224600378485212,-0.712205502133395
1.32650373285105,0.926677052548574,-0.192053200148419,-0.734623852400196
1.32661213708339,0.915473552575706,-0.159283283007231,-0.756190269568438
1.32672054131572,0.903208378240685,-0.12632862249498,-0.776879755745741
1.32682894554806,0.889895747554434,-0.0932274485926755,-0.796668298961751
1.32693734978039,0.875551103863599,-0.0600181404797661,-0.815532963383821
1.32704575401272,0.860191077088051,-0.0267392225230434,-0.833451854565011
1.32715415824506,0.843833484858961,0.00657071987804704,-0.850404204737027
1.32726256247739,0.82649729185899,0.0398730463341236,-0.866370338193133
1.32733017575102,0.815197423744869,0.0606239947697022,-0.875821418514572
1.32739778902465,0.803529843941069,0.0813474206556635,-0.884877264596729
1.32746540229828,0.791499770278858,0.102034066159675,-0.893533836438534
1.3275330155719,0.779112622149365,0.12267459972237,-0.901787221871738
1.32762517486448,0.761663831032754,0.150716838856816,-0.912380669889561
1.32771733415705,0.743576550677213,0.178632825300088,-0.922209375977329
1.32777753400039,0.731423867346303,0.196789071239049,-0.928212938585316
1.32783773384373,0.719009633978801,0.214874837381745,-0.933884471360534
1.32789793368708,0.706338259167676,0.232883711727617,-0.939221970895303
1.32795813353042,0.693414276257778,0.250809239726693,-0.944223515984479
1.32803063379497,0.677520936106126,0.272277575190565,-0.949798511296716
1.32810313405952,0.661276117779578,0.293604664001072,-0.954880781780634
1.32817563432406,0.64468824968824,0.314779454874631,-0.959467704562871
1.32824813458861,0.627765947473438,0.335790938374355,-0.963556885847792
1.32832063485316,0.610517985587815,0.356628232535227,-0.967146218123031
1.32839313511771,0.592953318606214,0.377280507914503,-0.970233826520696
1.32848130243938,0.571179653046289,0.402130590127203,-0.973310243173473
1.32856946976105,0.548967735479094,0.426672235087138,-0.975639970566242
1.32865763708273,0.526334639993046,0.450886591536262,-0.977221231529317
1.3287458044044,0.503297742564096,0.474755057499476,-0.978052800063546
1.32883397172607,0.4798747251995,0.498259324182895,-0.978134049382418
1.32892213904774,0.456083558562449,0.521381347062186,-0.977464905624609
1.32901030636941,0.43194249794664,0.544103395104045,-0.976045893050666
1.32909847369109,0.407470062536142,0.566408026953485,-0.973878089489626
1.32918664101276,0.382685029029896,0.58827813939671,-0.970963168426598
1.32929504524518,0.351811310720616,0.614547222510748,-0.966358533231357
1.32940344947759,0.320529420768912,0.64010377028798,-0.960633191056896
1.32951185371001,0.288875737982113,0.664918053688813,-0.953793791670903
1.32962025794243,0.256886994721109,0.68896128323937,-0.945848277960511
1.32972866217484,0.224600314263108,0.712205545627465,-0.936805859890544
1.32983706640726,0.192053135404695,0.734623894186605,-0.926677029591313
1.32994547063968,0.159283217819409,0.756190309593565,-0.915473527412989
1.33005387487209,0.126328556941215,0.776879793957744,-0.903208350898927
1.33016227910451,0.0932273827515478,0.796668335310997,-0.88989571806252
1.33027068333693,0.0600180744302794,0.815532997822683,-0.875551072252966
1.33037908756934,0.0267391563444981,0.83345188704818,-0.86019104339266
1.33048749180176,-0.00657078610614049,0.850404235221312,-0.843833449115186
1.33059589603418,-0.0398731125321555,0.866370366637741,-0.826497254105579
1.33066350924354,-0.0606240411817458,0.87582143686471,-0.815197395682953
1.3307311224529,-0.081347447311741,0.884877273593729,-0.803529826282012
1.33079873566226,-0.102034073116409,0.893533836835739,-0.791499763719317
1.33086634887162,-0.122674587063026,0.901787214433731,-0.779112627370684
1.33095850817915,-0.150716830778245,0.912380664385429,-0.761663833607196
1.33105066748667,-0.178632821766385,0.922209372160774,-0.743576550394382
1.33111086733454,-0.196789069072399,0.928212935228264,-0.73142386615583
1.33117106718241,-0.214874836571468,0.933884468412968,-0.719009631841463
1.33123126703028,-0.232883712261568,0.939221968306805,-0.706338256045221
1.33129146687815,-0.250809241591284,0.944223513704278,-0.693414272112953
1.33136396714008,-0.272277576253548,0.949798508726001,-0.67752093247243
1.331436467402,-0.293604664270829,0.954880778954681,-0.661276114683822
1.33150896766392,-0.314779454360815,0.9594677015172,-0.644688247156366
1.33158146792585,-0.335790937087771,0.963556882618264,-0.627765945530488
1.33165396818777,-0.356628230487902,0.967146214745761,-0.610517984257813
1.33172646844969,-0.377280505119679,0.970233823031937,-0.592953317912219
1.33181463579396,-0.40213059366568,0.973310240388803,-0.571179646723096
1.33190280313822,-0.426672244796386,0.975639968102472,-0.548967723306071
1.33199097048249,-0.450886607239331,0.977221229002236,-0.526334621762874
1.33207913782675,-0.474755079005257,0.97805279708826,-0.503297718082973
1.33216730517102,-0.498259351286405,0.978134045574004,-0.479874694287572
1.33225547251529,-0.521381379544921,0.977464900598872,-0.456083521053925
1.33234363985955,-0.544103432734258,0.976045886424509,-0.431942453690237
1.33243180720382,-0.566408069486584,0.973878080881779,-0.407470011395156
1.33251997454808,-0.588278186575542,0.97096315745817,-0.38268497088259
1.33262837878057,-0.614547268407993,0.966358520165833,-0.351811251757818
1.33273678301307,-0.640103814846468,0.96063317590391,-0.320529361057409
1.33284518724556,-0.664918096853061,0.953793774442569,-0.288875677589495
1.33295359147805,-0.688961324955373,0.945848258671254,-0.256886933715873
1.33306199571054,-0.712205585842879,0.93680583855725,-0.224600252714363
1.33317039994303,-0.734623932850948,0.926677006233251,-0.192053073382275
1.33327880417552,-0.756190346657919,0.915473502051741,-0.159283155393785
1.33338720840801,-0.776879829375145,0.903208323558493,-0.126328494183325
1.3334956126405,-0.796668369036336,0.889895688769174,-0.0932273197328121
1.333604016873,-0.815533029812781,0.875551041035265,-0.0600180112224663
1.33371242110549,-0.833451917261791,0.860191010281431,-0.0267390930196292
1.33382082533798,-0.850404263619295,0.843833414143454,0.00657084947588035
1.33392922957047,-0.866370393182949,0.826497217308546,0.0398731758744259
1.33399684271641,-0.875821453549624,0.815197368546894,0.0606240850027625
1.33406445586234,-0.88487728115112,0.803529809507575,0.0813474716435659
1.33413206900828,-0.893533836010035,0.79149975799271,0.102034078017335
1.33419968215422,-0.901787205980523,0.779112633362897,0.122674572617655
1.33429184144487,-0.912380654482003,0.761663843207244,0.150716811274789
1.33438400073553,-0.922209361093288,0.743576563824953,0.178632797268349
1.33444420061456,-0.928212927646218,0.731423873599537,0.196789054046719
1.33450440049358,-0.933884463974645,0.719009633023568,0.214874830951107
1.33456460037261,-0.939221966667222,0.706338250697863,0.232883715969368
1.33462480025163,-0.944223514515443,0.693414259975308,0.250809254540143
1.33469730051114,-0.949798509087274,0.677520920674158,0.272277588413166
1.33476980077064,-0.954880778897537,0.661276103252696,0.293604675644855
1.33484230103014,-0.959467701073427,0.644688236119498,0.314779464953953
1.33491480128965,-0.963556881820102,0.627765934914122,0.335790946905985
1.33498730154915,-0.967146213625692,0.610517974087434,0.356628239538236
1.33505980180866,-0.970233821622782,0.592953308212469,0.377280513410324
1.33514796914781,-0.973310238606307,0.571179638167707,0.402130600438591
1.33523613648697,-0.975639966032704,0.548967715949812,0.42667225008291
1.33532430382613,-0.977221226731603,0.52633461565752,0.450886611074077
1.33541247116529,-0.978052794703489,0.503297713277392,0.474755081426128
1.33550063850445,-0.978134043162048,0.479874690827492,0.498259352334554
1.3355888058436,-0.97746489824661,0.45608351898204,0.521381379264593
1.33567697318276,-0.976045884218845,0.431942453046049,0.544103431172806
1.33576514052192,-0.973878078909218,0.40747001221491,0.566408066694332
1.33585330786108,-0.970963155804998,0.382684973199223,0.588278182605783
1.33596171209356,-0.966358518723787,0.351811254156215,0.614547264567587
1.33607011632605,-0.960633174671983,0.320529363530793,0.640103811141194
1.33617852055853,-0.953793773419496,0.288875680131051,0.664918093288444
1.33628692479102,-0.945848257855538,0.256886936318693,0.688961321536874
1.3363953290235,-0.93680583794722,0.224600255371472,0.712205582575725
1.33650373325599,-0.926677005826869,0.192053076086655,0.734623929740172
1.33661213748847,-0.915473501846811,0.159283158138314,0.756190343708517
1.33672054172096,-0.903208323552607,0.126328496960871,0.776879826591742
1.33682894595344,-0.889895688959629,0.0932273225361814,0.796668366423468
1.33693735018593,-0.875551041419175,0.0600180140444133,0.815533027374734
1.33704575441841,-0.860191010855653,0.0267390958529167,0.833451915002718
1.3371541586509,-0.843833414904621,-0.00657084663848671,0.850404261543096
1.33726256288339,-0.826497218253137,-0.0398731730402554,0.866370391293416
1.33733017603015,-0.815197369463253,-0.0606240824283357,0.875821451891606
1.33739778917691,-0.803529810385265,-0.081347469330934,0.884877279716204
1.33746540232367,-0.791499758821412,-0.102034075968215,0.893533834789595
1.33753301547043,-0.779112634132351,-0.122674570833397,0.901787204965742
1.3376251747293,-0.761663850226081,-0.150716799859995,0.91238065008607
1.33771733398817,-0.743576577525845,-0.178632776322357,0.922209353848195
1.3377775338938,-0.731423882225392,-0.1967890411993,0.928212923424664
1.33783773379943,-0.719009636339109,-0.214874826145928,0.933884462485037
1.33789793370506,-0.706338248473675,-0.232883719141535,0.939221967615218
1.33795813361069,-0.693414251988055,-0.250809265616142,0.944223517604216
1.33803063387041,-0.677520912513247,-0.27227759950419,0.94979851201742
1.33810313413013,-0.661276094919153,-0.293604686746027,0.954880781665166
1.33817563438984,-0.644688227614318,-0.314779476060419,0.959467703674708
1.33824813464956,-0.627765926238501,-0.335790958012803,0.963556884251279
1.33832063490928,-0.610517965242734,-0.356628250640359,0.967146215883085
1.338393135169,-0.592953299200122,-0.377280524502689,0.970233823702811
1.33848130248048,-0.571179635921885,-0.402130603687646,0.973310239609553
1.33856946979197,-0.548967720745575,-0.426672245682231,0.975639966427789
1.33865763710345,-0.526334627753748,-0.450886599235072,0.977221226988807
1.33874580441493,-0.503297732916465,-0.474755062377592,0.978052795294041
1.33883397172642,-0.479874718234908,-0.498259326322301,0.97813404455721
1.3389221390379,-0.456083554366011,-0.521381346551123,0.977464900917141
1.33901030634939,-0.431942496597191,-0.544103392036909,0.976045888634105
1.33909847366087,-0.407470064106005,-0.566408021430641,0.973878085536656
1.33918664097236,-0.382685033584823,-0.588278131524393,0.970963165109228
1.33929504520476,-0.351811315438219,-0.614547214895111,0.966358530333329
1.33940344943717,-0.320529425635795,-0.64010376294049,0.960633188576258
1.33951185366957,-0.28887574298471,-0.664918046620536,0.953793789605233
1.33962025790197,-0.25688699984574,-0.688961276461124,0.945848276306889
1.33972866213438,-0.224600319495906,-0.71220553914961,0.936805858645507
1.33983706636678,-0.19205314073167,-0.734623888019278,0.926677028750955
1.33994547059918,-0.159283223226474,-0.756190303746511,0.915473526972953
1.34005387483159,-0.126328562414145,-0.7768797884403,0.903208350854415
1.34016227906399,-0.0932273882760726,-0.796668330132184,0.889895718408237
1.3402706832964,-0.0600180799920712,-0.815532992991073,0.875551072983145
1.3403790875288,-0.0267391619291458,-0.833451882572025,0.860191044501162
1.3404874917612,0.00657078051310297,-0.850404231108406,0.843833450595286
1.34059589599361,0.039873106945174,-0.866370362895421,0.826497255950222
1.34066350920453,0.0606240360877273,-0.875821433572113,0.815197397484356
1.34073112241546,0.0813474427148247,-0.884877270735031,0.803529828020176
1.34079873562638,0.102034069020089,-0.893533834394614,0.791499765374502
1.34086634883731,0.122674583470115,-0.901787212393613,0.779112628923489
1.34095850808122,0.150716807916122,-0.912380655580674,0.761663847664546
1.34105066732514,0.178632779833844,-0.922209357655812,0.743576577821949
1.34111086722628,0.196789043353108,-0.928212926776161,0.731423883423043
1.34117106712741,0.21487482695267,-0.933884465430092,0.719009638477397
1.34123126702854,0.232883718613268,-0.93922197020391,0.706338251590601
1.34129146692968,0.250809263766363,-0.944223519886952,0.693414256120599
1.34136396719201,0.272277598452943,-0.949798514589539,0.677520916136603
1.34143646745434,0.293604686484972,-0.954880784491551,0.66127609800654
1.34150896771668,0.314779476579947,-0.959467706719949,0.64468823014
1.34158146797901,0.335790959302109,-0.963556887479663,0.627765928177524
1.34165396824134,0.356628252687501,-0.967146219258662,0.610517966571155
1.34172646850367,0.377280527294481,-0.970233827189458,0.592953299894976
1.34181463579258,0.40213060015107,-0.973310242392687,0.571179642241609
1.34190280308149,0.426672235979674,-0.97563996889029,0.548967732910588
1.3419909703704,0.450886583543366,-0.977221229514648,0.526334645971272
1.34207913765931,0.474755040887703,-0.978052798267753,0.503297757380051
1.34216730494822,0.498259299239027,-0.97813404836341,0.479874749124327
1.34225547223713,0.521381314092814,-0.977464905939803,0.456083591846925
1.34234363952604,0.544103354435107,-0.976045895255966,0.431942540820794
1.34243180681495,0.566407978929802,-0.973878094138654,0.407470115208825
1.34251997410385,0.588278084381427,-0.970963176069998,0.382685091688553
1.34262837833618,0.614547169032697,-0.966358543389638,0.351811374356906
1.34273678256851,0.640103718415737,-0.960633203718434,0.320529485302683
1.34284518680084,0.664918003488975,-0.953793806821252,0.288875803332267
1.34295359103317,0.688961234776652,-0.945848295582273,0.256887060805603
1.3430619952655,0.712205498964466,-0.936805879963439,0.22460038099896
1.34317039949783,0.734623849384087,-0.926677052092187,0.192053202708102
1.34327880373016,0.75619026671002,-0.915473552315893,0.159283285605881
1.34338720796249,0.776879753049477,-0.903208378175141,0.126328625125635
1.34349561219481,0.796668296432112,-0.889895747680485,0.0932274512483308
1.34360401642714,0.81553296102495,-0.875551104178311,0.0600181431533468
1.34371242065947,0.833451852381012,-0.860191077588487,0.0267392252074904
1.3438208248918,0.850404202731651,-0.843833485541795,-0.00657071718986901
1.34392922912413,0.866370336369962,-0.826497292720694,-0.0398730436492812
1.34399684239843,0.875821416899583,-0.815197424601178,-0.0606239922984238
1.34406445567274,0.884877263183199,-0.803529844783158,-0.0813474184000818
1.34413206894704,0.893533835219602,-0.791499771098018,-0.10203406412161
1.34419968222134,0.901787220840338,-0.779112622937001,-0.122674597903361
1.34429184148209,0.912380665474501,-0.761663838076566,-0.150716827397954
1.34438400074284,0.922209368711069,-0.743576564410255,-0.178632804300848
1.34444420061286,0.928212934350107,-0.731423875991177,-0.196789058358954
1.34450440048288,0.933884469864048,-0.719009637299726,-0.214874832564339
1.34456460035289,0.939221971842476,-0.706338256934675,-0.232883714907818
1.34462480022291,0.944223519077715,-0.693414268246932,-0.25080925083079
1.34469730048764,0.949798514228653,-0.677520927927132,-0.272277586301534
1.34476980075238,0.954880784547773,-0.661276109433666,-0.293604675114132
1.34484230101711,0.959467707161757,-0.644688241176787,-0.314779465985013
1.34491480128185,0.963556888275041,-0.62776593879784,-0.335790949477196
1.34498730154658,0.967146220375342,-0.610517976749678,-0.356628243625672
1.34505980181132,0.970233828594819,-0.592953309607197,-0.377280518987643
1.34514796910532,0.973310244171471,-0.571179650813093,-0.402130593358401
1.34523613639932,0.975639970956693,-0.548967740286713,-0.426672230669997
1.34532430369333,0.977221231782477,-0.526334652100329,-0.450886579682141
1.34541247098733,0.978052800650437,-0.503297762213345,-0.474755038437146
1.34550063828133,0.978134050774312,-0.479874752616169,-0.498259298158153
1.34558880557534,0.977464908292195,-0.45608359395471,-0.521381314337501
1.34567697286934,0.976045897463236,-0.431942541505056,-0.544103355958177
1.34576514016334,0.973878096114525,-0.407470114433468,-0.566407981681049
1.34585330745735,0.970963177728399,-0.382685089420621,-0.588278088307781
1.34596171168968,0.966358544838748,-0.351811372007803,-0.614547172830977
1.34607011592202,0.960633204959287,-0.320529482879071,-0.640103722080208
1.34617852015435,0.953793807855025,-0.288875800840913,-0.664918007014134
1.34628692438669,0.945848296410441,-0.256887058253336,-0.688961238157101
1.34639532861902,0.936805880587711,-0.2246003783927,-0.712205502195034
1.34650373285136,0.926677052514536,-0.192053200054834,-0.734623852459709
1.3466121370837,0.915473552538479,-0.159283282912651,-0.756190269625811
1.34672054131603,0.903208378200334,-0.126328622399522,-0.776879755800809
1.34682894554837,0.88989574751092,-0.0932274484964383,-0.796668299014502
1.3469373497807,0.875551103816933,-0.0600181403828714,-0.815532963434113
1.34704575401304,0.860191077038355,-0.0267392224255959,-0.833451854612756
1.34715415824537,0.843833484806201,0.00657071997595305,-0.85040420478215
1.34726256247771,0.826497291803206,0.0398730464323711,-0.866370338235562
1.34733017575123,0.815197423704741,0.060623994836343,-0.875821418541084
1.34739778902476,0.803529843917778,0.0813474206907918,-0.884877264608581
1.34746540229828,0.791499770273527,0.10203406616334,-0.893533836436859
1.34753301557181,0.779112622163071,0.122674599694758,-0.901787221857821
1.34762517486435,0.761663831052079,0.15071683882148,-0.912380669873578
1.3477173341569,0.743576550702493,0.178632825257148,-0.922209375959665
1.3477775340003,0.731423867361019,0.196789071212827,-0.928212938573817
1.3478377338437,0.719009633982451,0.214874837372101,-0.933884471354516
1.3478979336871,0.706338259159785,0.232883711734429,-0.93922197089421
1.34795813353049,0.693414276237896,0.250809239749821,-0.944223515987688
1.34803063379504,0.677520936086679,0.272277575212463,-0.94979851129914
1.34810313405958,0.661276117760665,0.293604664021722,-0.954880781782371
1.34817563432413,0.644688249669851,0.314779454894043,-0.959467704563895
1.34824813458867,0.627765947455659,0.335790938392534,-0.963556885848197
1.34832063485322,0.610517985570695,0.356628232552189,-0.967146218122863
1.34839313511776,0.59295331858977,0.377280507930266,-0.970233826519987
1.34848130243943,0.571179653030424,0.402130590141808,-0.973310243172239
1.3485694697611,0.548967735463909,0.426672235100593,-0.9756399705645
1.34865763708277,0.526334639978596,0.450886591548595,-0.977221231527136
1.34874580440443,0.503297742550351,0.474755057510686,-0.978052800061036
1.3488339717261,0.479874725186577,0.498259324192997,-0.978134049379556
1.34892213904777,0.456083558550341,0.521381347071207,-0.977464905621526
1.34901030636944,0.431942497935412,0.544103395112028,-0.97604589304745
1.34909847369111,0.407470062525796,0.566408026960445,-0.973878089486231
1.34918664101278,0.382685029020451,0.588278139402697,-0.970963168423151
1.3492950452452,0.351811310711034,0.614547222516668,-0.966358533227697
1.34940344947761,0.320529420759178,0.640103770293834,-0.960633191053
1.34951185371003,0.288875737972245,0.66491805369455,-0.953793791666809
1.34962025794245,0.256886994711134,0.688961283245068,-0.945848277956182
1.34972866217486,0.224600314253008,0.712205545632994,-0.936805859885999
1.34983706640728,0.192053135394483,0.73462389419205,-0.926677029586564
1.3499454706397,0.159283217809083,0.756190309598896,-0.915473527407966
1.35005387487211,0.12632855693079,0.776879793962934,-0.903208350893684
1.35016227910453,0.0932273827410022,0.796668335316061,-0.889895718057048
1.35027068333695,0.0600180744196623,0.815532997827633,-0.875551072247241
1.35037908756936,0.0267391563337933,0.833451887052948,-0.860191043386697
1.35048749180178,-0.00657078611692035,0.850404235225927,-0.843833449108978
1.3505958960342,-0.0398731125430008,0.866370366642181,-0.82649725409915
1.35066350924355,-0.060624041188617,0.875821436867252,-0.815197395678595
1.3507311224529,-0.0813474473146626,0.884877273594567,-0.803529826279867
1.35079873566225,-0.10203407311539,0.893533836834903,-0.791499763719508
1.35086634887159,-0.122674587058092,0.90178721443147,-0.779112627373323
1.35095850817907,-0.150716830759747,0.912380664378463,-0.761663833618688
1.35105066748655,-0.178632821734492,0.922209372149814,-0.743576550415309
1.35111086733446,-0.19678906905322,0.928212935222005,-0.731423866168769
1.35117106718238,-0.214874836564894,0.93388446841096,-0.719009631846034
1.35123126703029,-0.232883712267512,0.939221968308561,-0.706338256041064
1.3512914668782,-0.250809241609619,0.944223513709348,-0.693414272099706
1.35136396714013,-0.272277576272402,0.949798508730926,-0.677520932458491
1.35143646740205,-0.2936046642902,0.954880778959431,-0.661276114669198
1.35150896766398,-0.314779454380638,0.959467701521677,-0.644688247141019
1.3515814679259,-0.33579093710809,0.963556882622479,-0.627765945514384
1.35165396818783,-0.356628230508659,0.967146214749673,-0.610517984240986
1.35172646844975,-0.377280505140857,0.970233823035496,-0.592953317894612
1.35181463579399,-0.402130593678205,0.973310240390923,-0.571179646712708
1.35190280313822,-0.426672244800533,0.975639968103686,-0.548967723303163
1.35199097048246,-0.450886607235276,0.977221229003053,-0.526334621767733
1.3520791378267,-0.474755078993256,0.978052797089152,-0.503297718095871
1.35216730517093,-0.498259351266715,0.978134045575515,-0.479874694308793
1.35225547251517,-0.521381379517828,0.977464900601508,-0.456083521083652
1.3523436398594,-0.544103432700079,0.976045886428783,-0.431942453728676
1.35243180720364,-0.56640806944559,0.973878080888157,-0.407470011442545
1.35251997454787,-0.588278186528087,0.970963157467157,-0.382684970939061
1.35262837878036,-0.61454726836184,0.966358520177039,-0.35181125181515
1.35273678301286,-0.640103814801688,0.960633175917268,-0.320529361115585
1.35284518724535,-0.664918096809654,0.953793774458097,-0.288875677648412
1.35295359147784,-0.688961324913476,0.945848258688913,-0.256886933775446
1.35306199571033,-0.712205585802495,0.936805838577072,-0.224600252774554
1.35317039994282,-0.734623932812112,0.926677006255197,-0.192053073443037
1.35327880417531,-0.756190346620786,0.915473502075763,-0.159283155454992
1.3533872084078,-0.776879829339675,0.903208323584608,-0.12632849424493
1.35349561264029,-0.796668369002567,0.889895688797332,-0.0932273197947288
1.35360401687278,-0.8155330297808,0.875551041065431,-0.0600180112846112
1.35371242110528,-0.833451917231647,0.860191010313585,-0.0267390930819324
1.35382082533777,-0.850404263591,0.843833414177569,0.00657084941346305
1.35392922957026,-0.86637039315662,0.826497217344633,0.03987317581199
1.35399684271626,-0.875821453533136,0.815197368573424,0.0606240849597447
1.35406445586226,-0.884877281143766,0.803529809523874,0.0813474716199153
1.35413206900826,-0.893533836011087,0.79149975799807,0.102034078013018
1.35419968215426,-0.901787205989224,0.779112633356682,0.122674572632573
1.3542918414449,-0.912380654488248,0.761663843204329,0.150716811283948
1.35438400073553,-0.922209361097417,0.743576563825694,0.178632797271773
1.35444420061455,-0.928212927649899,0.731423873601199,0.196789054048713
1.35450440049358,-0.933884463977895,0.719009633026253,0.214874830951677
1.3545646003726,-0.93922196667012,0.706338250701581,0.23288371596855
1.35462480025162,-0.944223514517986,0.693414259980123,0.250809254537919
1.35469730051113,-0.949798509090309,0.677520920677971,0.272277588412386
1.35476980077063,-0.954880778901005,0.661276103255512,0.293604675645486
1.35484230103014,-0.959467701077192,0.644688236121247,0.314779464955992
1.35491480128965,-0.963556881824091,0.627765934914771,0.335790946909387
1.35498730154916,-0.967146213629884,0.610517974086938,0.356628239543
1.35505980180867,-0.970233821627178,0.592953308210764,0.377280513416396
1.35514796914781,-0.973310238609985,0.571179638170891,0.402130600439139
1.35523613648694,-0.975639966035987,0.548967715957957,0.426672250078062
1.35532430382608,-0.977221226734847,0.526334615670869,0.450886611064023
1.35541247116522,-0.978052794707088,0.503297713296052,0.474755081411046
1.35550063850436,-0.978134043166245,0.479874690851708,0.49825935231455
1.3555888058435,-0.977464898251816,0.456083519011922,0.521381379239889
1.35567697318264,-0.976045884225319,0.431942453081727,0.544103431143618
1.35576514052177,-0.973878078917342,0.407470012256503,0.566408066660859
1.35585330786091,-0.970963155815082,0.382684973246859,0.588278182568209
1.3559617120934,-0.966358518735545,0.351811254204491,0.614547264531069
1.35607011632588,-0.96063317468544,0.320529363579691,0.640103811105772
1.35617852055837,-0.953793773434605,0.2888756801805,0.664918093254138
1.35628692479085,-0.945848257872351,0.256886936368617,0.688961321503762
1.35639532902334,-0.936805837965646,0.224600255421846,0.712205582543833
1.35650373325582,-0.926677005846939,0.192053076137408,0.734623929709549
1.35661213748831,-0.915473501868522,0.159283158189382,0.756190343679155
1.35672054172079,-0.90320832357597,0.126328497012215,0.776879826563742
1.35682894595328,-0.889895688984564,0.0932273225877029,0.796668366396843
1.35693735018577,-0.875551041445626,0.0600180140961027,0.815533027349538
1.35704575441825,-0.860191010883642,0.0267390959046886,0.833451914978984
1.35715415865074,-0.843833414934081,-0.00657084658670886,0.850404261520823
1.35726256288322,-0.826497218284111,-0.0398731729884961,0.866370391272613
1.35733017603004,-0.815197369486026,-0.060624082393082,0.875821451879101
1.35739778917685,-0.803529810399233,-0.0813474693121651,0.884877279711393
1.35746540232367,-0.791499758825951,-0.102034075965867,0.893533834791824
1.35753301547048,-0.779112634127053,-0.122674570847374,0.9017872049744
1.35762517472935,-0.761663850219958,-0.150716799874596,0.912380650094553
1.35771733398822,-0.743576577518902,-0.17863277633756,0.922209353856482
1.35777753389383,-0.731423882222175,-0.196789041208611,0.928212923430791
1.35783773379944,-0.719009636339784,-0.214874826149412,0.933884462489192
1.35789793370506,-0.706338248478421,-0.232883719139221,0.939221967617629
1.35795813361067,-0.69341425199699,-0.250809265608115,0.944223517605113
1.35803063387039,-0.67752091252187,-0.27227759949676,0.949798512018641
1.35810313413011,-0.66127609492741,-0.293604686739233,0.954880781666651
1.35817563438983,-0.644688227622211,-0.314779476054231,0.959467703676439
1.35824813464955,-0.627765926246008,-0.335790958007214,0.963556884253212
1.35832063490927,-0.610517965249822,-0.356628250635399,0.967146215885198
1.35839313516898,-0.592953299206797,-0.377280524498312,0.970233823705113
1.35848130248047,-0.571179635928916,-0.402130603682966,0.973310239611881
1.35856946979195,-0.548967720752926,-0.42667224567729,0.975639966430208
1.35865763710344,-0.52633462776152,-0.450886599229864,0.977221226991346
1.35874580441492,-0.503297732924574,-0.474755062372132,0.978052795296699
1.3588339717264,-0.479874718243377,-0.498259326316596,0.978134044559997
1.35892213903789,-0.456083554374896,-0.521381346545194,0.977464900920097
1.35901030634937,-0.431942496606436,-0.544103392030763,0.976045888637217
1.35909847366085,-0.407470064115628,-0.566408021424307,0.973878085539935
1.35918664097234,-0.382685033594858,-0.588278131517881,0.970963165112711
1.35929504520474,-0.351811315448722,-0.614547214888425,0.966358530337145
1.35940344943714,-0.320529425646719,-0.64010376293364,0.960633188580392
1.35951185366954,-0.288875742996123,-0.664918046613592,0.953793789609725
1.35962025790195,-0.256886999857625,-0.688961276454066,0.945848276311696
1.35972866213435,-0.224600319508236,-0.71220553914245,0.936805858650692
1.35983706636675,-0.192053140744468,-0.734623888012092,0.926677028756571
1.35994547059915,-0.159283223239721,-0.756190303739306,0.915473526979002
1.36005387483156,-0.126328562427835,-0.776879788433106,0.903208350860927
1.36016227906396,-0.0932273882902242,-0.796668330125004,0.889895718415205
1.36027068329636,-0.060018080006643,-0.815532992984007,0.875551072990621
1.36037908752876,-0.0267391619441345,-0.833451882565007,0.86019104450916
1.36048749176117,0.00657078049769051,-0.850404231101519,0.843833450603793
1.36059589599357,0.0398731069293596,-0.866370362888688,0.8264972559593
1.36066350920451,0.0606240360777377,-0.875821433568161,0.815197397490441
1.36073112241546,0.081347442710625,-0.884877270733692,0.803529828023061
1.3607987356264,0.102034069021663,-0.89353383439567,0.791499765373995
1.36086634883734,0.122674583477439,-0.901787212396822,0.779112628919382
1.36095850808131,0.150716807938122,-0.912380655588925,0.761663847650767
1.36105066732528,0.178632779870354,-0.92220935766832,0.743576577797943
1.36111086722636,0.196789043375291,-0.9282129267834,0.731423883408081
1.36117106712745,0.21487482696064,-0.933884465432491,0.719009638471839
1.36123126702854,0.232883718607141,-0.939221970202076,0.706338251594895
1.36129146692962,0.250809263746265,-0.944223519881356,0.693414256135103
1.36136396719195,0.272277598430613,-0.949798514583766,0.677520916153132
1.36143646745427,0.293604686460442,-0.954880784485658,0.661276098025218
1.3615089677166,0.314779476553272,-0.959467706714088,0.644688230160799
1.36158146797892,0.335790959273333,-0.963556887473931,0.627765928200577
1.36165396824125,0.356628252656674,-0.967146219253166,0.610517966596482
1.36172646850357,0.377280527261656,-0.970233827184313,0.592953299922621
1.3618146357925,0.402130600123446,-0.973310242388931,0.571179642265456
1.36190280308142,0.426672235957127,-0.975639968887616,0.548967732930493
1.36199097037035,0.450886583525786,-0.97722122951279,0.526334645986984
1.36207913765928,0.474755040874966,-0.978052798266436,0.503297757391469
1.3621673049482,0.498259299231012,-0.978134048362286,0.479874749131255
1.36225547223713,0.521381314089389,-0.977464905938553,0.456083591849178
1.36234363952606,0.54410335443609,-0.976045895254371,0.431942540818246
1.36243180681498,0.56640797893503,-0.973878094136418,0.407470115201393
1.36251997410391,0.588278084390719,-0.970963176066838,0.38268509167607
1.36262837833624,0.61454716904167,-0.966358543385957,0.351811374344238
1.36273678256857,0.640103718424329,-0.960633203714193,0.320529485289809
1.36284518680089,0.664918003497218,-0.953793806816454,0.288875803319226
1.36295359103322,0.688961234784486,-0.945848295576909,0.256887060792399
1.36306199526555,0.71220549897193,-0.936805879957517,0.224600380985594
1.36317039949788,0.734623849391135,-0.926677052085768,0.192053202694619
1.36327880373021,0.756190266716604,-0.915473552308929,0.159283285592303
1.36338720796254,0.77687975305564,-0.903208378167652,0.126328625111979
1.36349561219487,0.796668296437852,-0.889895747672436,0.0932274512345817
1.3636040164272,0.815532961030239,-0.875551104169833,0.0600181431395591
1.36371242065953,0.833451852385785,-0.860191077579497,0.0267392251936601
1.36382082489186,0.85040420273595,-0.843833485532256,-0.00657071720369353
1.36392922912418,0.866370336373804,-0.826497292710687,-0.0398730436631157
1.36399684239847,0.875821416901065,-0.815197424593374,-0.0606239923077152
1.36406445567276,0.884877263182567,-0.803529844777703,-0.0813474184048522
1.36413206894705,0.893533835216976,-0.791499771095103,-0.102034064121872
1.36419968222133,0.901787220835897,-0.779112622936759,-0.122674597899169
1.36429184148212,0.912380665474307,-0.761663838069049,-0.150716827405272
1.36438400074291,0.922209368714496,-0.743576564394923,-0.178632804319582
1.36444420061291,0.928212934350983,-0.731423875980127,-0.196789058370886
1.3645044004829,0.933884469862588,-0.719009637293109,-0.214874832569509
1.3645646003529,0.939221971838956,-0.706338256932709,-0.232883714906274
1.36462480022289,0.944223519072355,-0.693414268249765,-0.250809250822626
1.36469730048763,0.94979851422393,-0.67752092792856,-0.272277586295389
1.36476980075237,0.954880784543588,-0.661276109433581,-0.293604675110012
1.36484230101711,0.959467707157994,-0.644688241175158,-0.314779465982871
1.36491480128186,0.963556888271631,-0.627765938794606,-0.335790949477045
1.3649873015466,0.967146220372189,-0.610517976744751,-0.356628243627456
1.36505980181134,0.970233828591818,-0.592953309600527,-0.377280518991307
1.36514796910536,0.973310244168764,-0.57117965080216,-0.402130593366654
1.36523613639938,0.975639970954023,-0.548967740271388,-0.426672230682682
1.3653243036934,0.977221231779544,-0.526334652080423,-0.450886579699151
1.36541247098742,0.978052800647035,-0.50329776218875,-0.474755038458334
1.36550063828144,0.978134050770061,-0.479874752586706,-0.498259298183368
1.36558880557546,0.977464908286848,-0.456083593920293,-0.521381314366538
1.36567697286948,0.976045897456516,-0.431942541465601,-0.544103355990916
1.3657651401635,0.973878096106108,-0.407470114388846,-0.566407981717284
1.36585330745752,0.970963177718042,-0.382685089370761,-0.588278088347303
1.36596171168986,0.966358544826621,-0.351811371957148,-0.614547172869471
1.36607011592219,0.960633204945346,-0.320529482827682,-0.640103722117666
1.36617852015453,0.953793807839306,-0.288875800788852,-0.664918007050447
1.36628692438686,0.945848296392881,-0.256887058200642,-0.688961238192256
1.3663953286192,0.93680588056836,-0.224600378339433,-0.712205502228939
1.36650373285153,0.926677052493394,-0.192053200001046,-0.734623852492364
1.36661213708387,0.915473552515553,-0.159283282858425,-0.756190269657126
1.36672054131621,0.903208378175694,-0.126328622344894,-0.776879755830776
1.36682894554854,0.889895747484514,-0.093227448441481,-0.79666829904305
1.36693734978088,0.875551103788821,-0.0600181403276199,-0.815532963461235
1.36704575401321,0.860191077008533,-0.026739222370149,-0.833451854638355
1.36715415824555,0.843833484774678,0.00657072003153292,-0.85040420480625
1.36726256247789,0.826497291770025,0.0398730464880404,-0.866370338258086
1.36733017575136,0.815197423679553,0.0606239948758488,-0.875821418555421
1.36739778902483,0.80352984390112,0.0813474207141318,-0.88487726461525
1.3674654022983,0.791499770265961,0.102034066170574,-0.893533836436553
1.36753301557178,0.779112622165169,0.122674599685931,-0.9017872218511
1.36762517486431,0.761663831056764,0.150716838809037,-0.912380669865787
1.36771733415685,0.743576550709884,0.178632825241121,-0.92220937595099
1.36777753400026,0.731423867364304,0.196789071203222,-0.928212938567538
1.36783773384368,0.719009633981505,0.214874837368883,-0.933884471350369
1.3678979336871,0.706338259154419,0.232883711737546,-0.939221970891948
1.36795813353052,0.693414276227953,0.250809239759195,-0.94422351598714
1.36803063379505,0.677520936079385,0.272277575218104,-0.949798511297466
1.36810313405959,0.661276117756007,0.293604664023701,-0.954880781779733
1.36817563432412,0.644688249668124,0.314779454892393,-0.959467704560481
1.36824813458865,0.627765947456889,0.335790938387329,-0.963556885844198
1.36832063485318,0.610517985575014,0.356628232543471,-0.967146218118482
1.36839313511771,0.592953318597243,0.377280507918124,-0.970233826515374
1.36848130243937,0.571179653041059,0.40213059012659,-0.973310243167638
1.36856946976103,0.548967735477755,0.426672235082376,-0.975639970560111
1.36865763708268,0.526334639995751,0.450886591527485,-0.977221231523207
1.36874580440434,0.503297742570928,0.474755057486813,-0.978052800057769
1.368833971726,0.479874725210653,0.498259324166472,-0.978134049377111
1.36892213904766,0.456083558577978,0.521381347042127,-0.97746490562012
1.36901030636931,0.431942497966663,0.544103395080542,-0.976045893047229
1.36909847369097,0.40747006256075,0.566408026926705,-0.973878089487434
1.36918664101263,0.382685029059167,0.588278139366796,-0.970963168425952
1.36929504524504,0.351811310750682,0.614547222481425,-0.966358533232116
1.36940344947746,0.320529420799761,0.640103770259322,-0.960633191059087
1.36951185370988,0.288875738013696,0.664918053660864,-0.953793791674549
1.36962025794229,0.256886994753437,0.688961283212184,-0.945848277965611
1.36972866217471,0.224600314296099,0.712205545601028,-0.936805859897104
1.36983706640712,0.192053135438316,0.734623894161053,-0.926677029599324
1.36994547063954,0.159283217853621,0.756190309568889,-0.915473527422472
1.37005387487195,0.126328556975948,0.776879793934004,-0.903208350909933
1.37016227910437,0.0932273827867871,0.796668335288246,-0.88989571807504
1.37027068333678,0.0600180744659697,0.815532997800954,-0.875551072266905
1.3703790875692,0.0267391563806004,0.833451887027564,-0.860191043408133
1.37048749180161,-0.00657078606970103,0.850404235201803,-0.843833449132105
1.37059589603403,-0.0398731124954118,0.866370366619411,-0.82649725412397
1.37066350924342,-0.0606240411549041,0.875821436851578,-0.815197395696654
1.37073112245282,-0.081347447294805,0.884877273585548,-0.803529826290713
1.37079873566221,-0.102034073109349,0.893533836831999,-0.791499763722636
1.37086634887161,-0.122674587065803,0.901787214434087,-0.779112627368284
1.37095850817905,-0.150716830756268,0.912380664376907,-0.761663833620653
1.37105066748649,-0.178632821719911,0.922209372144704,-0.743576550424777
1.37111086733442,-0.19678906904372,0.92821293521885,-0.731423866175123
1.37117106718235,-0.214874836560447,0.933884468409565,-0.71900963184912
1.37123126703028,-0.232883712268051,0.939221968308797,-0.706338256040689
1.37129146687821,-0.250809241615137,0.944223513710954,-0.693414272095784
1.37136396714013,-0.272277576277639,0.949798508732417,-0.677520932454751
1.37143646740206,-0.293604664295165,0.954880778960798,-0.661276114665614
1.37150896766398,-0.314779454385352,0.959467701522998,-0.644688247137629
1.3715814679259,-0.335790937112531,0.963556882623734,-0.6277659455112
1.37165396818783,-0.356628230512855,0.967146214750868,-0.610517984237996
1.37172646844975,-0.377280505144775,0.970233823036683,-0.592953317891894
1.37181463579395,-0.402130593671874,0.973310240390992,-0.571179646719114
1.37190280313815,-0.42667224478418,0.975639968103261,-0.548967723319056
1.37199097048235,-0.450886607209208,0.977221229002688,-0.526334621793467
1.37207913782655,-0.474755078957795,0.978052797089581,-0.503297718131751
1.37216730517075,-0.498259351222182,0.978134045577281,-0.479874694355076
1.37225547251495,-0.521381379464601,0.977464900605263,-0.456083521140642
1.37234363985915,-0.544103432638492,0.976045886435159,-0.431942453796655
1.37243180720335,-0.566408069376058,0.973878080897738,-0.407470011521662
1.37251997454754,-0.588278186451047,0.970963157480613,-0.382684971029567
1.37262837878004,-0.614547268287201,0.966358520193829,-0.351811251906622
1.37273678301253,-0.640103814729579,0.960633175937432,-0.320529361207829
1.37284518724502,-0.664918096740115,0.95379377448149,-0.288875677741323
1.37295359147751,-0.688961324846567,0.945848258715529,-0.256886933868958
1.37306199571001,-0.712205585738314,0.936805838606796,-0.22460025286849
1.3731703999425,-0.7346239327507,0.926677006287981,-0.192053073537269
1.37327880417499,-0.756190346562174,0.915473502111658,-0.159283155549455
1.37338720840748,-0.776879829283934,0.903208323623449,-0.126328494339479
1.37349561263998,-0.796668368949814,0.889895688839045,-0.0932273198892393
1.37360401687247,-0.81553302973097,0.875551041110005,-0.0600180113790011
1.37371242110496,-0.833451917184792,0.860191010360876,-0.0267390931760675
1.37382082533745,-0.85040426354723,0.843833414227546,0.00657084931971871
1.37392922956994,-0.866370393115898,0.82649721739718,0.0398731757187359
1.37399684271603,-0.875821453506482,0.815197368612508,0.0606240848939888
1.37406445586212,-0.884877281130103,0.803529809548509,0.0813474715816077
1.37413206900821,-0.893533836009368,0.791499758007282,0.102034078002098
1.3741996821543,-0.901787205998433,0.779112633349516,0.122674572648929
1.37429184144494,-0.912380654496769,0.76166384319742,0.150716811299359
1.37438400073557,-0.922209361105307,0.743576563819056,0.178632797286274
1.37444420061457,-0.928212927655783,0.731423873598242,0.196789054057556
1.37450440049358,-0.933884463981948,0.719009633027075,0.214874830954916
1.37456460037258,-0.93922196667255,0.706338250706334,0.232883715966232
1.37462480025158,-0.944223514519086,0.693414259988994,0.250809254530101
1.37469730051109,-0.949798509091986,0.677520920685953,0.27227758840601
1.37476980077061,-0.954880778903137,0.661276103262626,0.293604675640537
1.37484230103012,-0.959467701079848,0.644688236127388,0.314779464952459
1.37491480128963,-0.963556881827173,0.627765934919887,0.33579094690727
1.37498730154915,-0.967146213633265,0.610517974091031,0.356628239542259
1.37505980180866,-0.970233821630786,0.592953308213784,0.377280513417012
1.37514796914777,-0.973310238612792,0.571179638181524,0.402130600431282
1.37523613648688,-0.975639966038415,0.548967715976488,0.426672250061964
1.37532430382598,-0.977221226737454,0.526334615697592,0.450886611039869
1.37541247116509,-0.97805279471037,0.503297713331255,0.474755081379113
1.3755006385042,-0.978134043170747,0.479874690895602,0.49825935227513
1.37558880584331,-0.977464898258026,0.456083519064734,0.521381379193288
1.37567697318242,-0.97604588423379,0.431942453143654,0.544103431090126
1.37576514052152,-0.973878078928537,0.407470012327741,0.566408066600814
1.37585330786063,-0.970963155829528,0.38268497332754,0.588278182501979
1.37596171209312,-0.966358518752815,0.351811254285791,0.614547264467033
1.37607011632561,-0.960633174705479,0.320529363661474,0.640103811044025
1.37617852055809,-0.953793773457406,0.288875680262701,0.664918093194757
1.37628692479058,-0.945848257897838,0.256886936451094,0.688961321446695
1.37639532902307,-0.936805837993704,0.224600255504497,0.712205582489208
1.37650373325555,-0.926677005877538,0.192053076220141,0.734623929657406
1.37661213748804,-0.915473501901617,0.15928315827209,0.756190343629526
1.37672054172053,-0.903208323611427,0.126328497094785,0.776879826516644
1.37682894595301,-0.889895689022378,0.093227322670065,0.79666836635225
1.3769373501855,-0.875551041485681,0.0600180141781182,0.815533027307573
1.37704575441799,-0.86019101092591,0.0267390959862827,0.833451914939629
1.37715415865048,-0.843833414978488,-0.00657084650562791,0.850404261484137
1.37726256288296,-0.826497218330506,-0.0398731729080089,0.866370391238499
1.37733017602986,-0.815197369520453,-0.0606240823369101,0.875821451857333
1.37739778917675,-0.803529810420745,-0.0813474692802611,0.884877279701032
1.37746540232364,-0.791499758833747,-0.102034075958178,0.89353383479195
1.37753301547054,-0.779112634120282,-0.122674570863785,0.901787204984043
1.37762517472943,-0.761663850209373,-0.150716799896334,0.91238065010568
1.37771733398831,-0.743576577504235,-0.178632776364583,0.922209353868828
1.37777753389389,-0.731423882214025,-0.196789041225244,0.928212923439281
1.37783773379947,-0.71900963633852,-0.214874826155728,0.933884462494261
1.37789793370505,-0.706338248484329,-0.232883719135292,0.939221967619612
1.37795813361062,-0.693414252010352,-0.250809265594034,0.944223517604383
1.37803063387034,-0.677520912535187,-0.272277599483116,0.949798512018276
1.37810313413007,-0.661276094940672,-0.293604686725966,0.954880781666673
1.37817563438979,-0.644688227635405,-0.31477947604139,0.959467703676797
1.37824813464951,-0.627765926259129,-0.335790957994783,0.96355688425391
1.37832063490923,-0.61051796526285,-0.356628250623366,0.967146215886201
1.37839313516895,-0.592953299219725,-0.377280524486708,0.970233823706398
1.37848130248045,-0.571179635938472,-0.402130603675477,0.973310239613961
1.37856946979194,-0.548967720758999,-0.426672245673814,0.975639966432833
1.37865763710344,-0.52633462776389,-0.450886599230304,0.977221226994206
1.37874580441494,-0.503297732923193,-0.474755062376375,0.978052795299598
1.37883397172644,-0.479874718238124,-0.498259326324508,0.978134044562596
1.37892213903793,-0.456083554365614,-0.521381346556665,0.977464900922273
1.37901030634943,-0.431942496593059,-0.544103392045628,0.976045888638691
1.37909847366093,-0.407470064098062,-0.566408021442426,0.97387808554047
1.37918664097243,-0.382685033572979,-0.588278131539102,0.970963165112072
1.37929504520483,-0.351811315426163,-0.614547214909354,0.96635853033549
1.37940344943724,-0.320529425623515,-0.640103762954199,0.96063318857769
1.37951185366964,-0.28887574297226,-0.66491804663376,0.953793789606016
1.37962025790204,-0.256886999833152,-0.688961276473777,0.945848276306922
1.37972866213445,-0.224600319483204,-0.712205539161704,0.936805858644886
1.37983706636685,-0.192053140718864,-0.734623888030839,0.926677028749674
1.37994547059925,-0.159283223213593,-0.756190303757474,0.915473526971059
1.38005387483166,-0.126328562401238,-0.776879788450659,0.903208350851918
1.38016227906406,-0.0932273882631529,-0.796668330141961,0.88989571840511
1.38027068329646,-0.060018079979148,-0.815532993000242,0.875551072979366
1.38037908752887,-0.0267391619162499,-0.83345188258053,0.860191044496765
1.38048749176127,0.00657078052592628,-0.850404231116257,0.843833450590309
1.38059589599367,0.0398731069579069,-0.866370362902633,0.826497255944713
1.38066350920459,0.0606240360988938,-0.875821433578236,0.815197397479309
1.38073112241551,0.0813474427244328,-0.884877270740134,0.803529828015706
1.38079873562643,0.102034069028108,-0.89353383439875,0.791499765370633
1.38086634883735,0.122674583476546,-0.901787212396835,0.779112628920298
1.38095850808133,0.150716807941661,-0.912380655590513,0.761663847648843
1.38105066732531,0.178632779878241,-0.922209357671184,0.7435765777929
1.38111086722639,0.196789043379878,-0.928212926785023,0.731423883405097
1.38117106712747,0.214874826961925,-0.933884465432957,0.719009638471038
1.38123126702854,0.232883718605155,-0.939221970201499,0.706338251596304
1.38129146692962,0.25080926374104,-0.944223519879894,0.693414256138848
1.38136396719194,0.272277598424574,-0.949798514582099,0.677520916157506
1.38143646745426,0.293604686453605,-0.954880784483845,0.66127609803022
1.38150896771659,0.31477947654566,-0.9594677067122,0.644688230166518
1.38158146797891,0.335790959264969,-0.963556887471962,0.627765928206957
1.38165396824123,0.356628252647566,-0.967146219251205,0.610517966603592
1.38172646850355,0.377280527251811,-0.970233827182338,0.592953299930475
1.38181463579251,0.402130600122644,-0.97331024238814,0.571179642265443
1.38190280308147,0.426672235965147,-0.975639968887395,0.548967732922222
1.38199097037042,0.450886583542391,-0.977221229512631,0.52633464597025
1.38207913765938,0.474755040899846,-0.978052798265847,0.503297757365963
1.38216730494834,0.498259299263892,-0.978134048360643,0.479874749096738
1.3822554722373,0.521381314129971,-0.977464905935392,0.456083591805399
1.38234363952626,0.544103354484056,-0.97604589524908,0.431942540765001
1.38243180681522,0.566407978990017,-0.973878094128483,0.407470115138431
1.38251997410417,0.588278084452417,-0.97096317605573,0.382685091603299
1.3826283783365,0.614547169101847,-0.966358543371984,0.351811374270111
1.38273678256884,0.64010371848298,-0.960633203697384,0.320529485214404
1.38284518680117,0.66491800355419,-0.953793806796857,0.288875803242609
1.3829535910335,0.688961234839771,-0.945848295554462,0.256887060714668
1.38306199526583,0.71220549902539,-0.936805879932219,0.224600380906849
1.38317039949816,0.734623849442713,-0.92667705205767,0.19205320261493
1.38327880373049,0.756190266766235,-0.915473552277995,0.159283285511773
1.38338720796282,0.776879753103216,-0.903208378133907,0.126328625030701
1.38349561219515,0.796668296483255,-0.889895747635955,0.0932274511526492
1.38360401642748,0.815532961073456,-0.875551104130529,0.0600181430570689
1.38371242065981,0.833451852426722,-0.860191077537467,0.0267392251107124
1.38382082489214,0.850404202774545,-0.843833485487551,-0.00657071728699674
1.38392922912447,0.866370336409955,-0.826497292663287,-0.0398730437466821
1.38399684239867,0.875821416924779,-0.815197424557837,-0.0606239923669662
1.38406445567288,0.884877263194706,-0.803529844754924,-0.0813474184398018
1.38413206894709,0.89353383521849,-0.791499771085921,-0.102034064132602
1.3841996822213,0.901787220827809,-0.779112622942072,-0.122674597885769
1.38429184148211,0.91238066546914,-0.761663838069901,-0.150716827399269
1.38438400074293,0.922209368711923,-0.743576564391024,-0.178632804320899
1.38444420061292,0.928212934348245,-0.731423875976331,-0.196789058371907
1.38450440048291,0.933884469859695,-0.719009637289492,-0.214874832570228
1.38456460035291,0.939221971835917,-0.706338256929219,-0.232883714906702
1.3846248002229,0.94422351906918,-0.693414268246431,-0.250809250822749
1.38469730048763,0.949798514220204,-0.677520927926643,-0.272277586293586
1.38476980075237,0.954880784539407,-0.661276109433094,-0.293604675106317
1.38484230101711,0.959467707153468,-0.644688241176141,-0.314779465977322
1.38491480128184,0.963556888266791,-0.627765938797174,-0.335790949469638
1.38498730154658,0.967146220367202,-0.610517976748925,-0.356628243618253
1.38505980181131,0.970233828586707,-0.59295330960642,-0.377280518980328
1.38514796910535,0.97331024416462,-0.571179650802634,-0.402130593362005
1.3852361363994,0.975639970950394,-0.5489677402662,-0.426672230684199
1.38532430369344,0.977221231776125,-0.526334652069421,-0.450886579706671
1.38541247098748,0.978052800643397,-0.503297762171748,-0.47475503847165
1.38550063828152,0.978134050765826,-0.479874752563506,-0.498259298202311
1.38558880557556,0.977464908281617,-0.456083593890709,-0.521381314390918
1.38567697286961,0.976045897449976,-0.431942541429503,-0.544103356020475
1.38576514016365,0.973878096097838,-0.407470114346054,-0.566407981751766
1.38585330745769,0.970963177707696,-0.382685089321198,-0.588278088386502
1.38596171169003,0.966358544814559,-0.351811371907249,-0.614547172907324
1.38607011592236,0.960633204931602,-0.320529482777514,-0.640103722154072
1.38617852015469,0.95379380782392,-0.288875800738487,-0.66491800708544
1.38628692438703,0.945848296375912,-0.25688705815017,-0.688961238225722
1.38639532861936,0.936805880549866,-0.224600378288929,-0.712205502260938
1.3865037328517,0.926677052473356,-0.192053199950557,-0.734623852522826
1.38661213708403,0.915473552494046,-0.159283282808004,-0.756190269686039
1.38672054131637,0.903208378152751,-0.126328622294636,-0.77687975585811
1.3868289455487,0.889895747460229,-0.0932274483914031,-0.796668299068823
1.38693734978104,0.875551103763169,-0.0600181402778205,-0.815532963485386
1.38704575401337,0.860191076981615,-0.0267392223206533,-0.833451854660937
1.38715415824571,0.843833484746537,0.00657072008065921,-0.850404204827204
1.38726256247804,0.826497291740719,0.0398730465367197,-0.866370338277433
1.38733017575146,0.815197423657712,0.0606239949094759,-0.875821418567191
1.38739778902489,0.803529843887256,0.0813474207327462,-0.884877264620004
1.38746540229831,0.791499770260623,0.10203406617422,-0.893533836434847
1.38753301557173,0.779112622168855,0.122674599674678,-0.901787221843519
1.38762517486425,0.761663831064732,0.150716838791498,-0.91238066985624
1.38771733415676,0.743576550722494,0.178632825217373,-0.922209375939852
1.38777753400021,0.731423867371339,0.196789071188327,-0.928212938559631
1.38783773384366,0.71900963398269,0.214874837362751,-0.933884471345464
1.38789793368711,0.706338259149532,0.232883711740137,-0.939221970889685
1.38795813353056,0.693414276216762,0.250809239770397,-0.944223515987121
1.3880306337951,0.677520936066057,0.272277575231842,-0.949798511297914
1.38810313405964,0.661276117740567,0.29360466403989,-0.954880781780438
1.38817563432418,0.644688249650404,0.314779454911017,-0.959467704561409
1.38824813458872,0.627765947436872,0.335790938408308,-0.963556885845152
1.38832063485326,0.610517985552585,0.356628232566758,-0.967146218119357
1.3883931351178,0.592953318572361,0.37728050794369,-0.970233826516084
1.38848130243946,0.571179653014421,0.402130590153371,-0.9733102431678
1.38856946976112,0.548967735449262,0.426672235110352,-0.975639970559585
1.38865763708279,0.52633463996537,0.450886591556606,-0.97722123152195
1.38874580440445,0.503297742538653,0.474755057516996,-0.978052800055634
1.38883397172611,0.479874725176379,0.498259324197652,-0.978134049374059
1.38892213904778,0.456083558541761,0.521381347074268,-0.977464905616037
1.38901030636944,0.431942497928473,0.544103395113525,-0.976045893042008
1.3890984736911,0.407470062520556,0.566408026960446,-0.973878089481015
1.38918664101276,0.382685029016973,0.588278139401257,-0.970963168418245
1.38929504524518,0.351811310707856,0.614547222515099,-0.966358533222955
1.3894034494776,0.320529420756341,0.640103770292191,-0.960633191048495
1.38951185371001,0.288875737969694,0.664918053692835,-0.953793791662533
1.38962025794243,0.256886994708932,0.688961283243264,-0.945848277952185
1.38972866217484,0.224600314251121,0.712205545631154,-0.936805859882271
1.38983706640726,0.1920531353929,0.734623894190212,-0.926677029583052
1.38994547063968,0.159283217807808,0.756190309596984,-0.915473527404808
1.39005387487209,0.126328556929816,0.776879793961059,-0.903208350890883
1.39016227910451,0.0932273827403346,0.796668335314185,-0.889895718054514
1.39027068333692,0.0600180744193026,0.815532997825789,-0.875551072245064
1.39037908756934,0.0267391563337206,0.833451887051215,-0.860191043384913
1.39048749180176,-0.00657078611671423,0.850404235224286,-0.84383344910756
1.39059589603417,-0.0398731125425363,0.866370366640648,-0.826497254098098
1.39066350924351,-0.0606240411856752,0.875821436864728,-0.815197395679043
1.39073112245285,-0.08134744730927,0.884877273591176,-0.803529826281901
1.39079873566219,-0.102034073107573,0.893533836830807,-0.791499763723231
1.39086634887154,-0.122674587047836,0.901787214426684,-0.779112627378854
1.39095850817893,-0.150716830723621,0.912380664364742,-0.761663833641073
1.39105066748632,-0.178632821672719,0.922209372128514,-0.743576550455758
1.39111086733431,-0.196789069014201,0.928212935209223,-0.731423866195011
1.3911710671823,-0.214874836548483,0.93388446840586,-0.719009631857353
1.39123126703028,-0.232883712273499,0.939221968310366,-0.706338256036825
1.39129146687827,-0.250809241637848,0.944223513717152,-0.693414272079306
1.3913639671402,-0.272277576301931,0.949798508738601,-0.677520932436678
1.39143646740213,-0.293604664321016,0.9548807789669,-0.661276114645891
1.39150896766406,-0.314779454412719,0.95946770152894,-0.644688247116226
1.39158146792599,-0.335790937141361,0.963556882629438,-0.627765945488072
1.39165396818792,-0.356628230543122,0.967146214756212,-0.610517984213079
1.39172646844985,-0.377280505176447,0.970233823041614,-0.592953317865149
1.39181463579404,-0.402130593700566,0.973310240394829,-0.571179646694231
1.39190280313823,-0.426672244809928,0.975639968106163,-0.548967723296185
1.39199097048242,-0.450886607232074,0.977221229004777,-0.526334621772689
1.39207913782661,-0.474755078977832,0.978052797090995,-0.503297718113147
1.3921673051708,-0.498259351239452,0.97813404557825,-0.479874694338756
1.39225547251499,-0.521381379479143,0.977464900605907,-0.45608352112675
1.39234363985918,-0.544103432650434,0.976045886435635,-0.431942453785212
1.39243180720337,-0.566408069385479,0.973878080898269,-0.407470011512774
1.39251997454756,-0.588278186457998,0.970963157481318,-0.38268497102329
1.39262837878005,-0.614547268294163,0.96635852019436,-0.35181125190022
1.39273678301254,-0.640103814736483,0.9606331759378,-0.320529361201303
1.39284518724503,-0.664918096747018,0.953793774481728,-0.28887567773472
1.39295359147753,-0.688961324853371,0.945848258715655,-0.256886933862244
1.39306199571002,-0.71220558574507,0.936805838606776,-0.22460025286169
1.39317039994251,-0.734623932757421,0.926677006287811,-0.192053073530394
1.393278804175,-0.756190346568783,0.915473502111298,-0.15928315554246
1.3933872084075,-0.776879829290514,0.903208323622896,-0.126328494332399
1.39349561263999,-0.796668368956268,0.889895688838389,-0.0932273198820766
1.39360401687248,-0.815533029737381,0.875551041109133,-0.0600180113717418
1.39371242110497,-0.833451917191139,0.860191010359893,-0.026739093168729
1.39382082533747,-0.850404263553431,0.843833414226329,0.00657084932712282
1.39392922956996,-0.866370393121986,0.826497217395825,0.0398731757261912
1.39399684271604,-0.875821453511437,0.81519736861239,0.0606240848990491
1.39406445586212,-0.884877281133973,0.803529809549696,0.0813474715842992
1.3941320690082,-0.893533836012256,0.791499758009911,0.102034078002402
1.39419968215429,-0.901787206000435,0.779112633353644,0.122674572646847
1.39429184144487,-0.912380654493811,0.761663843210621,0.150716811283199
1.39438400073546,-0.922209361098103,0.743576563841962,0.178632797256156
1.39444420061451,-0.928212927652993,0.731423873613565,0.196789054039432
1.39450440049355,-0.933884463983093,0.719009633034472,0.214874830948656
1.39456460037259,-0.939221966677261,0.70633825070552,0.232883715971755
1.39462480025163,-0.944223514526901,0.693414259979605,0.250809254547277
1.39469730051114,-0.949798509099236,0.677520920676991,0.272277588422247
1.39476980077065,-0.954880778909909,0.661276103254075,0.293604675655848
1.39484230103016,-0.959467701086156,0.64468823611933,0.314779464966823
1.39491480128967,-0.963556881833039,0.627765934912322,0.335790946920727
1.39498730154918,-0.967146213638746,0.61051797408399,0.356628239554784
1.39505980180869,-0.970233821635949,0.592953308207308,0.377280513428633
1.39514796914778,-0.973310238617133,0.571179638179036,0.402130600438062
1.39523613648687,-0.975639966042276,0.548967715978316,0.426672250063982
1.39532430382596,-0.977221226741077,0.526334615703798,0.450886611037323
1.39541247116506,-0.978052794714074,0.503297713341977,0.474755081372105
1.39550063850415,-0.978134043174816,0.479874690910965,0.498259352263837
1.39558880584324,-0.977464898262735,0.456083519084937,0.521381379177838
1.39567697318233,-0.976045884239437,0.431942453168751,0.544103431070673
1.39576514052142,-0.973878078935415,0.407470012357877,0.566408066577578
1.39585330786051,-0.970963155837925,0.382684973362793,0.588278182475108
1.395961712093,-0.966358518762522,0.351811254321792,0.614547264440738
1.39607011632548,-0.960633174716523,0.320529363698195,0.6401038110183
1.39617852055797,-0.953793773469752,0.28887568030005,0.664918093169714
1.39628692479046,-0.945848257911461,0.256886936489077,0.68896132142239
1.39639532902294,-0.936805838008665,0.224600255543065,0.712205582465632
1.39650373325543,-0.926677005893869,0.192053076259246,0.734623929634616
1.39661213748791,-0.915473501919254,0.159283158311701,0.756190343607521
1.3967205417204,-0.903208323630368,0.126328497134873,0.776879826495494
1.39682894595289,-0.889895689042657,0.0932273227105708,0.796668366332099
1.39693735018537,-0.875551041507327,0.0600180142190129,0.815533027288305
1.39704575441786,-0.86019101094887,0.0267390960275137,0.833451914921368
1.39715415865034,-0.843833415002777,-0.00657084646410891,0.85040426146691
1.39726256288283,-0.826497218356145,-0.0398731728662763,0.86637039122243
1.39733017602976,-0.815197369539912,-0.0606240823076033,0.875821451847504
1.3973977891767,-0.803529810433698,-0.0813474692633583,0.884877279697047
1.39746540232363,-0.791499758839642,-0.102034075953635,0.893533834793286
1.39753301547057,-0.779112634118702,-0.122674570871555,0.901787204990266
1.39762517472948,-0.761663850203897,-0.150716799909928,0.912380650113831
1.39771733398838,-0.743576577494595,-0.1786327763839,0.922209353878505
1.39777753389393,-0.731423882209291,-0.196789041236808,0.928212923446121
1.39783773379949,-0.719009636338913,-0.214874826159569,0.933884462498473
1.39789793370504,-0.706338248490084,-0.232883719131503,0.939221967621559
1.39795813361059,-0.693414252021663,-0.250809265582658,0.944223517604338
1.39803063387031,-0.677520912547716,-0.272277599470404,0.949798512018138
1.39810313413002,-0.661276094954429,-0.293604686712021,0.954880781666441
1.39817563438974,-0.644688227650455,-0.31477947602618,0.959467703676604
1.39824813464945,-0.627765926275457,-0.335790957978337,0.963556884253812
1.39832063490917,-0.610517965280539,-0.356628250605721,0.967146215886257
1.39839313516889,-0.592953299238812,-0.377280524467887,0.970233823706697
1.39848130248038,-0.571179635958782,-0.402130603655871,0.973310239614648
1.39856946979187,-0.548967720780503,-0.426672245653477,0.975639966433958
1.39865763710337,-0.526334627786651,-0.450886599209256,0.977221226995921
1.39874580441486,-0.50329773294724,-0.474755062354656,0.978052795301871
1.39883397172636,-0.47987471826343,-0.498259326302171,0.9781340445656
1.39892213903785,-0.456083554392185,-0.521381346533769,0.977464900925941
1.39901030634935,-0.431942496620955,-0.54410339202222,0.976045888643174
1.39909847366084,-0.407470064127259,-0.566408021418559,0.973878085545813
1.39918664097233,-0.382685033603492,-0.588278131514806,0.970963165118295
1.39929504520474,-0.351811315456757,-0.614547214885915,0.966358530342629
1.39940344943714,-0.320529425654148,-0.640103762931604,0.960633188585756
1.39951185366955,-0.288875743002865,-0.664918046612068,0.953793789614911
1.39962025790195,-0.256886999863707,-0.68896127645299,0.945848276316653
1.39972866213436,-0.224600319513658,-0.712205539141803,0.936805858655422
1.39983706636676,-0.192053140749191,-0.734623888011824,0.926677028761007
1.39994547059917,-0.159283223243764,-0.756190303739384,0.915473526983106
1.40005387483157,-0.126328562431201,-0.776879788433478,0.903208350864688
1.40016227906398,-0.093227388292888,-0.796668330125687,0.889895718418537
1.40027068329638,-0.0600180800086151,-0.815532992984891,0.875551072993452
1.40037908752879,-0.0267391619454125,-0.833451882566074,0.860191044511477
1.40048749176119,0.00657078049707797,-0.850404231102694,0.843833450605585
1.4005958959936,0.0398731069294139,-0.86637036288997,0.826497255960532
1.40066350920455,0.0606240360798992,-0.875821433570276,0.815197397490361
1.4007311224155,0.0813474427149136,-0.884877270736494,0.803529828021575
1.40079873562645,0.102034069028048,-0.893533834399118,0.791499765371049
1.4008663488374,0.122674583485875,-0.901787212400803,0.77911262891491
1.40095850808141,0.150716807960257,-0.912380655597504,0.761663847637228
1.40105066732542,0.178632779906011,-0.922209357680685,0.743576577774666
1.40111086722646,0.196789043397509,-0.9282129267907,0.731423883393171
1.40117106712751,0.214874826969493,-0.933884465435247,0.719009638465733
1.40123126702855,0.232883718602744,-0.93922197020067,0.706338251597922
1.40129146692959,0.250809263728726,-0.94422351987639,0.693414256147664
1.40136396719191,0.272277598411317,-0.949798514578545,0.677520916167213
1.40143646745423,0.29360468643938,-0.954880784480293,0.661276098040875
1.40150896771655,0.314779476530496,-0.959467706708637,0.644688230178146
1.40158146797886,0.335790959248873,-0.963556887468484,0.627765928219631
1.40165396824118,0.356628252630564,-0.967146219247876,0.61051796661731
1.4017264685035,0.377280527233947,-0.970233827179218,0.592953299945248
1.40181463579248,0.402130600111385,-0.973310242386106,0.57117964227469
1.40190280308146,0.426672235960376,-0.975639968886144,0.548967732925735
1.40199097037044,0.4508865835439,-0.97722122951173,0.526334645967811
1.40207913765943,0.474755040907507,-0.978052798264888,0.503297757357344
1.40216730494841,0.498259299277455,-0.97813404835926,0.479874749081767
1.40225547223739,0.521381314149227,-0.977464905933143,0.456083591783915
1.40234363952637,0.544103354508786,-0.976045895245583,0.431942540736765
1.40243180681535,0.566407979019993,-0.97387809412338,0.407470115103374
1.40251997410433,0.58827808448738,-0.970963176048604,0.382685091561215
1.40262837833666,0.61454716913545,-0.966358543363324,0.351811374227826
1.40273678256899,0.640103718515166,-0.96063320368719,0.320529485172035
1.40284518680132,0.664918003584971,-0.953793806785152,0.288875803200173
1.40295359103365,0.688961234869096,-0.945848295541345,0.25688706067224
1.40306199526598,0.712205499053238,-0.936805879917753,0.224600380864482
1.4031703994983,0.734623849469075,-0.926677052041768,0.192053202572686
1.40327880373063,0.756190266791075,-0.915473552260848,0.159283285469722
1.40338720796296,0.776879753126601,-0.90320837811549,0.126328624988889
1.40349561219529,0.796668296505138,-0.889895747616294,0.0932274511111304
1.40360401642762,0.815532961093804,-0.875551104109711,0.0600181430158999
1.40371242065995,0.8334518524456,-0.860191077515564,0.0267392250699562
1.40382082489228,0.850404202791881,-0.843833485464585,-0.00657071732730547
1.4039292291246,0.866370336425812,-0.826497292639346,-0.0398730437864768
1.40399684239877,0.87582141693467,-0.815197424539572,-0.0606239923951321
1.40406445567295,0.884877263199061,-0.80352984474273,-0.0813474184563898
1.40413206894712,0.893533835217773,-0.79149977108017,-0.10203406413761
1.40419968222129,0.901787220822442,-0.779112622943205,-0.122674597879241
1.4042918414821,0.912380665464204,-0.761663838070562,-0.150716827393633
1.40438400074292,0.922209368707361,-0.743576564391169,-0.178632804316173
1.40444420061292,0.928212934344236,-0.731423875975412,-0.19678905836886
1.40450440048292,0.933884469856186,-0.719009637287379,-0.214874832568846
1.40456460035292,0.939221971832889,-0.706338256925938,-0.232883714906955
1.40462480022291,0.94422351906654,-0.693414268241893,-0.250809250824646
1.40469730048765,0.949798514217588,-0.677520927921608,-0.27227758629599
1.40476980075239,0.954880784536828,-0.661276109427599,-0.293604675109234
1.40484230101713,0.959467707150834,-0.644688241170148,-0.314779465980699
1.40491480128186,0.963556888264148,-0.627765938790652,-0.335790949473511
1.4049873015466,0.967146220364435,-0.61051797674187,-0.356628243622569
1.40505980181134,0.970233828583889,-0.592953309598763,-0.377280518985101
1.40514796910541,0.973310244162512,-0.571179650786975,-0.402130593375575
1.40523613639948,0.975639970948511,-0.548967740242204,-0.426672230706339
1.40532430369356,0.977221231773893,-0.526334652036791,-0.450886579737135
1.40541247098763,0.978052800640283,-0.503297762130164,-0.474755038510142
1.40550063828171,0.978134050761342,-0.479874752512797,-0.498259298248529
1.40558880557578,0.977464908275192,-0.456083593830607,-0.521381314444585
1.40567697286986,0.976045897441024,-0.431942541359785,-0.544103356081266
1.40576514016393,0.97387809608588,-0.407470114266597,-0.56640798181931
1.405853307458,0.97096317769224,-0.382685089231759,-0.588278088460463
1.40596171169034,0.966358544795813,-0.351811371816558,-0.614547172979266
1.40607011592267,0.960633204909629,-0.320529482685671,-0.640103722223956
1.40617852015501,0.953793807798715,-0.288875800645575,-0.664918007153149
1.40628692438734,0.945848296347524,-0.256887058056303,-0.688961238291212
1.40639532861968,0.936805880518276,-0.22460037819418,-0.712205502324095
1.40650373285201,0.92667705243868,-0.192053199855071,-0.734623852583599
1.40661213708435,0.915473552456233,-0.15928328271188,-0.756190269744362
1.40672054131668,0.903208378111842,-0.126328622197961,-0.776879755913931
1.40682894554902,0.889895747416309,-0.0932274482943216,-0.796668299121981
1.40693734978135,0.875551103716291,-0.0600181401804374,-0.815532963535839
1.40704575401368,0.86019107693175,-0.0267392222230518,-0.833451854708701
1.40715415824602,0.843833484693807,0.00657072017835683,-0.850404204872148
1.40726256247835,0.826497291685143,0.0398730466344113,-0.866370338319521
1.40733017575168,0.8151974236169,0.0606239949772329,-0.875821418594134
1.40739778902501,0.803529843862344,0.0813474207706021,-0.884877264632938
1.40746540229833,0.791499770252634,0.102034066182285,-0.893533836434892
1.40753301557166,0.779112622178818,0.122674599653086,-0.901787221831893
1.40762517486416,0.761663831077749,0.150716838766037,-0.91238066984377
1.40771733415666,0.743576550738646,0.178632825188099,-0.922209375926769
1.40777753400015,0.731423867380343,0.196789071170379,-0.928212938550726
1.40783773384363,0.719009633984195,0.214874837356095,-0.933884471340277
1.40789793368712,0.706338259143226,0.232883711744649,-0.939221970887899
1.4079581335306,0.693414276202288,0.250809239785985,-0.944223515988296
1.40803063379514,0.677520936051817,0.272277575246728,-0.94979851129852
1.40810313405968,0.661276117726577,0.2936046640541,-0.954880781780648
1.40817563432422,0.644688249636643,0.31477945492455,-0.959467704561212
1.40824813458876,0.6277659474234,0.335790938421165,-0.963556885844512
1.4083206348533,0.610517985539419,0.356628232578955,-0.967146218118373
1.40839313511783,0.592953318559533,0.377280507955184,-0.970233826514688
1.4084813024395,0.571179653001062,0.402130590165085,-0.97331024316614
1.40856946976116,0.54896773543545,0.426672235122241,-0.975639970557705
1.40865763708283,0.5263346399511,0.450886591568657,-0.977221231519736
1.40874580440449,0.503297742523899,0.474755057529165,-0.978052800053089
1.40883397172615,0.479874725161185,0.498259324209955,-0.978134049371167
1.40892213904782,0.45608355852608,0.521381347086689,-0.977464905612745
1.40901030636948,0.431942497912312,0.544103395126027,-0.97604589303834
1.40909847369115,0.407470062503927,0.56640802697301,-0.973878089476921
1.40918664101281,0.382685028999829,0.588278139413903,-0.970963168413712
1.40929504524523,0.351811310690034,0.614547222527891,-0.966358533217886
1.40940344947765,0.320529420737836,0.640103770305026,-0.960633191042841
1.40951185371006,0.288875737950524,0.664918053705743,-0.953793791656247
1.40962025794248,0.256886994689052,0.688961283256175,-0.94584827794519
1.4097286621749,0.224600314230594,0.712205545644013,-0.9368058598746
1.40983706640732,0.192053135371709,0.734623894202982,-0.926677029574664
1.40994547063973,0.159283217785969,0.756190309609686,-0.915473527395632
1.41005387487215,0.126328556907337,0.776879793973583,-0.90320835088094
1.41016227910457,0.0932273827172469,0.796668335326549,-0.889895718043803
1.41027068333699,0.0600180743955964,0.815532997837935,-0.875551072233492
1.41037908756941,0.0267391563094539,0.833451887063015,-0.86019104337246
1.41048749180182,-0.00657078614153115,0.850404235235757,-0.843833449094238
1.41059589603424,-0.0398731125678915,0.866370366651755,-0.826497254083856
1.41066350924356,-0.0606240412034095,0.875821436872056,-0.815197395668635
1.41073112245287,-0.0813474473193741,0.884877273594985,-0.803529826275612
1.41079873566219,-0.102034073110053,0.893533836831417,-0.7914997637213
1.41086634887151,-0.122674587042755,0.901787214424381,-0.779112627381612
1.41095850817887,-0.150716830709707,0.912380664359392,-0.761663833649674
1.41105066748623,-0.178632821650089,0.922209372120703,-0.743576550470584
1.41111086733425,-0.196789069001099,0.928212935204924,-0.731423866203808
1.41117106718227,-0.214874836544819,0.933884468404722,-0.719009631859887
1.41123126703029,-0.232883712279227,0.939221968312068,-0.706338256032822
1.41129146687831,-0.250809241652838,0.944223513721326,-0.69341427206846
1.41136396714025,-0.272277576319111,0.949798508743093,-0.677520932423966
1.41143646740218,-0.293604664340327,0.954880778971597,-0.661276114631266
1.41150896766412,-0.314779454434127,0.95946770153375,-0.644688247099595
1.41158146792606,-0.335790937164844,0.963556882634244,-0.627765945469389
1.411653968188,-0.3566282305686,0.967146214760886,-0.61051798419229
1.41172646844993,-0.377280505203879,0.970233823046053,-0.592953317842161
1.41181463579409,-0.402130593719732,0.973310240397671,-0.571179646677943
1.41190280313826,-0.426672244821028,0.975639968107889,-0.548967723286832
1.41199097048242,-0.450886607235332,0.977221229005913,-0.526334621770572
1.41207913782658,-0.474755078973445,0.978052797092034,-0.503297718118565
1.41216730517074,-0.498259351227651,0.978134045579621,-0.479874694351954
1.4122554725149,-0.521381379460252,0.977464900608127,-0.456083521147879
1.41234363985906,-0.544103432624678,0.976045886439219,-0.431942453814507
1.41243180720322,-0.566408069353153,0.973878080903587,-0.407470011550444
1.41251997454738,-0.588278186419427,0.97096315748897,-0.382684971069509
1.41262837877987,-0.61454726825622,0.966358520203945,-0.351811251947671
1.41273678301236,-0.640103814699264,0.960633175949281,-0.320529361249972
1.41284518724486,-0.664918096710576,0.953793774495176,-0.288875677784541
1.41295359147735,-0.688961324817859,0.945848258730992,-0.256886933913147
1.41306199570984,-0.71220558571047,0.936805838624136,-0.22460025291365
1.41317039994233,-0.734623932723832,0.926677006307202,-0.192053073583355
1.41327880417482,-0.756190346536299,0.915473502132708,-0.159283155596374
1.41338720840731,-0.776879829259175,0.903208323646404,-0.126328494387206
1.4134956126398,-0.796668368926211,0.889895688863906,-0.0932273199377061
1.41360401687229,-0.815533029708586,0.875551041136748,-0.0600180114281344
1.41371242110478,-0.833451917163752,0.860191010389583,-0.026739093225842
1.41382082533727,-0.850404263527511,0.843833414258157,0.00657084926937281
1.41392922956976,-0.866370393097568,0.826497217429724,0.0398731756679073
1.4139968427159,-0.875821453495592,0.815197368638166,0.0606240848574443
1.41406445586203,-0.88487728112609,0.803529809566757,0.0813474715593528
1.41413206900817,-0.893533836011719,0.791499758017658,0.102034077994075
1.4141996821543,-0.90178720600655,0.779112633351497,0.122674572655083
1.41429184144489,-0.912380654499332,0.761663843209083,0.15071681129028
1.41438400073547,-0.922209361103127,0.743576563841075,0.178632797262086
1.41444420061451,-0.928212927657087,0.731423873614508,0.196789054042555
1.41450440049354,-0.933884463986388,0.719009633037341,0.214874830949036
1.41456460037257,-0.939221966679772,0.706338250710407,0.232883715969382
1.4146248002516,-0.944223514528739,0.693414259986541,0.250809254542234
1.41469730051112,-0.949798509101766,0.677520920682592,0.272277588419186
1.41476980077064,-0.954880778913015,0.661276103258238,0.293604675654762
1.41484230103015,-0.959467701089728,0.644688236122025,0.3147794649677
1.41491480128967,-0.963556881836987,0.627765934913488,0.335790946923503
1.41498730154919,-0.967146213643009,0.610517974083564,0.356628239559462
1.4150598018087,-0.970233821640359,0.592953308205233,0.377280513435155
1.41514796914777,-0.973310238620542,0.571179638184246,0.402130600436326
1.41523613648683,-0.975639966045202,0.54896771599101,0.426672250054202
1.41532430382589,-0.977221226744004,0.526334615724298,0.450886611019705
1.41541247116495,-0.978052794717426,0.503297713370539,0.474755081346932
1.41550063850401,-0.978134043179141,0.479874690947852,0.498259352231319
1.41558880584308,-0.977464898268565,0.456083519130349,0.521381379138268
1.41567697318214,-0.976045884247252,0.431942453222892,0.544103431024355
1.4157651405212,-0.973878078945694,0.407470012420885,0.566408066524832
1.41585330786026,-0.970963155851154,0.382684973434883,0.588278182416274
1.41596171209275,-0.966358518778348,0.351811254394683,0.614547264383656
1.41607011632523,-0.960633174734833,0.320529363771811,0.640103810963064
1.41617852055772,-0.953793773490643,0.288875680374351,0.664918093116261
1.41628692479021,-0.945848257934809,0.256886936563969,0.68896132137085
1.41639532902269,-0.936805838034537,0.22460025561845,0.712205582416063
1.41650373325518,-0.926677005922099,0.192053076335027,0.734623929587053
1.41661213748767,-0.915473501949913,0.159283158387827,0.756190343562104
1.41672054172015,-0.903208323663388,0.12632849721122,0.7768798264522
1.41682894595264,-0.889895689077992,0.093227322787056,0.796668366290917
1.41693735018513,-0.875551041544909,0.0600180142955464,0.815533027249371
1.41704575441761,-0.86019101098871,0.0267390961040293,0.833451914884653
1.4171541586501,-0.843833415044765,-0.00657084638771373,0.850404261432489
1.41726256288259,-0.826497218400224,-0.0398731727900819,0.866370391190314
1.4173301760296,-0.815197369572164,-0.0606240822552645,0.875821451827423
1.41739778917661,-0.803529810453248,-0.0813474692348087,0.884877279688091
1.41746540232362,-0.791499758845739,-0.102034075948832,0.893533834794548
1.41753301547063,-0.779112634110431,-0.122674570890407,0.901787205000869
1.41762517472957,-0.761663850188735,-0.150716799938761,0.912380650127517
1.41771733398851,-0.74357657747213,-0.178632776422598,0.922209353894758
1.41777753389402,-0.731423882196108,-0.196789041260859,0.928212923456973
1.41783773379952,-0.719009636335432,-0.21487482616909,0.933884462504524
1.41789793370503,-0.706338248496683,-0.232883719126594,0.939221967623269
1.41795813361053,-0.693414252038764,-0.25080926556345,0.94422351760222
1.41803063387025,-0.677520912563488,-0.272277599453506,0.949798512016967
1.41810313412998,-0.661276094968797,-0.293604686697368,0.954880781666132
1.4181756343897,-0.644688227663345,-0.314779476013747,0.959467703677065
1.41824813464942,-0.627765926286802,-0.335790957968129,0.963556884254924
1.41832063490915,-0.610517965290265,-0.3566282505977,0.967146215887948
1.41839313516887,-0.592953299246784,-0.377280524462018,0.970233823708824
1.41848130248036,-0.571179635967171,-0.402130603649723,0.973310239616888
1.41856946979186,-0.548967720789292,-0.426672245647042,0.975639966436346
1.41865763710335,-0.526334627795788,-0.450886599202617,0.977221226998427
1.41874580441484,-0.503297732956751,-0.47475506234781,0.978052795304559
1.41883397172633,-0.47987471827336,-0.498259326295095,0.978134044568434
1.41892213903783,-0.456083554402526,-0.521381346526486,0.977464900929035
1.41901030634932,-0.431942496631671,-0.544103392014764,0.976045888646442
1.41909847366081,-0.407470064138389,-0.566408021410936,0.973878085549307
1.41918664097231,-0.38268503361504,-0.588278131507015,0.970963165122057
1.41929504520471,-0.351811315468693,-0.614547214878039,0.966358530346715
1.41940344943711,-0.320529425666518,-0.640103762923709,0.960633188590218
1.41951185366952,-0.288875743015645,-0.664918046604127,0.953793789619728
1.41962025790192,-0.256886999876902,-0.688961276445,0.945848276321883
1.41972866213433,-0.224600319527272,-0.712205539133826,0.936805858661075
1.41983706636673,-0.192053140763207,-0.734623888003882,0.926677028767088
1.41994547059913,-0.159283223258157,-0.756190303731479,0.915473526989652
1.42005387483154,-0.126328562446009,-0.776879788425661,0.903208350871671
1.42016227906394,-0.09322738830806,-0.796668330117948,0.889895718426024
1.42027068329634,-0.0600180800241687,-0.815532992977305,0.875551073001459
1.42037908752875,-0.0267391619613173,-0.833451882558644,0.860191044519953
1.42048749176115,0.00657078048085799,-0.850404231095464,0.843833450614616
1.42059589599355,0.0398731069128553,-0.866370362882977,0.826497255970087
1.42066350920452,0.0606240360688584,-0.875821433565954,0.81519739749707
1.42073112241549,0.0813474427093897,-0.884877270734667,0.803529828025286
1.42079873562646,0.102034069028016,-0.893533834399579,0.791499765371544
1.42086634883743,0.122674583491319,-0.901787212403315,0.779112628911956
1.42095850808148,0.150716807979486,-0.912380655604802,0.761663847625309
1.42105066732554,0.178632779938872,-0.92220935769205,0.743576577753157
1.42111086722654,0.196789043416787,-0.928212926797052,0.731423883380247
1.42117106712754,0.214874826975309,-0.93388446543708,0.719009638461754
1.42123126702854,0.232883718595197,-0.939221970198498,0.706338251603287
1.42129146692954,0.250809263707944,-0.944223519870669,0.693414256162751
1.42136396719186,0.272277598392053,-0.949798514573579,0.677520916181525
1.42143646745418,0.293604686421638,-0.954880784476022,0.661276098054331
1.4215089677165,0.31477947651427,-0.95946770670499,0.644688230190671
1.42158146797883,0.335790959234138,-0.963556887465391,0.627765928231209
1.42165396824115,0.356628252617322,-0.967146219245234,0.610517966627903
1.42172646850347,0.377280527222154,-0.970233827176946,0.592953299954787
1.42181463579248,0.402130600106479,-0.973310242384857,0.571179642278341
1.42190280308148,0.426672235962164,-0.975639968885442,0.548967732923272
1.42199097037049,0.450886583552221,-0.977221229511168,0.526334645958961
1.4220791376595,0.47475504092212,-0.978052798264044,0.503297757341908
1.4221673049485,0.498259299298199,-0.978134048357765,0.47987474905954
1.42225547223751,0.521381314175846,-0.977464905930592,0.456083591754714
1.42234363952651,0.544103354541048,-0.976045895241539,0.4319425407005
1.42243180681552,0.566407979057618,-0.973878094117454,0.407470115059809
1.42251997410452,0.588278084530098,-0.970963176040348,0.382685091510253
1.42262837833685,0.614547169177106,-0.966358543353065,0.351811374175934
1.42273678256918,0.640103718555694,-0.960633203674941,0.320529485119241
1.42284518680151,0.664918003624299,-0.953793806770883,0.288875803146577
1.42295359103384,0.68896123490716,-0.945848295525047,0.256887060617868
1.42306199526617,0.712205499089994,-0.936805879899474,0.224600380809435
1.4231703994985,0.734623849504482,-0.926677052021497,0.192053202517023
1.42327880373083,0.756190266825076,-0.915473552238578,0.159283285413484
1.42338720796316,0.776879753159104,-0.903208378091277,0.126328624932139
1.42349561219549,0.796668296536114,-0.889895747590121,0.0932274510539638
1.42360401642782,0.815532961123253,-0.875551104081621,0.0600181429583754
1.42371242066014,0.833451852473398,-0.860191077485546,0.0267392250121287
1.42382082489247,0.850404202817997,-0.843833485432664,-0.00657071738534902
1.4239292291248,0.866370336450228,-0.826497292605534,-0.0398730438446834
1.42399684239892,0.875821416950217,-0.815197424514166,-0.0606239924360923
1.42406445567303,0.88487726320646,-0.803529844726358,-0.0813474184801195
1.42413206894715,0.893533835217644,-0.791499771073473,-0.102034064144177
1.42419968222126,0.901787220815446,-0.779112622946734,-0.122674597868716
1.4242918414821,0.912380665460006,-0.761663838069751,-0.150716827390283
1.42438400074294,0.922209368705583,-0.743576564385689,-0.178632804319923
1.42444420061294,0.928212934341891,-0.731423875970848,-0.196789058371077
1.42450440048293,0.933884469853324,-0.719009637283805,-0.214874832569531
1.42456460035292,0.939221971829502,-0.706338256923385,-0.232883714906149
1.42462480022292,0.944223519062716,-0.693414268240427,-0.250809250822327
1.42469730048764,0.949798514213137,-0.677520927921973,-0.272277586291179
1.42476980075237,0.954880784531856,-0.661276109429933,-0.293604675101917
1.4248423010171,0.959467707145457,-0.644688241174485,-0.31477946597098
1.42491480128183,0.963556888258472,-0.62776593879708,-0.335790949461395
1.42498730154656,0.9671462203586,-0.610517976750492,-0.356628243608135
1.42505980181129,0.970233828578011,-0.592953309609646,-0.377280518968366
1.42514796910537,0.973310244157467,-0.5711796507949,-0.402130593362559
1.42523613639946,0.975639970944076,-0.548967740247092,-0.426672230696991
1.42532430369355,0.97722123176979,-0.526334652038493,-0.450886579731333
1.42541247098763,0.97805280063638,-0.503297762128589,-0.474755038507804
1.42550063828172,0.978134050757326,-0.479874752507794,-0.498259298249552
1.42558880557581,0.977464908270963,-0.456083593822106,-0.521381314448848
1.42567697286989,0.976045897436282,-0.431942541347687,-0.544103356088611
1.42576514016398,0.97387809608046,-0.407470114250787,-0.566407981829673
1.42585330745807,0.970963177685851,-0.38268508921221,-0.588278088473633
1.4259617116904,0.966358544788714,-0.351811371796388,-0.614547172992341
1.42607011592274,0.960633204901809,-0.320529482664896,-0.640103722236902
1.42617852015508,0.953793807790117,-0.28887580062419,-0.664918007165923
1.42628692438741,0.945848296338112,-0.256887058034306,-0.688961238303799
1.42639532861975,0.936805880508059,-0.224600378171644,-0.712205502336431
1.42650373285208,0.926677052427571,-0.192053199831962,-0.734623852595629
1.42661213708442,0.915473552444299,-0.15928328268822,-0.756190269756075
1.42672054131676,0.90320837809907,-0.126328622173794,-0.776879755925272
1.42682894554909,0.889895747402598,-0.0932274482696656,-0.796668299132921
1.42693734978143,0.875551103701644,-0.0600181401552852,-0.815532963546404
1.42704575401376,0.860191076916207,-0.0267392221974667,-0.83345185471876
1.4271541582461,0.843833484677344,0.00657072020434467,-0.850404204881677
1.42726256247844,0.826497291667693,0.039873046660782,-0.866370338328522
1.42733017575174,0.815197423603201,0.060623994996018,-0.875821418599211
1.42739778902504,0.803529843852664,0.0813474207818226,-0.88487726463448
1.42746540229834,0.791499770247213,0.10203406618595,-0.893533836433178
1.42753301557164,0.779112622177948,0.122674599649225,-0.901787221827172
1.42762517486412,0.761663831080878,0.150716838756111,-0.912380669836977
1.42771733415661,0.743576550746056,0.178632825172181,-0.922209375918205
1.42777753400011,0.731423867383637,0.19678907116091,-0.928212938544551
1.42783773384362,0.71900963398327,0.214874837352992,-0.933884471336265
1.42789793368713,0.706338259137861,0.232883711747857,-0.939221970885714
1.42795813353063,0.69341427619232,0.250809239795474,-0.944223515987766
1.42803063379518,0.677520936040485,0.272277575257807,-0.949798511298262
1.42810313405972,0.661276117713809,0.293604664066734,-0.954880781780484
1.42817563432426,0.644688249622425,0.314779454938699,-0.95946770456113
1.42824813458881,0.627765947407666,0.335790938436816,-0.963556885844467
1.42832063485335,0.610517985522138,0.356628232596053,-0.967146218118184
1.4283931351179,0.592953318540624,0.377280507973717,-0.970233826514343
1.42848130243955,0.571179652984562,0.402130590180416,-0.973310243164976
1.4285694697612,0.548967735421376,0.426672235134442,-0.975639970555821
1.42865763708286,0.526334639939591,0.450886591577789,-0.977221231517386
1.42874580440451,0.503297742515074,0.474755057535345,-0.978052800050392
1.42883397172616,0.479874725155115,0.498259324213221,-0.97813404936833
1.42892213904782,0.456083558522906,0.521381347087133,-0.977464905610035
1.42901030636947,0.431942497912085,0.544103395123775,-0.976045893035854
1.42909847369112,0.407470062506718,0.566408026968149,-0.973878089474877
1.42918664101278,0.382685029005733,0.588278139406528,-0.970963168412244
1.42929504524519,0.351811310696695,0.614547222520217,-0.966358533216874
1.42940344947761,0.320529420745261,0.640103770297098,-0.960633191042327
1.42951185371002,0.288875737958715,0.664918053697582,-0.953793791656285
1.42962025794244,0.256886994698038,0.688961283247817,-0.945848277945846
1.42972866217485,0.224600314240333,0.71220554563557,-0.936805859875869
1.42983706640727,0.192053135382227,0.734623894194423,-0.92667702957665
1.42994547063968,0.159283217797253,0.756190309601086,-0.915473527398324
1.4300538748721,0.126328556919371,0.776879793965006,-0.903208350884331
1.43016227910452,0.0932273827300356,0.796668335317979,-0.889895718047989
1.43027068333693,0.060018074409107,0.815532997829435,-0.875551072238523
1.43037908756935,0.0267391563236681,0.833451887054739,-0.860191043378379
1.43048749180176,-0.00657078612664423,0.850404235227654,-0.843833449100985
1.43059589603418,-0.0398731125523157,0.866370366643887,-0.826497254091544
1.43066350924351,-0.0606240411914625,0.875821436866179,-0.815197395674691
1.43073112245283,-0.0813474473110732,0.884877273590957,-0.803529826279877
1.43079873566216,-0.102034073105385,0.893533836829043,-0.791499763723656
1.43086634887149,-0.122674587041698,0.901787214423608,-0.77911262738187
1.43095850817881,-0.150716830695129,0.912380664353825,-0.761663833658683
1.43105066748613,-0.178632821622122,0.922209372111066,-0.743576550488925
1.43111086733418,-0.196789068983283,0.928212935199128,-0.731423866215806
1.43117106718223,-0.214874836537112,0.933884468402349,-0.719009631865232
1.43123126703028,-0.232883712281534,0.939221968312751,-0.706338256031229
1.43129146687833,-0.250809241665064,0.944223513724752,-0.693414272059677
1.43136396714025,-0.272277576326,0.949798508744989,-0.677520932419015
1.43143646740217,-0.293604664341967,0.954880778972287,-0.661276114630291
1.43150896766409,-0.314779454430576,0.959467701533391,-0.644688247102819
1.43158146792601,-0.335790937156207,0.963556882633114,-0.627765945476868
1.43165396818793,-0.356628230554979,0.967146214759235,-0.610517984204272
1.43172646844985,-0.377280505185364,0.970233823044161,-0.592953317858762
1.43181463579396,-0.402130593686996,0.973310240394842,-0.571179646707839
1.43190280313807,-0.42667224477447,0.975639968105018,-0.548967723330516
1.43199097048218,-0.450886607175367,0.977221229003916,-0.526334621828518
1.43207913782629,-0.474755078900519,0.978052797091741,-0.503297718191214
1.4321673051704,-0.498259351142272,0.978134045581927,-0.479874694439647
1.43225547251451,-0.521381379362887,0.977464900613915,-0.456083521251022
1.43234363985862,-0.544103432515927,0.976045886449383,-0.431942453933414
1.43243180720273,-0.566408069233563,0.97387808091899,-0.407470011685415
1.43251997454684,-0.588278186289599,0.970963157510451,-0.382684971220815
1.43262837877933,-0.614547268129873,0.966358520231047,-0.351811252101166
1.43273678301182,-0.640103814576523,0.960633175982014,-0.32052936140547
1.43284518724431,-0.6649180965916,0.953793774533509,-0.288875677941888
1.4329535914768,-0.688961324702755,0.945848258774908,-0.256886934072127
1.43306199570929,-0.712205585599455,0.936805838673569,-0.22460025307411
1.43317039994178,-0.734623932616964,0.926677006362083,-0.192053073745093
1.43327880417427,-0.756190346433799,0.915473502193001,-0.159283155759187
1.43338720840676,-0.776879829161111,0.903208323712006,-0.12632849455092
1.43349561263925,-0.796668368832678,0.889895688934839,-0.0932273201021373
1.43360401687174,-0.815533029619762,0.875551041212875,-0.0600180115930736
1.43371242110423,-0.833451917079694,0.860191010470809,-0.0267390933910844
1.43382082533672,-0.850404263448337,0.843833414344381,0.00657084910401378
1.43392922956921,-0.86637039302345,0.826497217520848,0.0398731755026069
1.43399684271551,-0.875821453446794,0.815197368704712,0.0606240847421
1.43406445586181,-0.884877281100853,0.803529809606956,0.0813474714938944
1.43413206900811,-0.893533836008102,0.791499758029746,0.102034077978368
1.4341996821544,-0.901787206022597,0.779112633333768,0.122674572688889
1.43429184144497,-0.912380654512069,0.761663843195021,0.150716811317047
1.43438400073553,-0.922209361112833,0.743576563830998,0.178632797281858
1.43444420061454,-0.928212927664167,0.731423873609055,0.196789054055124
1.43450440049355,-0.933884463991109,0.719009633036721,0.214874830954419
1.43456460037256,-0.939221966682391,0.706338250714714,0.232883715967685
1.43462480025156,-0.944223514529545,0.693414259996088,0.250809254533474
1.43469730051108,-0.949798509103049,0.677520920691677,0.272277588411368
1.4347698007706,-0.954880778914686,0.661276103266893,0.293604675647838
1.43484230103012,-0.959467701091769,0.644688236130133,0.314779464961697
1.43491480128964,-0.963556881839487,0.627765934921049,0.335790946918415
1.43498730154916,-0.9671462136458,0.610517974090572,0.356628239555253
1.43505980180868,-0.970233821643474,0.592953308211609,0.377280513431836
1.43514796914773,-0.973310238623391,0.571179638194097,0.40213060042931
1.43523613648678,-0.975639966048035,0.548967716004462,0.426672250043589
1.43532430382583,-0.977221226747042,0.52633461574147,0.450886611005586
1.43541247116488,-0.97805279472097,0.503297713391587,0.474755081329416
1.43550063850392,-0.978134043183369,0.479874690972827,0.498259352210534
1.43558880584297,-0.977464898273706,0.456083519159341,0.521381379114391
1.43567697318202,-0.97604588425351,0.431942453256003,0.544103430997514
1.43576514052107,-0.97387807895335,0.407470012458213,0.566408066495147
1.43585330786012,-0.970963155860374,0.382684973476473,0.588278182383909
1.4359617120926,-0.966358518789147,0.351811254437257,0.614547264351884
1.43607011632509,-0.960633174747239,0.320529363815315,0.640103810931901
1.43617852055757,-0.953793773504558,0.288875680418733,0.664918093085827
1.43628692479006,-0.945848257950382,0.256886936609178,0.688961321341198
1.43639532902254,-0.936805838051684,0.224600255664466,0.712205582387225
1.43650373325503,-0.926677005940915,0.192053076381806,0.73462392955909
1.43661213748751,-0.915473501970326,0.159283158435271,0.756190343535052
1.43672054172,-0.903208323685485,0.126328497259321,0.776879826426156
1.43682894595248,-0.889895689101713,0.0932273228357428,0.796668366265949
1.43693735018497,-0.875551041570291,0.0600180143447974,0.815533027225481
1.43704575441746,-0.860191011015727,0.0267390961537589,0.833451914861977
1.43715415864994,-0.843833415073436,-0.00657084633755682,0.850404261410998
1.43726256288243,-0.82649721843056,-0.0398731727395346,0.866370391170091
1.43733017602949,-0.815197369594516,-0.060624082220786,0.875821451815287
1.43739778917655,-0.803529810467011,-0.0813474692163769,0.884877279683407
1.43746540232362,-0.79149975885033,-0.10203407594641,0.893533834796726
1.43753301547068,-0.779112634105378,-0.122674570903902,0.901787205009254
1.43762517472963,-0.761663850181242,-0.150716799955536,0.912380650136782
1.43771733398858,-0.743576577462014,-0.178632776442641,0.92220935390466
1.43777753389406,-0.731423882190748,-0.196789041273337,0.928212923464096
1.43783773379954,-0.719009636335038,-0.214874826174066,0.933884462509092
1.43789793370502,-0.706338248501482,-0.232883719124135,0.939221967625635
1.4379581336105,-0.693414252048978,-0.250809265553632,0.944223517602595
1.43803063387022,-0.677520912575105,-0.272277599442011,0.949798512017079
1.43810313412994,-0.661276094981905,-0.293604686684244,0.954880781666162
1.43817563438965,-0.644688227677995,-0.31477947599901,0.959467703676955
1.43824813464937,-0.627765926303044,-0.335790957951825,0.963556884254847
1.43832063490909,-0.610517965308097,-0.356628250579861,0.967146215887959
1.43839313516881,-0.592953299266377,-0.377280524442678,0.970233823709046
1.4384813024803,-0.571179635987799,-0.402130603629755,0.973310239617534
1.43856946979179,-0.548967720811037,-0.42667224562647,0.97563996643748
1.43865763710328,-0.526334627818686,-0.450886599181447,0.977221227000145
1.43874580441477,-0.503297732980767,-0.4747550623261,0.978052795306852
1.43883397172626,-0.47987471829851,-0.498259326272928,0.978134044571435
1.43892213903775,-0.456083554428844,-0.521381346503868,0.97746490093269
1.43901030634924,-0.431942496659173,-0.544103391991728,0.976045888650923
1.43909847366073,-0.407470064167053,-0.566408021387552,0.973878085554601
1.43918664097222,-0.382685033644877,-0.588278131483327,0.970963165128181
1.43929504520462,-0.351811315498527,-0.614547214855249,0.966358530353764
1.43940344943703,-0.320529425696263,-0.640103762901836,0.960633188598089
1.43951185366943,-0.288875743045309,-0.664918046583165,0.953793789628457
1.43962025790184,-0.256886999906423,-0.688961276424986,0.9458482763314
1.43972866213424,-0.22460031955661,-0.712205539114758,0.936805858671344
1.43983706636665,-0.192053140792323,-0.734623887985715,0.926677028778027
1.43994547059905,-0.159283223287048,-0.756190303714243,0.915473527001297
1.44005387483145,-0.126328562474596,-0.776879788409353,0.903208350883976
1.44016227906386,-0.0932273883363406,-0.796668330102591,0.889895718438918
1.44027068329626,-0.0600180800521062,-0.815532992962854,0.875551073014925
1.44037908752867,-0.0267391619889023,-0.833451882545104,0.860191044533983
1.44048749176107,0.00657078045369374,-0.850404231082838,0.843833450629127
1.44059589599348,0.0398731068861408,-0.866370362871221,0.826497255985056
1.44066350920447,0.0606240360494788,-0.875821433557874,0.815197397508401
1.44073112241546,0.0813474426973241,-0.884877270730017,0.803529828032688
1.44079873562646,0.102034069023229,-0.893533834398058,0.791499765374802
1.44086634883745,0.122674583493791,-0.901787212404667,0.779112628910819
1.44095850808155,0.150716807994585,-0.912380655610601,0.761663847615977
1.44105066732564,0.178632779966491,-0.92220935770158,0.743576577735061
1.44111086722661,0.196789043434221,-0.928212926802762,0.731423883368522
1.44117106712758,0.214874826982651,-0.933884465439333,0.71900963845665
1.44123126702854,0.232883718592524,-0.93922197019768,0.706338251605158
1.44129146692951,0.250809263695353,-0.944223519867188,0.693414256171834
1.44136396719182,0.27227759837783,-0.949798514569835,0.67752091619201
1.44143646745414,0.293604686405833,-0.954880784472161,0.661276098066298
1.44150896771646,0.314779476496895,-0.959467706701057,0.644688230204127
1.44158146797877,0.335790959215214,-0.963556887461455,0.627765928246227
1.44165396824109,0.356628252596895,-0.967146219241407,0.610517966644514
1.44172646850341,0.377280527200257,-0.970233827173336,0.592953299973081
1.44181463579243,0.402130600090064,-0.973310242382321,0.571179642292265
1.44190280308146,0.426672235951121,-0.975639968883716,0.54896773293258
1.44199097037048,0.4508865835464,-0.977221229509949,0.526334645963552
1.44207913765951,0.474755040921408,-0.978052798262979,0.503297757341553
1.44216730494853,0.498259299302404,-0.97813404835652,0.47987474905409
1.44225547223756,0.521381314184811,-0.977464905928849,0.456083591744006
1.44234363952658,0.544103354554604,-0.976045895238994,0.431942540684367
1.44243180681561,0.566407979075581,-0.973878094113761,0.407470115038171
1.44251997410463,0.588278084552243,-0.970963176035269,0.382685091482999
1.44262837833696,0.614547169198315,-0.966358543346878,0.351811374148556
1.44273678256929,0.640103718575933,-0.960633203667764,0.320529485091812
1.44284518680161,0.664918003643606,-0.953793806762735,0.288875803119109
1.44295359103394,0.688961234925458,-0.945848295515936,0.256887060590447
1.44306199526627,0.712205499107315,-0.936805879889387,0.224600380782073
1.4431703994986,0.734623849520786,-0.926677052010555,0.192053202489768
1.44327880373093,0.756190266840378,-0.915473552226786,0.159283285386379
1.44338720796325,0.77687975317339,-0.903208378078611,0.126328624905215
1.44349561219558,0.796668296549388,-0.889895747576687,0.0932274510272713
1.44360401642791,0.815532961135499,-0.875551104067428,0.0600181429319221
1.44371242066024,0.833451852484602,-0.860191077470612,0.0267392249859893
1.44382082489257,0.850404202828223,-0.843833485417059,-0.00657071741117355
1.44392922912489,0.866370336459415,-0.826497292589308,-0.0398730438701276
1.44399684239899,0.87582141695571,-0.815197424501366,-0.0606239924543647
1.44406445567308,0.884877263208507,-0.803529844717273,-0.0813474184912328
1.44413206894717,0.893533835216492,-0.791499771068373,-0.102034064148146
1.44419968222126,0.901787220811386,-0.779112622945842,-0.122674597865561
1.44429184148212,0.912380665458021,-0.761663838065381,-0.15071682739265
1.44438400074298,0.922209368705284,-0.743576564377534,-0.178632804327747
1.44444420061296,0.92821293434046,-0.731423875964451,-0.196789058376041
1.44450440048295,0.933884469850889,-0.719009637279249,-0.214874832571647
1.44456460035293,0.939221971826157,-0.706338256920747,-0.232883714905417
1.44462480022291,0.944223519058574,-0.693414268239802,-0.250809250818806
1.44469730048766,0.949798514210022,-0.677520927918385,-0.272277586291661
1.4447698007524,0.954880784529582,-0.661276109423195,-0.293604675106379
1.44484230101714,0.959467707143826,-0.644688241164506,-0.314779465979329
1.44491480128188,0.963556888257319,-0.627765938783704,-0.335790949473595
1.44498730154662,0.967146220357703,-0.610517976733659,-0.356628243624061
1.44505980181137,0.970233828577192,-0.592953309589211,-0.377280518987981
1.44514796910549,0.973310244157045,-0.571179650765235,-0.402130593391799
1.44523613639961,0.975639970943479,-0.54896774020793,-0.426672230735556
1.44532430369373,0.977221231768436,-0.526334651989488,-0.450886579778952
1.44541247098785,0.978052800633649,-0.503297762069441,-0.474755038564173
1.44550063828198,0.978134050752574,-0.479874752438264,-0.49825929831432
1.4455888055761,0.977464908263579,-0.456083593741945,-0.521381314521665
1.44567697287022,0.976045897425758,-0.431942541256674,-0.544103356169079
1.44576514016434,0.973878096066125,-0.407470114148727,-0.56640798191741
1.44585330745846,0.970963177667154,-0.38268508909892,-0.58827808856824
1.4459617116908,0.966358544765883,-0.351811371681456,-0.614547173084459
1.44607011592314,0.960633204874837,-0.320529482548442,-0.640103722326424
1.44617852015547,0.953793807759126,-0.288875800506359,-0.664918007252741
1.44628692438781,0.945848296303043,-0.256887057915262,-0.6889612383878
1.44639532862015,0.936805880468987,-0.224600378051478,-0.71220550241748
1.44650373285248,0.926677052384506,-0.192053199710841,-0.734623852673658
1.44661213708482,0.915473552397276,-0.159283282566277,-0.756190269831008
1.44672054131715,0.903208378048125,-0.126328622051164,-0.776879755996937
1.44682894554949,0.889895747347851,-0.0932274481465003,-0.796668299201322
1.44693734978183,0.875551103643104,-0.0600181400317423,-0.81553296361137
1.44704575401416,0.860191076853905,-0.0267392220736769,-0.833451854780221
1.4471541582465,0.843833484611378,0.00657072032826604,-0.850404204939617
1.44726256247884,0.826497291598106,0.0398730467846734,-0.866370338382798
1.44733017575201,0.815197423552725,0.0606239950813579,-0.875821418634097
1.44739778902519,0.803529843822638,0.0813474208286746,-0.884877264651307
1.44746540229837,0.791499770239018,0.102034066194443,-0.893533836433456
1.44753301557154,0.779112622192882,0.12267459961951,-0.901787221812379
1.44762517486399,0.761663831102223,0.150716838717482,-0.912380669819746
1.44771733415644,0.743576550774266,0.178632825124758,-0.922209375899043
1.44777753400001,0.731423867400329,0.196789071131777,-0.92821293853209
1.44783773384358,0.719009633987792,0.214874837342024,-0.93388447132982
1.44789793368714,0.706338259129801,0.232883711754906,-0.939221970884692
1.44795813353071,0.693414276171113,0.250809239820363,-0.944223515991456
1.44803063379525,0.677520936021096,0.272277575279569,-0.949798511300672
1.44810313405978,0.661276117696374,0.293604664085411,-0.954880781781788
1.44817563432431,0.644688249607039,0.314779454954324,-0.959467704561356
1.44824813458885,0.62776594739441,0.335790938449435,-0.963556885843826
1.44832063485338,0.610517985511095,0.356628232605732,-0.967146218116802
1.44839313511792,0.592953318531936,0.377280507980476,-0.970233826512389
1.44848130243956,0.571179652977156,0.402130590185501,-0.973310243162636
1.44856946976121,0.54896773541539,0.426672235137903,-0.975639970553276
1.44865763708286,0.526334639935034,0.450886591579651,-0.977221231514697
1.44874580440451,0.503297742512041,0.474755057535654,-0.978052800047672
1.44883397172615,0.479874725153665,0.498259324212019,-0.978134049365636
1.4489221390478,0.456083558523008,0.521381347084477,-0.977464905607485
1.44901030636945,0.431942497913845,0.544103395119719,-0.976045893033544
1.4490984736911,0.407470062510156,0.566408026962744,-0.973878089472895
1.44918664101274,0.382685029010907,0.588278139399843,-0.970963168410721
1.44929504524516,0.351811310701777,0.6145472225139,-0.966358533215688
1.44940344947758,0.320529420750205,0.640103770291216,-0.960633191041414
1.44951185370999,0.288875737963515,0.664918053692094,-0.953793791655592
1.44962025794241,0.256886994702673,0.688961283242739,-0.945848277945362
1.44972866217483,0.224600314244776,0.712205545630842,-0.936805859875608
1.44983706640724,0.192053135386458,0.734623894190128,-0.926677029576573
1.44994547063966,0.159283217801271,0.756190309597128,-0.915473527398439
1.45005387487208,0.126328556923169,0.776879793961411,-0.903208350884563
1.45016227910449,0.0932273827335885,0.796668335314775,-0.889895718048355
1.45027068333691,0.0600180744124164,0.815532997826578,-0.875551072238985
1.45037908756932,0.0267391563267216,0.833451887052216,-0.860191043378941
1.45048749180174,-0.00657078612386099,0.850404235225497,-0.843833449101628
1.45059589603416,-0.0398731125498081,0.866370366642044,-0.826497254092236
1.45066350924348,-0.0606240411886795,0.875821436864311,-0.815197395675629
1.45073112245281,-0.0813474473080069,0.884877273589094,-0.803529826281084
1.45079873566214,-0.102034073102046,0.893533836827249,-0.791499763725176
1.45086634887146,-0.122674587038125,0.901787214421819,-0.779112627383684
1.45095850817877,-0.150716830685662,0.912380664350062,-0.761663833664406
1.45105066748607,-0.1786328216068,0.92220937210566,-0.743576550498866
1.45111086733414,-0.196789068974242,0.928212935196086,-0.731423866221834
1.45117106718221,-0.214874836534296,0.933884468401454,-0.719009631867114
1.45123126703028,-0.232883712284875,0.939221968313742,-0.706338256028816
1.45129146687835,-0.250809241674534,0.944223513727391,-0.693414272052846
1.45136396714028,-0.272277576338628,0.94979850874832,-0.677520932409679
1.45143646740222,-0.293604664357689,0.95488077897609,-0.661276114618403
1.45150896766415,-0.314779454449348,0.959467701537568,-0.644688247088218
1.45158146792608,-0.33579093717795,0.963556882637498,-0.627765945459514
1.45165396818801,-0.356628230579652,0.967146214763718,-0.61051798418405
1.45172646844994,-0.377280505212889,0.970233823048542,-0.59295331783564
1.45181463579403,-0.40213059370932,0.973310240397991,-0.571179646688643
1.45190280313812,-0.426672244791699,0.975639968107231,-0.548967723315503
1.45199097048221,-0.450886607187631,0.977221229005469,-0.526334621817808
1.45207913782631,-0.47475507890794,0.978052797092941,-0.503297718184967
1.4521673051704,-0.498259351144993,0.978134045583085,-0.479874694438055
1.45225547251449,-0.52138137936109,0.977464900615325,-0.456083521254188
1.45234363985858,-0.544103432509745,0.976045886451278,-0.431942453941531
1.45243180720267,-0.566408069223186,0.973878080921787,-0.407470011698596
1.45251997454676,-0.588278186275223,0.970963157514357,-0.382684971239118
1.45262837877926,-0.614547268116357,0.966358520235694,-0.351811252119291
1.45273678301175,-0.640103814563892,0.960633175987294,-0.32052936142338
1.45284518724424,-0.664918096579869,0.953793774539397,-0.288875677959481
1.45295359147673,-0.688961324691933,0.945848258781358,-0.256886934089438
1.45306199570922,-0.712205585589489,0.936805838680539,-0.224600253091054
1.45317039994172,-0.734623932607879,0.926677006369528,-0.192053073761641
1.45327880417421,-0.756190346425544,0.91547350220086,-0.159283155775337
1.4533872084067,-0.77687982915369,0.903208323720348,-0.126328494566626
1.45349561263919,-0.796668368826072,0.889895688943478,-0.0932273201173874
1.45360401687169,-0.815533029613968,0.875551041221805,-0.0600180116078382
1.45371242110418,-0.833451917074675,0.860191010480029,-0.0267390934053348
1.45382082533667,-0.85040426344411,0.843833414353824,0.0065708490902976
1.45392922956916,-0.866370393019931,0.826497217530476,0.0398731754894509
1.45399684271547,-0.875821453445126,0.81519736871271,0.0606240847324444
1.45406445586178,-0.884877281100954,0.803529809613226,0.0813474714877253
1.45413206900809,-0.893533836009741,0.791499758034109,0.102034077975654
1.4541996821544,-0.90178720602571,0.779112633336093,0.12267457268965
1.45429184144495,-0.912380654513991,0.761663843199519,0.150716811314479
1.4543840007355,-0.922209361113763,0.743576563837821,0.17863279727599
1.45444420061452,-0.928212927665901,0.731423873614655,0.19678905405123
1.45450440049353,-0.933884463993535,0.719009633041072,0.214874830952508
1.45456460037255,-0.939221966685515,0.706338250717812,0.232883715967724
1.45462480025156,-0.944223514533225,0.693414259997777,0.250809254535467
1.45469730051109,-0.949798509107263,0.677520920691841,0.272277588415446
1.45476980077062,-0.954880778919365,0.661276103265406,0.293604675654007
1.45484230103014,-0.95946770109685,0.644688236126955,0.314779464969905
1.45491480128967,-0.963556881844731,0.627765934916133,0.335790946928625
1.4549873015492,-0.967146213651218,0.610517974083789,0.35662823956744
1.45505980180872,-0.970233821648942,0.592953308202977,0.37728051344596
1.45514796914774,-0.973310238627594,0.571179638192703,0.402130600434928
1.45523613648676,-0.975639966051505,0.548967716010614,0.426672250040927
1.45532430382578,-0.977221226750281,0.526334615755403,0.450886610994888
1.4554124711648,-0.978052794724486,0.50329771341357,0.474755081310912
1.45550063850382,-0.978134043187614,0.479874691003145,0.498259352184494
1.45558880584283,-0.977464898279253,0.456083519198187,0.52138137908109
1.45567697318185,-0.976045884260833,0.431942453303609,0.544103430957249
1.45576514052087,-0.973878078962961,0.407470012514739,0.566408066448221
1.45585330785989,-0.970963155872793,0.382684973542091,0.588278182330705
1.45596171209238,-0.966358518803834,0.351811254503386,0.614547264300476
1.45607011632486,-0.960633174764146,0.32052936388184,0.640103810882313
1.45617852055735,-0.953793773523687,0.288875680485571,0.664918093038149
1.45628692478984,-0.945848257971696,0.25688693667627,0.688961321295451
1.45639532902232,-0.936805838075113,0.224600255731715,0.712205582343438
1.45650373325481,-0.926677005966407,0.192053076449126,0.734623929517299
1.4566121374873,-0.915473501997859,0.159283158502592,0.756190343495272
1.45672054171978,-0.903208323714993,0.126328497326551,0.776879826388438
1.45682894595227,-0.88989568913314,0.0932273229028405,0.7966683662303
1.45693735018476,-0.87555104160358,0.060018014411647,0.815533027191943
1.45704575441724,-0.860191011050778,0.026739096220271,0.833451914830518
1.45715415864973,-0.843833415110212,-0.00657084627144095,0.85040426138166
1.45726256288222,-0.826497218468985,-0.039873172673877,0.866370391142888
1.45733017602934,-0.815197369623075,-0.0606240821751655,0.875821451798218
1.45739778917647,-0.803529810484982,-0.0813474691907666,0.884877279675744
1.4574654023236,-0.791499758856977,-0.102034075940714,0.893533834797696
1.45753301547073,-0.779112634100014,-0.122674570918056,0.901787205018061
1.4576251747297,-0.761663850171784,-0.150716799975484,0.912380650147245
1.45771733398867,-0.74357657744826,-0.178632776468304,0.922209353916562
1.45777753389412,-0.731423882183276,-0.196789041289047,0.928212923472337
1.45783773379957,-0.719009636334111,-0.214874826179878,0.933884462514014
1.45789793370501,-0.706338248507431,-0.232883719120164,0.939221967627599
1.45795813361046,-0.693414252062059,-0.25080926553995,0.944223517601981
1.45803063387018,-0.677520912586842,-0.272277599430468,0.949798512017308
1.45810313412991,-0.661276094992226,-0.293604686674807,0.954880781667061
1.45817563438963,-0.644688227686837,-0.314779475991673,0.959467703678511
1.45824813464936,-0.627765926310414,-0.335790957946526,0.963556884256888
1.45832063490908,-0.610517965313841,-0.356628250576573,0.967146215890443
1.4583931351688,-0.592953299270412,-0.377280524441376,0.970233823711772
1.45848130248032,-0.571179635985286,-0.402130603635802,0.973310239621082
1.45856946979184,-0.548967720801734,-0.426672245639717,0.97563996644143
1.45865763710335,-0.526334627802367,-0.450886599201627,0.977221227004008
1.45874580441487,-0.503297732957201,-0.474755062353016,0.978052795310189
1.45883397172639,-0.479874718267444,-0.498259326306325,0.978134044573794
1.4589221390379,-0.456083554390153,-0.521381346543513,0.977464900933622
1.45901030634942,-0.431942496612654,-0.544103392037334,0.976045888649946
1.45909847366093,-0.407470064112526,-0.566408021438835,0.973878085551334
1.45918664097245,-0.382685033582205,-0.588278131540001,0.97096316512223
1.45929504520485,-0.351811315435263,-0.614547214910146,0.966358530345415
1.45940344943726,-0.320529425632505,-0.640103762954887,0.960633188587398
1.45951185366966,-0.288875742981111,-0.664918046634307,0.953793789615433
1.45962025790207,-0.256886999841899,-0.688961276474211,0.945848276316111
1.45972866213447,-0.224600319491821,-0.712205539161982,0.936805858653804
1.45983706636687,-0.19205314072738,-0.73462388803099,0.926677028758357
1.45994547059928,-0.159283223222007,-0.756190303757442,0.915473526979452
1.46005387483168,-0.126328562409551,-0.77687978845051,0.903208350860042
1.46016227906408,-0.0932273882713789,-0.796668330141584,0.889895718412968
1.46027068329649,-0.060018079987295,-0.815532992999738,0.875551072987014
1.46037908752889,-0.0267391619243278,-0.833451882579819,0.860191044504146
1.4604874917613,0.00657078051793306,-0.850404231115394,0.84383345059741
1.4605958959937,0.0398731069499702,-0.866370362901499,0.826497255951537
1.46066350920463,0.0606240360950335,-0.875821433578824,0.815197397483776
1.46073112241557,0.0813474427245966,-0.884877270742201,0.80352982801761
1.4607987356265,0.102034069032305,-0.893533834402214,0.791499765369873
1.46086634883743,0.122674583484751,-0.901787212401472,0.779112628916717
1.46095850808157,0.15071680799749,-0.912380655611903,0.76166384761442
1.46105066732571,0.178632779981251,-0.92220935770677,0.743576577725494
1.46111086722665,0.196789043443334,-0.928212926805758,0.731423883362436
1.4611710671276,0.214874826986117,-0.93388446544041,0.719009638454285
1.46123126702855,0.232883718590393,-0.93922197019704,0.706338251606647
1.46129146692949,0.250809263687694,-0.944223519865016,0.6934142561773
1.46136396719181,0.272277598370384,-0.949798514567813,0.677520916197401
1.46143646745413,0.293604686398575,-0.954880784470194,0.661276098071619
1.46150896771645,0.314779476489808,-0.95946770669925,0.644688230209384
1.46158146797876,0.335790959208336,-0.963556887459763,0.62776592825139
1.46165396824108,0.356628252590204,-0.967146219239769,0.610517966649542
1.4617264685034,0.377280527193778,-0.970233827171797,0.592953299977981
1.46181463579246,0.402130600093527,-0.973310242381951,0.571179642288378
1.46190280308152,0.42667223596428,-0.975639968883907,0.548967732919585
1.46199097037058,0.450886583569004,-0.977221229510104,0.526334645941105
1.46207913765964,0.474755040953123,-0.978052798262459,0.503297757309321
1.4621673049487,0.49825929934291,-0.978134048354739,0.479874749011838
1.46225547223776,0.521381314233787,-0.977464905925271,0.456083591691436
1.46234363952682,0.544103354611642,-0.976045895232946,0.431942540621298
1.46243180681588,0.566407979140319,-0.973878094104697,0.407470114964375
1.46251997410494,0.588278084624292,-0.970963176022538,0.382685091398211
1.46262837833727,0.614547169268894,-0.966358543330885,0.351811374061942
1.4627367825696,0.64010371864495,-0.960633203648442,0.320529485003446
1.46284518680193,0.664918003710905,-0.953793806740017,0.288875803029116
1.46295359103426,0.688961234990981,-0.945848295489842,0.256887060498852
1.46306199526659,0.712205499170921,-0.936805879859901,0.224600380689004
1.46317039949892,0.734623849582355,-0.926677051977667,0.192053202395309
1.46327880373125,0.756190266899803,-0.915473552190433,0.159283285290643
1.46338720796358,0.776879753230564,-0.90320837803888,0.126328624808336
1.46349561219591,0.796668296604194,-0.889895747533521,0.0932274509293235
1.46360401642824,0.815532961187819,-0.875551104020903,0.0600181428330296
1.46371242066057,0.833451852534408,-0.860191077420664,0.0267392248862509
1.4638208248929,0.850404202875332,-0.843833485363696,-0.00657071751163221
1.46392922912523,0.866370336503732,-0.826497292532607,-0.0398730439711696
1.46399684239922,0.875821416984437,-0.815197424459713,-0.0606239925247345
1.46406445567322,0.884877263222744,-0.803529844691815,-0.0813474185309406
1.46413206894721,0.893533835217467,-0.791499771060172,-0.102034064157285
1.4641996822212,0.901787220800232,-0.779112622955988,-0.122674597844272
1.46429184148208,0.912380665449713,-0.761663838071908,-0.150716827377805
1.46438400074296,0.922209368699466,-0.74357656438017,-0.178632804319315
1.46444420061295,0.928212934335686,-0.731423875965221,-0.196789058370446
1.46450440048295,0.93388446984699,-0.719009637278145,-0.214874832568869
1.46456460035294,0.939221971823099,-0.706338256917619,-0.232883714905466
1.46462480022293,0.944223519056206,-0.693414268234614,-0.250809250821609
1.46469730048765,0.949798514206117,-0.677520927917425,-0.272277586288679
1.46476980075238,0.954880784524338,-0.66127610942667,-0.29360467509766
1.4648423010171,0.959467707137551,-0.644688241172606,-0.314779465964972
1.46491480128182,0.963556888250284,-0.627765938796621,-0.335790949453694
1.46498730154655,0.967146220350201,-0.61051797675151,-0.35662824359871
1.46505980181127,0.970233828569493,-0.592953309612193,-0.377280518957291
1.4651479691054,0.973310244150536,-0.571179650785764,-0.402130593364788
1.46523613639954,0.975639970937952,-0.5489677402258,-0.426672230712158
1.46532430369367,0.977221231763713,-0.526334652004618,-0.450886579759106
1.4654124709878,0.978052800629505,-0.503297762081722,-0.474755038547791
1.46550063828194,0.978134050748818,-0.479874752447553,-0.498259298301302
1.46558880557607,0.977464908260052,-0.456083593748133,-0.521381314511917
1.46567697287021,0.976045897422208,-0.431942541259691,-0.544103356162537
1.46576514016434,0.973878096062367,-0.407470114148442,-0.566407981913925
1.46585330745847,0.970963177662952,-0.382685089095234,-0.58827808856772
1.46596171169081,0.966358544761587,-0.351811371677582,-0.614547173083998
1.46607011592315,0.960633204870397,-0.320529482544449,-0.640103722325992
1.46617852015548,0.953793807754524,-0.288875800502182,-0.664918007252324
1.46628692438782,0.945848296298338,-0.256887057910927,-0.688961238387423
1.46639532862016,0.936805880464067,-0.22460037804696,-0.712205502417135
1.46650373285249,0.926677052379459,-0.192053199706164,-0.734623852673313
1.46661213708483,0.915473552392074,-0.159283282561463,-0.75619026983064
1.46672054131717,0.903208378042765,-0.126328622046181,-0.776879755996575
1.4668289455495,0.889895747342309,-0.0932274481413614,-0.796668299200923
1.46693734978184,0.875551103637375,-0.0600181400264254,-0.815532963610958
1.46704575401418,0.860191076847995,-0.0267392220682234,-0.833451854779749
1.46715415824651,0.843833484605237,0.00657072033384639,-0.850404204939087
1.46726256247885,0.82649729159179,0.0398730467904057,-0.866370338382206
1.46733017575202,0.815197423547892,0.060623995084262,-0.875821418632141
1.46739778902519,0.803529843819343,0.0813474208287962,-0.884877264648141
1.46746540229835,0.791499770237408,0.102034066191785,-0.893533836429164
1.46753301557152,0.77911262219303,0.122674599614069,-0.901787221807059
1.46762517486394,0.761663831108753,0.150716838702298,-0.912380669811053
1.46771733415636,0.743576550787557,0.178632825099943,-0.922209375887481
1.46777753399996,0.731423867407468,0.196789071116663,-0.928212938524147
1.46783773384356,0.719009633988534,0.21487483733656,-0.933884471325089
1.46789793368715,0.706338259123798,0.232883711758991,-0.939221970882787
1.46795813353075,0.693414276158188,0.250809239833918,-0.944223515992099
1.46803063379528,0.677520936010126,0.272277575290175,-0.949798511300311
1.4681031340598,0.661276117687444,0.293604664093114,-0.954880781780552
1.46817563432433,0.644688249600258,0.314779454959133,-0.959467704559379
1.46824813458885,0.627765947389885,0.335790938451397,-0.963556885841249
1.46832063485337,0.610517985508905,0.356628232604892,-0.967146218113776
1.4683931351179,0.592953318532156,0.377280507976894,-0.970233826509036
1.46848130243954,0.571179652979659,0.402130590179523,-0.973310243159185
1.46856946976118,0.548967735420209,0.426672235129609,-0.975639970549811
1.46865763708282,0.526334639942259,0.450886591569123,-0.977221231511369
1.46874580440445,0.503297742521734,0.474755057522965,-0.978052800044685
1.46883397172609,0.479874725165893,0.498259324197266,-0.978134049363164
1.46892213904773,0.456083558537823,0.52138134706774,-0.977464905605578
1.46901030636937,0.431942497931336,0.544103395101073,-0.976045893032401
1.46909847369101,0.407470062530335,0.566408026942317,-0.973878089472691
1.46918664101265,0.382685029033846,0.588278139377718,-0.970963168411559
1.46929504524507,0.351811310724639,0.614547222492773,-0.966358533217398
1.46940344947748,0.320529420772926,0.640103770271045,-0.96063319104395
1.4695118537099,0.288875737986089,0.664918053672949,-0.953793791659009
1.46962025794232,0.256886994725026,0.688961283224582,-0.9458482779496
1.46972866217474,0.224600314266913,0.712205545613662,-0.936805859880587
1.46983706640716,0.192053135408318,0.734623894173955,-0.92667702958225
1.46994547063957,0.159283217822826,0.756190309581966,-0.915473527404757
1.47005387487199,0.126328556944368,0.776879793947229,-0.903208350891581
1.47016227910441,0.0932273827544218,0.796668335301548,-0.889895718055985
1.47027068333683,0.0600180744328424,0.815532997814306,-0.875551072247159
1.47037908756925,0.0267391563466865,0.833451887040887,-0.860191043387547
1.47048749180166,-0.00657078610435661,0.850404235215078,-0.843833449110715
1.47059589603408,-0.0398731125308077,0.866370366632571,-0.826497254101748
1.47066350924343,-0.0606240411751047,0.875821436857693,-0.815197395682573
1.47073112245277,-0.0813474472998354,0.88487727358511,-0.80352982628528
1.47079873566212,-0.102034073099271,0.893533836825688,-0.7914997637264
1.47086634887146,-0.122674587040718,0.901787214422495,-0.779112627381737
1.47095850817873,-0.150716830678267,0.91238066434715,-0.761663833668852
1.471050667486,-0.178632821589543,0.922209372099684,-0.743576550510113
1.47111086733409,-0.196789068963847,0.92821293519265,-0.731423866228761
1.47117106718218,-0.21487483653069,0.933884468400332,-0.719009631869648
1.47123126703028,-0.232883712288043,0.939221968314695,-0.706338256026655
1.47129146687837,-0.25080924168439,0.944223513730196,-0.693414272045774
1.47136396714031,-0.272277576348957,0.949798508751102,-0.677520932402132
1.47143646740224,-0.293604664368456,0.954880778978847,-0.661276114610388
1.47150896766417,-0.314779454460582,0.959467701540282,-0.644688247079711
1.4715814679261,-0.335790937189627,0.963556882640148,-0.627765945450485
1.47165396818804,-0.356628230591746,0.967146214766263,-0.610517984174477
1.47172646844997,-0.377280505225412,0.970233823050923,-0.592953317825493
1.47181463579404,-0.402130593716762,0.973310240399607,-0.571179646682834
1.47190280313812,-0.426672244794174,0.975639968108314,-0.548967723314092
1.47199097048219,-0.450886607185255,0.977221229006345,-0.526334621821066
1.47207913782626,-0.474755078900919,0.978052797093954,-0.503297718193001
1.47216730517034,-0.498259351133439,0.978134045584465,-0.479874694451013
1.47225547251441,-0.521381379345165,0.977464900617437,-0.456083521272258
1.47234363985849,-0.544103432489623,0.976045886454434,-0.431942453964777
1.47243180720256,-0.566408069199056,0.973878080926216,-0.407470011727126
1.47251997454663,-0.588278186247292,0.970963157520379,-0.382684971273086
1.47262837877913,-0.614547268089072,0.966358520243091,-0.35181125215398
1.47273678301162,-0.64010381453731,0.960633175996097,-0.32052936145878
1.47284518724411,-0.664918096554,0.95379377454962,-0.288875677995585
1.4729535914766,-0.688961324666812,0.945848258792981,-0.256886934126178
1.47306199570909,-0.712205585565173,0.93680583869358,-0.22460025312838
1.47317039994158,-0.734623932584439,0.926677006384016,-0.192053073799558
1.47327880417407,-0.756190346402994,0.915473502216743,-0.159283155813763
1.47338720840656,-0.776879829132121,0.903208323737641,-0.126328494605503
1.47349561263906,-0.796668368805483,0.889895688962183,-0.0932273201566804
1.47360401687155,-0.815533029594409,0.875551041241968,-0.0600180116475157
1.47371242110404,-0.833451917056243,0.860191010501589,-0.0267390934453506
1.47382082533653,-0.850404263426786,0.843833414376786,0.00657084905000234
1.47392922956902,-0.866370393003744,0.826497217554838,0.0398731754489126
1.47399684271537,-0.875821453434953,0.815197368731453,0.0606240847035026
1.47406445586171,-0.884877281096285,0.803529809625903,0.0813474714703901
1.47413206900806,-0.893533836010176,0.791499758040304,0.102034077969898
1.47419968215441,-0.901787206030821,0.779112633335435,0.122674572695408
1.47429184144493,-0.912380654515245,0.761663843205348,0.150716811309905
1.47438400073544,-0.922209361111747,0.743576563850558,0.178632797261204
1.47444420061448,-0.928212927665997,0.7314238736239,0.196789054042107
1.47450440049351,-0.933884463995612,0.719009633046597,0.214874830949017
1.47456460037254,-0.93922196668924,0.706338250719441,0.232883715969815
1.47462480025158,-0.944223514538476,0.693414259995397,0.250809254543085
1.4746973005111,-0.949798509112193,0.677520920689993,0.272277588422198
1.47476980077063,-0.954880778924012,0.661276103264156,0.293604675659874
1.47484230103015,-0.959467701101227,0.644688236126297,0.314779464974917
1.47491480128967,-0.963556881848892,0.627765934916125,0.335790946932778
1.4749873015492,-0.967146213655212,0.610517974084485,0.356628239570755
1.47505980180872,-0.970233821652772,0.592953308204359,0.37728051344845
1.47514796914773,-0.973310238631036,0.571179638197612,0.40213060043346
1.47523613648673,-0.97563996605476,0.548967716019198,0.426672250035602
1.47532430382573,-0.977221226753574,0.526334615767823,0.450886610985786
1.47541247116474,-0.978052794728064,0.503297713429922,0.474755081298179
1.47550063850374,-0.978134043191789,0.47987469102354,0.498259352168284
1.47558880584275,-0.977464898284174,0.4560835192227,0.521381379061472
1.47567697318175,-0.97604588426681,0.431942453332393,0.544103430934415
1.47576514052076,-0.973878078970175,0.407470012547871,0.566408066422319
1.47585330785976,-0.970963155881514,0.38268497357965,0.588278182301863
1.47596171209225,-0.966358518813942,0.351811254541619,0.614547264272312
1.47607011632473,-0.960633174775606,0.320529363920739,0.640103810854897
1.47617852055722,-0.953793773536576,0.288875680525102,0.664918093011458
1.4762869247897,-0.945848257985888,0.256886936716365,0.688961321269539
1.47639532902219,-0.936805838090715,0.224600255772327,0.712205582318437
1.47650373325468,-0.926677005983378,0.192053076490242,0.734623929493168
1.47661213748716,-0.915473502016253,0.15928315854417,0.756190343472072
1.47672054171965,-0.903208323734684,0.126328497368536,0.776879826366183
1.47682894595213,-0.889895689154226,0.0932273229451607,0.796668366209037
1.47693735018462,-0.875551041626012,0.0600180144542985,0.815533027171742
1.47704575441711,-0.860191011074565,0.0267390962631973,0.833451914811386
1.47715415864959,-0.843833415135374,-0.00657084622828521,0.850404261363676
1.47726256288208,-0.826497218495464,-0.0398731726305674,0.866370391126049
1.47733017602925,-0.815197369642996,-0.0606240821450351,0.87582145178805
1.47739778917642,-0.803529810497947,-0.0813474691737781,0.884877279671721
1.47746540232359,-0.791499758862463,-0.102034075936855,0.893533834799306
1.47753301547077,-0.779112634097589,-0.122674570927244,0.901787205024842
1.47762517472975,-0.76166385016676,-0.150716799988373,0.912380650155154
1.47771733398873,-0.743576577440485,-0.178632776484831,0.922209353925309
1.47777753389415,-0.731423882179987,-0.196789041298515,0.9282129234785
1.47783773379958,-0.719009636335514,-0.214874826182351,0.933884462517894
1.477897933705,-0.706338248513729,-0.232883719115654,0.939221967629388
1.47795813361042,-0.693414252073451,-0.250809265528553,0.944223517601963
1.47803063387015,-0.677520912597649,-0.272277599420166,0.949798512017805
1.47810313412988,-0.661276095002407,-0.293604686665569,0.954880781667956
1.47817563438961,-0.644688227696308,-0.314779475983517,0.95946770367982
1.47824813464933,-0.627765926319112,-0.335790957939466,0.963556884258566
1.47832063490906,-0.610517965321833,-0.356628250570565,0.967146215892392
1.47839313516879,-0.59295329927762,-0.377280524436407,0.970233823714065
1.4784813024803,-0.571179635993485,-0.402130603629858,0.973310239623341
1.47856946979182,-0.548967720810913,-0.426672245632804,0.975639966443743
1.47865763710333,-0.526334627812575,-0.450886599193846,0.977221227006383
1.47874580441484,-0.503297732968435,-0.474755062344342,0.978052795312811
1.47883397172635,-0.479874718279819,-0.498259326296802,0.978134044576648
1.47892213903787,-0.456083554403601,-0.521381346533194,0.977464900936796
1.47901030634938,-0.431942496627218,-0.544103392026279,0.976045888653489
1.47909847366089,-0.40747006412824,-0.566408021427067,0.973878085555292
1.47918664097241,-0.382685033599085,-0.588278131527581,0.970963165126648
1.47929504520481,-0.351811315452029,-0.61454721489824,0.966358530350271
1.47940344943721,-0.320529425649166,-0.640103762943522,0.960633188592638
1.47951185366962,-0.288875742997642,-0.664918046623446,0.953793789621094
1.47962025790202,-0.256886999858261,-0.688961276463851,0.94584827632211
1.47972866213443,-0.224600319508025,-0.712205539152151,0.936805858660145
1.47983706636683,-0.192053140743394,-0.734623888021646,0.926677028765029
1.47994547059924,-0.159283223237814,-0.756190303748645,0.91547352698642
1.48005387483164,-0.126328562425124,-0.776879788442179,0.903208350867268
1.48016227906405,-0.0932273882867194,-0.796668330133763,0.889895718420467
1.48027068329645,-0.0600180800023825,-0.815532992992364,0.875551072994715
1.48037908752886,-0.0267391619391475,-0.833451882572934,0.860191044512067
1.48048749176126,0.00657078050338277,-0.85040423110895,0.843833450605546
1.48059589599367,0.0398731069357169,-0.866370362895571,0.826497255959833
1.48066350920461,0.0606240360854128,-0.875821433575114,0.81519739748968
1.48073112241556,0.0813474427196346,-0.884877270740609,0.803529828020957
1.48079873562651,0.102034069031959,-0.8935338344025,0.791499765370526
1.48086634883746,0.122674583489002,-0.90178721240351,0.779112628914521
1.48095850808163,0.150716808011502,-0.912380655617309,0.761663847605761
1.4810506673258,0.178632780004892,-0.922209357714929,0.74357657771002
1.48111086722671,0.196789043457516,-0.928212926810451,0.731423883352922
1.48117106712763,0.214874826990909,-0.933884465441942,0.719009638450984
1.48123126702854,0.232883718585874,-0.939221970195754,0.706338251609837
1.48129146692946,0.250809263673949,-0.944223519861218,0.693414256187254
1.48136396719179,0.272277598360481,-0.949798514565178,0.677520916204658
1.48143646745412,0.293604686392463,-0.954880784468567,0.661276098076076
1.48150896771645,0.314779476487477,-0.959467706698421,0.644688230210911
1.48158146797878,0.335790959209714,-0.963556887459577,0.627765928249864
1.48165396824111,0.356628252595238,-0.967146219240084,0.610517966644829
1.48172646850344,0.377280527202372,-0.970233827172406,0.592953299969993
1.48181463579255,0.402130600115149,-0.97331024238358,0.571179642268421
1.48190280308166,0.426672235998568,-0.975639968885857,0.54896773288725
1.48199097037076,0.450886583615558,-0.977221229511476,0.526334645895887
1.48207913765987,0.474755041011593,-0.978052798262532,0.503297757250952
1.48216730494898,0.49825929941283,-0.978134048352699,0.479874748939834
1.48225547223809,0.521381314314698,-0.977464905920251,0.456083591605529
1.48234363952719,0.54410335470306,-0.97604589522423,0.431942540521141
1.4824318068163,0.566407979241711,-0.973878094091454,0.407470114849711
1.48251997410541,0.58827808473512,-0.970963176003961,0.382685091268807
1.48262837833774,0.614547169376836,-0.966358543307411,0.351811373930567
1.48273678257007,0.640103718749833,-0.960633203620093,0.320529484870253
1.4828451868024,0.664918003812614,-0.953793806706895,0.288875802894257
1.48295359103473,0.688961235089388,-0.945848295451914,0.256887060362495
1.48306199526706,0.712205499265912,-0.936805879817204,0.224600380551298
1.48317039949939,0.7346238496738,-0.926677051930234,0.192053202256439
1.48327880373172,0.75619026698755,-0.915473552138376,0.159283285150769
1.48338720796405,0.776879753314569,-0.903208377982173,0.126328624667592
1.48349561219638,0.796668296684345,-0.889895747472234,0.0932274507878727
1.48360401642871,0.815532961263968,-0.875551103955069,0.0600181426910827
1.48371242066104,0.833451852606422,-0.860191077350375,0.0267392247439295
1.48382082489337,0.850404202943201,-0.843833485289077,-0.00657071765412831
1.48392922912571,0.866370336567317,-0.82649729245364,-0.0398730441137009
1.48399684239956,0.87582141702621,-0.815197424401868,-0.06062399262438
1.48406445567341,0.884877263244303,-0.803529844656545,-0.0813474185877783
1.48413206894726,0.893533835220456,-0.791499771049035,-0.102034064171454
1.48419968222112,0.901787220786374,-0.779112622970432,-0.122674597815963
1.48429184148202,0.912380665438738,-0.761663838082987,-0.150716827355758
1.48438400074292,0.922209368691101,-0.743576564387669,-0.178632804303464
1.48444420061293,0.928212934329494,-0.731423875968748,-0.196789058360768
1.48450440048294,0.933884469842846,-0.719009637277526,-0.214874832565338
1.48456460035296,0.939221971820688,-0.706338256912736,-0.232883714907988
1.48462480022297,0.944223519055378,-0.693414268225189,-0.250809250830181
1.48469730048769,0.949798514204912,-0.677520927908083,-0.272277586296813
1.48476980075241,0.95488078452279,-0.661276109417382,-0.293604675105385
1.48484230101713,0.959467707135707,-0.644688241163434,-0.314779465972278
1.48491480128186,0.963556888248126,-0.627765938787582,-0.335790949460561
1.48498730154658,0.967146220347762,-0.610517976742575,-0.356628243605174
1.4850598018113,0.970233828566733,-0.59295330960339,-0.377280518963356
1.48514796910546,0.973310244148206,-0.571179650771293,-0.402130593376938
1.48523613639961,0.975639970935681,-0.548967740205472,-0.426672230730221
1.48532430369377,0.977221231761105,-0.526334651978219,-0.45088657978287
1.48541247098792,0.978052800626146,-0.503297762049079,-0.474755038577073
1.48550063828208,0.978134050744414,-0.479874752408503,-0.498259298335932
1.48558880557624,0.977464908254148,-0.456083593702529,-0.52138131455164
1.48567697287039,0.976045897414477,-0.431942541207371,-0.544103356207107
1.48576514016455,0.973878096052441,-0.407470114089307,-0.566407981963131
1.4858533074587,0.97096317765046,-0.382685089029196,-0.58827808862126
1.48596171169104,0.966358544746814,-0.351811371611065,-0.614547173135717
1.48607011592337,0.960633204853336,-0.320529482477522,-0.640103722375809
1.48617852015571,0.953793807735261,-0.288875800435023,-0.664918007300219
1.48628692438804,0.945848296276891,-0.25688705784356,-0.68896123843334
1.48639532862038,0.936805880440575,-0.224600377979485,-0.71220550246109
1.48650373285271,0.926677052353901,-0.192053199638657,-0.734623852715219
1.48661213708505,0.915473552364467,-0.159283282493988,-0.756190269870517
1.48672054131738,0.903208378013214,-0.126328621978876,-0.776879756034373
1.48682894554972,0.88989574731083,-0.0932274480742656,-0.796668299236583
1.48693734978205,0.875551103604119,-0.0600181399596463,-0.81553296364451
1.48704575401439,0.86019107681301,-0.0267392220018109,-0.83345185481117
1.48715415824672,0.84383348456852,0.00657072039983083,-0.850404204968366
1.48726256247906,0.826497291553493,0.0398730468558301,-0.866370338409326
1.48733017575216,0.815197423519854,0.0606239951289552,-0.875821418648819
1.48739778902526,0.803529843802354,0.0813474208527672,-0.884877264655161
1.48746540229836,0.791499770232213,0.102034066195073,-0.893533836427283
1.48753301557146,0.779112622200369,0.122674599596809,-0.901787221797175
1.48762517486388,0.761663831116178,0.150716838685632,-0.912380669801825
1.4877173341563,0.743576550795025,0.178632825083852,-0.922209375878888
1.48777753399992,0.731423867411128,0.196789071106656,-0.928212938517767
1.48783773384354,0.719009633988219,0.214874837332575,-0.93388447132076
1.48789793368716,0.706338259119323,0.232883711760993,-0.939221970880311
1.48795813353078,0.693414276149342,0.250809239841844,-0.944223515991171
1.4880306337953,0.677520936000296,0.272277575299241,-0.949798511299517
1.48810313405983,0.661276117676573,0.293604664103281,-0.954880781779849
1.48817563432436,0.644688249588323,0.314779454970389,-0.959467704558718
1.48824813458889,0.627765947376844,0.335790938463717,-0.963556885840543
1.48832063485342,0.610517985494734,0.356628232618253,-0.967146218113013
1.48839313511795,0.592953318516837,0.377280507991263,-0.970233826508062
1.48848130243958,0.571179652964959,0.402130590192761,-0.973310243157719
1.48856946976122,0.548967735406236,0.42667223514171,-0.975639970547948
1.48865763708285,0.526334639929008,0.450886591580107,-0.977221231509102
1.48874580440449,0.503297742509277,0.474755057532849,-0.978052800042116
1.48883397172612,0.479874725154246,0.49825932420605,-0.978134049360272
1.48892213904776,0.456083558527057,0.521381347075468,-0.977464905602513
1.48901030636939,0.431942497921427,0.544103395107769,-0.976045893029176
1.48909847369103,0.407470062521383,0.566408026948039,-0.973878089469377
1.48918664101266,0.382685029025813,0.588278139382444,-0.970963168408245
1.48929504524508,0.351811310716927,0.614547222497091,-0.966358533214008
1.4894034494775,0.320529420765613,0.64010377027493,-0.960633191040548
1.48951185370991,0.288875737979158,0.6649180536764,-0.953793791655568
1.48962025794233,0.256886994718521,0.688961283227644,-0.945848277946138
1.48972866217475,0.224600314260827,0.712205545616395,-0.936805859877201
1.48983706640716,0.192053135402675,0.734623894176303,-0.926677029578954
1.48994547063958,0.159283217817631,0.756190309583967,-0.915473527401591
1.490053874872,0.126328556939631,0.776879793948908,-0.903208350888528
1.49016227910441,0.0932273827501271,0.796668335302976,-0.889895718053062
1.49027068333683,0.0600180744290057,0.815532997815485,-0.875551072244479
1.49037908756924,0.0267391563433342,0.833451887041786,-0.860191043385129
1.49048749180166,-0.00657078610723902,0.850404235215808,-0.843833449108555
1.49059589603408,-0.0398731125332247,0.866370366633106,-0.826497254099844
1.49066350924342,-0.0606240411754711,0.875821436857333,-0.815197395681856
1.49073112245275,-0.081347447298185,0.884877273583982,-0.803529826285779
1.49079873566209,-0.102034073095603,0.893533836823814,-0.791499763728171
1.49086634887143,-0.122674587035018,0.901787214419958,-0.779112627384926
1.49095850817864,-0.150716830656413,0.912380664338962,-0.761663833682525
1.49105066748586,-0.178632821551729,0.922209372086729,-0.743576550534998
1.491110867334,-0.196789068940521,0.928212935185081,-0.73142386624453
1.49117106718214,-0.214874836521783,0.933884468397646,-0.719009631875846
1.49123126703028,-0.232883712293404,0.939221968316346,-0.706338256022907
1.49129146687843,-0.250809241703915,0.944223513735622,-0.693414272031678
1.49136396714035,-0.272277576367035,0.949798508755853,-0.67752093238882
1.49143646740228,-0.293604664385121,0.954880778982954,-0.6612761145978
1.49150896766421,-0.314779454475845,0.959467701543819,-0.64468824706797
1.49158146792614,-0.33579093720348,0.963556882643149,-0.627765945439623
1.49165396818807,-0.356628230604251,0.9671462147688,-0.610517984164541
1.49172646844999,-0.377280505236551,0.970233823053108,-0.592953317816549
1.49181463579404,-0.402130593719755,0.973310240400682,-0.571179646680912
1.49190280313808,-0.426672244789229,0.975639968108796,-0.548967723319549
1.49199097048213,-0.450886607172573,0.977221229006673,-0.52633462183408
1.49207913782617,-0.474755078880706,0.978052797094636,-0.503297718213912
1.49216730517022,-0.498259351106012,0.978134045586033,-0.479874694480013
1.49225547251426,-0.521381379310756,0.977464900620336,-0.456083521309556
1.49234363985831,-0.544103432448528,0.976045886459179,-0.431942454010621
1.49243180720236,-0.566408069151615,0.973878080933308,-0.407470011781664
1.4925199745464,-0.588278186193788,0.970963157530307,-0.382684971336496
1.49262837877889,-0.614547268036863,0.966358520255469,-0.35181125221858
1.49273678301138,-0.64010381448647,0.960633176010926,-0.320529361524459
1.49284518724387,-0.664918096504582,0.953793774566902,-0.28887567806232
1.49295359147636,-0.688961324618932,0.945848258812786,-0.256886934193843
1.49306199570885,-0.712205585518867,0.936805838715832,-0.224600253196954
1.49317039994134,-0.734623932539798,0.926677006408738,-0.192053073868916
1.49327880417383,-0.756190346360093,0.915473502243967,-0.15928315588384
1.49338720840632,-0.776879829090976,0.903208323767258,-0.126328494676246
1.49349561263881,-0.796668368766247,0.889895688994235,-0.0932273202279668
1.4936040168713,-0.815533029557092,0.875551041276431,-0.0600180117192876
1.49371242110379,-0.833451917020878,0.860191010538431,-0.0267390935174964
1.49382082533628,-0.850404263393511,0.843833414415967,0.00657084897755121
1.49392922956878,-0.866370392972618,0.826497217596367,0.0398731753762542
1.4939968427152,-0.875821453415352,0.815197368761814,0.0606240846535658
1.49406445586162,-0.884877281087324,0.803529809644248,0.081347471443111
1.49413206900804,-0.893533836011059,0.791499758045859,0.102034077965219
1.49419968215446,-0.901787206040638,0.779112633327409,0.122674572713227
1.49429184144497,-0.912380654523675,0.761663843198607,0.150716811325093
1.49438400073548,-0.922209361119008,0.743576563845287,0.178632797273762
1.49444420061449,-0.928212927671429,0.731423873621821,0.196789054049579
1.49450440049351,-0.933884463999396,0.719009633047949,0.214874830951428
1.49456460037253,-0.939221966691623,0.706338250724407,0.232883715967198
1.49462480025154,-0.944223514539621,0.693414260004118,0.250809254535483
1.49469730051108,-0.949798509114207,0.677520920696757,0.272277588417476
1.49476980077061,-0.954880778926888,0.661276103268874,0.293604675658013
1.49484230103014,-0.959467701104764,0.644688236128923,0.314779464975866
1.49491480128968,-0.963556881852972,0.627765934916524,0.335790946936493
1.49498730154921,-0.967146213659756,0.610517974082561,0.356628239577192
1.49505980180874,-0.970233821657593,0.592953308200035,0.377280513457584
1.49514796914773,-0.973310238635136,0.571179638197485,0.402130600437674
1.49523613648672,-0.975639966058426,0.548967716023379,0.426672250035061
1.49532430382571,-0.977221226757132,0.526334615776521,0.450886610980624
1.49541247116469,-0.978052794731744,0.503297713443256,0.47475508128851
1.49550063850368,-0.978134043195889,0.479874691041667,0.498259352154254
1.49558880584267,-0.977464898289052,0.45608351924576,0.521381379043306
1.49567697318165,-0.976045884272674,0.431942453360472,0.544103430912229
1.49576514052064,-0.973878078977394,0.40747001258108,0.566408066396322
1.49585330785963,-0.970963155890288,0.382684973618077,0.588278182272247
1.49596171209211,-0.966358518824142,0.351811254580819,0.614547264243303
1.4960701163246,-0.96063317478724,0.320529363960692,0.640103810826546
1.49617852055708,-0.953793773549606,0.288875680565776,0.664918092983838
1.49628692478957,-0.945848258000407,0.256886936757687,0.688961321242724
1.49639532902205,-0.93680583810665,0.224600255814281,0.71220558229239
1.49650373325454,-0.9266770060008,0.192053076532772,0.734623929468018
1.49661213748702,-0.91547350203508,0.15928315858723,0.756190343447808
1.49672054171951,-0.903208323754988,0.126328497412091,0.776879826342912
1.49682894595199,-0.889895689175945,0.0932273229891629,0.796668366186779
1.49693735018448,-0.875551041649206,0.0600180144986663,0.81553302715051
1.49704575441696,-0.860191011099205,0.0267390963079099,0.833451914791291
1.49715415864945,-0.843833415161409,-0.0065708461832879,0.850404261344716
1.49726256288193,-0.826497218522935,-0.0398731725853263,0.866370391108285
1.49733017602915,-0.815197369663558,-0.0606240821137348,0.875821451777319
1.49739778917637,-0.803529810511066,-0.0813474691564213,0.884877279667489
1.49746540232359,-0.791499758867664,-0.102034075933378,0.89353383480105
1.4975330154708,-0.779112634094416,-0.12267457093761,0.901787205032033
1.49762517472981,-0.7616638501597,-0.150716800004418,0.912380650164113
1.49771733398881,-0.743576577429237,-0.178632776506491,0.922209353935726
1.4977775338942,-0.731423882173637,-0.196789041312396,0.928212923486022
1.4978377337996,-0.719009636334285,-0.214874826188512,0.933884462522776
1.497897933705,-0.706338248517804,-0.232883719114161,0.939221967631971
1.4979581336104,-0.693414252083074,-0.250809265519471,0.944223517602536
1.49803063387012,-0.677520912609001,-0.272277599408993,0.949798512018012
1.49810313412984,-0.661276095015571,-0.293604686652327,0.954880781667917
1.49817563438956,-0.644688227711381,-0.314779475968258,0.95946770367961
1.49824813464928,-0.627765926336118,-0.335790957922189,0.96355688425829
1.498320634909,-0.610517965340852,-0.356628250551345,0.967146215892185
1.49839313516872,-0.592953299298688,-0.377280524415289,0.970233823713967
1.49848130248023,-0.571179636014469,-0.402130603609485,0.973310239623939
1.49856946979175,-0.548967720831733,-0.426672245613175,0.975639966444958
1.49865763710326,-0.526334627833274,-0.450886599174958,0.977221227008206
1.49874580441478,-0.503297732988977,-0.474755062326215,0.978052795315203
1.49883397172629,-0.47987471830012,-0.498259326279421,0.978134044579533
1.49892213903781,-0.456083554423669,-0.521381346516543,0.977464900940222
1.49901030634932,-0.431942496647022,-0.544103392010351,0.976045888657377
1.49909847366084,-0.407470064147772,-0.566408021411869,0.97387808555963
1.49918664097235,-0.382685033618337,-0.588278131513074,0.97096316513141
1.49929504520475,-0.3518113154719,-0.614547214883746,0.966358530355621
1.49940344943716,-0.320529425669604,-0.640103762929062,0.960633188598678
1.49951185366956,-0.288875743018695,-0.664918046609091,0.95379378962777
1.49962025790196,-0.256886999879879,-0.688961276449648,0.94584827632949
1.49972866213437,-0.224600319530211,-0.712205539138081,0.936805858668281
1.49983706636677,-0.192053140766121,-0.734623888007779,0.926677028773891
1.49994547059917,-0.159283223261098,-0.756190303734958,0.915473526996039
1.50005387483158,-0.126328562448924,-0.776879788428783,0.903208350877714
1.50016227906398,-0.0932273883110169,-0.796668330120687,0.889895718431677
1.50027068329638,-0.0600180800271633,-0.815532992979605,0.875551073006767
1.50037908752879,-0.0267391619643642,-0.833451882560562,0.860191044524948
1.50048749176119,0.00657078047773721,-0.850404231096994,0.843833450619266
1.50059589599359,0.039873106909684,-0.866370362884071,0.826497255974382
1.50066350920457,0.0606240360687539,-0.875821433568207,0.815197397499467
1.50073112241555,0.0813474427123156,-0.884877270737972,0.803529828025619
1.50079873562653,0.102034069033969,-0.89353383440371,0.791499765369747
1.50086634883751,0.122674583500289,-0.901787212408259,0.779112628907933
1.50095850808173,0.150716808037207,-0.912380655626919,0.761663847589714
1.50105066732594,0.178632780044888,-0.92220935772863,0.743576577683723
1.50111086722681,0.196789043482438,-0.928212926818535,0.731423883336095
1.50117106712768,0.214874827000877,-0.933884465444952,0.719009638444075
1.50123126702854,0.232883718581028,-0.939221970194252,0.706338251613209
1.50129146692941,0.250809263654388,-0.944223519855823,0.693414256201384
1.50136396719172,0.27227759833474,-0.949798514558543,0.677520916223793
1.50143646745403,0.293604686360658,-0.954880784461035,0.661276098100369
1.50150896771634,0.314779476449689,-0.95946770669023,0.644688230240553
1.50158146797865,0.335790959166053,-0.963556887451096,0.627765928285035
1.50165396824095,0.356628252545806,-0.967146219231589,0.61051796668576
1.50172646850326,0.377280527147341,-0.97023382716415,0.592953300016808
1.50181463579237,0.40213060006028,-0.973310242376852,0.571179642316554
1.50190280308147,0.426672235943922,-0.975639968880618,0.548967732936658
1.50199097037058,0.450886583561198,-0.977221229507777,0.526334645946565
1.50207913765969,0.474755040957534,-0.978052798260416,0.503297757302842
1.50216730494879,0.498259299359171,-0.978134048352175,0.479874748992957
1.5022554722379,0.521381314261466,-0.977464905921329,0.456083591659862
1.502343639527,0.544103354650334,-0.976045895226977,0.431942540576617
1.50243180681611,0.566407979189515,-0.973878094095838,0.407470114906315
1.50251997410521,0.588278084683524,-0.97096317601004,0.382685091326506
1.50262837833754,0.61454716932629,-0.966358543315575,0.351811373989275
1.50273678256987,0.640103718700408,-0.960633203630282,0.320529484929878
1.5028451868022,0.664918003764392,-0.953793806719133,0.288875802954771
1.50295359103453,0.688961235042419,-0.945848295466253,0.256887060423817
1.50306199526686,0.712205499220223,-0.936805879833631,0.224600380613396
1.50317039949919,0.734623849629471,-0.926677051948734,0.192053202319236
1.50327880373152,0.756190266944712,-0.915473552158881,0.159283285214174
1.50338720796385,0.776879753273193,-0.903208378004763,0.126328624731578
1.50349561219618,0.796668296644489,-0.889895747496846,0.093227450852368
1.50360401642851,0.815532961225728,-0.875551103981751,0.0600181427559872
1.50371242066084,0.833451852569852,-0.860191077379088,0.0267392248092136
1.50382082489317,0.850404202908297,-0.843833485319764,-0.0065707175885445
1.5039292291255,0.866370336534196,-0.826497292486276,-0.0398730440479267
1.50399684239942,0.875821417003311,-0.815197424424413,-0.0606239925788992
1.50406445567334,0.884877263230891,-0.803529844668346,-0.0813474185625821
1.50413206894726,0.893533835215709,-0.791499771049273,-0.102034064166454
1.50419968222117,0.901787220789489,-0.779112622958465,-0.12267459783107
1.50429184148209,0.912380665443287,-0.761663838067364,-0.150716827375944
1.50438400074301,0.922209368696748,-0.74357656436811,-0.178632804328672
1.50444420061299,0.928212934331637,-0.731423875955266,-0.196789058376373
1.50450440048297,0.933884469841709,-0.719009637270276,-0.214874832571418
1.50456460035295,0.939221971816675,-0.706338256912092,-0.232883714904622
1.50462480022294,0.944223519048837,-0.693414268231404,-0.250809250817439
1.50469730048766,0.949798514198601,-0.677520927914458,-0.272277586284147
1.50476980075238,0.954880784516747,-0.661276109423937,-0.293604675092783
1.5048423010171,0.95946770712984,-0.644688241170128,-0.314779465959758
1.50491480128182,0.96355688824249,-0.627765938794407,-0.335790949448108
1.50498730154654,0.967146220342339,-0.610517976749602,-0.356628243592803
1.50505980181127,0.970233828561637,-0.592953309610538,-0.377280518951085
1.50514796910545,0.973310244144109,-0.571179650772423,-0.402130593371691
1.50523613639963,0.975639970932202,-0.548967740200344,-0.426672230731873
1.50532430369381,0.977221231757811,-0.526334651966599,-0.450886579791221
1.50541247098799,0.978052800622659,-0.50329776203074,-0.474755038591923
1.50550063828217,0.97813405074027,-0.479874752383268,-0.498259298357042
1.50558880557635,0.977464908248973,-0.456083593670149,-0.521381314578807
1.50567697287053,0.976045897407808,-0.431942541167723,-0.544103356240094
1.50576514016471,0.97387809604384,-0.407470114042186,-0.566407982001641
1.50585330745889,0.970963177639541,-0.382685088974479,-0.588278088665036
1.50596171169123,0.966358544733894,-0.351811371555572,-0.614547173178325
1.50607011592356,0.960633204838484,-0.320529482421286,-0.640103722417207
1.5061785201559,0.953793807718419,-0.288875800378059,-0.664918007340376
1.50628692438823,0.945848296258098,-0.256887057785974,-0.688961238472141
1.50639532862057,0.936805880419817,-0.224600377921344,-0.712205502498479
1.5065037328529,0.926677052331237,-0.192053199580024,-0.734623852751195
1.50661213708524,0.915473552339959,-0.159283282434943,-0.756190269904992
1.50672054131758,0.903208377986773,-0.126328621919447,-0.776879756067352
1.50682894554991,0.889895747282502,-0.0932274480145395,-0.796668299267995
1.50693734978225,0.875551103573953,-0.0600181398997014,-0.815532963674272
1.50704575401458,0.860191076781015,-0.0267392219417108,-0.833451854839292
1.50715415824692,0.843833484534752,0.00657072046001257,-0.850404204994801
1.50726256247925,0.826497291517967,0.0398730469160351,-0.866370338433994
1.50733017575229,0.815197423493311,0.0606239951709929,-0.875821418664309
1.50739778902533,0.803529843785482,0.0813474208766451,-0.884877264662153
1.50746540229838,0.791499770225589,0.102034066200873,-0.893533836426462
1.50753301557142,0.779112622204618,0.122674599584584,-0.901787221789181
1.50762517486382,0.761663831123919,0.150716838668408,-0.912380669792347
1.50771733415622,0.743576550806552,0.178632825061725,-0.922209375868244
1.50777753399987,0.731423867417057,0.196789071093313,-0.928212938510344
1.50783773384352,0.719009633988307,0.214874837327947,-0.933884471316241
1.50789793368717,0.706338259113372,0.232883711765028,-0.939221970878374
1.50795813353081,0.693414276137062,0.250809239854458,-0.944223515991523
1.50803063379535,0.677520935986964,0.272277575312978,-0.94979851129993
1.50810313405988,0.661276117662127,0.293604664118114,-0.954880781780234
1.50817563432441,0.644688249572703,0.314779454986301,-0.959467704559052
1.50824813458894,0.62776594736005,0.335790938480679,-0.963556885840734
1.50832063485348,0.610517985476757,0.356628232636223,-0.967146218112979
1.50839313511801,0.592953318497614,0.377280508010235,-0.970233826507802
1.50848130243965,0.571179652944612,0.402130590212424,-0.973310243157008
1.50856946976129,0.548967735384756,0.42667223516202,-0.975639970546754
1.50865763708292,0.526334639906356,0.450886591601042,-0.977221231507381
1.50874580440456,0.503297742485402,0.474755057554359,-0.978052800039753
1.5088339717262,0.479874725129179,0.498259324228142,-0.978134049357314
1.50892213904784,0.456083558500757,0.521381347098054,-0.9774649055988
1.50901030636948,0.431942497893916,0.544103395130813,-0.976045893024703
1.50909847369112,0.407470062492614,0.566408026971499,-0.973878089464084
1.50918664101276,0.382685028995801,0.588278139406283,-0.970963168402087
1.50929504524517,0.351811310686408,0.614547222520456,-0.96635853320681
1.50940344947759,0.32052942073455,0.640103770297817,-0.960633191032381
1.50951185371001,0.288875737947608,0.664918053698789,-0.953793791646378
1.50962025794242,0.25688699468651,0.688961283249493,-0.945848277935984
1.50972866217484,0.224600314228379,0.712205545637641,-0.936805859865972
1.50983706640726,0.192053135369824,0.734623894196937,-0.926677029566703
1.50994547063968,0.159283217784397,0.756190309603971,-0.915473527388326
1.51005387487209,0.126328556906074,0.776879793968234,-0.903208350874275
1.51016227910451,0.0932273827162492,0.796668335321584,-0.88989571803777
1.51027068333693,0.060018074394855,0.815532997833356,-0.875551072228193
1.51037908756934,0.0267391563089426,0.833451887058896,-0.860191043367823
1.51048749180176,-0.0065707861418422,0.8504042352321,-0.843833449090258
1.51059589603418,-0.0398731125680045,0.866370366648555,-0.826497254080528
1.51066350924348,-0.0606240411994357,0.875821436867394,-0.815197395667937
1.51073112245278,-0.0813474473113522,0.884877273589046,-0.803529826277689
1.51079873566209,-0.102034073098002,0.893533836824294,-0.791499763726284
1.51086634887139,-0.122674587026725,0.901787214416296,-0.779112627389561
1.51095850817857,-0.15071683063854,0.912380664332126,-0.761663833693542
1.51105066748575,-0.178632821524369,0.922209372077261,-0.74357655055287
1.51111086733393,-0.19678906892344,0.928212935179432,-0.731423866255982
1.51117106718211,-0.21487483651491,0.933884468395464,-0.719009631880541
1.51123126703028,-0.232883712296677,0.939221968317281,-0.706338256020576
1.51129146687846,-0.250809241717204,0.944223513739286,-0.693414272022026
1.51136396714039,-0.272277576380216,0.94979850875928,-0.677520932379043
1.51143646740231,-0.293604664398198,0.954880778986113,-0.66127611458792
1.51150896766424,-0.314779454488799,0.95946770154675,-0.644688247057956
1.51158146792617,-0.335790937216336,0.963556882645907,-0.627765945429524
1.5116539681881,-0.356628230616943,0.967146214771329,-0.610517984154346
1.51172646845002,-0.377280505249123,0.970233823055418,-0.592953317806243
1.51181463579404,-0.402130593724619,0.973310240401881,-0.57117964667722
1.51190280313806,-0.426672244786582,0.975639968109333,-0.548967723322762
1.51199097048208,-0.450886607162636,0.977221229007111,-0.526334621844447
1.5120791378261,-0.474755078863695,0.978052797095331,-0.503297718231619
1.51216730517012,-0.498259351082125,0.978134045587502,-0.47987469450535
1.51225547251413,-0.521381379280276,0.977464900623049,-0.456083521342706
1.51234363985815,-0.54410343241175,0.976045886463551,-0.431942454051726
1.51243180720217,-0.566408069108802,0.973878080939755,-0.40747001183095
1.51251997454619,-0.588278186145272,0.970963157539342,-0.382684971394044
1.51262837877868,-0.614547267989705,0.966358520266728,-0.351811252276994
1.51273678301117,-0.640103814440728,0.960633176024405,-0.32052936158367
1.51284518724366,-0.664918096460335,0.953793774582548,-0.28887567812219
1.51295359147615,-0.688961324576198,0.945848258830614,-0.256886934254372
1.51306199570864,-0.712205585477747,0.936805838735824,-0.22460025325803
1.51317039994113,-0.73462393250033,0.926677006430823,-0.192053073930453
1.51327880417362,-0.756190346322329,0.915473502268154,-0.159283155945816
1.51338720840611,-0.776879829055004,0.903208323793536,-0.126328494738537
1.5134956126386,-0.796668368731997,0.889895689022575,-0.0932273202905373
1.51360401687109,-0.815533029524705,0.875551041306737,-0.0600180117820234
1.51371242110358,-0.833451916990403,0.860191010570732,-0.0267390935803286
1.51382082533607,-0.850404263364908,0.843833414450253,0.00657084891468023
1.51392922956856,-0.866370392945993,0.826497217632557,0.0398731753134428
1.51399684271504,-0.875821453398115,0.815197368789023,0.0606240846091363
1.51406445586152,-0.884877281078822,0.803529809661821,0.0813474714170431
1.514132069008,-0.893533836010576,0.791499758053137,0.102034077957465
1.51419968215448,-0.901787206047479,0.779112633323782,0.122674572723699
1.51429184144497,-0.912380654527598,0.761663843199543,0.150716811328068
1.51438400073545,-0.922209361120377,0.743576563851115,0.178632797269278
1.51444420061448,-0.928212927673559,0.731423873626506,0.196789054047015
1.5145044004935,-0.933884464002189,0.719009633051409,0.214874830950761
1.51456460037252,-0.939221966695013,0.706338250726583,0.232883715968418
1.51462480025155,-0.944223514543493,0.693414260004935,0.250809254538578
1.51469730051108,-0.949798509118261,0.677520920697117,0.272277588421172
1.51476980077062,-0.95488077893106,0.661276103268801,0.293604675662277
1.51484230103015,-0.959467701109023,0.644688236128315,0.314779464980708
1.51491480128969,-0.963556881857282,0.627765934915403,0.335790946941919
1.51498730154922,-0.967146213664072,0.610517974080915,0.356628239583195
1.51505980180876,-0.970233821661945,0.592953308197872,0.377280513464101
1.51514796914773,-0.973310238638783,0.571179638200119,0.402130600438701
1.51523613648669,-0.975639966061695,0.548967716031038,0.426672250030697
1.51532430382566,-0.97722122676036,0.52633461578932,0.450886610971039
1.51541247116463,-0.978052794735268,0.503297713461409,0.474755081273893
1.5155006385036,-0.978134043200051,0.479874691065314,0.498259352134741
1.51558880584256,-0.977464898294126,0.456083519275065,0.521381379019079
1.51567697318153,-0.976045884279049,0.431942453395548,0.544103430883526
1.5157651405205,-0.973878078985394,0.407470012622066,0.566408066363309
1.51585330785947,-0.970963155900255,0.382684973665096,0.588278182235161
1.51596171209195,-0.966358518835759,0.351811254628524,0.614547264207207
1.51607011632444,-0.960633174800545,0.320529364009042,0.640103810791523
1.51617852055692,-0.953793773564589,0.288875680614687,0.664918092949932
1.51628692478941,-0.945848258017078,0.256886936807161,0.688961321209909
1.51639532902189,-0.936805838125006,0.224600255864237,0.712205582260755
1.51650373325438,-0.926677006020725,0.19205307658316,0.734623929437597
1.51661213748686,-0.915473502056665,0.159283158637978,0.756190343418716
1.51672054171935,-0.903208323778209,0.12632849746314,0.776879826315086
1.51682894595183,-0.889895689200744,0.0932273230404723,0.796668366160302
1.51693735018431,-0.875551041675618,0.0600180145501922,0.81553302712539
1.5170457544168,-0.860191011127161,0.0267390963595614,0.833451914767582
1.51715415864928,-0.843833415190905,-0.00657084613154772,0.850404261322461
1.51726256288177,-0.826497218553939,-0.0398731725335681,0.866370391087504
1.51733017602904,-0.81519736968672,-0.0606240820778807,0.875821451764594
1.51739778917631,-0.803529810525743,-0.0813474691364546,0.884877279662182
1.51746540232358,-0.791499758873351,-0.102034075929258,0.893533834802622
1.51753301547085,-0.779112634090534,-0.122674570949264,0.901787205039798
1.51762517472986,-0.761663850152608,-0.150716800020598,0.912380650173228
1.51771733398888,-0.743576577418759,-0.178632776527144,0.922209353945888
1.51777753389425,-0.731423882168375,-0.196789041324753,0.928212923493112
1.51783773379962,-0.719009636334527,-0.214874826192634,0.933884462527185
1.51789793370499,-0.706338248523798,-0.232883719110105,0.939221967633882
1.51795813361036,-0.693414252094984,-0.250809265507323,0.944223517602344
1.51803063387009,-0.677520912619777,-0.272277599398704,0.949798512018465
1.51810313412981,-0.661276095025094,-0.293604686643918,0.954880781668996
1.51817563438954,-0.64468822771958,-0.314779475961695,0.959467703681263
1.51824813464927,-0.627765926342956,-0.335790957917459,0.963556884260388
1.51832063490899,-0.610517965346228,-0.356628250548407,0.967146215894659
1.51839313516872,-0.592953299302603,-0.377280524414121,0.970233823716704
1.51848130248026,-0.571179636013095,-0.402130603614224,0.973310239627331
1.51856946979179,-0.548967720824935,-0.426672245623684,0.97563996644862
1.51865763710333,-0.526334627820788,-0.450886599191053,0.977221227011796
1.51874580441486,-0.503297732970638,-0.474755062347724,0.978052795318357
1.5188339717264,-0.479874718275775,-0.498259326306151,0.978134044581893
1.51892213903793,-0.456083554393158,-0.521381346548283,0.977464900941435
1.51901030634947,-0.431942496610214,-0.544103392046904,0.976045888657083
1.51909847366101,-0.40747006410452,-0.566408021452979,0.97387808555754
1.51918664097254,-0.382685033568511,-0.588278131558538,0.970963165127066
1.51929504520495,-0.35181131542095,-0.614547214928304,0.966358530349262
1.51940344943735,-0.320529425617595,-0.640103762972644,0.960633188590269
1.51951185366975,-0.288875742965631,-0.66491804665163,0.953793789617305
1.51962025790216,-0.256886999825872,-0.68896127649109,0.945848276316952
1.51972866213456,-0.224600319475286,-0.71220553917835,0.936805858653653
1.51983706636697,-0.192053140710366,-0.7346238880468,0.926677028757139
1.51994547059937,-0.159283223204545,-0.756190303772678,0.915473526977205
1.52005387483178,-0.126328562391664,-0.776879788465126,0.903208350856761
1.52016227906418,-0.093227388253116,-0.796668330155533,0.889895718408623
1.52027068329659,-0.0600180799686837,-0.815532993012978,0.875551072981629
1.52037908752899,-0.0267391619053938,-0.833451882592359,0.860191044497709
1.5204874917614,0.0065707805371459,-0.850404231127133,0.843833450589976
1.5205958959938,0.0398731069694407,-0.866370362912503,0.826497255943036
1.52066350920472,0.0606240361113426,-0.875821433587803,0.815197397476453
1.52073112241565,0.0813474427377781,-0.884877270749305,0.803529828011577
1.52079873562657,0.102034069042328,-0.893533834407581,0.791499765365236
1.52086634883749,0.122674583491617,-0.901787212405249,0.779112628913641
1.52095850808173,0.150716808035964,-0.912380655626713,0.761663847590748
1.52105066732598,0.178632780050988,-0.922209357730827,0.743576577679866
1.52111086722683,0.19678904348588,-0.92821292681976,0.731423883333869
1.52117106712769,0.214874827001677,-0.933884465445236,0.719009638443542
1.52123126702855,0.232883718579176,-0.939221970193664,0.706338251614482
1.52129146692941,0.250809263649948,-0.944223519854433,0.693414256204527
1.52136396719172,0.272277598332954,-0.949798514557905,0.67752091622492
1.52143646745404,0.293604686361497,-0.954880784460936,0.661276098099406
1.52150896771636,0.314779476453068,-0.959467706690575,0.644688230237499
1.52158146797868,0.335790959171949,-0.963556887451721,0.627765928279762
1.521653968241,0.356628252554188,-0.967146219232369,0.610517966678201
1.52172646850332,0.377280527158104,-0.970233827164982,0.592953300006855
1.52181463579246,0.402130600083167,-0.973310242378603,0.571179642295417
1.52190280308161,0.426672235978608,-0.975639968882521,0.548967732903891
1.52199097037076,0.450886583607326,-0.97722122950912,0.526334645901752
1.52207913765991,0.474755041014734,-0.978052798260412,0.503297757245651
1.52216730494906,0.498259299427015,-0.978134048350039,0.479874748923036
1.52225547223821,0.521381314339524,-0.977464905916409,0.456083591576855
1.52234363952736,0.544103354738159,-0.976045895218444,0.431942540480291
1.52243180681651,0.566407979286609,-0.97387809408302,0.407470114796409
1.52251997410566,0.588278084789357,-0.970963175992185,0.382685091202808
1.52262837833799,0.614547169429374,-0.966358543293041,0.351811373863655
1.52273678257032,0.640103718800623,-0.960633203603176,0.320529484802525
1.52284518680265,0.664918003861569,-0.953793806687366,0.288875802825778
1.52295359103498,0.688961235136442,-0.945848295429865,0.256887060293415
1.52306199526731,0.712205499310985,-0.936805879792673,0.224600380481692
1.52317039949964,0.73462384971687,-0.926677051903277,0.192053202186384
1.52327880373197,0.756190267028595,-0.915473552108943,0.159283285080345
1.5233872079643,0.776879753353463,-0.90320837795037,0.126328624596904
1.52349561219663,0.796668296721054,-0.889895747438072,0.093227450717025
1.52360401642896,0.815532961298466,-0.875551103918637,0.0600181426201627
1.52371242066129,0.833451852638654,-0.860191077311722,0.0267392246730406
1.52382082489362,0.850404202973122,-0.843833485248217,-0.00657071772492303
1.52392922912595,0.866370336594966,-0.826497292410613,-0.0398730441843246
1.52399684239974,0.875821417042917,-0.815197424369204,-0.0606239926737321
1.52406445567352,0.884877263250927,-0.803529844635036,-0.0813474186159052
1.5241320689473,0.893533835217809,-0.791499771039414,-0.102034064178399
1.52419968222109,0.901787220775221,-0.77911262297342,-0.122674597801817
1.52429184148202,0.912380665431577,-0.761663838079708,-0.150716827351873
1.52438400074295,0.922209368687353,-0.743576564377593,-0.178632804309743
1.52444420061296,0.928212934324763,-0.731423875960237,-0.196789058364533
1.52450440048296,0.933884469837124,-0.71900963727058,-0.214874832566597
1.52456460035297,0.939221971814171,-0.706338256907421,-0.232883714906776
1.52462480022298,0.944223519048094,-0.693414268221621,-0.250809250826471
1.52469730048768,0.949798514196516,-0.677520927907621,-0.272277586288902
1.52476980075239,0.954880784513564,-0.661276109420218,-0.293604675093327
1.5248423010171,0.959467707125752,-0.644688241169664,-0.314779465956125
1.52491480128181,0.963556888237684,-0.627765938797291,-0.335790949440394
1.52498730154651,0.967146220337002,-0.610517976755938,-0.356628243581054
1.52505980181122,0.970233828555886,-0.59295330962052,-0.377280518935371
1.52514796910541,0.973310244139063,-0.571179650780298,-0.402130593358782
1.5252361363996,0.975639970927665,-0.548967740206005,-0.426672230721678
1.52532430369379,0.977221231753662,-0.526334651969977,-0.450886579783688
1.52541247098798,0.978052800618674,-0.503297762031706,-0.474755038586987
1.52550063828217,0.978134050736386,-0.479874752381739,-0.498259298354635
1.52558880557636,0.977464908244902,-0.45608359366608,-0.521381314578838
1.52567697287055,0.976045897403471,-0.431942541161024,-0.544103356242427
1.52576514016474,0.973878096039085,-0.407470114032834,-0.566407982006251
1.52585330745893,0.970963177634188,-0.382685088962387,-0.588278088671813
1.52596171169127,0.966358544728122,-0.351811371543323,-0.614547173184829
1.5260701159236,0.960633204832356,-0.320529482408897,-0.640103722423439
1.52617852015594,0.953793807711863,-0.288875800365567,-0.664918007346313
1.52628692438827,0.945848296251186,-0.256887057773352,-0.688961238477831
1.52639532862061,0.936805880412553,-0.224600377908644,-0.712205502503856
1.52650373285294,0.926677052323571,-0.192053199567237,-0.734623852756312
1.52661213708528,0.915473552331862,-0.159283282422076,-0.756190269909803
1.52672054131761,0.903208377978374,-0.126328621906523,-0.776879756071813
1.52682894554995,0.88989574727375,-0.0932274480015515,-0.796668299272175
1.52693734978228,0.875551103564798,-0.0600181398866749,-0.815532963678128
1.52704575401462,0.860191076771485,-0.0267392219286625,-0.833451854842819
1.52715415824696,0.843833484524887,0.00657072047306669,-0.850404204997954
1.52726256247929,0.826497291507744,0.0398730469290902,-0.866370338436825
1.52733017575232,0.815197423485033,0.0606239951801951,-0.87582141866519
1.52739778902535,0.803529843779203,0.0813474208820055,-0.884877264661201
1.52746540229838,0.791499770221516,0.102034066202424,-0.893533836423907
1.5275330155714,0.779112622202811,0.122674599582333,-0.901787221785155
1.5276251748638,0.761663831124506,0.150716838662613,-0.912380669787088
1.52771733415619,0.74357655080959,0.178632825052411,-0.922209375862003
1.52777753399985,0.731423867417965,0.196789071087452,-0.928212938505389
1.52783773384351,0.719009633986981,0.214874837325519,-0.933884471312482
1.52789793368717,0.706338259109643,0.232883711766016,-0.939221970875642
1.52795813353082,0.693414276130918,0.250809239858799,-0.944223515989691
1.52803063379535,0.677520935982697,0.272277575314665,-0.949798511297328
1.52810313405987,0.661276117659874,0.293604664117179,-0.954880781777045
1.5281756343244,0.644688249572576,0.314779454982777,-0.959467704555341
1.52824813458892,0.627765947362103,0.335790938474617,-0.963556885836704
1.52832063485344,0.610517985481019,0.356628232627677,-0.96714621810874
1.52839313511797,0.592953318504231,0.377280507999241,-0.970233826503446
1.52848130243959,0.571179652955901,0.402130590196563,-0.973310243152448
1.52856946976121,0.548967735400899,0.426672235141442,-0.975639970542303
1.52865763708283,0.526334639927544,0.450886591575875,-0.977221231503373
1.52874580440445,0.503297742511752,0.474755057524756,-0.978052800036487
1.52883397172607,0.479874725160786,0.498259324194267,-0.978134049355062
1.52892213904769,0.456083558537812,0.521381347060105,-0.977464905597926
1.52901030636931,0.431942497936482,0.544103395088997,-0.976045893025478
1.52909847369093,0.407470062540809,0.566408026925966,-0.973878089466771
1.52918664101255,0.382685029049739,0.588278139357288,-0.970963168407007
1.52929504524497,0.351811310741487,0.614547222472468,-0.966358533213956
1.52940344947738,0.32052942079081,0.640103770250922,-0.960633191041672
1.5295118537098,0.288875738004923,0.664918053653017,-0.95379379165794
1.52962025794221,0.256886994744839,0.688961283204922,-0.945848277949731
1.52972866217463,0.22460031428763,0.712205545594401,-0.936805859881988
1.52983706640705,0.192053135429932,0.734623894155031,-0.926677029584943
1.52994547063946,0.159283217845319,0.75619030956354,-0.915473527408813
1.53005387487188,0.126328556967738,0.776879793929277,-0.903208350896983
1.53016227910429,0.0932273827785566,0.796668335284212,-0.889895718062744
1.53027068333671,0.060018074457753,0.815532997797601,-0.875551072255358
1.53037908756912,0.0267391563723513,0.833451887024844,-0.860191043397194
1.53048749180154,-0.00657078607801123,0.850404235199856,-0.84383344912183
1.53059589603396,-0.0398731125038172,0.866370366618131,-0.826497254114318
1.53066350924332,-0.0606240411541828,0.8758214368467,-0.815197395692482
1.53073112245268,-0.081347447285006,0.88487727357732,-0.803529826292299
1.53079873566205,-0.102034073090518,0.89353383682088,-0.791499763730324
1.53086634887141,-0.122674587038019,0.901787214420401,-0.779112627382352
1.53095850817856,-0.150716830639887,0.912380664332418,-0.761663833692502
1.53105066748571,-0.178632821515876,0.922209372074266,-0.743576550558352
1.5311108673339,-0.196789068918863,0.928212935177914,-0.73142386625902
1.53117106718209,-0.214874836514241,0.93388446839528,-0.719009631881017
1.53123126703028,-0.232883712299864,0.939221968318287,-0.706338256018391
1.53129146687847,-0.250809241724215,0.944223513741311,-0.693414272017096
1.53136396714039,-0.272277576386176,0.949798508760974,-0.677520932374802
1.53143646740232,-0.29360466440312,0.954880778987572,-0.661276114584468
1.53150896766424,-0.31477945449267,0.959467701548011,-0.644688247055284
1.53158146792617,-0.335790937219179,0.963556882646911,-0.627765945427726
1.53165396818809,-0.356628230618789,0.967146214772214,-0.610517984153403
1.53172646845001,-0.377280505249988,0.970233823056232,-0.592953317806217
1.53181463579399,-0.40213059371363,0.973310240401456,-0.571179646687806
1.53190280313797,-0.426672244764041,0.975639968108442,-0.548967723344402
1.53199097048194,-0.450886607128882,0.97722122900643,-0.526334621877525
1.53207913782592,-0.474755078819107,0.978052797095618,-0.503297718276498
1.53216730516989,-0.498259351027106,0.978134045589463,-0.479874694562334
1.53225547251387,-0.521381379215217,0.97746490062741,-0.456083521412152
1.53234363985784,-0.544103432337096,0.976045886470971,-0.431942454133897
1.53243180720182,-0.56640806902498,0.973878080951063,-0.407470011926072
1.53251997454579,-0.588278186052803,0.970963157555176,-0.382684971502379
1.53262837877829,-0.614547267899861,0.966358520286632,-0.351811252386696
1.53273678301078,-0.640103814353632,0.96063317604832,-0.320529361694653
1.53284518724327,-0.664918096376062,0.953793774610477,-0.288875678234335
1.53295359147576,-0.688961324494892,0.94584825886245,-0.256886934367522
1.53306199570825,-0.712205585399469,0.936805838771561,-0.224600253372043
1.53317039994074,-0.734623932425173,0.926677006470366,-0.192053074045212
1.53327880417323,-0.756190346250355,0.915473502311536,-0.159283156061147
1.53338720840572,-0.776879828986282,0.903208323840673,-0.126328494854343
1.53349561263821,-0.796668368666689,0.88989568907337,-0.0932273204066508
1.5336040168707,-0.815533029462797,0.875551041361143,-0.0600180118983238
1.53371242110319,-0.833451916931976,0.860191010628685,-0.0267390936966813
1.53382082533568,-0.850404263310077,0.843833414511631,0.00657084879843385
1.53392922956818,-0.866370392894718,0.826497217697332,0.0398731751974196
1.53399684271477,-0.875821453364393,0.815197368836918,0.0606240845274957
1.53406445586136,-0.884877281061378,0.803529809691672,0.081347471369726
1.53413206900795,-0.893533836008038,0.791499758063671,0.102034077944364
1.53419968215454,-0.901787206058513,0.779112633313843,0.122674572744692
1.53429184144502,-0.912380654537294,0.7616638431907,0.15071681134661
1.5343840007355,-0.92220936112885,0.743576563843458,0.178632797285404
1.5344442006145,-0.928212927679812,0.731423873622758,0.196789054057047
1.5345044004935,-0.933884464006491,0.719009633051754,0.214874830954754
1.53456460037251,-0.939221966697563,0.706338250731165,0.232883715966421
1.53462480025151,-0.944223514544545,0.693414260013908,0.250809254530638
1.53469730051105,-0.949798509119756,0.67752092070581,0.272277588413964
1.53476980077058,-0.954880778932885,0.661276103277049,0.293604675655831
1.53484230103012,-0.959467701111207,0.64468823613624,0.314779464974986
1.53491480128966,-0.963556881859791,0.62776593492292,0.33579094693689
1.5349873015492,-0.967146213666849,0.610517974088027,0.356628239578859
1.53505980180874,-0.970233821665017,0.592953308204509,0.37728051346049
1.53514796914768,-0.973310238641185,0.571179638213459,0.402130600427741
1.53523613648662,-0.975639966063957,0.548967716051319,0.426672250012607
1.53532430382556,-0.977221226762847,0.526334615816859,0.450886610946023
1.5354124711645,-0.978052794738492,0.503297713496357,0.474755081242168
1.53550063850344,-0.978134043204444,0.479874691107902,0.498259352096563
1.53558880584238,-0.977464898300196,0.456083519325459,0.521381378974738
1.53567697318132,-0.976045884287151,0.431942453453927,0.544103430833261
1.53576514052027,-0.973878078996008,0.40747001268858,0.566408066307427
1.53585330785921,-0.970963155913837,0.38268497373987,0.58827818217394
1.53596171209169,-0.966358518851998,0.351811254704341,0.614547264147688
1.53607011632418,-0.960633174819535,0.320529364085813,0.64010381073373
1.53617852055666,-0.953793773586267,0.28887568069231,0.664918092893951
1.53628692478915,-0.945848258041361,0.256886936885552,0.688961321155795
1.53639532902163,-0.936805838151898,0.224600255943295,0.712205582208576
1.53650373325412,-0.926677006050268,0.192053076662802,0.734623929387453
1.5366121374866,-0.915473502088749,0.159283158718105,0.756190343370649
1.53672054171909,-0.903208323812839,0.126328497543674,0.776879826269119
1.53682894595157,-0.889895689237853,0.0932273231213083,0.796668366116549
1.53693735018405,-0.875551041715163,0.0600180146312328,0.815533027083923
1.53704575441654,-0.860191011169155,0.0267390964407406,0.833451914728405
1.53715415864902,-0.84383341523528,-0.00657084605033334,0.850404261285599
1.53726256288151,-0.826497218600629,-0.0398731724524174,0.866370391053028
1.53733017602886,-0.815197369720874,-0.0606240820219517,0.87582145174284
1.53739778917621,-0.803529810546501,-0.0813474691057015,0.884877279652223
1.53746540232356,-0.791499758879872,-0.102034075923608,0.893533834803492
1.53753301547091,-0.779112634081907,-0.12267457096859,0.901787205050498
1.53762517472995,-0.761663850140176,-0.150716800045094,0.91238065018526
1.53771733398898,-0.743576577402278,-0.178632776556725,0.922209353958995
1.53777753389431,-0.731423882159217,-0.196789041342806,0.928212923502039
1.53783773379965,-0.719009636332992,-0.214874826199228,0.933884462532213
1.53789793370498,-0.706338248530236,-0.232883719105347,0.939221967635564
1.53795813361031,-0.693414252109697,-0.250809265491332,0.944223517601024
1.53803063387005,-0.677520912631654,-0.272277599386887,0.949798512018508
1.53810313412979,-0.66127609503404,-0.293604686636207,0.954880781670256
1.53817563438953,-0.644688227725416,-0.314779475958059,0.95946770368346
1.53824813464927,-0.627765926345546,-0.335790957917821,0.963556884263373
1.53832063490901,-0.610517965345531,-0.356628250552702,0.967146215898229
1.53839313516875,-0.592953299298426,-0.377280524422279,0.970233823720677
1.5384813024803,-0.571179636005333,-0.402130603626153,0.973310239631453
1.53856946979185,-0.548967720813432,-0.426672245639248,0.975639966452707
1.5386576371034,-0.526334627805425,-0.450886599210135,0.97722122701554
1.53874580441495,-0.503297732951308,-0.474755062370218,0.978052795321534
1.5388339717265,-0.479874718252362,-0.498259326331927,0.978134044584314
1.53892213903805,-0.456083554365591,-0.521381346577194,0.977464900942782
1.5390103063496,-0.431942496578398,-0.544103392078811,0.976045888657205
1.53909847366115,-0.407470064068393,-0.566408021487705,0.973878085556097
1.5391866409727,-0.382685033527992,-0.588278131595941,0.970963165123942
1.5392950452051,-0.351811315379933,-0.614547214964614,0.966358530344542
1.53940344943751,-0.320529425576163,-0.640103763007778,0.960633188583916
1.53951185366991,-0.288875742923858,-0.664918046685584,0.953793789609411
1.53962025790231,-0.256886999783769,-0.688961276523767,0.945848276307536
1.53972866213472,-0.22460031943294,-0.712205539209765,0.936805858642724
1.53983706636712,-0.192053140667789,-0.734623888076935,0.926677028744716
1.53994547059953,-0.159283223161825,-0.756190303801497,0.915473526963334
1.54005387483193,-0.126328562348845,-0.776879788492576,0.90320835084146
1.54016227906434,-0.0932273882102401,-0.796668330181616,0.889895718391863
1.54027068329674,-0.0600180799258112,-0.815532993037699,0.875551072963475
1.54037908752914,-0.0267391618625892,-0.833451882615667,0.860191044478213
1.54048749176155,0.00657078057983027,-0.850404231148996,0.843833450569156
1.54059589599395,0.0398731070119423,-0.866370362932898,0.826497255920956
1.54066350920484,0.0606240361416911,-0.875821433601955,0.815197397460219
1.54073112241572,0.0813474427559679,-0.88487727075763,0.803529828001635
1.5407987356266,0.102034069048409,-0.893533834410519,0.791499765362078
1.54086634883749,0.122674583485638,-0.901787212403247,0.779112628917608
1.54095850808177,0.150716808041962,-0.912380655629196,0.761663847587192
1.54105066732605,0.178632780068875,-0.922209357737116,0.743576577668182
1.54111086722688,0.196789043497349,-0.928212926823536,0.731423883326174
1.54117106712772,0.214874827006764,-0.933884465446848,0.719009638440033
1.54123126702856,0.232883718577971,-0.93922197019334,0.70633825161531
1.54129146692939,0.250809263642476,-0.944223519852357,0.693414256209873
1.54136396719172,0.272277598326894,-0.949798514556222,0.67752091622929
1.54143646745404,0.293604686356818,-0.954880784459606,0.661276098102779
1.54150896771636,0.314779476449806,-0.959467706689565,0.644688230239748
1.54158146797869,0.335790959170073,-0.963556887450956,0.627765928280853
1.54165396824101,0.35662825255364,-0.967146219231775,0.610517966678086
1.54172646850333,0.377280527158915,-0.97023382716448,0.592953300005547
1.54181463579252,0.402130600094102,-0.973310242379034,0.571179642284923
1.5419028030817,0.426672235999386,-0.975639968883332,0.548967732883929
1.54199097037089,0.450886583637662,-0.97722122950966,0.526334645871999
1.54207913766007,0.474755041054284,-0.978052798260067,0.503297757205775
1.54216730494926,0.498259299475466,-0.978134048348231,0.479874748872763
1.54225547223845,0.521381314396518,-0.977464905912492,0.456083591515965
1.54234363952763,0.544103354803301,-0.976045895211828,0.431942540408477
1.54243180681682,0.566407979359548,-0.973878094072999,0.407470114713459
1.542519974106,0.588278084869642,-0.970963175978235,0.382685091108573
1.54262837833833,0.614547169507323,-0.966358543275594,0.351811373768235
1.54273678257066,0.640103718876149,-0.96063320358222,0.320529484706025
1.54284518680299,0.664918003934577,-0.953793806662964,0.288875802728362
1.54295359103532,0.688961235206877,-0.945848295402025,0.256887060195124
1.54306199526765,0.712205499378756,-0.936805879761462,0.224600380382672
1.54317039949998,0.734623849781893,-0.926677051868671,0.192053202086753
1.54327880373231,0.756190267090802,-0.915473552071033,0.159283284980217
1.54338720796464,0.776879753412793,-0.903208377909212,0.12632862449642
1.54349561219697,0.796668296777472,-0.889895747393772,0.0932274506162833
1.5436040164293,0.81553296135189,-0.875551103871149,0.0600181425192693
1.54371242066163,0.833451852688997,-0.860191077261155,0.0267392245721428
1.54382082489396,0.850404203020356,-0.843833485194653,-0.00657071782572574
1.54392922912629,0.866370336639031,-0.826497292354161,-0.0398730442848843
1.54399684239997,0.875821417071509,-0.815197424327681,-0.0606239927438369
1.54406445567366,0.884877263265165,-0.803529844609595,-0.0813474186555749
1.54413206894734,0.893533835218828,-0.791499771031115,-0.102034064187738
1.54419968222103,0.901787220764218,-0.779112622983278,-0.122674597780944
1.54429184148198,0.912380665422706,-0.761663838087186,-0.15071682733552
1.54438400074292,0.922209368680339,-0.743576564382471,-0.178632804297899
1.54444420061294,0.928212934319445,-0.731423875962033,-0.196789058357419
1.54450440048297,0.933884469833327,-0.719009637269177,-0.214874832564166
1.54456460035299,0.939221971811681,-0.706338256902705,-0.232883714908994
1.54462480022301,0.944223519046761,-0.693414268213494,-0.250809250833307
1.54469730048774,0.949798514196825,-0.677520927893767,-0.272277586303052
1.54476980075247,0.954880784515126,-0.661276109400471,-0.293604675114684
1.5448423010172,0.959467707128279,-0.644688241143715,-0.314779465984561
1.54491480128194,0.963556888240786,-0.627765938765032,-0.335790949475783
1.54498730154667,0.967146220340358,-0.6105179767171,-0.35662824362327
1.5450598018114,0.970233828559138,-0.592953309574886,-0.377280518984248
1.54514796910565,0.973310244142673,-0.571179650718531,-0.402130593424168
1.5452361363999,0.975639970930576,-0.548967740127464,-0.426672230803105
1.54532430369416,0.977221231754807,-0.526334651874165,-0.450886579880653
1.54541247098841,0.978052800617035,-0.503297761918143,-0.47475503869892
1.54550063828266,0.978134050730844,-0.47987475224994,-0.498259298480962
1.54558880557691,0.977464908234544,-0.456083593515644,-0.5213813147189
1.54567697287116,0.976045897387162,-0.431942540991579,-0.5441033563956
1.54576514016541,0.973878096015844,-0.407470113844052,-0.566407982171812
1.54585330745966,0.970963177602976,-0.38268508875394,-0.588278088849054
1.545961711692,0.966358544689276,-0.351811371331814,-0.614547173357509
1.54607011592434,0.960633204785933,-0.320529482194557,-0.640103722591352
1.54617852015667,0.953793807657909,-0.28887580014863,-0.664918007509257
1.54628692438901,0.945848296189648,-0.256887057554099,-0.68896123863558
1.54639532862134,0.936805880343541,-0.224600377687284,-0.712205502656255
1.54650373285368,0.926677052247155,-0.192053199344027,-0.734623852903127
1.54661213708602,0.915473552248153,-0.159283282197279,-0.756190270050852
1.54672054131835,0.903208377887366,-0.126328621680412,-0.776879756206935
1.54682894555069,0.889895747175546,-0.0932274477743854,-0.796668299401191
1.54693734978302,0.875551103459543,-0.0600181396586901,-0.815532963800894
1.54704575401536,0.86019107665933,-0.0267392217001467,-0.833451854959153
1.5471541582477,0.843833484405869,0.00657072070185416,-0.850404205107743
1.54726256248003,0.826497291381968,0.0398730471579128,-0.866370338539897
1.54733017575283,0.815197423393843,0.0606239953389773,-0.875821418732813
1.54739778902563,0.803529843725117,0.0813474209708815,-0.884877264696004
1.54746540229844,0.791499770206967,0.102034066221587,-0.893533836428562
1.54753301557124,0.779112622230264,0.122674599532072,-0.90178722176236
1.54762517486359,0.761663831161336,0.150716838599666,-0.912380669761
1.54771733415594,0.743576550856338,0.178632824976987,-0.922209375833314
1.54777753399969,0.731423867445942,0.19678907104159,-0.928212938487523
1.54783773384345,0.719009633995383,0.214874837309002,-0.933884471304355
1.5478979336872,0.706338259097604,0.232883711778597,-0.93922197087622
1.54795813353096,0.693414276097643,0.250809239900221,-0.944223515997862
1.54803063379548,0.677520935950089,0.27227757535408,-0.949798511304138
1.54810313406,0.661276117627991,0.293604664154589,-0.954880781782602
1.54817563432451,0.644688249541506,0.314779455018206,-0.959467704559707
1.54824813458903,0.627765947331844,0.335790938508065,-0.963556885839933
1.54832063485355,0.610517985451734,0.356628232659139,-0.967146218110898
1.54839313511807,0.592953318475936,0.377280508028718,-0.970233826504658
1.54848130243969,0.571179652926657,0.402130590226227,-0.973310243152894
1.54856946976131,0.548967735370611,0.426672235171286,-0.975639970541889
1.54865763708293,0.526334639896264,0.450886591605852,-0.977221231502091
1.54874580440456,0.503297742479509,0.474755057554831,-0.978052800034326
1.54883397172618,0.479874725127601,0.49825932422441,-0.978134049351945
1.5489221390478,0.456083558503618,0.521381347090263,-0.977464905593867
1.54901030636942,0.431942497901312,0.544103395119122,-0.976045893020432
1.54909847369105,0.407470062504683,0.566408026956057,-0.973878089460736
1.54918664101267,0.382685029012656,0.588278139387252,-0.970963168399903
1.54929504524508,0.351811310703927,0.614547222501717,-0.966358533205661
1.5494034494775,0.320529420752752,0.640103770279415,-0.960633191032144
1.54951185370992,0.288875737966447,0.664918053680732,-0.953793791647135
1.54962025794233,0.256886994705937,0.688961283231836,-0.945848277937753
1.54972866217475,0.224600314248381,0.712205545620418,-0.936805859868778
1.54983706640716,0.19205313539037,0.734623894180183,-0.926677029570519
1.54994547063958,0.159283217805468,0.756190309587776,-0.915473527393224
1.550053874872,0.126328556927612,0.776879793952613,-0.903208350880185
1.55016227910441,0.0932273827382559,0.79666833530655,-0.889895718044806
1.55027068333683,0.0600180744172912,0.815532997818966,-0.875551072236243
1.55037908756924,0.026739156331772,0.833451887045193,-0.860191043376942
1.55048749180166,-0.00657078611866828,0.850404235219135,-0.843833449100458
1.55059589603408,-0.0398731125444968,0.866370366636366,-0.826497254091849
1.5506635092434,-0.0606240411816465,0.87582143685834,-0.815197395676656
1.55073112245272,-0.0813474472992536,0.884877273582858,-0.803529826283584
1.55079873566204,-0.102034073091605,0.893533836820845,-0.791499763729206
1.55086634887136,-0.12267458702598,0.901787214415304,-0.779112627389287
1.55095850817847,-0.150716830615109,0.912380664323047,-0.761663833707912
1.55105066748558,-0.178632821478468,0.922209372061364,-0.743576550582876
1.55111086733381,-0.196789068895872,0.928212935170352,-0.731423866274467
1.55117106718205,-0.214874836505534,0.933884468392558,-0.719009631886989
1.55123126703029,-0.232883712305327,0.939221968319846,-0.706338256014498
1.55129146687852,-0.250809241743749,0.944223513746666,-0.693414272002905
1.55136396714046,-0.272277576408799,0.949798508766782,-0.677520932357961
1.55143646740239,-0.293604664428803,0.954880778993683,-0.661276114564838
1.55150896766433,-0.314779454521371,0.959467701554224,-0.644688247032815
1.55158146792626,-0.335790937250808,0.963556882653146,-0.627765945402322
1.5516539681882,-0.356628230653293,0.9671462147783,-0.610517984124955
1.55172646845013,-0.377280505287276,0.970233823061971,-0.592953317774631
1.55181463579409,-0.402130593746814,0.973310240405776,-0.571179646658962
1.55190280313806,-0.426672244793188,0.97563996811164,-0.54896772331837
1.55199097048202,-0.450886607154075,0.977221229008609,-0.526334621854538
1.55207913782598,-0.474755078840419,0.978052797097077,-0.503297718256665
1.55216730516994,-0.498259351044616,0.97813404559043,-0.479874694545791
1.55225547251391,-0.521381379229049,0.97746490062805,-0.456083521398983
1.55234363985787,-0.544103432347378,0.976045886471602,-0.431942454124234
1.55243180720183,-0.566408069031809,0.973878080951874,-0.407470011920064
1.55251997454579,-0.588278186056281,0.970963157556376,-0.382684971500101
1.55262837877828,-0.614547267903328,0.966358520287835,-0.351811252384523
1.55273678301077,-0.640103814357037,0.960633176049599,-0.320529361692553
1.55284518724326,-0.664918096379476,0.953793774611758,-0.288875678232283
1.55295359147576,-0.688961324498227,0.945848258863791,-0.256886934365548
1.55306199570825,-0.712205585402762,0.936805838772919,-0.224600253370142
1.55317039994074,-0.734623932428434,0.926677006471853,-0.192053074043402
1.55327880417323,-0.756190346253605,0.915473502313017,-0.159283156059408
1.55338720840572,-0.776879828989523,0.903208323842209,-0.126328494852674
1.55349561263821,-0.796668368669888,0.889895689074968,-0.0932273204050447
1.5536040168707,-0.815533029466053,0.87555104136282,-0.0600180118967788
1.55371242110319,-0.833451916935198,0.860191010630442,-0.0267390936952076
1.55382082533568,-0.850404263313289,0.843833414513492,0.00657084879981844
1.55392922956817,-0.866370392897997,0.826497217699228,0.0398731751987527
1.55399684271476,-0.875821453367421,0.81519736883922,0.0606240845281995
1.55406445586135,-0.884877281064159,0.803529809694317,0.0813474713698092
1.55413206900794,-0.893533836010576,0.791499758066786,0.102034077943835
1.55419968215453,-0.901787206060922,0.779112633317329,0.122674572743583
1.55429184144499,-0.912380654537919,0.761663843197551,0.150716811340388
1.55438400073545,-0.922209361127982,0.743576563853842,0.178632797274132
1.55444420061447,-0.928212927680714,0.73142387363021,0.196789054050504
1.55450440049349,-0.933884464008954,0.719009633056099,0.214874830952893
1.55456460037251,-0.93922196670147,0.706338250732247,0.232883715969222
1.55462480025153,-0.944223514549725,0.693414260011653,0.250809254538063
1.55469730051106,-0.94979850912434,0.677520920704795,0.272277588419565
1.55476980077059,-0.954880778937001,0.661276103277386,0.293604675659604
1.55484230103012,-0.959467701114934,0.644688236137939,0.314779464976981
1.55491480128965,-0.96355688186322,0.627765934926091,0.335790946937152
1.55498730154918,-0.967146213670068,0.610517974092647,0.356628239577427
1.55505980180872,-0.970233821668047,0.592953308210688,0.377280513457357
1.55514796914763,-0.973310238643584,0.571179638226621,0.402130600416944
1.55523613648654,-0.975639966066114,0.548967716071805,0.426672249994335
1.55532430382546,-0.977221226765299,0.526334615844827,0.450886610920479
1.55541247116437,-0.978052794741692,0.503297713532113,0.474755081209595
1.55550063850328,-0.978134043208822,0.47987469115163,0.498259352057219
1.5555888058422,-0.977464898306239,0.456083519377394,0.521381378928858
1.55567697318111,-0.976045884295377,0.431942453514207,0.544103430781192
1.55576514052002,-0.973878079006832,0.407470012757399,0.566408066249458
1.55585330785894,-0.97096315592775,0.38268497381737,0.588278182110366
1.55596171209142,-0.966358518868809,0.351811254783224,0.614547264085595
1.5560701163239,-0.960633174839166,0.320529364166013,0.640103810673162
1.55617852055639,-0.953793773608782,0.28887568077373,0.664918092835025
1.55628692478887,-0.945848258066742,0.256886936968109,0.688961321098634
1.55639532902136,-0.936805838180165,0.224600256026877,0.712205582153244
1.55650373325384,-0.926677006081354,0.19205307674731,0.734623929334017
1.55661213748632,-0.915473502122687,0.159283158803516,0.756190343319159
1.55672054171881,-0.903208323849621,0.126328497629854,0.776879826219761
1.55682894595129,-0.889895689277478,0.0932273232081554,0.79666836606933
1.55693735018377,-0.875551041757538,0.0600180147186543,0.815533027038919
1.55704575441626,-0.860191011214282,0.0267390965286249,0.833451914685704
1.55715415864874,-0.84383341528318,-0.00657084596206233,0.850404261245254
1.55726256288122,-0.826497218651249,-0.0398731723638735,0.866370391015125
1.55733017602867,-0.815197369757583,-0.0606240819615075,0.875821451719076
1.55739778917611,-0.803529810568265,-0.0813474690732918,0.884877279641577
1.55746540232355,-0.791499758885687,-0.102034075919147,0.893533834804851
1.55753301547099,-0.77911263407082,-0.122674570991971,0.901787205062788
1.55762517473006,-0.761663850122432,-0.150716800077967,0.912380650200385
1.55771733398912,-0.74357657737748,-0.178632776598977,0.922209353976474
1.5577775338944,-0.731423882144438,-0.196789041369162,0.928212923513596
1.55783773379968,-0.719009636328702,-0.214874826209824,0.933884462538516
1.55789793370496,-0.706338248536868,-0.232883719100296,0.939221967637163
1.55795813361024,-0.693414252127721,-0.250809265470754,0.944223517598454
1.55803063386997,-0.677520912652568,-0.272277599362973,0.949798512015526
1.5581031341297,-0.661276095057999,-0.293604686609013,0.954880781667006
1.55817563438943,-0.644688227752549,-0.314779475927604,0.959467703680135
1.55824813464916,-0.627765926375883,-0.335790957884214,0.963556884260083
1.55832063490889,-0.610517965379196,-0.356628250516011,0.96714621589519
1.55839313516862,-0.592953299335518,-0.377280524382567,0.970233823718078
1.55848130248014,-0.571179636050082,-0.402130603579036,0.973310239629111
1.55856946979166,-0.548967720866121,-0.426672245584977,0.975639966451091
1.55865763710318,-0.526334627866254,-0.450886599148951,0.977221227015238
1.5587458044147,-0.503297733020537,-0.474755062302391,0.978052795322893
1.55883397172622,-0.479874718330183,-0.49825932625774,0.978134044587894
1.55892213903775,-0.456083554452122,-0.521381346496954,0.977464900949062
1.55901030634927,-0.431942496673812,-0.544103391992832,0.976045888666614
1.55909847366079,-0.407470064172832,-0.566408021396325,0.973878085569128
1.55918664097231,-0.382685033641596,-0.58827813149948,0.970963165141067
1.55929504520471,-0.351811315494906,-0.614547214870759,0.966358530365704
1.55940344943712,-0.320529425692369,-0.640103762916701,0.960633188609023
1.55951185366952,-0.288875743041157,-0.664918046597279,0.95379378963843
1.55962025790193,-0.256886999902036,-0.688961276438425,0.945848276340463
1.55972866213433,-0.224600319552047,-0.712205539127428,0.93680585867946
1.55983706636674,-0.192053140787622,-0.734623887997643,0.926677028785245
1.55994547059914,-0.159283223282241,-0.756190303725376,0.915473527007622
1.56005387483155,-0.126328562469725,-0.776879788419697,0.903208350889421
1.56016227906395,-0.0932273883314124,-0.7966683301121,0.889895718443499
1.56027068329636,-0.0600180800471662,-0.815532992971514,0.87555107301866
1.56037908752876,-0.0267391619839738,-0.833451882552928,0.86019104453689
1.56048749176117,0.00657078045855083,-0.850404231089821,0.843833450631248
1.56059589599357,0.039873106890911,-0.866370362877311,0.826497255986346
1.56066350920457,0.0606240360574135,-0.875821433564899,0.815197397507468
1.56073112241558,0.08134744270839,-0.884877270737799,0.803529828029378
1.56079873562658,0.102034069037416,-0.893533834406453,0.791499765369003
1.56086634883758,0.122674583511073,-0.90178721241354,0.779112628902456
1.56095850808191,0.150716808081066,-0.912380655643697,0.761663847562625
1.56105066732623,0.178632780121446,-0.922209357755086,0.743576577633613
1.561110867227,0.196789043528854,-0.928212926833839,0.731423883304929
1.56117106712777,0.214874827017354,-0.933884465450076,0.719009638432692
1.56123126702854,0.232883718567798,-0.939221970190337,0.706338251622524
1.5612914669293,0.250809263611744,-0.944223519843943,0.693414256232195
1.56136396719163,0.272277598298379,-0.949798514548894,0.67752091625054
1.56143646745396,0.293604686330487,-0.954880784453319,0.66127609812283
1.56150896771629,0.314779476425667,-0.959467706684238,0.644688230258541
1.56158146797862,0.335790959148087,-0.963556887446454,0.627765928298361
1.56165396824095,0.356628252533805,-0.967146219228028,0.610517966694214
1.56172646850328,0.377280527141151,-0.970233827161392,0.592953300020249
1.56181463579249,0.402130600083018,-0.973310242377146,0.571179642294095
1.5619028030817,0.426672235994829,-0.975639968882122,0.548967732887279
1.56199097037091,0.45088658363947,-0.977221229508806,0.526334645869309
1.56207913766012,0.474755041062282,-0.978052798259141,0.503297757196859
1.56216730494933,0.498259299489429,-0.978134048346853,0.479874748857388
1.56225547223854,0.521381314416238,-0.97746490591024,0.456083591493985
1.56234363952775,0.544103354828545,-0.976045895208338,0.431942540379746
1.56243180681695,0.566407979390066,-0.973878094067905,0.407470114677836
1.56251997410616,0.588278084905206,-0.97096317597109,0.382685091065863
1.56262837833849,0.614547169541962,-0.966358543266748,0.351811373724749
1.56273678257082,0.640103718909812,-0.960633203571659,0.320529484661818
1.56284518680315,0.664918003967269,-0.95379380665071,0.288875802683449
1.56295359103548,0.688961235238467,-0.945848295388108,0.256887060149596
1.56306199526781,0.712205499409222,-0.936805879745825,0.224600380336598
1.56317039950014,0.734623849811214,-0.926677051851401,0.192053202040168
1.56327880373247,0.756190267118929,-0.915473552052126,0.159283284933191
1.5633872079648,0.77687975343967,-0.903208377888676,0.12632862444898
1.56349561219714,0.796668296803024,-0.889895747371541,0.0932274505685161
1.56360401642947,0.815532961376074,-0.8755511038473,0.0600181424712293
1.5637124206618,0.833451852711842,-0.860191077235784,0.0267392245238823
1.56382082489413,0.850404203041793,-0.843833485167674,-0.00657071787413852
1.56392922912646,0.866370336658953,-0.826497292325597,-0.0398730443334023
1.56399684240009,0.875821417084058,-0.815197424306195,-0.0606239927778466
1.56406445567373,0.884877263270859,-0.803529844595683,-0.081347418675147
1.56413206894737,0.893533835218187,-0.79149977102533,-0.102034064192882
1.56419968222101,0.90178722075782,-0.779112622986108,-0.122674597771717
1.56429184148196,0.912380665416629,-0.761663838089885,-0.150716827326754
1.56438400074291,0.922209368674582,-0.743576564384999,-0.1786328042896
1.56444420061294,0.928212934314903,-0.731423875962358,-0.196789058352569
1.56450440048297,0.933884469829909,-0.719009637267172,-0.214874832562733
1.564564600353,0.93922197180918,-0.70633825689828,-0.232883714910931
1.56462480022303,0.944223519045082,-0.693414268206526,-0.250809250838597
1.56469730048775,0.949798514193768,-0.677520927890311,-0.272277586303474
1.56476980075247,0.954880784510898,-0.661276109400609,-0.293604675110303
1.56484230101718,0.959467707123123,-0.644688241147646,-0.314779465975471
1.5649148012819,0.963556888234928,-0.627765938772874,-0.33579094946205
1.56498730154661,0.967146220333999,-0.61051797672902,-0.356628243604977
1.56505980181133,0.970233828552509,-0.592953309591033,-0.377280518961476
1.56514796910559,0.973310244136893,-0.57117965073274,-0.402130593404145
1.56523613639985,0.975639970925528,-0.548967740139734,-0.42667223078576
1.56532430369411,0.977221231750327,-0.526334651884387,-0.450886579865958
1.56541247098837,0.978052800612992,-0.503297761926188,-0.474755038686806
1.56550063828263,0.978134050727091,-0.479874752255798,-0.49825929847134
1.56558880557689,0.977464908230875,-0.45608359351918,-0.521381314711713
1.56567697287115,0.976045897383479,-0.431942540992711,-0.544103356390791
1.56576514016541,0.973878096011953,-0.40747011384272,-0.566407982169236
1.56585330745967,0.970963177598767,-0.382685088750108,-0.588278088848639
1.56596171169201,0.966358544684957,-0.351811371327712,-0.614547173357261
1.56607011592435,0.960633204781384,-0.320529482190162,-0.640103722591234
1.56617852015668,0.953793807653205,-0.28887580014395,-0.664918007509251
1.56628692438902,0.945848296184789,-0.256887057549125,-0.688961238635658
1.56639532862136,0.936805880338454,-0.224600377682019,-0.712205502656419
1.5665037328537,0.926677052241846,-0.192053199338501,-0.734623852903363
1.56661213708603,0.915473552242551,-0.159283282191475,-0.756190270051125
1.56672054131837,0.90320837788153,-0.126328621674287,-0.776879756207268
1.56682894555071,0.889895747169516,-0.0932274477679892,-0.7966682994015
1.56693734978304,0.875551103453185,-0.0600181396520189,-0.815532963801198
1.56704575401538,0.860191076652622,-0.0267392216931828,-0.833451854959458
1.56715415824772,0.843833484398877,0.00657072070909094,-0.850404205107975
1.56726256248005,0.826497291374689,0.0398730471653994,-0.8663703385401
1.56733017575285,0.815197423387764,0.060623995344081,-0.875821418731808
1.56739778902564,0.803529843720326,0.0813474209735963,-0.884877264693927
1.56746540229843,0.791499770203546,0.102034066221921,-0.893533836425448
1.56753301557123,0.779112622228314,0.122674599530039,-0.901787221758347
1.56762517486356,0.761663831162241,0.150716838593219,-0.912380669755472
1.5677173341559,0.743576550860349,0.178632824966122,-0.922209375826478
1.56777753399966,0.731423867447774,0.196789071034319,-0.928212938482061
1.56783773384343,0.719009633994833,0.214874837305306,-0.933884471300134
1.5678979336872,0.706338259094674,0.232883711778421,-0.939221970873064
1.56795813353097,0.69341427609215,0.250809239903557,-0.944223515995696
1.56803063379549,0.677520935942736,0.272277575359851,-0.949798511302542
1.56810313406002,0.661276117618662,0.293604664162788,-0.954880781781441
1.56817563432455,0.644688249530077,0.314779455028777,-0.959467704558867
1.56824813458907,0.627765947318329,0.335790938520984,-0.963556885839308
1.5683206348536,0.610517985436016,0.356628232674366,-0.967146218110374
1.56839313511812,0.592953318457929,0.377280508046186,-0.970233826504155
1.56848130243975,0.571179652907346,0.402130590244674,-0.973310243152015
1.56856946976138,0.548967735349947,0.426672235190626,-0.975639970540592
1.568657637083,0.526334639874259,0.450886591626025,-0.977221231500313
1.56874580440463,0.503297742456125,0.474755057575818,-0.97805280003192
1.56883397172626,0.479874725102817,0.498259324246153,-0.978134049348943
1.56892213904788,0.456083558477441,0.521381347112701,-0.977464905590124
1.56901030636951,0.431942497873725,0.544103395142229,-0.976045893015915
1.56909847369114,0.407470062475624,0.566408026979736,-0.97387808945537
1.56918664101276,0.382685028982156,0.588278139411503,-0.970963168393615
1.56929504524518,0.351811310672575,0.614547222525782,-0.96635853319832
1.5694034494776,0.320529420720582,0.640103770303201,-0.960633191023754
1.56951185371002,0.288875737933467,0.664918053704202,-0.953793791637663
1.56962025794243,0.256886994672208,0.688961283254981,-0.94584827792714
1.56972866217485,0.224600314213908,0.712205545643139,-0.936805859857027
1.56983706640727,0.192053135355203,0.734623894202439,-0.926677029557629
1.56994547063969,0.159283217769628,0.756190309609498,-0.91547352737913
1.5700538748721,0.126328556891125,0.776879793973758,-0.903208350864861
1.57016227910452,0.0932273827011397,0.796668335327099,-0.889895718028191
1.57027068333694,0.0600180743795854,0.815532997838868,-0.875551072218443
1.57037908756936,0.0267391562935241,0.833451887064414,-0.860191043357895
1.57048749180177,-0.00657078615740553,0.850404235237559,-0.843833449080146
1.57059589603419,-0.0398731125836894,0.866370366653963,-0.826497254070252
1.57066350924347,-0.0606240412085391,0.875821436869804,-0.815197395661239
1.57073112245275,-0.0813474473138775,0.884877273588653,-0.803529826274776
1.57079873566203,-0.102034073093981,0.893533836821437,-0.79149976372743
1.57086634887132,-0.122674587016188,0.901787214411172,-0.779112627394983
1.57095850817839,-0.15071683059491,0.912380664315487,-0.76166383372054
1.57105066748546,-0.178632821447991,0.922209372050919,-0.743576550602909
1.57111086733374,-0.196789068877125,0.928212935164303,-0.731423866287163
1.57117106718201,-0.214874836498438,0.933884468390417,-0.719009631891992
1.57123126703029,-0.232883712309804,0.93922196832123,-0.706338256011403
1.57129146687856,-0.25080924175965,0.944223513751121,-0.693414271991442
1.57136396714049,-0.272277576421834,0.949798508770269,-0.677520932348394
1.57143646740241,-0.293604664438979,0.95488077899632,-0.661276114557312
1.57150896766434,-0.314779454528726,0.959467701556138,-0.644688247027401
1.57158146792626,-0.335790937255394,0.96355688265445,-0.627765945399061
1.57165396818819,-0.356628230655156,0.96714621477915,-0.610517984123996
1.57172646845011,-0.377280505286443,0.970233823062482,-0.592953317775999
1.57181463579404,-0.402130593736168,0.973310240405426,-0.571179646669201
1.57190280313797,-0.426672244773021,0.975639968110886,-0.548967723337864
1.5719909704819,-0.45088660712463,0.977221229008184,-0.526334621883501
1.57207913782582,-0.474755078802014,0.978052797097474,-0.503297718295439
1.57216730516975,-0.498259350997599,0.978134045592264,-0.479874694594645
1.57225547251368,-0.52138137917376,0.977464900631947,-0.456083521458167
1.57234363985761,-0.544103432284135,0.976045886478152,-0.431942454193999
1.57243180720153,-0.566408068961074,0.973878080961661,-0.407470012000572
1.57251997454546,-0.588278185978421,0.970963157569996,-0.382684971591557
1.57262837877795,-0.614547267827603,0.966358520304904,-0.35181125247727
1.57273678301044,-0.640103814283579,0.960633176070094,-0.320529361786491
1.57284518724293,-0.664918096308302,0.953793774635644,-0.288875678327325
1.57295359147542,-0.688961324429496,0.945848258891034,-0.256886934461527
1.57306199570791,-0.712205585336516,0.936805838803552,-0.224600253467001
1.5731703999404,-0.734623932364783,0.926677006505757,-0.192053074140988
1.57327880417289,-0.75619034619262,0.915473502350257,-0.159283156157616
1.57338720840538,-0.776879828931263,0.903208323882638,-0.126328494951379
1.57349561263788,-0.796668368614415,0.889895689118589,-0.0932273205041405
1.57360401687037,-0.815533029413453,0.875551041409612,-0.0600180119961538
1.57371242110286,-0.83345191688553,0.860191010680331,-0.0267390937947415
1.57382082533535,-0.850404263266613,0.843833414566381,0.00657084870025768
1.57392922956784,-0.866370392854333,0.826497217755111,0.039873175099268
1.57399684271453,-0.875821453339529,0.815197368879804,0.0606240844597362
1.57406445586122,-0.88487728105081,0.803529809718484,0.0813474713323368
1.57413206900791,-0.893533836010668,0.791499758073414,0.102034077937256
1.5741996821546,-0.901787206073145,0.779112633305443,0.122674572767734
1.57429184144503,-0.912380654546642,0.761663843190252,0.150716811356437
1.57438400073547,-0.92220936113365,0.743576563851518,0.178632797282141
1.57444420061448,-0.928212927685259,0.731423873629958,0.196789054055316
1.57450440049348,-0.933884464012522,0.71900963305797,0.214874830954578
1.57456460037249,-0.939221966704148,0.70633825073638,0.232883715967787
1.5746248002515,-0.944223514551594,0.693414260018071,0.250809254533547
1.57469730051105,-0.94979850912745,0.677520920708141,0.272277588419315
1.57476980077059,-0.954880778941139,0.661276103277601,0.293604675663569
1.57484230103014,-0.959467701119909,0.644688236134814,0.314779464985076
1.57491480128968,-0.963556881868841,0.627765934919501,0.335790946949333
1.57498730154923,-0.967146213676076,0.61051797408255,0.356628239593587
1.57505980180878,-0.970233821674303,0.592953308196927,0.377280513477421
1.57514796914767,-0.973310238648821,0.571179638216817,0.402130600432015
1.57523613648657,-0.975639966070601,0.548967716066079,0.426672250004541
1.57532430382547,-0.977221226769336,0.526334615843418,0.450886610925902
1.57541247116436,-0.978052794745528,0.50329771353515,0.47475508121038
1.57550063850326,-0.978134043212801,0.47987469115928,0.498259352053542
1.57558880584215,-0.977464898310641,0.456083519389788,0.52138137892085
1.57567697318105,-0.976045884300481,0.431942453531497,0.544103430768982
1.57576514051995,-0.973878079012929,0.407470012779652,0.566408066233254
1.57585330785884,-0.970963155935081,0.382684973844747,0.588278182090379
1.57596171209133,-0.966358518877092,0.351811254810564,0.614547264066523
1.57607011632381,-0.960633174848276,0.320529364193254,0.640103810655036
1.5761785205563,-0.953793773618686,0.288875680800855,0.66491809281784
1.57628692478878,-0.945848258077466,0.256886936995098,0.688961321082386
1.57639532902127,-0.936805838191638,0.224600256053701,0.712205582137941
1.57650373325375,-0.926677006093572,0.192053076773935,0.734623929319653
1.57661213748624,-0.915473502135587,0.159283158829875,0.75619034330571
1.57672054171872,-0.90320832386316,0.126328497655906,0.776879826207262
1.57682894595121,-0.88989568929162,0.0932273232338887,0.796668366057721
1.57693735018369,-0.875551041772309,0.0600180147440506,0.815533027028265
1.57704575441618,-0.860191011229604,0.0267390965536627,0.833451914675956
1.57715415864866,-0.843833415298975,-0.00657084593744394,0.850404261236456
1.57726256288115,-0.826497218667519,-0.0398731723396772,0.866370391007224
1.57733017602862,-0.815197369770195,-0.0606240819446399,0.875821451714844
1.57739778917608,-0.803529810577019,-0.0813474690637254,0.884877279640756
1.57746540232355,-0.791499758890296,-0.102034075916855,0.893533834807136
1.57753301547101,-0.779112634071017,-0.122674570996938,0.901787205067956
1.5776251747301,-0.761663850119111,-0.150716800088214,0.912380650207312
1.57771733398918,-0.743576577370392,-0.17863277661447,0.922209353984882
1.57777753389444,-0.731423882141205,-0.196789041378587,0.928212923519819
1.5778377337997,-0.719009636329474,-0.214874826213195,0.93388446254267
1.57789793370496,-0.706338248541804,-0.2328837190977,0.939221967639508
1.57795813361022,-0.693414252137031,-0.250809265462235,0.944223517599239
1.57803063386995,-0.677520912660641,-0.272277599356338,0.949798512016974
1.57810313412969,-0.66127609506472,-0.293604686604237,0.954880781668973
1.57817563438942,-0.644688227757869,-0.314779475924682,0.959467703682565
1.57824813464916,-0.627765926379816,-0.335790957883103,0.963556884262897
1.57832063490889,-0.610517965381618,-0.356628250516682,0.967146215898275
1.57839313516863,-0.592953299336389,-0.377280524384988,0.970233823721363
1.57848130248017,-0.571179636046776,-0.402130603586029,0.97331023963281
1.57856946979171,-0.54896772085849,-0.426672245596407,0.975639966454903
1.57865763710324,-0.526334627854183,-0.450886599164706,0.977221227018834
1.57874580441478,-0.503297733003825,-0.474755062322311,0.978052795326108
1.57883397172632,-0.479874718308708,-0.498259326281667,0.978134044590367
1.57892213903786,-0.456083554425808,-0.521381346524755,0.97746490095052
1.57901030634939,-0.43194249664252,-0.544103392024288,0.97604588866684
1.57909847366093,-0.4074700641365,-0.566408021431288,0.973878085567781
1.57918664097247,-0.382685033600124,-0.588278131537741,0.970963165137871
1.57929504520488,-0.351811315452701,-0.614547214908101,0.966358530360791
1.57940344943728,-0.320529425649482,-0.640103762953014,0.960633188602487
1.57951185366969,-0.288875742997651,-0.664918046632581,0.953793789630197
1.57962025790209,-0.256886999857963,-0.688961276472596,0.945848276330541
1.5797286621345,-0.22460031950743,-0.712205539160472,0.936805858667888
1.5798370663669,-0.192053140742533,-0.734623888029525,0.926677028772056
1.57994547059931,-0.159283223236702,-0.756190303756034,0.915473526992732
1.58005387483171,-0.126328562423799,-0.776879788449094,0.903208350872905
1.58016227906412,-0.0932273882851926,-0.796668330140156,0.889895718425361
1.58027068329652,-0.0600180800006607,-0.815532992998259,0.875551072998906
1.58037908752893,-0.0267391619372797,-0.833451882578297,0.860191044515558
1.58048749176133,0.00657078050540105,-0.850404231113765,0.843833450608314
1.58059589599374,0.0398731069378459,-0.866370362899741,0.826497255961886
1.58066350920469,0.0606240360895684,-0.875821433579818,0.815197397490223
1.58073112241565,0.0813474427257865,-0.884877270745735,0.803529828019921
1.5807987356266,0.102034069040103,-0.893533834407976,0.791499765367808
1.58086634883756,0.122674583499105,-0.901787212409205,0.77911262891009
1.5809585080819,0.150716808075216,-0.91238065564181,0.761663847566598
1.58105066732625,0.178632780121649,-0.92220935775532,0.743576577633622
1.58111086722702,0.196789043529337,-0.928212926834025,0.731423883304646
1.58117106712778,0.214874827018119,-0.933884465450316,0.719009638432184
1.58123126702855,0.232883718568827,-0.93922197019058,0.706338251621736
1.58129146692932,0.250809263613024,-0.944223519844165,0.693414256231105
1.58136396719164,0.272277598296179,-0.949798514548159,0.677520916251994
1.58143646745396,0.293604686324839,-0.954880784451784,0.661276098126941
1.58150896771628,0.314779476416603,-0.959467706682044,0.644688230265404
1.58158146797859,0.335790959135678,-0.963556887443756,0.62776592830805
1.58165396824091,0.356628252518116,-0.967146219225005,0.610517966706843
1.58172646850323,0.377280527122257,-0.970233827158216,0.592953300035937
1.58181463579246,0.402130600070451,-0.973310242375049,0.571179642304551
1.58190280308169,0.426672235988441,-0.975639968880765,0.54896773289235
1.58199097037092,0.450886583639083,-0.977221229507847,0.526334645868728
1.58207913766015,0.474755041067741,-0.978052798258151,0.503297757190402
1.58216730494938,0.498259299500541,-0.978134048345541,0.479874748844971
1.58225547223861,0.521381314432819,-0.977464905908137,0.456083591475344
1.58234363952785,0.544103354850383,-0.976045895205123,0.431942540354736
1.58243180681708,0.566407979416903,-0.97387809406326,0.407470114646306
1.58251997410631,0.588278084936829,-0.970963175964565,0.382685091027702
1.58262837833864,0.614547169572824,-0.966358543258682,0.351811373685848
1.58273678257097,0.640103718939854,-0.960633203562071,0.320529484622181
1.5828451868033,0.664918003996404,-0.95379380663958,0.28887580264315
1.58295359103563,0.688961235266716,-0.945848295375398,0.256887060108685
1.58306199526796,0.712205499436515,-0.93680587973167,0.224600380295103
1.58317039950029,0.73462384983748,-0.926677051835643,0.192053201998138
1.58327880373262,0.756190267144132,-0.915473552034834,0.159283284890692
1.58338720796495,0.776879753463759,-0.903208377869846,0.126328624406061
1.58349561219729,0.796668296825972,-0.889895747351203,0.0932274505252157
1.58360401642962,0.815532961397862,-0.875551103825443,0.0600181424275913
1.58371242066195,0.833451852732387,-0.860191077212352,0.0267392244799645
1.58382082489428,0.850404203061044,-0.843833485142782,-0.0065707179182711
1.58392922912661,0.866370336676926,-0.826497292299271,-0.0398730443776881
1.58399684240021,0.87582141709588,-0.815197424285544,-0.0606239928103624
1.58406445567381,0.884877263276993,-0.803529844581157,-0.0813474186958709
1.58413206894741,0.893533835219078,-0.791499771017247,-0.102034064201876
1.58419968222101,0.901787220753958,-0.779112622984931,-0.122674597769025
1.58429184148199,0.912380665416699,-0.761663838081807,-0.150716827334904
1.58438400074298,0.922209368678051,-0.743576564369575,-0.178632804308464
1.58444420061298,0.928212934315368,-0.731423875951922,-0.196789058363485
1.58450440048299,0.933884469827751,-0.719009637261982,-0.214874832565793
1.584564600353,0.939221971804714,-0.706338256898496,-0.2328837149062
1.584624800223,0.944223519038551,-0.693414268212397,-0.25080925082615
1.58469730048772,0.949798514187782,-0.677520927895446,-0.272277586292332
1.58476980075244,0.954880784505411,-0.661276109404953,-0.293604675100449
1.58484230101716,0.959467707118022,-0.644688241151118,-0.314779465966887
1.58491480128188,0.963556888230166,-0.627765938775441,-0.335790949454743
1.5849873015466,0.967146220329524,-0.610517976730656,-0.356628243598904
1.58505980181132,0.970233828548324,-0.592953309591671,-0.377280518956628
1.5851479691056,0.973310244133313,-0.571179650729036,-0.402130593404324
1.58523613639988,0.975639970922242,-0.548967740131407,-0.426672230790841
1.58532430369416,0.97722123174705,-0.52633465187128,-0.450886579875769
1.58541247098844,0.978052800609412,-0.503297761908204,-0.47475503870122
1.58550063828271,0.978134050722914,-0.479874752232756,-0.498259298490187
1.58558880557699,0.977464908225788,-0.456083593490981,-0.521381314734812
1.58567697287127,0.976045897377203,-0.431942540959243,-0.544103356417967
1.58576514016555,0.97387809600418,-0.407470113803844,-0.566407982200343
1.58585330745983,0.970963177589159,-0.382685088705747,-0.588278088883428
1.58596171169216,0.966358544673829,-0.351811371282965,-0.614547173390851
1.5860701159245,0.960633204768739,-0.320529482145104,-0.640103722623636
1.58617852015683,0.953793807639039,-0.288875800098637,-0.664918007540395
1.58628692438917,0.945848296169212,-0.256887057503653,-0.688961238665562
1.58639532862151,0.936805880321418,-0.224600377636419,-0.71220550268503
1.58650373285384,0.92667705222345,-0.192053199292795,-0.734623852930632
1.58661213708618,0.915473552222835,-0.159283282145756,-0.756190270077068
1.58672054131851,0.903208377860461,-0.12632862162863,-0.776879756231837
1.58682894555085,0.8898957471471,-0.0932274477223925,-0.796668299424724
1.58693734978319,0.875551103429553,-0.0600181396065655,-0.815532963823028
1.58704575401552,0.860191076627812,-0.0267392216479585,-0.833451854979851
1.58715415824786,0.843833484372908,0.00657072075407538,-0.850404205126984
1.58726256248019,0.826497291347558,0.0398730472100925,-0.866370338557648
1.58733017575294,0.815197423368167,0.0606239953736617,-0.875821418741823
1.58739778902568,0.803529843708857,0.0813474209880769,-0.884877264696971
1.58746540229843,0.791499770200724,0.102034066221362,-0.893533836422082
1.58753301557117,0.779112622234639,0.122674599514511,-0.901787221749154
1.5876251748635,0.761663831170522,0.150716838575322,-0.912380669745854
1.58771733415583,0.743576550870638,0.178632824945933,-0.922209375816596
1.58777753399962,0.7314238674529,0.196789071022245,-0.928212938475096
1.58783773384341,0.719009633994584,0.214874837301309,-0.933884471295878
1.58789793368721,0.706338259088771,0.232883711782446,-0.939221970871226
1.587958133531,0.693414276080413,0.250809239915531,-0.944223515995934
1.58803063379552,0.677520935933198,0.272277575368569,-0.949798511301762
1.58810313406003,0.661276117611458,0.293604664168287,-0.954880781779749
1.58817563432455,0.644688249525317,0.314779455031122,-0.959467704556446
1.58824813458906,0.62776594731611,0.33579093852017,-0.96355688583629
1.58832063485358,0.610517985436435,0.356628232670452,-0.967146218106903
1.58839313511809,0.592953318461107,0.377280508039257,-0.970233826500347
1.58848130243971,0.571179652914619,0.402130590233341,-0.973310243147963
1.58856946976132,0.548967735361564,0.426672235174991,-0.975639970536523
1.58865763708293,0.526334639890308,0.450886591606273,-0.977221231496544
1.58874580440454,0.503297742476723,0.474755057552075,-0.97805280002877
1.58883397172615,0.47987472512808,0.498259324218537,-0.978134049346613
1.58892213904776,0.456083558507505,0.521381347081435,-0.977464905588913
1.58901030636937,0.431942497908679,0.544103395107435,-0.976045893016095
1.58909847369098,0.407470062515576,0.566408026941633,-0.973878089457182
1.58918664101259,0.38268502902718,0.588278139370216,-0.970963168397361
1.58929504524501,0.351811310718777,0.614547222485182,-0.966358533203927
1.58940344947742,0.320529420767933,0.640103770263368,-0.960633191031252
1.58951185370984,0.288875737981924,0.664918053665204,-0.953793791647083
1.58962025794225,0.256886994721707,0.688961283216843,-0.945848277938528
1.58972866217467,0.224600314264399,0.712205545605993,-0.936805859870374
1.58983706640708,0.192053135406628,0.734623894166357,-0.926677029572977
1.5899454706395,0.15928321782194,0.756190309574541,-0.915473527396431
1.59005387487192,0.126328556944243,0.776879793940022,-0.903208350884218
1.59016227910433,0.0932273827550494,0.796668335294586,-0.889895718049621
1.59027068333675,0.06001807443421,0.81553299780765,-0.875551072241854
1.59037908756916,0.0267391563487903,0.833451887034578,-0.860191043383352
1.59048749180158,-0.0065707861015814,0.85040423520918,-0.843833449107601
1.590595896034,-0.0398731125273708,0.866370366627126,-0.826497254099782
1.59066350924333,-0.0606240411686863,0.875821436851423,-0.815197395682741
1.59073112245266,-0.0813474472904874,0.884877273578142,-0.803529826287645
1.590798735662,-0.102034073086999,0.893533836818137,-0.791499763731095
1.59086634887133,-0.122674587025531,0.901787214414432,-0.779112627388909
1.59095850817836,-0.150716830591413,0.912380664313931,-0.761663833722511
1.5910506674854,-0.178632821431766,0.922209372045249,-0.743576550613448
1.59111086733369,-0.19678906886728,0.92821293516101,-0.731423866293719
1.59117106718199,-0.214874836494908,0.933884468389298,-0.719009631894368
1.59123126703028,-0.232883712312554,0.939221968322046,-0.706338256009476
1.59129146687858,-0.250809241768623,0.944223513753623,-0.693414271984997
1.59136396714051,-0.272277576432539,0.949798508773093,-0.677520932340516
1.59143646740244,-0.293604664451385,0.954880778999356,-0.661276114547977
1.59150896766437,-0.314779454542806,0.959467701559356,-0.644688247016534
1.59158146792631,-0.335790937271128,0.96355688265776,-0.627765945386645
1.59165396818824,-0.356628230672496,0.967146214782463,-0.610517984109969
1.59172646845017,-0.377280505305369,0.970233823065703,-0.592953317760327
1.59181463579408,-0.402130593749216,0.973310240407559,-0.571179646658318
1.59190280313798,-0.426672244780311,0.975639968112307,-0.548967723331951
1.59199097048189,-0.450886607126345,0.977221229009171,-0.526334621882798
1.5920791378258,-0.47475507879829,0.978052797098489,-0.50329771830017
1.5921673051697,-0.498259350988605,0.978134045593584,-0.479874694604941
1.59225547251361,-0.52138137915967,0.977464900633918,-0.456083521474229
1.59234363985752,-0.544103432265171,0.976045886481097,-0.43194245421594
1.59243180720142,-0.566408068937433,0.973878080965979,-0.407470012028543
1.59251997454533,-0.588278185950324,0.970963157576029,-0.382684971625701
1.59262837877782,-0.614547267800485,0.966358520312254,-0.35181125251174
1.59273678301031,-0.640103814257441,0.960633176078734,-0.320529361821257
1.5928451872428,-0.66491809628323,0.953793774645569,-0.288875678362311
1.59295359147529,-0.688961324405482,0.945848258902215,-0.25688693449673
1.59306199570779,-0.712205585313617,0.936805838815961,-0.224600253502314
1.59317039994028,-0.734623932342976,0.926677006519387,-0.192053074176387
1.59327880417277,-0.756190346171918,0.915473502365048,-0.159283156193064
1.59338720840526,-0.776879828911742,0.9032083238986,-0.12632849498684
1.59349561263775,-0.796668368596072,0.889895689135657,-0.0932273205395361
1.59360401687024,-0.815533029396256,0.875551041427736,-0.0600180120314744
1.59371242110273,-0.833451916869581,0.860191010699495,-0.0267390938298898
1.59382082533522,-0.850404263251908,0.843833414586608,0.00657084866529226
1.59392922956772,-0.866370392840839,0.826497217776311,0.0398731750645354
1.59399684271444,-0.875821453331039,0.81519736889632,0.0606240844347334
1.59406445586116,-0.884877281046966,0.803529809729954,0.0813474713170431
1.59413206900788,-0.8935338360111,0.791499758079501,0.102034077931641
1.59419968215461,-0.901787206077546,0.779112633305786,0.122674572771765
1.59429184144502,-0.912380654548728,0.761663843194546,0.150716811354193
1.59438400073543,-0.922209361133733,0.743576563860087,0.178632797273659
1.59444420061445,-0.92821292768647,0.731423873636696,0.196789054049778
1.59450440049347,-0.933884464014763,0.719009633062829,0.214874830951927
1.59456460037248,-0.939221966707291,0.706338250739285,0.232883715968019
1.5946248002515,-0.944223514555568,0.693414260018997,0.250809254536615
1.59469730051105,-0.949798509131597,0.677520920708566,0.272277588423024
1.5947698007706,-0.954880778945393,0.661276103277494,0.293604675667909
1.59484230103015,-0.959467701124261,0.644688236134218,0.314779464990043
1.59491480128969,-0.963556881873249,0.627765934918344,0.335790946954924
1.59498730154924,-0.967146213680529,0.610517974080759,0.356628239599768
1.59505980180879,-0.970233821678761,0.592953308194561,0.377280513484203
1.59514796914767,-0.973310238652572,0.57117963821877,0.40213060043382
1.59523613648655,-0.97563996607399,0.548967716072557,0.42667225000149
1.59532430382543,-0.977221226772639,0.526334615854509,0.450886610918167
1.59541247116431,-0.978052794749096,0.503297713551029,0.474755081198085
1.59550063850318,-0.978134043216902,0.479874691180111,0.498259352036831
1.59558880584206,-0.977464898315549,0.456083519415663,0.521381378899899
1.59567697318094,-0.976045884306538,0.431942453562565,0.544103430743977
1.59576514051982,-0.973878079020397,0.407470012816076,0.566408066204372
1.5958533078587,-0.970963155944346,0.382684973886511,0.588278182057793
1.59596171209119,-0.966358518887761,0.351811254852973,0.614547264034794
1.59607011632367,-0.96063317486047,0.320529364236235,0.640103810624252
1.59617852055615,-0.953793773632374,0.288875680844393,0.664918092787982
1.59628692478864,-0.945848258092638,0.256886937039099,0.688961321053554
1.59639532902112,-0.936805838208281,0.224600256098143,0.712205582110154
1.59650373325361,-0.926677006111653,0.192053076818758,0.734623929292918
1.59661213748609,-0.915473502155139,0.15928315887503,0.756190343280107
1.59672054171858,-0.903208323884152,0.126328497701369,0.776879826182761
1.59682894595106,-0.889895689314056,0.0932273232796222,0.796668366034459
1.59693735018355,-0.875551041796114,0.0600180147899645,0.815533027006195
1.59704575441603,-0.86019101125482,0.0267390965997088,0.833451914655137
1.59715415864852,-0.843833415325559,-0.00657084589131904,0.850404261216909
1.597262562881,-0.826497218695431,-0.039873172293525,0.866370390988982
1.59733017602851,-0.815197369791237,-0.0606240819124982,0.875821451703703
1.59739778917603,-0.803529810590584,-0.081347469045575,0.884877279636161
1.59746540232354,-0.791499758895947,-0.102034075912668,0.893533834808597
1.59753301547105,-0.779112634068247,-0.12267457100663,0.901787205074889
1.59762517473014,-0.76166385011395,-0.15071680010122,0.912380650215186
1.59771733398924,-0.743576577362721,-0.178632776630717,0.922209353993435
1.59777753389448,-0.731423882137465,-0.19678904138858,0.928212923526044
1.59783773379972,-0.719009636329888,-0.214874826216963,0.933884462546863
1.59789793370496,-0.706338248546529,-0.232883719095281,0.939221967641813
1.59795813361019,-0.693414252146248,-0.250809265453697,0.944223517599942
1.59803063386993,-0.67752091266954,-0.272277599348428,0.949798512017963
1.59810313412967,-0.661276095073302,-0.293604686596968,0.954880781670238
1.59817563438941,-0.644688227766066,-0.314779475918027,0.959467703684125
1.59824813464914,-0.627765926387668,-0.335790957877042,0.963556884264711
1.59832063490888,-0.610517965389016,-0.356628250511256,0.967146215900264
1.59839313516862,-0.592953299343355,-0.37728052438017,0.970233823723517
1.59848130248016,-0.57117963605133,-0.402130603584055,0.973310239635409
1.59856946979171,-0.54896772086051,-0.426672245597212,0.975639966457734
1.59865763710326,-0.526334627853552,-0.450886599168237,0.977221227021814
1.59874580441481,-0.503297733000476,-0.474755062328456,0.978052795328913
1.59883397172636,-0.479874718302584,-0.498259326290351,0.978134044592931
1.5989221390379,-0.456083554416827,-0.521381346535841,0.97746490095266
1.59901030634945,-0.43194249663062,-0.544103392037736,0.976045888668336
1.599098473661,-0.407470064121568,-0.566408021446957,0.973878085568532
1.59918664097255,-0.382685033582127,-0.588278131555548,0.970963165137666
1.59929504520495,-0.351811315434672,-0.614547214925197,0.966358530359847
1.59940344943736,-0.320529425631398,-0.640103762969403,0.960633188600788
1.59951185366976,-0.288875742979551,-0.664918046648266,0.953793789627806
1.59962025790216,-0.256886999839881,-0.688961276487554,0.945848276327466
1.59972866213457,-0.224600319489419,-0.712205539174701,0.936805858664146
1.59983706636697,-0.192053140724642,-0.73462388804304,0.926677028767636
1.59994547059938,-0.159283223218934,-0.756190303768797,0.91547352698773
1.60005387483178,-0.126328562406186,-0.776879788461124,0.903208350867291
1.60016227906419,-0.0932273882677521,-0.796668330151471,0.889895718419196
1.60027068329659,-0.0600180799834416,-0.815532993008791,0.875551072992253
1.60037908752899,-0.0267391619202761,-0.833451882588101,0.860191044508344
1.6004874917614,0.00657078052212725,-0.85040423112281,0.843833450600651
1.6005958959938,0.0398731069542911,-0.866370362908082,0.82649725595376
1.60066350920475,0.0606240361033785,-0.875821433586561,0.815197397483173
1.6007311224157,0.0813474427369663,-0.884877270751041,0.803529828014063
1.60079873562664,0.102034069048669,-0.89353383441193,0.791499765363243
1.60086634883759,0.122674583505056,-0.901787212411957,0.779112628906897
1.60095850808197,0.150716808093,-0.912380655648604,0.761663847555594
1.60105066732636,0.17863278015114,-0.922209357765469,0.74357657761433
1.60111086722709,0.196789043547213,-0.928212926839887,0.731423883292665
1.60117106712782,0.214874827024436,-0.933884465452319,0.719009638427878
1.60123126702855,0.232883718563679,-0.939221970189068,0.706338251625381
1.60129146692928,0.250809263596545,-0.944223519839623,0.693414256243081
1.60136396719161,0.272277598282693,-0.949798514544652,0.677520916261929
1.60143646745393,0.293604686314359,-0.954880784449176,0.66127609813478
1.60150896771626,0.314779476409071,-0.959467706680154,0.644688230271008
1.60158146797859,0.335790959131047,-0.963556887442449,0.627765928311425
1.60165396824092,0.356628252516339,-0.9671462192242,0.610517966707848
1.60172646850325,0.377280527123308,-0.970233827157741,0.592953300034422
1.60181463579252,0.402130600083114,-0.973310242375699,0.571179642292557
1.60190280308179,0.426672236012439,-0.975639968881864,0.54896773286941
1.60199097037107,0.45088658367408,-0.977221229508621,0.526334645834547
1.60207913766034,0.474755041113372,-0.978052798258024,0.503297757144572
1.60216730494961,0.498259299556441,-0.978134048343636,0.479874748787174
1.60225547223888,0.521381314498566,-0.977464905903829,0.456083591405257
1.60234363952816,0.544103354925537,-0.97604589519768,0.431942540272141
1.60243180681743,0.566407979501025,-0.973878094051952,0.407470114550893
1.6025199741067,0.588278085029417,-0.970963175948736,0.382685090919307
1.60262837833903,0.614547169662888,-0.966358543238795,0.351811373575877
1.60273678257136,0.640103719027253,-0.960633203538129,0.320529484510845
1.60284518680369,0.664918004081056,-0.953793806611592,0.288875802530534
1.60295359103602,0.688961235348511,-0.945848295343473,0.256887059994937
1.60306199526835,0.712205499515379,-0.936805879695705,0.224600380180334
1.60317039950069,0.734623849913275,-0.926677051795827,0.192053201882515
1.60327880373302,0.756190267216772,-0.915473551991128,0.159283284774331
1.60338720796535,0.776879753533204,-0.903208377822313,0.126328624289106
1.60349561219768,0.796668296892089,-0.889895747299897,0.093227450407799
1.60360401643001,0.815532961460603,-0.875551103770496,0.0600181423098632
1.60371242066234,0.833451852791667,-0.860191077153718,0.0267392243620446
1.60382082489467,0.850404203116764,-0.843833485080554,-0.00657071803621844
1.603929229127,0.866370336729057,-0.826497292233523,-0.039873044495548
1.60399684240049,0.875821417129878,-0.815197424237267,-0.0606239928926137
1.60406445567397,0.884877263294212,-0.803529844551654,-0.0813474187425731
1.60413206894745,0.8935338352209,-0.791499771007788,-0.102034064213118
1.60419968222094,0.901787220741688,-0.779112622996739,-0.122674597744969
1.60429184148193,0.912380665406459,-0.761663838091623,-0.150716827314852
1.60438400074293,0.922209368669581,-0.74357656437724,-0.178632804292371
1.60444420061296,0.928212934309332,-0.731423875955264,-0.196789058354069
1.60450440048299,0.933884469823819,-0.719009637260823,-0.214874832562993
1.60456460035302,0.939221971802635,-0.706338256892719,-0.232883714909954
1.60462480022305,0.944223519038158,-0.693414268201782,-0.250809250836392
1.60469730048775,0.949798514186054,-0.67752092788767,-0.272277586298418
1.60476980075246,0.954880784502508,-0.661276109400154,-0.293604675102407
1.60484230101717,0.959467707114242,-0.64468824114946,-0.314779465964785
1.60491480128187,0.96355688822562,-0.627765938777044,-0.335790949448599
1.60498730154658,0.967146220324451,-0.610517976735661,-0.35662824358882
1.60505980181128,0.970233828542873,-0.592953309600211,-0.377280518942682
1.60514796910559,0.973310244128981,-0.571179650731666,-0.402130593397305
1.60523613639989,0.975639970918561,-0.548967740127924,-0.426672230790642
1.60532430369419,0.977221231743625,-0.526334651861455,-0.450886579882186
1.60541247098849,0.97805280060584,-0.503297761891823,-0.474755038714045
1.6055006382828,0.978134050718784,-0.479874752209557,-0.498259298509233
1.6055888055771,0.97746490822068,-0.456083593460844,-0.521381314759839
1.6056769728714,0.976045897370668,-0.431942540921938,-0.544103356448754
1.6057651401657,0.973878095995838,-0.407470113759236,-0.566407982236574
1.60585330746001,0.970963177578587,-0.382685088653715,-0.588278088924889
1.60596171169234,0.966358544661364,-0.351811371230299,-0.614547173431091
1.60607011592468,0.960633204754476,-0.320529482091869,-0.640103722662633
1.60617852015701,0.953793807622978,-0.288875800044894,-0.66491800757806
1.60628692438935,0.945848296151285,-0.256887057449404,-0.688961238701885
1.60639532862169,0.936805880301724,-0.224600377581783,-0.712205502719959
1.60650373285402,0.926677052201963,-0.192053199237833,-0.734623852964139
1.60661213708636,0.915473552199661,-0.159283282090532,-0.756190270109116
1.60672054131869,0.903208377835584,-0.126328621573184,-0.776879756262395
1.60682894555103,0.889895747120554,-0.0932274476668478,-0.796668299453728
1.60693734978336,0.875551103401376,-0.0600181395509384,-0.81553296385041
1.6070457540157,0.860191076597981,-0.0267392215922935,-0.833451855005682
1.60715415824804,0.843833484341493,0.00657072080968386,-0.85040420515117
1.60726256248037,0.826497291314618,0.0398730472655776,-0.866370338580158
1.60733017575306,0.815197423342882,0.0606239954135019,-0.875821418756373
1.60739778902576,0.803529843691806,0.0813474210122987,-0.884877264704098
1.60746540229845,0.791499770192471,0.102034066229981,-0.893533836422454
1.60753301557114,0.779112622235682,0.12267459950763,-0.901787221743307
1.60762517486347,0.761663831172848,0.150716838566722,-0.912380669739577
1.60771733415579,0.743576550874357,0.178632824935604,-0.922209375809959
1.6077775339996,0.731423867453886,0.196789071016176,-0.928212938470104
1.6078377338434,0.719009633992782,0.214874837299459,-0.933884471292248
1.60789793368721,0.706338259084073,0.232883711784788,-0.939221970868872
1.60795813353102,0.693414276072659,0.250809239922026,-0.944223515994681
1.60803063379554,0.677520935924657,0.272277575375927,-0.94979851130061
1.60810313406006,0.661276117602127,0.293604664176508,-0.95488078177861
1.60817563432458,0.644688249515176,0.314779455040162,-0.959467704555321
1.60824813458909,0.62776594730511,0.335790938530031,-0.963556885835141
1.60832063485361,0.610517985424563,0.356628232681134,-0.967146218105699
1.60839313511813,0.592953318448309,0.377280508050735,-0.970233826499047
1.60848130243974,0.571179652901539,0.402130590244852,-0.973310243146348
1.60856946976135,0.548967735348136,0.426672235186528,-0.975639970534682
1.60865763708296,0.526334639876559,0.450886591617801,-0.977221231494369
1.60874580440458,0.503297742462692,0.474755057563596,-0.978052800026276
1.60883397172619,0.479874725113746,0.498259324230043,-0.978134049343789
1.6089221390478,0.456083558492863,0.521381347092886,-0.977464905585716
1.60901030636941,0.431942497893748,0.544103395118833,-0.9760458930126
1.60909847369102,0.407470062500388,0.56640802695294,-0.97387808945333
1.60918664101263,0.382685029011696,0.588278139381474,-0.970963168393154
1.60929504524505,0.351811310702541,0.614547222496666,-0.966358533199181
1.60940344947747,0.320529420750906,0.640103770275068,-0.960633191025952
1.60951185370988,0.288875737964111,0.66491805367707,-0.953793791641196
1.6096202579423,0.256886994703102,0.68896128322885,-0.945848277931961
1.60972866217472,0.224600314245025,0.712205545618102,-0.936805859863098
1.60983706640714,0.192053135386472,0.734623894178494,-0.926677029564937
1.60994547063956,0.159283217801016,0.756190309586666,-0.91547352738767
1.61005387487197,0.126328556922583,0.776879793952072,-0.903208350874655
1.61016227910439,0.0932273827326498,0.796668335306586,-0.889895718039174
1.61027068333681,0.0600180744110732,0.815532997819471,-0.875551072230532
1.61037908756923,0.0267391563249276,0.833451887046196,-0.860191043371081
1.61048749180165,-0.00657078612610143,0.850404235220551,-0.843833449094455
1.61059589603406,-0.0398731125525716,0.866370366638212,-0.826497254085616
1.61066350924337,-0.0606240411859737,0.875821436858544,-0.815197395672563
1.61073112245268,-0.0813474472998377,0.88487727358166,-0.803529826281827
1.61079873566199,-0.102034073088467,0.893533836818307,-0.791499763729825
1.6108663488713,-0.122674587019166,0.901787214411589,-0.779112627392408
1.61095850817831,-0.150716830580041,0.912380664309506,-0.761663833729471
1.61105066748533,-0.178632821415472,0.922209372039585,-0.743576550624083
1.61111086733364,-0.196789068857081,0.928212935157631,-0.731423866300537
1.61117106718196,-0.214874836490775,0.933884468388018,-0.719009631897217
1.61123126703028,-0.232883712314423,0.939221968322632,-0.706338256008217
1.61129146687859,-0.25080924177645,0.944223513755881,-0.693414271979391
1.61136396714053,-0.272277576440912,0.949798508775382,-0.677520932334454
1.61143646740246,-0.293604664460315,0.95488077900169,-0.661276114541392
1.61150896766439,-0.314779454552264,0.959467701561672,-0.644688247009408
1.61158146792633,-0.335790937281106,0.963556882660066,-0.627765945378955
1.61165396818826,-0.356628230682971,0.967146214784681,-0.610517984101717
1.61172646845019,-0.377280505316372,0.970233823067863,-0.592953317751463
1.61181463579407,-0.402130593753025,0.973310240408723,-0.571179646655654
1.61190280313796,-0.42667224477709,0.975639968112866,-0.54896772333577
1.61199097048184,-0.450886607116275,0.977221229009637,-0.526334621893342
1.61207913782572,-0.474755078781601,0.978052797099201,-0.503297718317597
1.6121673051696,-0.498259350965521,0.978134045595057,-0.479874694629524
1.61225547251348,-0.521381379130474,0.977464900636532,-0.456083521506093
1.61234363985736,-0.544103432230054,0.976045886485366,-0.431942454255278
1.61243180720125,-0.566408068896698,0.973878080972236,-0.407470012075525
1.61251997454513,-0.588278185904258,0.970963157584715,-0.382684971680436
1.61262837877762,-0.614547267755625,0.966358520323059,-0.351811252567406
1.61273678301011,-0.640103814213878,0.960633176091661,-0.320529361877758
1.6128451872426,-0.664918096241004,0.953793774660625,-0.2888756784196
1.61295359147509,-0.688961324364658,0.9458482589194,-0.256886934554731
1.61306199570758,-0.712205585274235,0.936805838835239,-0.224600253560978
1.61317039994007,-0.734623932305116,0.926677006540759,-0.1920530742356
1.61327880417256,-0.75619034613562,0.915473502388453,-0.159283156252795
1.61338720840505,-0.776879828877045,0.903208323924069,-0.126328495047008
1.61349561263754,-0.796668368563081,0.889895689163164,-0.0932273206000786
1.61360401687003,-0.815533029364934,0.875551041457268,-0.0600180120923074
1.61371242110253,-0.833451916840029,0.860191010731007,-0.0267390938909684
1.61382082533502,-0.850404263224146,0.843833414620047,0.00657084860408051
1.61392922956751,-0.866370392814966,0.8264972178117,0.0398731750032306
1.61399684271429,-0.8758214533141,0.815197368923177,0.0606240843909355
1.61406445586107,-0.884877281038417,0.803529809747711,0.0813474712906973
1.61413206900784,-0.893533836010219,0.791499758087499,0.102034077922718
1.61419968215462,-0.901787206083653,0.779112633303459,0.122674572780198
1.61429184144503,-0.91238065455387,0.761663843193411,0.150716811360502
1.61438400073544,-0.922209361138102,0.743576563860231,0.178632797277881
1.61444420061445,-0.928212927690447,0.731423873637615,0.196789054052818
1.61450440049346,-0.933884464018336,0.719009633064563,0.214874830953803
1.61456460037248,-0.939221966710582,0.706338250741862,0.23288371596872
1.61462480025149,-0.944223514558593,0.693414260022405,0.25080925453618
1.61469730051105,-0.949798509135111,0.677520920710803,0.272277588424298
1.6147698007706,-0.954880778949315,0.661276103278441,0.293604675670886
1.61484230103015,-0.959467701128522,0.644688236133797,0.314779464994712
1.61491480128971,-0.963556881877797,0.627765934916521,0.335790946961241
1.61498730154926,-0.96714621368526,0.610517974077571,0.356628239607718
1.61505980180881,-0.970233821683578,0.592953308189837,0.377280513493728
1.61514796914767,-0.973310238656577,0.571179638219033,0.402130600437518
1.61523613648653,-0.975639966077522,0.548967716078005,0.426672249999504
1.61532430382539,-0.977221226776,0.526334615865351,0.450886610910659
1.61541247116425,-0.978052794752685,0.503297713567446,0.474755081185203
1.61550063850311,-0.978134043221039,0.479874691202228,0.498259352018818
1.61558880584196,-0.977464898320595,0.456083519443707,0.521381378876909
1.61567697318082,-0.976045884312849,0.431942453596636,0.544103430716212
1.61576514051968,-0.973878079028292,0.40747001285625,0.566408066172045
1.61585330785854,-0.970963155954148,0.382684973932982,0.588278182021181
1.61596171209103,-0.966358518899258,0.351811254900052,0.614547263999224
1.61607011632351,-0.960633174873607,0.320529364283892,0.640103810589734
1.61617852055599,-0.95379377364717,0.288875680892568,0.664918092754601
1.61628692478848,-0.945848258109041,0.256886937087761,0.688961321021288
1.61639532902096,-0.936805838226291,0.224600256147234,0.712205582079069
1.61650373325345,-0.926677006131344,0.19205307686823,0.734623929263102
1.61661213748593,-0.915473502176361,0.159283158924796,0.756190343251587
1.61672054171842,-0.903208323906918,0.126328497751373,0.776879826155541
1.6168289459509,-0.88989568933837,0.0932273233297882,0.796668366008569
1.61693735018339,-0.875551041821948,0.0600180148402576,0.815533026981691
1.61704575441587,-0.860191011282128,0.0267390966500843,0.833451914632018
1.61715415864836,-0.843833415354317,-0.00657084584092766,0.850404261195251
1.61726256288084,-0.826497218725641,-0.039873172243182,0.866370390968826
1.6173301760284,-0.815197369813819,-0.0606240818774297,0.875821451691247
1.61739778917597,-0.80352981060514,-0.081347469025759,0.884877279630845
1.61746540232353,-0.791499758901785,-0.102034075908054,0.893533834809854
1.61753301547109,-0.779112634064938,-0.122674571017178,0.901787205082108
1.6176251747302,-0.761663850105961,-0.150716800118706,0.912380650224657
1.61771733398932,-0.743576577349689,-0.178632776655059,0.922209354004776
1.61777753389453,-0.731423882130201,-0.196789041403778,0.928212923534008
1.61783773379974,-0.719009636328661,-0.214874826223106,0.933884462551781
1.61789793370495,-0.706338248551596,-0.23288371909243,0.939221967643982
1.61795813361016,-0.693414252157824,-0.25080926544195,0.944223517599748
1.6180306338699,-0.677520912681483,-0.272277599336483,0.949798512017956
1.61810313412963,-0.661276095085615,-0.293604686584832,0.954880781670428
1.61817563438937,-0.64468822777875,-0.314779475905722,0.959467703684466
1.6182481346491,-0.627765926400692,-0.335790957864601,0.963556884265291
1.61832063490884,-0.610517965402471,-0.356628250498649,0.967146215901107
1.61839313516858,-0.592953299357187,-0.377280524367411,0.970233823724586
1.61848130248013,-0.571179636063983,-0.402130603572969,0.973310239636937
1.61856946979168,-0.548967720871949,-0.426672245587793,0.975639966459726
1.61865763710324,-0.526334627863695,-0.45088659916041,0.977221227024087
1.61874580441479,-0.503297733009292,-0.474755062322215,0.978052795331495
1.61883397172634,-0.479874718310016,-0.498259326285639,0.978134044595627
1.6189221390379,-0.456083554422776,-0.521381346532661,0.977464900955407
1.61901030634945,-0.431942496635069,-0.544103392035977,0.976045888671043
1.619098473661,-0.407470064124497,-0.566408021446612,0.973878085571086
1.61918664097256,-0.382685033583458,-0.588278131556554,0.970963165139998
1.61929504520496,-0.351811315435368,-0.614547214926625,0.966358530362006
1.61940344943737,-0.320529425631496,-0.640103762971224,0.960633188602708
1.61951185366978,-0.288875742979008,-0.664918046650417,0.953793789629463
1.61962025790218,-0.256886999838705,-0.688961276490089,0.945848276328791
1.61972866213459,-0.224600319487613,-0.71220553917751,0.936805858665107
1.61983706636699,-0.192053140722146,-0.734623888046094,0.926677028768235
1.6199454705994,-0.159283223215797,-0.756190303772078,0.915473526987873
1.62005387483181,-0.126328562402388,-0.776879788464603,0.903208350866968
1.62016227906421,-0.0932273882633222,-0.796668330155095,0.889895718418398
1.62027068329662,-0.0600180799783687,-0.815532993012537,0.875551072990874
1.62037908752902,-0.0267391619145875,-0.833451882591859,0.860191044506442
1.62048749176143,0.0065707805284425,-0.850404231126599,0.843833450598153
1.62059589599384,0.039873106961197,-0.866370362911892,0.826497255950681
1.62066350920478,0.0606240361088899,-0.875821433589597,0.815197397480653
1.62073112241572,0.0813474427410833,-0.884877270753259,0.803529828012172
1.62079873562666,0.102034069051346,-0.893533834413434,0.791499765362064
1.6208663488376,0.122674583506328,-0.90178721241277,0.779112628906447
1.62095850808202,0.150716808104695,-0.912380655653105,0.761663847548372
1.62105066732644,0.178632780173169,-0.922209357773099,0.743576577599911
1.62111086722715,0.196789043560502,-0.928212926844284,0.731423883283739
1.62117106712785,0.214874827029083,-0.933884465453743,0.719009638424648
1.62123126702855,0.232883718559749,-0.939221970187913,0.706338251628156
1.62129146692925,0.250809263584114,-0.944223519836153,0.693414256252036
1.62136396719157,0.272277598267738,-0.949798514540714,0.677520916272954
1.62143646745389,0.293604686296937,-0.954880784444933,0.661276098147952
1.62150896771621,0.314779476389199,-0.95946770667568,0.644688230286435
1.62158146797853,0.335790959108797,-0.963556887437938,0.627765928329118
1.62165396824085,0.35662825249175,-0.967146219219717,0.610517966727908
1.62172646850317,0.377280527096424,-0.970233827153394,0.59295330005695
1.62181463579245,0.402130600060716,-0.973310242372495,0.571179642311759
1.62190280308174,0.426672235994436,-0.975639968879578,0.54896773288512
1.62199097037103,0.450886583660335,-0.977221229506966,0.526334645846625
1.62207913766032,0.474755041103787,-0.978052798256725,0.50329775715292
1.6221673049496,0.498259299550895,-0.978134048342496,0.479874748791583
1.62225547223889,0.521381314496937,-0.977464905902593,0.456083591405638
1.62234363952818,0.544103354927678,-0.976045895196082,0.431942540268366
1.62243180681747,0.566407979506806,-0.973878094049694,0.407470114542873
1.62251997410675,0.588278085038684,-0.970963175945614,0.382685090906916
1.62262837833908,0.614547169671158,-0.966358543235241,0.351811373564059
1.62273678257141,0.640103719034593,-0.960633203534253,0.320529484499604
1.62284518680374,0.664918004087471,-0.953793806607444,0.288875802519924
1.62295359103607,0.688961235354003,-0.945848295339022,0.256887059984964
1.62306199526839,0.712205499520002,-0.93680587969107,0.224600380171034
1.62317039950072,0.734623849917076,-0.926677051791019,0.192053201873931
1.62327880373305,0.756190267219767,-0.915473551986298,0.159283284766476
1.62338720796538,0.776879753535389,-0.903208377817413,0.126328624282001
1.62349561219771,0.796668296893593,-0.88989574729506,0.0932274504014586
1.62360401643004,0.815532961461348,-0.875551103765688,0.060018142304324
1.62371242066236,0.833451852791759,-0.860191077149115,0.0267392243573179
1.62382082489469,0.850404203116265,-0.843833485076156,-0.00657071804015003
1.62392922912702,0.866370336727971,-0.826497292229331,-0.0398730444986691
1.6239968424005,0.875821417127989,-0.815197424233899,-0.0606239928941486
1.62406445567398,0.884877263291575,-0.803529844549056,-0.081347418742545
1.62413206894746,0.893533835217591,-0.791499771006078,-0.102034064211516
1.62419968222093,0.901787220737758,-0.779112622995965,-0.122674597741812
1.62429184148196,0.912380665405419,-0.761663838085824,-0.150716827319604
1.62438400074298,0.922209368670985,-0.743576564366018,-0.178632804304985
1.624444200613,0.928212934309007,-0.731423875946905,-0.196789058362103
1.62450440048301,0.933884469821919,-0.71900963725543,-0.214874832566486
1.62456460035302,0.939221971799341,-0.70633825689044,-0.23288371490894
1.62462480022304,0.944223519033655,-0.693414268202767,-0.250809250830888
1.62469730048774,0.94979851418107,-0.677520927890286,-0.272277586290782
1.62476980075243,0.954880784497156,-0.661276109404478,-0.293604675092717
1.62484230101713,0.959467707108547,-0.64468824115558,-0.314779465953028
1.62491480128183,0.963556888219801,-0.627765938784994,-0.335790949434839
1.62498730154653,0.967146220318576,-0.610517976745505,-0.356628243573083
1.62505980181123,0.970233828536996,-0.592953309611985,-0.377280518925024
1.62514796910555,0.973310244124119,-0.571179650739093,-0.402130593385032
1.62523613639987,0.975639970914403,-0.548967740130844,-0.426672230783597
1.62532430369419,0.977221231739835,-0.526334651859646,-0.450886579880229
1.62541247098851,0.978052800602143,-0.503297761885137,-0.474755038717041
1.62550063828284,0.978134050714845,-0.479874752197827,-0.498259298517017
1.62558880557716,0.977464908216179,-0.456083593443912,-0.52138131477225
1.62567697287148,0.976045897365291,-0.431942540899713,-0.544103356465586
1.6257651401658,0.973878095989266,-0.407470113731578,-0.566407982257679
1.62585330746012,0.970963177570523,-0.382685088620509,-0.588278088950044
1.62596171169246,0.966358544652104,-0.351811371196352,-0.61454717345576
1.62607011592479,0.960633204743941,-0.320529482057216,-0.640103722686761
1.62617852015713,0.953793807611219,-0.288875800009552,-0.66491800760166
1.62628692438947,0.945848296138278,-0.256887057413406,-0.688961238724846
1.6263953286218,0.936805880287411,-0.224600377545176,-0.712205502742268
1.62650373285414,0.926677052186364,-0.192053199200648,-0.73462385298572
1.62661213708648,0.915473552182716,-0.159283282052781,-0.756190270129972
1.62672054131881,0.903208377817349,-0.12632862153492,-0.776879756282443
1.62682894555115,0.889895747101022,-0.0932274476280749,-0.796668299472958
1.62693734978349,0.875551103380553,-0.0600181395117647,-0.815532963868758
1.62704575401583,0.860191076575795,-0.0267392215527169,-0.8334518550231
1.62715415824816,0.843833484317986,0.00657072084961317,-0.850404205167593
1.6272625624805,0.826497291289783,0.039873047305808,-0.866370338595645
1.62733017575315,0.815197423324097,0.0606239954415503,-0.875821418765692
1.62739778902581,0.8035298436795,0.0813474210281971,-0.88487726470769
1.62746540229846,0.791499770187004,0.102034066233778,-0.893533836420802
1.62753301557111,0.779112622237534,0.122674599499354,-0.90178722173693
1.62762517486341,0.761663831180474,0.150716838549719,-0.912380669730182
1.6277173341557,0.743576550888177,0.178632824909957,-0.92220937579814
1.62777753399954,0.731423867461832,0.196789070999897,-0.928212938461729
1.62783773384338,0.719009633994583,0.214874837292468,-0.933884471287063
1.62789793368722,0.706338259079424,0.232883711787024,-0.939221970866449
1.62795813353106,0.693414276061338,0.250809239933366,-0.944223515994711
1.62803063379557,0.677520935914146,0.272277575385928,-0.949798511300084
1.62810313406008,0.661276117592459,0.293604664185149,-0.954880781777592
1.6281756343246,0.644688249506444,0.31477945504747,-0.959467704553871
1.62824813458911,0.627765947297307,0.335790938536045,-0.963556885833347
1.62832063485362,0.610517985417731,0.356628232685851,-0.967146218103549
1.62839313511814,0.592953318442516,0.377280508054177,-0.970233826496649
1.62848130243974,0.571179652898392,0.402130590245214,-0.973310243143594
1.62856946976134,0.548967735347758,0.426672235183919,-0.975639970531692
1.62865763708294,0.526334639879002,0.450886591612327,-0.977221231491342
1.62874580440454,0.503297742468084,0.474755057555315,-0.978052800023364
1.62883397172614,0.479874725122181,0.498259324219082,-0.978134049341237
1.62892213904774,0.456083558504384,0.521381347079345,-0.977464905583713
1.62901030636934,0.431942497908449,0.5441033951028,-0.976045893011244
1.62909847369094,0.407470062518317,0.566408026934567,-0.973878089452845
1.62918664101254,0.382685029032894,0.588278139360849,-0.970963168393765
1.62929504524496,0.351811310724268,0.614547222476473,-0.966358533200734
1.62940344947738,0.320529420773127,0.640103770255312,-0.960633191028455
1.62951185370979,0.288875737986808,0.664918053657845,-0.953793791644644
1.62962025794221,0.256886994726244,0.68896128321011,-0.945848277936377
1.62972866217463,0.224600314268578,0.712205545599944,-0.936805859868521
1.62983706640705,0.192053135410421,0.734623894160907,-0.926677029571299
1.62994547063946,0.159283217825321,0.756190309569692,-0.915473527395004
1.63005387487188,0.126328556947213,0.776879793935753,-0.903208350882962
1.6301622791043,0.0932273827575713,0.796668335290907,-0.889895718048493
1.63027068333672,0.0600180744362738,0.815532997804545,-0.875551072240812
1.63037908756913,0.0267391563503793,0.833451887031991,-0.860191043382386
1.63048749180155,-0.00657078610041649,0.8504042352071,-0.843833449106691
1.63059589603397,-0.039873112526689,0.866370366625555,-0.826497254098825
1.63066350924331,-0.0606240411688307,0.875821436850349,-0.815197395681523
1.63073112245264,-0.0813474472914191,0.884877273577556,-0.803529826286115
1.63079873566198,-0.102034073088766,0.893533836817995,-0.791499763729222
1.63086634887132,-0.122674587028102,0.901787214414757,-0.779112627386631
1.63095850817828,-0.150716830574654,0.912380664307289,-0.761663833732632
1.63105066748525,-0.178632821395892,0.922209372032763,-0.743576550636854
1.63111086733359,-0.196789068845099,0.928212935153689,-0.731423866308548
1.63117106718193,-0.214874836486332,0.933884468386641,-0.719009631900304
1.63123126703027,-0.232883712317437,0.939221968323534,-0.706338256006092
1.63129146687861,-0.250809241786854,0.944223513758797,-0.693414271971927
1.63136396714054,-0.272277576449971,0.949798508777829,-0.677520932327841
1.63143646740247,-0.293604664468046,0.954880779003737,-0.661276114535677
1.6315089676644,-0.31477945455865,0.959467701563334,-0.644688247004689
1.63158146792633,-0.335790937286191,0.963556882661433,-0.627765945375219
1.63165396818826,-0.356628230686802,0.967146214785809,-0.610517984099031
1.63172646845019,-0.377280505318932,0.970233823068824,-0.592953317749874
1.63181463579403,-0.40213059374405,0.973310240408442,-0.571179646664358
1.63190280313787,-0.426672244756905,0.97563996811214,-0.548967723355193
1.63199097048171,-0.450886607085169,0.97722122900905,-0.526334621923851
1.63207913782555,-0.474755078739923,0.978052797099507,-0.503297718359567
1.63216730516939,-0.498259350913676,0.978134045596922,-0.479874694683233
1.63225547251323,-0.5213813790688,0.977464900640697,-0.456083521571892
1.63234363985707,-0.544103432159056,0.976045886492497,-0.43194245433344
1.63243180720091,-0.566408068816769,0.973878080983084,-0.407470012166284
1.63251997454475,-0.588278185815901,0.970963157599931,-0.382684971784
1.63262837877724,-0.614547267669761,0.966358520342126,-0.35181125267236
1.63273678300973,-0.64010381413062,0.960633176114575,-0.320529361983953
1.63284518724222,-0.664918096160431,0.953793774687324,-0.288875678526899
1.63295359147472,-0.68896132428691,0.945848258949909,-0.256886934662997
1.63306199570721,-0.712205585199358,0.936805838869454,-0.224600253670088
1.6331703999397,-0.734623932233187,0.926677006578679,-0.192053074345487
1.63327880417219,-0.756190346066771,0.91547350243002,-0.159283156363218
1.63338720840468,-0.776879828811312,0.903208323969179,-0.12632849515787
1.63349561263717,-0.796668368500534,0.889895689211826,-0.0932273207112679
1.63360401686966,-0.815533029305707,0.87555104150942,-0.0600180122036884
1.63371242110215,-0.833451916784135,0.860191010786517,-0.0267390940023725
1.63382082533465,-0.85040426317164,0.843833414678895,0.0065708484927661
1.63392922956714,-0.866370392765918,0.826497217873826,0.0398731748921317
1.63399684271402,-0.875821453282063,0.815197368968914,0.0606240843131714
1.63406445586091,-0.884877281022095,0.803529809775832,0.081347471246278
1.6341320690078,-0.89353383600838,0.791499758096895,0.102034077911512
1.63419968215469,-0.901787206094955,0.779112633292893,0.12267457280205
1.63429184144505,-0.912380654560456,0.761663843189801,0.150716811370688
1.63438400073542,-0.922209361140596,0.743576563864104,0.178632797276519
1.63444420061444,-0.928212927693092,0.731423873641314,0.196789054051777
1.63450440049345,-0.933884464021176,0.719009633068089,0.214874830953081
1.63456460037247,-0.939221966713538,0.706338250745236,0.23288371596834
1.63462480025148,-0.944223514561692,0.693414260025563,0.250809254536141
1.63469730051103,-0.949798509137736,0.67752092071547,0.27227758842231
1.63476980077058,-0.954880778951659,0.661276103284724,0.293604675666951
1.63484230103012,-0.959467701130626,0.644688236141737,0.314779464988876
1.63491480128967,-0.963556881879706,0.627765934926156,0.335790946953542
1.63498730154922,-0.967146213687126,0.610517974088917,0.356628239598219
1.63505980180877,-0.970233821685472,0.592953308203043,0.377280513482447
1.63514796914757,-0.973310238657364,0.571179638244926,0.402130600412454
1.63523613648638,-0.975639966078038,0.548967716117046,0.426672249961008
1.63532430382519,-0.977221226777162,0.526334615918012,0.450886610859139
1.635412471164,-0.978052794755217,0.503297713634127,0.4747550811211
1.63550063850281,-0.978134043225883,0.479874691283349,0.498259351942552
1.63558880584162,-0.977464898328592,0.45608351953963,0.521381378788965
1.63567697318042,-0.976045884324798,0.431942453707647,0.544103430617165
1.63576514051923,-0.973878079045102,0.407470012982668,0.566408066062418
1.63585330785804,-0.970963155976595,0.38268497407507,0.588278181901563
1.63596171209053,-0.966358518926871,0.351811255044062,0.614547263882817
1.63607011632301,-0.960633174906405,0.320529364429675,0.640103810476743
1.6361785205555,-0.953793773685043,0.288875681039908,0.664918092645089
1.63628692478798,-0.945848258151947,0.25688693723648,0.688961320915477
1.63639532902047,-0.936805838274206,0.224600256297177,0.712205581977012
1.63650373325295,-0.926677006184144,0.192053077019226,0.734623929164935
1.63661213748544,-0.91547350223406,0.159283159076624,0.75619034315741
1.63672054171792,-0.903208323969402,0.1263284979039,0.776879826065508
1.63682894595041,-0.889895689405598,0.0932273234828354,0.796668365922764
1.63693735018289,-0.875551041893846,0.0600180149936553,0.815533026900178
1.63704575441538,-0.860191011358595,0.0267390968036451,0.833451914554956
1.63715415864786,-0.84383341543531,-0.00657084568736524,0.850404261122656
1.63726256288035,-0.826497218811002,-0.0398731720897988,0.866370390900804
1.63733017602806,-0.815197369875769,-0.0606240817714309,0.875821451647192
1.63739778917578,-0.803529810641911,-0.081347468967088,0.884877279608996
1.63746540232349,-0.791499758911821,-0.102034075896545,0.893533834808378
1.63753301547121,-0.779112634046537,-0.122674571052654,0.901787205099176
1.63762517473035,-0.76166385008082,-0.15071680016327,0.912380650244094
1.6377173339895,-0.743576577317484,-0.178632776708595,0.922209354026083
1.63777753389464,-0.731423882111478,-0.196789041436025,0.928212923547517
1.63783773379978,-0.719009636324059,-0.214874826234199,0.933884462558236
1.63789793370492,-0.70633824856175,-0.232883719082517,0.939221967644235
1.63795813361006,-0.693414252183292,-0.250809265411251,0.944223517594517
1.63803063386981,-0.677520912704645,-0.27227759930967,0.949798512014301
1.63810313412956,-0.661276095106341,-0.29360468656189,0.954880781668237
1.63817563438931,-0.644688227796958,-0.314779475886615,0.959467703683518
1.63824813464905,-0.627765926416196,-0.335790957849259,0.963556884265419
1.6383206349088,-0.610517965415133,-0.35662825048705,0.967146215902177
1.63839313516855,-0.592953299366964,-0.377280524359478,0.970233823726428
1.6384813024801,-0.571179636075163,-0.402130603563674,0.973310239638835
1.63856946979165,-0.548967720884602,-0.426672245577131,0.975639966461722
1.6386576371032,-0.526334627877892,-0.450886599148427,0.977221227026293
1.63874580441474,-0.503297733025097,-0.474755062308963,0.978052795334042
1.63883397172629,-0.479874718327389,-0.498259326271198,0.978134044598589
1.63892213903784,-0.456083554441813,-0.521381346517027,0.977464900958881
1.63901030634939,-0.431942496655816,-0.54410339201926,0.97604588867508
1.63909847366094,-0.407470064146901,-0.56640802142891,0.973878085575789
1.63918664097248,-0.382685033607603,-0.588278131537856,0.970963165145459
1.63929504520489,-0.351811315460423,-0.61454721490788,0.966358530368266
1.63940344943729,-0.32052942565738,-0.640103762952504,0.960633188609871
1.6395118536697,-0.288875743005728,-0.664918046631802,0.953793789637514
1.6396202579021,-0.256886999866234,-0.688961276471554,0.945848276337794
1.63972866213451,-0.224600319515966,-0.712205539159172,0.936805858675109
1.63983706636691,-0.192053140751308,-0.734623888027957,0.926677028779266
1.63994547059931,-0.15928322324571,-0.756190303754247,0.91547352699994
1.64005387483172,-0.126328562433034,-0.776879788447085,0.9032083508801
1.64016227906412,-0.0932273882946981,-0.796668330137949,0.889895718432619
1.64027068329653,-0.0600180800104381,-0.815532992995808,0.875551073006223
1.64037908752893,-0.0267391619472951,-0.833451882575671,0.860191044522947
1.64048749176134,0.00657078049507542,-0.85040423111094,0.843833450615844
1.64059589599374,0.0398731069272574,-0.866370362896797,0.826497255969532
1.64066350920472,0.060624036087289,-0.875821433580538,0.815197397493255
1.6407311224157,0.0813474427317694,-0.884877270749813,0.803529828018042
1.64079873562669,0.102034069054299,-0.893533834415079,0.791499765360746
1.64086634883767,0.122674583521511,-0.901787212419058,0.779112628897527
1.64095850808215,0.150716808139407,-0.912380655666017,0.761663847526624
1.64105066732664,0.178632780227202,-0.922209357791596,0.743576577564353
1.64111086722727,0.196789043593824,-0.928212926855104,0.73142388326123
1.6411710671279,0.214874827041809,-0.933884465457627,0.71900963841582
1.64123126702853,0.232883718552054,-0.939221970185629,0.706338251633566
1.64129146692917,0.250809263556178,-0.944223519828485,0.693414256272265
1.64136396719149,0.272277598240977,-0.949798514533886,0.677520916292848
1.64143646745381,0.293604686271318,-0.95488078443881,0.661276098167427
1.64150896771614,0.314779476364733,-0.959467706670291,0.644688230305513
1.64158146797846,0.335790959085494,-0.963556887433225,0.627765928347697
1.64165396824078,0.356628252469592,-0.967146219215591,0.610517966745962
1.64172646850311,0.377280527075393,-0.970233827149876,0.592953300074468
1.64181463579241,0.402130600045404,-0.973310242370107,0.571179642324688
1.64190280308172,0.4266722359847,-0.975639968877935,0.548967732893221
1.64199097037103,0.450886583656054,-0.977221229505815,0.526334645849722
1.64207913766033,0.47475504110481,-0.978052798255657,0.50329775715081
1.64216730494964,0.498259299557053,-0.978134048341225,0.479874748784147
1.64225547223895,0.521381314508045,-0.977464905900742,0.456083591392682
1.64234363952826,0.54410335494357,-0.97604589519331,0.431942540249732
1.64243180681756,0.566407979527253,-0.973878094045732,0.407470114518455
1.64251997410687,0.588278085063504,-0.97096317594008,0.382685090876565
1.6426283783392,0.614547169695777,-0.966358543228405,0.351811373532579
1.64273678257153,0.640103719058985,-0.960633203525964,0.320529484466959
1.64284518680386,0.664918004111539,-0.953793806597751,0.288875802486185
1.64295359103619,0.688961235377717,-0.945848295327889,0.256887059950162
1.64306199526852,0.712205499543269,-0.936805879678471,0.224600380135166
1.64317039950085,0.73462384993982,-0.926677051776878,0.19205320183704
1.64327880373319,0.756190267241964,-0.915473551970564,0.159283284728596
1.64338720796552,0.77687975355695,-0.903208377800139,0.126328624243156
1.64349561219785,0.79666829691438,-0.889895747276154,0.0932274503617477
1.64360401643018,0.815532961481383,-0.875551103745151,0.0600181422637268
1.64371242066251,0.83345185281093,-0.860191077126901,0.0267392243159413
1.64382082489484,0.850404203134516,-0.843833485052225,-0.00657071808229699
1.64392922912717,0.866370336745247,-0.826497292203727,-0.0398730445415319
1.6439968424006,0.87582141713797,-0.815197424215378,-0.0606239929226256
1.64406445567403,0.884877263294826,-0.803529844538181,-0.0813474187566438
1.64413206894746,0.893533835214669,-0.791499771003361,-0.102034064211293
1.6441996822209,0.901787220729227,-0.77911262300191,-0.122674597727318
1.64429184148194,0.912380665399119,-0.761663838088739,-0.150716827310414
1.64438400074298,0.922209368666653,-0.743576564365618,-0.178632804301077
1.644444200613,0.928212934305202,-0.73142387594548,-0.196789058359734
1.64450440048302,0.933884469818569,-0.719009637252958,-0.214874832565635
1.64456460035303,0.939221971796397,-0.706338256886839,-0.232883714909593
1.64462480022305,0.944223519031028,-0.693414268197986,-0.250809250833058
1.64469730048775,0.949798514178193,-0.677520927885942,-0.272277586292265
1.64476980075245,0.954880784494071,-0.661276109400594,-0.293604675093482
1.64484230101714,0.959467707105264,-0.644688241152172,-0.314779465953114
1.64491480128184,0.963556888216311,-0.62776593878206,-0.335790949434253
1.64498730154654,0.967146220314885,-0.610517976743045,-0.356628243571906
1.64505980181123,0.970233828533221,-0.592953309610056,-0.377280518923195
1.64514796910557,0.973310244120606,-0.571179650734529,-0.402130593386087
1.6452361363999,0.975639970911023,-0.548967740123576,-0.426672230787464
1.64532430369423,0.977221231736436,-0.526334651849567,-0.450886579886872
1.64541247098856,0.978052800598447,-0.503297761872147,-0.474755038726349
1.64550063828289,0.978134050710771,-0.479874752181907,-0.498259298528858
1.64558880557722,0.977464908211484,-0.456083593424911,-0.52138131478656
1.64567697287155,0.97604589735985,-0.431942540877589,-0.544103356482276
1.64576514016588,0.973878095982903,-0.40747011370628,-0.566407982276608
1.64585330746022,0.970963177563033,-0.382685088591973,-0.588278088971095
1.64596171169255,0.966358544643668,-0.351811371168005,-0.614547173475687
1.64607011592489,0.960633204734698,-0.320529482029188,-0.640103722705504
1.64617852015722,0.953793807601127,-0.288875799981856,-0.66491800761931
1.64628692438956,0.94584829612743,-0.256887057386079,-0.688961238741363
1.64639532862189,0.936805880275966,-0.224600377518286,-0.71220550275768
1.64650373285422,0.926677052174245,-0.192053199174226,-0.734623853000025
1.64661213708656,0.915473552170018,-0.159283282026838,-0.756190270143174
1.64672054131889,0.903208377804085,-0.126328621509562,-0.776879756294558
1.64682894555123,0.889895747087309,-0.0932274476033017,-0.796668299484024
1.64693734978356,0.875551103366356,-0.0600181394875677,-0.815532963878788
1.6470457540159,0.860191076561316,-0.0267392215292072,-0.833451855032114
1.64715415824823,0.843833484303183,0.00657072087246291,-0.850404205175635
1.64726256248057,0.826497291274691,0.0398730473279811,-0.86637033860269
1.64733017575319,0.815197423313879,0.0606239954541871,-0.8758214187681
1.64739778902581,0.803529843674529,0.0813474210313118,-0.884877264705842
1.64746540229843,0.791499770187595,0.102034066227394,-0.893533836415045
1.64753301557106,0.77911262224406,0.122674599483519,-0.901787221727604
1.64762517486333,0.76166383119111,0.150716838528128,-0.912380669719252
1.6477173341556,0.74357655090312,0.178632824882717,-0.922209375785828
1.64777753399948,0.731423867470042,0.196789070983295,-0.928212938453337
1.64783773384335,0.719009633995739,0.214874837286426,-0.933884471282197
1.64789793368723,0.706338259073272,0.232883711791417,-0.939221970864686
1.6479581335311,0.693414276047553,0.250809239948162,-0.944223515995725
1.64803063379563,0.677520935897703,0.272277575403878,-0.949798511301572
1.64810313406015,0.6612761175732,0.293604664206241,-0.954880781779481
1.64817563432468,0.644688249484262,0.314779455071634,-0.959467704555896
1.6482481345892,0.627765947272207,0.335790938563192,-0.963556885835392
1.64832063485373,0.610517985389571,0.356628232715942,-0.967146218105506
1.64839313511825,0.592953318411178,0.377280508087166,-0.970233826498347
1.64848130243987,0.571179652861127,0.402130590283812,-0.973310243144973
1.64856946976149,0.548967735304409,0.426672235228004,-0.975639970532426
1.64865763708312,0.526334639829428,0.450886591661623,-0.977221231491059
1.64874580440474,0.503297742412048,0.47475505760967,-0.978052800021721
1.64883397172636,0.479874725059572,0.498259324278234,-0.978134049337821
1.64892213904798,0.456083558435107,0.521381347143086,-0.977464905578184
1.6490103063696,0.431942497832312,0.544103395170918,-0.976045893003223
1.64909847369123,0.407470062435264,0.566408027006751,-0.973878089441981
1.64918664101285,0.38268502894285,0.588278139436885,-0.970963168379697
1.64929504524526,0.351811310633014,0.614547222550509,-0.966358533183497
1.64940344947768,0.32052942068079,0.640103770327324,-0.960633191008108
1.6495118537101,0.288875737893467,0.664918053727713,-0.953793791621163
1.64962025794252,0.256886994632068,0.688961283277735,-0.945848277909783
1.64972866217493,0.224600314173666,0.712205545665252,-0.936805859838906
1.64983706640735,0.19205313531483,0.734623894223866,-0.926677029538654
1.64994547063977,0.159283217729166,0.756190309630215,-0.915473527359353
1.65005387487219,0.126328556850613,0.776879793993742,-0.903208350844367
1.6501622791046,0.0932273826606149,0.796668335346356,-0.889895718006942
1.65027068333702,0.0600180743390778,0.81553299785734,-0.875551072196419
1.65037908756944,0.0267391562530415,0.833451887082148,-0.86019104333515
1.65048749180185,-0.00657078619782673,0.85040423525453,-0.843833449056695
1.65059589603427,-0.0398731126240355,0.866370366670149,-0.826497254046096
1.6506635092435,-0.0606240412338183,0.875821436878813,-0.81519739564498
1.65073112245274,-0.0813474473240884,0.884877273591039,-0.803529826266963
1.65079873566197,-0.102034073089224,0.893533836817766,-0.791499763728527
1.6508663488712,-0.122674586996487,0.901787214402051,-0.779112627405552
1.65095850817812,-0.150716830529179,0.912380664290457,-0.761663833761268
1.65105066748504,-0.178632821336689,0.922209372012555,-0.743576550675816
1.65111086733346,-0.196789068808996,0.928212935141991,-0.731423866332965
1.65117106718188,-0.214874836473209,0.933884468382634,-0.719009631909383
1.65123126703029,-0.23288371232706,0.939221968326361,-0.706338255999262
1.65129146687871,-0.25080924181907,0.944223513767573,-0.693414271948517
1.65136396714063,-0.272277576480667,0.94979850878567,-0.67752093230499
1.65143646740256,-0.293604664497257,0.954880779010662,-0.661276114513372
1.65150896766448,-0.31477945458638,0.959467701569401,-0.644688246983002
1.65158146792641,-0.335790937312451,0.963556882666662,-0.627765945354224
1.65165396818833,-0.35662823071157,0.967146214790299,-0.610517984078747
1.65172646845026,-0.377280505342244,0.970233823072654,-0.592953317730358
1.65181463579408,-0.402130593760991,0.973310240410989,-0.571179646649999
1.65190280313789,-0.426672244767556,0.975639968113782,-0.548967723346192
1.65199097048171,-0.450886607089758,0.977221229010182,-0.526334621920417
1.65207913782553,-0.474755078738637,0.978052797100489,-0.503297718361883
1.65216730516935,-0.498259350906628,0.978134045598201,-0.479874694691553
1.65225547251317,-0.521381379056234,0.977464900642587,-0.456083521586321
1.65234363985699,-0.544103432141152,0.976045886495349,-0.431942454354167
1.6524318072008,-0.566408068793762,0.97387808098728,-0.407470012193488
1.65251997454462,-0.588278185788002,0.970963157605835,-0.382684971817818
1.65262837877711,-0.614547267642736,0.966358520349416,-0.35181125270667
1.6527367830096,-0.640103814104516,0.960633176123171,-0.320529362018688
1.6528451872421,-0.664918096135176,0.953793774697267,-0.288875678562057
1.65295359147459,-0.68896132426258,0.945848258961109,-0.256886934698543
1.65306199570708,-0.712205585176014,0.936805838882023,-0.224600253705973
1.65317039993957,-0.734623932210874,0.92667700659249,-0.192053074381589
1.65327880417206,-0.756190346045468,0.915473502445107,-0.159283156399599
1.65338720840455,-0.776879828791076,0.90320832398556,-0.126328495194455
1.65349561263704,-0.796668368481398,0.889895689229432,-0.093227320748016
1.65360401686953,-0.815533029287679,0.875551041528188,-0.0600180122404818
1.65371242110203,-0.833451916767265,0.860191010806516,-0.0267390940392412
1.65382082533452,-0.850404263155901,0.843833414700063,0.00657084845586472
1.65392922956701,-0.866370392751344,0.826497217896158,0.0398731748552611
1.65399684271394,-0.875821453274123,0.815197368984677,0.0606240842894788
1.65406445586087,-0.884877281020226,0.803529809784579,0.0813474712356744
1.6541320690078,-0.893533836012123,0.791499758098162,0.10203407791397
1.65419968215473,-0.901787206103814,0.77911263328627,0.12267457281753
1.65429184144511,-0.912380654570304,0.761663843180477,0.150716811389836
1.65438400073549,-0.92220936115121,0.743576563851951,0.178632797299278
1.65444420061448,-0.928212927700548,0.7314238736348,0.196789054065748
1.65450440049346,-0.93388446402579,0.719009633067468,0.214874830958345
1.65456460037245,-0.939221966715616,0.706338250750711,0.232883715964933
1.65462480025143,-0.944223514561598,0.693414260037419,0.250809254524182
1.65469730051099,-0.949798509138491,0.677520920725996,0.272277588412522
1.65476980077054,-0.954880778953143,0.661276103293785,0.293604675659383
1.6548423010301,-0.959467701132771,0.644688236149321,0.314779464983438
1.65491480128965,-0.963556881882427,0.627765934932251,0.335790946950188
1.6549873015492,-0.967146213690322,0.610517974093372,0.356628239596972
1.65505980180876,-0.97023382168907,0.592953308205806,0.377280513483251
1.65514796914756,-0.973310238660663,0.571179638250735,0.402130600409936
1.65523613648635,-0.975639966081178,0.548967716125958,0.426672249955257
1.65532430382515,-0.977221226780412,0.526334615930197,0.450886610850198
1.65541247116394,-0.978052794758791,0.503297713649685,0.474755081109125
1.65550063850274,-0.978134043229965,0.479874691302353,0.498259351927633
1.65558880584154,-0.977464898333354,0.456083519562131,0.521381378771243
1.65567697318033,-0.976045884330507,0.431942453733779,0.54410343059671
1.65576514051913,-0.97387807905192,0.407470013012477,0.566408066039437
1.65585330785793,-0.970963155984743,0.382684974108598,0.588278181876146
1.65596171209041,-0.966358518936192,0.351811255077992,0.614547263858203
1.6560701163229,-0.960633174916834,0.320529364463912,0.640103810452978
1.65617852055538,-0.953793773696617,0.288875681074426,0.664918092622201
1.65628692478787,-0.945848258164736,0.256886937271271,0.688961320893422
1.65639532902035,-0.936805838288065,0.224600256332178,0.712205581955878
1.65650373325284,-0.926677006199107,0.192053077054381,0.734623929144725
1.65661213748532,-0.915473502250114,0.159283159111968,0.75619034313815
1.65672054171781,-0.903208323986563,0.126328497939345,0.776879826047244
1.65682894595029,-0.889895689423783,0.0932273235183297,0.796668365905474
1.65693735018278,-0.875551041913073,0.0600180150291433,0.815533026883931
1.65704575441526,-0.860191011378819,0.0267390968391241,0.833451914539702
1.65715415864775,-0.843833415456508,-0.00657084565195329,0.850404261108475
1.65726256288024,-0.826497218833165,-0.0398731720545125,0.866370390887672
1.65733017602798,-0.815197369893636,-0.0606240817450681,0.875821451638711
1.65739778917572,-0.803529810655099,-0.0813474689496672,0.884877279604783
1.65746540232347,-0.791499758920055,-0.102034075888028,0.893533834808089
1.65753301547121,-0.779112634049459,-0.122674571052996,0.901787205102477
1.65762517473036,-0.761663850083778,-0.150716800163576,0.912380650247329
1.65771733398951,-0.743576577320423,-0.178632776708879,0.922209354029307
1.65777753389465,-0.731423882114412,-0.196789041436283,0.928212923550691
1.65783773379979,-0.719009636326971,-0.214874826234461,0.933884462561435
1.65789793370492,-0.706338248564576,-0.232883719082803,0.939221967647387
1.65795813361006,-0.693414252186129,-0.250809265411504,0.944223517597653
1.65803063386979,-0.677520912712072,-0.272277599303832,0.949798512015893
1.65810313412952,-0.66127609511849,-0.293604686550058,0.954880781668516
1.65817563438925,-0.644688227814005,-0.314779475868851,0.959467703682859
1.65824813464898,-0.627765926438381,-0.335790957825691,0.963556884264064
1.6583206349087,-0.610517965442628,-0.356628250457761,0.967146215900378
1.65839313516843,-0.592953299399925,-0.377280524324571,0.970233823724486
1.65848130247997,-0.57117963611254,-0.402130603524947,0.973310239637473
1.6585694697915,-0.548967720926466,-0.426672245534693,0.975639966461137
1.65865763710303,-0.526334627924338,-0.45088659910246,0.977221227026795
1.65874580441456,-0.503297733076224,-0.474755062259603,0.978052795335825
1.6588339717261,-0.479874718383385,-0.498259326218599,0.978134044601942
1.65892213903763,-0.456083554502703,-0.521381346461391,0.977464900964058
1.65901030634916,-0.431942496721661,-0.544103391960718,0.976045888682363
1.6590984736607,-0.407470064217835,-0.566408021367603,0.973878085585403
1.65918664097223,-0.382685033683643,-0.588278131474073,0.970963165157701
1.65929504520464,-0.351811315536981,-0.614547214846094,0.966358530383079
1.65940344943704,-0.320529425734446,-0.64010376289276,0.960633188627203
1.65951185366945,-0.288875743083179,-0.664918046574186,0.953793789657328
1.65962025790185,-0.256886999943982,-0.688961276416037,0.945848276360012
1.65972866213426,-0.224600319593871,-0.71220553910584,0.936805858699726
1.65983706636666,-0.192053140829304,-0.734623887976888,0.926677028806168
1.65994547059907,-0.159283223323723,-0.756190303705405,0.915473527029091
1.66005387483148,-0.126328562510973,-0.776879788400523,0.903208350911453
1.66016227906388,-0.0932273883724378,-0.796668330093701,0.889895718466128
1.66027068329629,-0.0600180800879147,-0.815532992953904,0.875551073041816
1.66037908752869,-0.0267391620244308,-0.833451882536134,0.860191044560526
1.6604874917611,0.00657078041841578,-0.850404231073758,0.84383345065532
1.6605958959935,0.0398731068511188,-0.866370362862031,0.826497256010875
1.66066350920456,0.0606240360329326,-0.875821433556808,0.815197397523861
1.66073112241561,0.081347442699147,-0.884877270736364,0.803529828037153
1.66079873562666,0.102034069043377,-0.893533834411007,0.791499765367625
1.66086634883771,0.122674583532138,-0.901787212423559,0.779112628891411
1.66095850808223,0.15071680815886,-0.912380655673368,0.761663847514483
1.66105066732674,0.178632780255401,-0.922209357801302,0.743576577545881
1.66111086722734,0.196789043611606,-0.928212926860869,0.731423883249267
1.66117106712794,0.21487482704922,-0.933884465459889,0.719009638410678
1.66123126702854,0.232883718549207,-0.939221970184774,0.706338251635553
1.66129146692914,0.250809263543151,-0.944223519824835,0.693414256281664
1.66136396719147,0.272277598229917,-0.949798514530921,0.677520916300982
1.6614364674538,0.293604686262212,-0.95488078443643,0.661276098174196
1.66150896771613,0.314779476357555,-0.959467706668423,0.644688230310837
1.66158146797845,0.335790959080171,-0.963556887431769,0.62776592835159
1.66165396824078,0.356628252466143,-0.967146219214521,0.610517966748327
1.66172646850311,0.377280527073804,-0.97023382714903,0.592953300075186
1.66181463579247,0.402130600058786,-0.973310242370794,0.571179642312025
1.66190280308184,0.42667223601264,-0.975639968879302,0.548967732866653
1.6619909703712,0.450886583698144,-0.97722122950694,0.526334645808742
1.66207913766056,0.4747550411606,-0.978052798255657,0.503297757095004
1.66216730494992,0.498259299626039,-0.978134048339086,0.479874748713064
1.66225547223928,0.521381314589723,-0.977464905895709,0.45608359130594
1.66234363952864,0.544103355037364,-0.976045895184369,0.431942540146993
1.662431806818,0.566407979632624,-0.973878094031965,0.407470114399328
1.66251997410736,0.588278085179834,-0.970963175920633,0.382685090740816
1.66262837833969,0.614547169809097,-0.966358543203852,0.351811373394751
1.66273678257202,0.640103719169093,-0.960633203496382,0.320529484327269
1.66284518680435,0.664918004218354,-0.953793806563078,0.288875802344746
1.66295359103668,0.688961235481081,-0.945848295288218,0.256887059807142
1.66306199526902,0.712205499643028,-0.936805879633823,0.224600379990759
1.66317039950135,0.734623850035899,-0.926677051727269,0.192053201691373
1.66327880373368,0.756190267334164,-0.915473551916053,0.15928328458185
1.66338720796601,0.776879753645219,-0.90320837774074,0.126328624095537
1.66349561219834,0.796668296998567,-0.889895747211991,0.0932274502134193
1.66360401643067,0.815532961561372,-0.87555110367629,0.0600181421148634
1.663712420663,0.833451852886636,-0.860191077053362,0.0267392241666851
1.66382082489533,0.85040420320585,-0.843833484974142,-0.00657071823174147
1.66392922912766,0.866370336812091,-0.82649729212111,-0.0398730446909848
1.66399684240096,0.875821417183129,-0.815197424153474,-0.0606239930296529
1.66406445567425,0.884877263319835,-0.803529844498531,-0.0813474188213355
1.66413206894755,0.89353383522113,-0.791499770987358,-0.102034064233785
1.66419968222084,0.901787220718774,-0.779112623011069,-0.122674597707751
1.66429184148188,0.91238066538862,-0.761663838099183,-0.150716827289442
1.66438400074291,0.922209368656132,-0.74357656437749,-0.178632804278682
1.66444420061296,0.928212934297767,-0.731423875951867,-0.196789058345902
1.66450440048301,0.933884469813943,-0.719009637253646,-0.214874832560299
1.66456460035305,0.939221971794227,-0.706338256881555,-0.232883714912689
1.6646248002231,0.944223519031001,-0.69341426818652,-0.250809250844511
1.6646973004878,0.949798514177794,-0.677520927874404,-0.272277586303409
1.66476980075249,0.954880784493285,-0.661276109389,-0.293604675104282
1.66484230101719,0.959467707104124,-0.644688241140568,-0.314779465963594
1.66491480128188,0.963556888214821,-0.627765938770398,-0.335790949444418
1.66498730154658,0.967146220313094,-0.610517976731416,-0.356628243581667
1.66505980181128,0.97023382853108,-0.592953309598476,-0.377280518932598
1.66514796910563,0.973310244118702,-0.571179650717481,-0.402130593401283
1.66523613639998,0.975639970909069,-0.548967740100836,-0.42667223080825
1.66532430369433,0.977221231734013,-0.526334651821002,-0.450886579913048
1.66541247098869,0.978052800595328,-0.503297761837571,-0.474755038757746
1.66550063828304,0.978134050706412,-0.479874752141114,-0.498259298565326
1.66558880557739,0.977464908205645,-0.456083593377791,-0.52138131482787
1.66567697287174,0.976045897352155,-0.431942540824034,-0.54410335652815
1.6657651401661,0.97387809597293,-0.407470113646099,-0.566407982326861
1.66585330746045,0.970963177550537,-0.382685088525105,-0.588278089025455
1.66596171169279,0.966358544628705,-0.351811371099691,-0.614547173529011
1.66607011592512,0.960633204717198,-0.320529481959447,-0.640103722757756
1.66617852015746,0.953793807581057,-0.288875799910724,-0.66491800767032
1.6662869243898,0.945848296104786,-0.256887057313688,-0.688961238791093
1.66639532862213,0.936805880250696,-0.224600377444671,-0.712205502806005
1.66650373285447,0.926677052146358,-0.192053199099494,-0.734623853046895
1.66661213708681,0.915473552139526,-0.159283281951084,-0.756190270188458
1.66672054131914,0.903208377770974,-0.126328621432757,-0.776879756338211
1.66682894555148,0.889895747051511,-0.0932274475256079,-0.796668299525942
1.66693734978382,0.875551103327959,-0.0600181394090747,-0.815532963918905
1.66704575401615,0.86019107652026,-0.0267392214499656,-0.833451855070289
1.66715415824849,0.84383348425951,0.00657072095231355,-0.850404205211829
1.66726256248083,0.826497291228409,0.0398730474083984,-0.866370338636822
1.66733017575337,0.815197423278912,0.0606239955115737,-0.875821418790487
1.66739778902592,0.803529843651624,0.0813474210657404,-0.884877264717356
1.66746540229847,0.791499770177632,0.102034066238942,-0.893533836416579
1.66753301557102,0.77911262224776,0.122674599472284,-0.90178722172002
1.66762517486327,0.761663831199241,0.150716838510382,-0.912380669709616
1.66771733415552,0.743576550916026,0.178632824858504,-0.922209375774517
1.66777753399943,0.731423867477053,0.196789070968396,-0.928212938445453
1.66783773384333,0.71900963399658,0.214874837280801,-0.933884471277367
1.66789793368724,0.706338259067657,0.232883711794991,-0.939221970862644
1.66795813353114,0.693414276035281,0.250809239960816,-0.944223515996093
1.66803063379564,0.677520935890725,0.272277575409149,-0.949798511299854
1.66810313406014,0.661276117571821,0.293604664204197,-0.954880781776031
1.66817563432464,0.644688249488718,0.314779455062395,-0.95946770455105
1.66824813458914,0.6277659472826,0.335790938546884,-0.963556885829488
1.66832063485364,0.610517985406214,0.356628232692668,-0.967146218098894
1.66839313511814,0.592953318434286,0.377280508057064,-0.97023382649133
1.66848130243972,0.571179652895223,0.402130590242397,-0.973310243137569
1.6685694697613,0.548967735349892,0.42667223517554,-0.975639970525428
1.66865763708288,0.526334639886573,0.450886591598562,-0.977221231485129
1.66874580440446,0.503297742481259,0.474755057536335,-0.978052800017552
1.66883397172604,0.479874725141151,0.498259324195043,-0.978134049336159
1.66892213904762,0.456083558529329,0.521381347050426,-0.977464905579702
1.6690103063692,0.431942497939494,0.54410339506925,-0.976045893008729
1.66909847369078,0.40747006255553,0.566408026896584,-0.973878089452128
1.66918664101236,0.382685029076445,0.588278139318687,-0.970963168395092
1.66929504524478,0.35181131076889,0.614547222435168,-0.966358533204025
1.66940344947719,0.32052942081873,0.64010377021499,-0.960633191033694
1.66951185370961,0.288875738033387,0.664918053618478,-0.953793791651855
1.66962025794203,0.256886994773736,0.688961283171844,-0.945848277945544
1.66972866217444,0.224600314316883,0.712205545562796,-0.936805859879675
1.66983706640686,0.192053135459506,0.734623894124966,-0.926677029584437
1.66994547063927,0.159283217875105,0.75619030953503,-0.915473527410138
1.67005387487169,0.126328556997631,0.776879793902416,-0.903208350900061
1.67016227910411,0.0932273828085598,0.796668335258981,-0.889895718067554
1.67027068333652,0.0600180744878169,0.81553299777408,-0.875551072261869
1.67037908756894,0.0267391564023669,0.83345188700303,-0.860191043405387
1.67048749180136,-0.00657078604809542,0.850404235179728,-0.843833449131628
1.67059589603377,-0.0398731124740872,0.866370366599809,-0.826497254125698
1.67066350924315,-0.0606240411287633,0.875821436831325,-0.815197395702539
1.67073112245253,-0.0813474472639052,0.884877273564772,-0.803529826300863
1.67079873566191,-0.102034073073708,0.893533836810974,-0.791499763737221
1.67086634887128,-0.12267458702551,0.901787214412993,-0.77911262738748
1.67095850817819,-0.150716830552354,0.912380664298619,-0.761663833746258
1.67105066748509,-0.178632821354025,0.922209372018231,-0.743576550664211
1.67111086733348,-0.196789068819092,0.928212935145123,-0.731423866326034
1.67117106718187,-0.214874836476069,0.933884468383441,-0.719009631907358
1.67123126703027,-0.232883712322839,0.939221968325152,-0.706338256002294
1.67129146687866,-0.250809241807746,0.944223513764643,-0.69341427195686
1.67136396714059,-0.272277576470304,0.949798508783242,-0.677520932312908
1.67143646740251,-0.293604664487837,0.954880779008731,-0.661276114520895
1.67150896766444,-0.314779454577916,0.959467701568002,-0.644688246990046
1.67158146792637,-0.335790937304928,0.963556882665727,-0.627765945360769
1.6716539681883,-0.356628230704974,0.967146214789742,-0.610517984084808
1.67172646845022,-0.377280505336566,0.970233823072457,-0.592953317735855
1.671814635794,-0.402130593743798,0.973310240409851,-0.571179646666017
1.67190280313778,-0.426672244739164,0.975639968112294,-0.548967723373141
1.67199097048155,-0.450886607050482,0.977221229009171,-0.526334621958662
1.67207913782533,-0.474755078688824,0.978052797100625,-0.503297718411797
1.67216730516911,-0.498259350846691,0.978134045600122,-0.479874694753425
1.67225547251288,-0.521381378986519,0.977464900647062,-0.456083521660541
1.67234363985666,-0.544103432062142,0.976045886503102,-0.431942454440941
1.67243180720044,-0.566408068705913,0.973878080998961,-0.407470012293023
1.67251997454421,-0.58827818569181,0.970963157622185,-0.382684971930333
1.6726283787767,-0.614547267548952,0.966358520369996,-0.351811252821038
1.6727367830092,-0.640103814013242,0.960633176148048,-0.320529362134777
1.67284518724169,-0.664918096046636,0.953793774726369,-0.288875678679743
1.67295359147418,-0.688961324176792,0.945848258994468,-0.256886934817647
1.67306199570667,-0.712205585093119,0.936805838919569,-0.224600253826413
1.67317039993916,-0.734623932130989,0.926677006634274,-0.192053074503259
1.67327880417165,-0.75619034596871,0.915473502491046,-0.159283156522288
1.67338720840414,-0.776879828717566,0.903208324035585,-0.126328495318026
1.67349561263663,-0.796668368411211,0.889895689283505,-0.0932273208723145
1.67360401686912,-0.815533029220934,0.875551041586349,-0.0600180123654454
1.67371242110161,-0.833451916704007,0.860191010868708,-0.0267390941646773
1.6738208253341,-0.850404263096311,0.843833414766187,0.00657084833014475
1.67392922956659,-0.866370392695501,0.826497217966116,0.0398731747294017
1.67399684271364,-0.875821453236662,0.815197369037148,0.0606240841995027
1.67406445586068,-0.884877280999816,0.803529809818277,0.0813474711815334
1.67413206900773,-0.893533836007404,0.791499758111767,0.102034077895626
1.67419968215478,-0.901787206113361,0.779112633278588,0.122674572834785
1.67429184144513,-0.9123806545771,0.761663843176568,0.150716811400546
1.67438400073549,-0.922209361155626,0.743576563852127,0.178632797303502
1.67444420061447,-0.928212927704361,0.7314238736361,0.196789054068302
1.67450440049345,-0.93388446402915,0.719009633069911,0.214874830959229
1.67456460037244,-0.939221966718575,0.706338250754329,0.232883715964229
1.67462480025142,-0.944223514564116,0.693414260042283,0.250809254521834
1.67469730051097,-0.949798509141052,0.677520920731267,0.272277588409796
1.67476980077052,-0.954880778955742,0.661276103299468,0.293604675656284
1.67484230103007,-0.959467701135387,0.644688236155423,0.314779464980007
1.67491480128963,-0.96355688188514,0.6277659349387,0.335790946946472
1.67498730154918,-0.967146213693142,0.610517974100325,0.356628239592858
1.67505980180873,-0.970233821691977,0.59295330821314,0.377280513478863
1.67514796914751,-0.973310238663042,0.571179638264138,0.402130600398919
1.67523613648628,-0.975639966083472,0.548967716145706,0.426672249937801
1.67532430382505,-0.977221226782953,0.526334615956429,0.45088661082654
1.67541247116382,-0.978052794762075,0.503297713682636,0.474755081079432
1.6755006385026,-0.978134043234312,0.479874691342198,0.498259351892136
1.67558880584137,-0.977464898339231,0.456083519609032,0.52138137873022
1.67567697318014,-0.976045884338286,0.43194245378787,0.54410343055038
1.67576514051891,-0.973878079061971,0.407470013073951,0.566408065988044
1.67585330785769,-0.970963155997526,0.382684974177562,0.588278181819965
1.67596171209017,-0.966358518951476,0.351811255148087,0.614547263803409
1.67607011632266,-0.960633174934685,0.320529364535141,0.64010381039956
1.67617852055514,-0.953793773717014,0.288875681146733,0.664918092570264
1.67628692478763,-0.945848258187577,0.256886937344545,0.688961320843085
1.67639532902011,-0.936805838313496,0.224600256406335,0.712205581907162
1.67650373325259,-0.926677006227054,0.192053077129339,0.734623929097719
1.67661213748508,-0.915473502280593,0.159283159187673,0.756190343092909
1.67672054171756,-0.903208324019499,0.126328498015712,0.77687982600382
1.67682894595005,-0.889895689459263,0.0932273235952429,0.796668365863977
1.67693735018253,-0.875551041950961,0.0600180151065483,0.815533026844429
1.67704575441502,-0.860191011419139,0.0267390969169252,0.833451914502222
1.6771541586475,-0.843833415499266,-0.00657084557383935,0.850404261073103
1.67726256287998,-0.826497218878333,-0.0398731719761474,0.866370390854465
1.67733017602782,-0.815197369925016,-0.0606240816941235,0.87582145161915
1.67739778917565,-0.803529810671769,-0.0813474689260561,0.884877279597838
1.67746540232348,-0.791499758921046,-0.102034075891667,0.893533834812651
1.67753301547132,-0.779112634033843,-0.12267457108376,0.901787205117588
1.6776251747305,-0.761663850061161,-0.150716800204055,0.912380650265199
1.67771733398968,-0.743576577290337,-0.178632776758949,0.92220935404928
1.67777753389476,-0.731423882095981,-0.196789041467881,0.928212923563879
1.67783773379983,-0.719009636320739,-0.214874826247695,0.933884462568452
1.67789793370491,-0.706338248571135,-0.232883719077804,0.939221967648942
1.67795813360999,-0.693414252205918,-0.250809265388483,0.94422351759435
1.67803063386974,-0.677520912726395,-0.272277599288647,0.949798512015031
1.6781031341295,-0.661276095127187,-0.293604686542548,0.95488078166969
1.67817563438925,-0.644688227816808,-0.314779475868955,0.959467703685756
1.67824813464901,-0.627765926435046,-0.335790957833277,0.963556884268315
1.67832063490876,-0.610517965432928,-0.356628250472693,0.96714621590564
1.67839313516852,-0.592953299383575,-0.377280524346765,0.970233823730369
1.67848130248009,-0.571179636085815,-0.402130603558034,0.973310239643859
1.67856946979166,-0.548967720888992,-0.42667224557841,0.975639966467394
1.67865763710323,-0.526334627875826,-0.450886599156433,0.977221227032235
1.67874580441481,-0.503297733016273,-0.474755062323476,0.978052795339743
1.67883397172638,-0.479874718311659,-0.498259326292008,0.978134044603657
1.67892213903795,-0.45608355441896,-0.521381346543942,0.977464900962887
1.67901030634953,-0.431942496625631,-0.544103392051989,0.976045888677636
1.6790984736611,-0.407470064109315,-0.566408021467166,0.973878085576472
1.67918664097267,-0.382685033562471,-0.588278131581413,0.97096316514386
1.67929504520507,-0.351811315414934,-0.614547214949863,0.966358530364811
1.67940344943748,-0.320529425611702,-0.640103762992894,0.960633188604583
1.67951185366988,-0.288875742959904,-0.66491804667057,0.953793789630444
1.67962025790228,-0.256886999820367,-0.688961276508646,0.945848276329003
1.67972866213468,-0.224600319470039,-0.71220553919459,0.936805858664604
1.67983706636709,-0.192053140705453,-0.73462388806167,0.92667702876713
1.67994547059949,-0.159283223200045,-0.756190303786243,0.915473526986273
1.68005387483189,-0.126328562387561,-0.776879788477346,0.903208350864879
1.6801622790643,-0.0932273882494987,-0.796668330166458,0.889895718415926
1.6802706832967,-0.0600180799655506,-0.815532993022551,0.875551072988091
1.6803790875291,-0.0267391619028288,-0.833451882600645,0.860191044503489
1.6804874917615,0.00657078053912746,-0.850404231134171,0.843833450595052
1.68059589599391,0.0398731069707685,-0.866370362918261,0.826497255947478
1.68066350920484,0.0606240361170719,-0.875821433594919,0.81519739747783
1.68073112241578,0.0813474427478509,-0.884877270757658,0.803529828009815
1.68079873562672,0.102034069056741,-0.893533834416915,0.791499765360155
1.68086634883766,0.12267458351031,-0.901787212415366,0.779112628905049
1.68095850808218,0.150716808141234,-0.912380655667191,0.761663847525935
1.68105066732671,0.178632780241907,-0.922209357796848,0.743576577554943
1.68111086722732,0.196789043602614,-0.928212926858093,0.731423883255455
1.68117106712794,0.2148748270447,-0.933884465458549,0.7190096384138
1.68123126702855,0.232883718549124,-0.939221970184675,0.706338251635557
1.68129146692916,0.250809263547497,-0.944223519825901,0.693414256278398
1.6813639671915,0.272277598237097,-0.949798514532506,0.677520916295365
1.68143646745384,0.293604686272176,-0.954880784438404,0.661276098166217
1.68150896771618,0.314779476370258,-0.959467706670685,0.644688230300385
1.68158146797852,0.335790959095571,-0.963556887434148,0.62776592833855
1.68165396824086,0.356628252484145,-0.967146219216847,0.610517966732666
1.6817264685032,0.377280527094353,-0.97023382715122,0.59295330005684
1.6818146357926,0.402130600089167,-0.973310242373412,0.57117964228419
1.68190280308199,0.42667223605258,-0.975639968881676,0.54896773282906
1.68199097037139,0.450886583747363,-0.977221229508433,0.526334645761056
1.68207913766079,0.474755041218763,-0.97805279825565,0.503297757036895
1.68216730495018,0.498259299692826,-0.978134048337042,0.479874748644219
1.68225547223958,0.521381314664738,-0.977464905890923,0.456083591226164
1.68234363952898,0.544103355120241,-0.97604589517634,0.431942540056067
1.68243180681837,0.566407979722923,-0.97387809402001,0.407470114297072
1.68251997410777,0.588278085277081,-0.970963175904164,0.382685090627048
1.6826283783401,0.61454716990337,-0.966358543183162,0.351811373279751
1.68273678257243,0.640103719260341,-0.960633203471504,0.320529484211134
1.68284518680476,0.664918004306414,-0.953793806534105,0.288875802227676
1.68295359103709,0.688961235565908,-0.945848295255194,0.256887059689296
1.68306199526942,0.712205499724494,-0.936805879596805,0.224600379872273
1.68317039950175,0.734623850113952,-0.926677051686383,0.19205320157241
1.68327880373408,0.756190267408759,-0.915473551871346,0.159283284462577
1.68338720796641,0.776879753716229,-0.903208377692287,0.126328623976029
1.68349561219874,0.796668297065996,-0.88989574715986,0.0932274500938153
1.68360401643107,0.815532961625147,-0.87555110362049,0.0600181419953459
1.6837124206634,0.833451852946686,-0.8601910769941,0.0267392240473946
1.68382082489573,0.850404203262078,-0.843833484911425,-0.00657071835063226
1.68392922912806,0.866370336864479,-0.826497292055146,-0.0398730448093428
1.68399684240124,0.875821417217994,-0.81519742410423,-0.0606239931137462
1.68406445567442,0.884877263338426,-0.803529844467248,-0.0813474188711936
1.68413206894761,0.893533835224765,-0.791499770975372,-0.10203406424944
1.68419968222079,0.901787220708809,-0.779112623019401,-0.122674597689422
1.68429184148186,0.91238066538329,-0.761663838100563,-0.150716827282749
1.68438400074294,0.922209368654854,-0.743576564371297,-0.178632804283556
1.68444420061298,0.928212934295677,-0.731423875946984,-0.196789058348722
1.68450440048302,0.933884469811147,-0.719009637250024,-0.214874832561128
1.68456460035306,0.939221971790809,-0.706338256879317,-0.232883714911494
1.6846248002231,0.944223519027009,-0.693414268185687,-0.25080925084134
1.6846973004878,0.949798514174231,-0.677520927872292,-0.272277586301985
1.6847698007525,0.954880784490079,-0.661276109385527,-0.293604675104608
1.6848423010172,0.959467707101225,-0.644688241135584,-0.314779465965647
1.68491480128191,0.963556888212141,-0.627765938764017,-0.335790949448125
1.68498730154661,0.967146220310523,-0.610517976723497,-0.356628243587033
1.68505980181131,0.970233828528513,-0.592953309588935,-0.377280518939619
1.68514796910572,0.973310244117594,-0.571179650694138,-0.402130593423466
1.68523613640012,0.97563997090838,-0.548967740063169,-0.426672230845205
1.68532430369453,0.977221231732893,-0.526334651768519,-0.450886579964376
1.68541247098894,0.978052800592764,-0.503297761769759,-0.474755038822991
1.68550063828335,0.978134050701514,-0.479874752057607,-0.498259298643927
1.68558880557775,0.977464908197466,-0.456083593278194,-0.521381314919289
1.68567697287216,0.976045897339803,-0.431942540707966,-0.544103356631848
1.68576514016657,0.97387809595549,-0.407470113513247,-0.566407982442246
1.68585330746097,0.970963177527069,-0.382685088375172,-0.588278089151891
1.68596171169331,0.966358544599806,-0.351811370947802,-0.614547173652003
1.68607011592565,0.96063320468285,-0.320529481805692,-0.640103722877164
1.68617852015798,0.953793807541356,-0.288875799755346,-0.664918007785999
1.68628692439032,0.945848296059781,-0.256887057156856,-0.688961238902922
1.68639532862266,0.936805880200372,-0.22460037728653,-0.71220550291384
1.68650373285499,0.926677052090869,-0.192053198940248,-0.734623853150628
1.68661213708733,0.915473552078869,-0.159283281790902,-0.756190270287988
1.68672054131967,0.903208377705275,-0.126328621271909,-0.776879756433363
1.686828945552,0.889895746980837,-0.0932274473642001,-0.796668299616624
1.68693734978434,0.875551103252359,-0.0600181392472742,-0.815532964005052
1.68704575401668,0.860191076439814,-0.0267392212879954,-0.833451855151784
1.68715415824901,0.843833484174295,0.00657072111430078,-0.85040420528859
1.68726256248135,0.826497291138604,0.0398730475701212,-0.866370338708706
1.68733017575374,0.815197423213304,0.0606239956241814,-0.875821418837467
1.68739778902612,0.80352984361207,0.081347421129246,-0.884877264741324
1.68746540229851,0.791499770165847,0.10203406625348,-0.893533836419306
1.6875330155709,0.779112622265459,0.122674599438044,-0.901787221703486
1.68762517486312,0.761663831223967,0.150716838466506,-0.91238066969047
1.68771733415534,0.743576550948201,0.178632824805129,-0.922209375753317
1.68777753399931,0.731423867496148,0.196789070935693,-0.92821293843183
1.68783773384329,0.719009634001989,0.21487483726862,-0.933884471270592
1.68789793368726,0.706338259058842,0.232883711803133,-0.93922197086201
1.68795813353123,0.693414276011647,0.250809239989112,-0.944223516000726
1.68803063379573,0.677520935867282,0.272277575436415,-0.949798511303699
1.68810313406023,0.661276117548616,0.293604664230423,-0.954880781779026
1.68817563432472,0.644688249465746,0.314779455087595,-0.959467704553358
1.68824813458922,0.627765947259965,0.335790938571051,-0.963556885831034
1.68832063485372,0.610517985383922,0.356628232715836,-0.967146218099712
1.68839313511821,0.592953318412348,0.377280508079185,-0.970233826491505
1.6884813024398,0.571179652872569,0.402130590264667,-0.973310243137241
1.68856946976138,0.548967735326466,0.42667223519797,-0.975639970524405
1.68865763708296,0.526334639862434,0.450886591621058,-0.977221231483484
1.68874580440454,0.503297742456363,0.474755057558912,-0.97805280001529
1.68883397172612,0.479874725115534,0.498259324217678,-0.97813404933322
1.6889221390477,0.456083558502942,0.521381347073091,-0.977464905576025
1.68901030636929,0.431942497912351,0.544103395091919,-0.9760458930043
1.68909847369087,0.407470062527698,0.566408026919228,-0.973878089446895
1.68918664101245,0.382685029047911,0.588278139341251,-0.970963168389149
1.68929504524486,0.351811310740207,0.614547222457005,-0.966358533197172
1.68940344947728,0.320529420789989,0.64010377023603,-0.960633191026025
1.68951185370969,0.288875738004558,0.664918053638783,-0.953793791643318
1.68962025794211,0.256886994744902,0.688961283191354,-0.945848277936223
1.68972866217453,0.224600314288076,0.712205545581468,-0.936805859869573
1.68983706640694,0.192053135430767,0.734623894142885,-0.926677029573619
1.68994547063936,0.159283217846502,0.756190309552095,-0.915473527398608
1.69005387487177,0.126328556969167,0.776879793918651,-0.903208350887827
1.69016227910419,0.0932273827802817,0.796668335274366,-0.889895718054651
1.6902706833366,0.060018074459669,0.815532997788636,-0.875551072248309
1.69037908756902,0.0267391563744626,0.833451887016797,-0.860191043391255
1.69048749180143,-0.00657078607572075,0.850404235192649,-0.843833449116915
1.69059589603385,-0.0398731125014302,0.866370366611872,-0.82649725411045
1.6906635092432,-0.0606240411473674,0.875821436839078,-0.815197395691696
1.69073112245255,-0.0813474472737569,0.884877273568513,-0.803529826294754
1.6907987356619,-0.102034073074931,0.893533836811064,-0.791499763736097
1.69086634887125,-0.122674587018075,0.901787214409758,-0.779112627391672
1.69095850817811,-0.150716830532473,0.912380664291122,-0.761663833758653
1.69105066748497,-0.1786328213219,0.922209372007219,-0.743576550685291
1.69111086733341,-0.196789068800583,0.928212935139116,-0.73142386633847
1.69117106718184,-0.214874836471129,0.933884468381947,-0.719009631910762
1.69123126703028,-0.232883712331297,0.939221968327651,-0.706338255996346
1.69129146687872,-0.250809241829506,0.944223513770654,-0.693414271941125
1.69136396714063,-0.272277576486013,0.949798508787361,-0.677520932301364
1.69143646740253,-0.293604664497543,0.954880779011261,-0.661276114513701
1.69150896766444,-0.314779454581678,0.959467701569148,-0.644688246987457
1.69158146792635,-0.335790937302868,0.963556882665805,-0.627765945362913
1.69165396818826,-0.356628230697209,0.967146214789051,-0.610517984091825
1.69172646845016,-0.37728050532316,0.970233823071255,-0.592953317748053
1.69181463579389,-0.402130593716703,0.973310240407646,-0.571179646690921
1.69190280313762,-0.426672244698757,0.975639968109935,-0.548967723411189
1.69199097048134,-0.450886606997207,0.977221229007488,-0.526334622010246
1.69207913782507,-0.47475507862305,0.978052797100429,-0.503297718477366
1.6921673051688,-0.49825935076894,0.97813404560231,-0.479874694833355
1.69225547251253,-0.521381378897295,0.977464900652471,-0.45608352175516
1.69234363985625,-0.544103431961931,0.976045886512552,-0.431942454550604
1.69243180719998,-0.566408068595266,0.97387808101329,-0.407470012418024
1.69251997454371,-0.588278185571285,0.970963157642254,-0.382684972070943
1.6926283787762,-0.614547267431696,0.966358520395312,-0.351811252963608
1.69273678300869,-0.64010381389938,0.960633176178541,-0.320529362279171
1.69284518724118,-0.664918095936322,0.953793774762106,-0.28887567882578
1.69295359147367,-0.688961324070142,0.945848259035346,-0.256886934965177
1.69306199570616,-0.712205584990277,0.936805838965543,-0.224600253975255
1.69317039993865,-0.734623932032044,0.926677006685275,-0.192053074653209
1.69327880417114,-0.75619034587382,0.915473502547032,-0.159283156673198
1.69338720840363,-0.776879828626824,0.903208324096554,-0.126328495469715
1.69349561263612,-0.796668368324769,0.889895689349369,-0.0932273210245894
1.69360401686861,-0.815533029138804,0.875551041656993,-0.0600180125181372
1.6937124211011,-0.833451916626366,0.860191010943999,-0.0267390943176019
1.69382082533359,-0.850404263023223,0.843833414846085,0.00657084817716625
1.69392922956608,-0.866370392627073,0.82649721805052,0.0398731745765428
1.69399684271328,-0.875821453191613,0.815197369098988,0.0606240840926295
1.69406445586047,-0.884877280976487,0.803529809855858,0.0813474711205895
1.69413206900767,-0.893533836003926,0.791499758123528,0.102034077880437
1.69419968215487,-0.901787206128064,0.779112633262845,0.122674572865222
1.69429184144523,-0.912380654591806,0.761663843158889,0.150716811432954
1.6943840007356,-0.922209361170193,0.743576563832435,0.178632797337809
1.69444420061453,-0.928212927714047,0.731423873625051,0.19678905408903
1.69450440049347,-0.933884464034373,0.719009633067911,0.21487483096645
1.69456460037241,-0.93922196671985,0.706338250761787,0.232883715958048
1.69462480025134,-0.944223514561961,0.693414260059599,0.250809254502386
1.69469730051091,-0.949798509140475,0.677520920745742,0.272277588394738
1.69476980077048,-0.954880778956531,0.661276103311035,0.293604675645515
1.69484230103004,-0.959467701137375,0.644688236163871,0.314779464973481
1.69491480128961,-0.963556881888116,0.627765934943975,0.335790946944115
1.69498730154918,-0.967146213696826,0.610517974102203,0.356628239594659
1.69505980180874,-0.970233821696251,0.592953308211574,0.377280513484687
1.69514796914749,-0.973310238666377,0.571179638269702,0.402130600396665
1.69523613648623,-0.975639966086339,0.54896771615866,0.426672249927674
1.69532430382498,-0.977221226785822,0.526334615977038,0.450886610808813
1.69541247116372,-0.978052794765392,0.50329771371109,0.47475508105431
1.69550063850246,-0.978134043238641,0.479874691378743,0.498259351859893
1.69558880584121,-0.977464898345036,0.456083519653898,0.521381378691142
1.69567697317995,-0.976045884346005,0.431942453841264,0.544103430504749
1.6957651405187,-0.973878079072155,0.407470013136009,0.566408065936152
1.69585330785744,-0.970963156010621,0.38268497424847,0.58827818176215
1.69596171208993,-0.96635851896706,0.351811255219695,0.614547263747386
1.69607011632241,-0.960633174952725,0.320529364607322,0.64010381034541
1.6961785205549,-0.953793773737474,0.288875681219355,0.664918092518141
1.69628692478738,-0.945848258210486,0.256886937417547,0.688961320792915
1.69639532901987,-0.936805838338717,0.224600256479663,0.712205581859084
1.69650373325235,-0.926677006254573,0.192053077202875,0.734623929051703
1.69661213748484,-0.915473502310343,0.159283159261309,0.756190343049034
1.69672054171732,-0.903208324051477,0.126328498089377,0.776879825962109
1.69682894594981,-0.889895689493365,0.0932273236688983,0.796668365824479
1.6969373501823,-0.875551041987184,0.0600180151800468,0.815533026807139
1.69704575441478,-0.860191011457377,0.0267390969901779,0.833451914467229
1.69715415864727,-0.843833415539465,-0.00657084550090163,0.850404261040344
1.69726256287975,-0.826497218920373,-0.0398731719036456,0.866370390824025
1.69733017602765,-0.815197369957085,-0.0606240816420657,0.875821451599163
1.69739778917555,-0.803529810693107,-0.081347468894402,0.884877279587522
1.69746540232345,-0.791499758930915,-0.102034075880391,0.89353383481128
1.69753301547135,-0.779112634031545,-0.122674571092733,0.901787205124296
1.69762517473054,-0.761663850057233,-0.150716800215226,0.912380650272419
1.69771733398972,-0.743576577284681,-0.178632776772285,0.922209354056941
1.69777753389478,-0.731423882094271,-0.196789041475058,0.92821292356932
1.69783773379984,-0.719009636323109,-0.214874826248756,0.933884462571854
1.6978979337049,-0.706338248577763,-0.232883719072795,0.939221967650596
1.69795813360996,-0.693414252216984,-0.250809265377483,0.944223517594443
1.69803063386971,-0.677520912738117,-0.272277599277076,0.949798512015166
1.69810313412946,-0.661276095139474,-0.293604686530491,0.954880781669968
1.69817563438921,-0.644688227829741,-0.31477947585639,0.95946770368618
1.69824813464897,-0.627765926448657,-0.335790957820225,0.963556884268841
1.69832063490872,-0.610517965447224,-0.356628250459156,0.967146215906346
1.69839313516847,-0.592953299398562,-0.377280524332761,0.97023382373128
1.69848130248004,-0.571179636101537,-0.402130603543589,0.973310239645112
1.69856946979161,-0.548967720905429,-0.426672245563591,0.975639966468999
1.69865763710318,-0.526334627892971,-0.450886599141259,0.97722122703422
1.69874580441475,-0.503297733034188,-0.47475506230799,0.978052795342159
1.69883397172632,-0.479874718330344,-0.498259326276211,0.978134044606541
1.6989221390379,-0.456083554438417,-0.521381346527858,0.977464900966273
1.69901030634947,-0.431942496645889,-0.544103392035662,0.976045888681549
1.69909847366104,-0.407470064130377,-0.566408021450589,0.973878085580965
1.69918664097261,-0.382685033584252,-0.588278131564659,0.970963165148908
1.69929504520501,-0.351811315436165,-0.614547214934236,0.966358530370424
1.69940344943742,-0.320529425632256,-0.640103762978377,0.960633188610612
1.69951185366983,-0.288875742979789,-0.664918046657087,0.953793789636853
1.69962025790223,-0.256886999839571,-0.688961276496166,0.945848276335741
1.69972866213464,-0.224600319488528,-0.71220553918313,0.936805858671631
1.69983706636704,-0.19205314072317,-0.734623888051199,0.92667702877436
1.69994547059945,-0.159283223216924,-0.756190303776689,0.915473526993588
1.70005387483185,-0.126328562403645,-0.776879788468688,0.903208350872306
1.70016227906426,-0.0932273882647487,-0.796668330158647,0.889895718423362
1.70027068329666,-0.0600180799799452,-0.815532993015601,0.875551072995505
1.70037908752907,-0.0267391619163563,-0.833451882594429,0.860191044510758
1.70048749176147,0.00657078052648872,-0.850404231128661,0.843833450602162
1.70059589599388,0.0398731069590347,-0.866370362913462,0.826497255954419
1.70066350920483,0.0606240361098214,-0.875821433592254,0.8151973974824
1.70073112241578,0.0813474427450664,-0.884877270756964,0.803529828011878
1.70079873562674,0.102034069058425,-0.893533834418024,0.79149976535957
1.70086634883769,0.122674583516429,-0.901787212418102,0.779112628901682
1.70095850808225,0.15071680815834,-0.912380655673691,0.761663847515313
1.70105066732682,0.178632780269896,-0.922209357806492,0.743576577536579
1.70111086722739,0.196789043619275,-0.928212926863549,0.731423883244238
1.70117106712797,0.214874827050175,-0.933884465460235,0.719009638410068
1.70123126702855,0.232883718543502,-0.939221970183012,0.706338251639515
1.70129146692912,0.250809263530853,-0.944223519821293,0.693414256290408
1.70136396719144,0.272277598214987,-0.949798514526803,0.677520916311797
1.70143646745376,0.29360468624468,-0.954880784431902,0.661276098187195
1.70150896771608,0.314779476337421,-0.959467706663555,0.644688230326121
1.7015814679784,0.335790959057522,-0.963556887426745,0.627765928369174
1.70165396824072,0.356628252440989,-0.967146219209375,0.610517966768372
1.70172646850304,0.377280527046218,-0.970233827143986,0.592953300097745
1.70181463579245,0.402130600043258,-0.97331024236766,0.571179642324395
1.70190280308185,0.426672236008898,-0.97563996887733,0.548967732868436
1.70199097037125,0.45088658370585,-0.977221229505439,0.526334645799548
1.70207913766065,0.474755041179412,-0.978052798253871,0.503297757074403
1.70216730495006,0.49825929965562,-0.97813404833633,0.479874748680721
1.70225547223946,0.521381314629612,-0.977464905891207,0.456083591261589
1.70234363952886,0.544103355087196,-0.976045895177493,0.431942540090269
1.70243180681827,0.566407979691955,-0.97387809402203,0.407470114330028
1.70251997410767,0.588278085248159,-0.970963175906863,0.382685090658658
1.70262837834,0.614547169875524,-0.96635854318679,0.351811373311234
1.70273678257233,0.64010371923355,-0.960633203476101,0.320529484242506
1.70284518680466,0.664918004280756,-0.953793806539604,0.288875802258829
1.702953591037,0.688961235541304,-0.945848295261568,0.256887059720204
1.70306199526933,0.712205499701025,-0.936805879603932,0.224600379902901
1.70317039950166,0.734623850091535,-0.926677051694261,0.19205320160269
1.70327880373399,0.756190267387403,-0.915473551879936,0.159283284492487
1.70338720796632,0.776879753695966,-0.90320837770153,0.126328624005569
1.70349561219865,0.796668297046773,-0.889895747169732,0.0932274501229347
1.70360401643099,0.815532961606949,-0.875551103630984,0.0600181420239841
1.70371242066332,0.833451852929557,-0.860191077005041,0.0267392240754766
1.70382082489565,0.850404203245963,-0.843833484922863,-0.00657071832311867
1.70392922912798,0.866370336849373,-0.826497292066973,-0.0398730447824154
1.70399684240119,0.875821417206541,-0.815197424112567,-0.0606239930940044
1.70406445567439,0.884877263330399,-0.80352984447179,-0.0813474188586583
1.7041320689476,0.893533835219859,-0.791499770975788,-0.102034064244106
1.7041996822208,0.901787220706716,-0.779112623015488,-0.122674597691252
1.7042918414819,0.912380665383321,-0.761663838092723,-0.150716827290614
1.70438400074299,0.922209368656654,-0.743576564359217,-0.178632804297451
1.70444420061302,0.928212934295536,-0.731423875938044,-0.196789058357514
1.70450440048304,0.933884469809242,-0.719009637244426,-0.214874832564838
1.70456460035306,0.939221971787346,-0.70633825687718,-0.232883714910198
1.70462480022309,0.944223519022208,-0.69341426818715,-0.250809250835068
1.70469730048778,0.949798514169008,-0.677520927875311,-0.272277586293721
1.70476980075248,0.954880784484525,-0.661276109390154,-0.293604675094361
1.70484230101717,0.959467707095436,-0.644688241141991,-0.314779465953423
1.70491480128187,0.963556888206181,-0.627765938772151,-0.335790949434031
1.70498730154656,0.967146220304512,-0.610517976733469,-0.356628243571063
1.70505980181126,0.970233828522591,-0.592953309600792,-0.377280518921791
1.70514796910566,0.973310244111948,-0.571179650707628,-0.402130593404345
1.70523613640006,0.97563997090314,-0.548967740078295,-0.426672230824824
1.70532430369446,0.977221231728046,-0.526334651785262,-0.4508865799428
1.70541247098886,0.97805280058849,-0.503297761788284,-0.474755038800228
1.70550063828327,0.978134050697947,-0.479874752077839,-0.498259298620093
1.70558880557767,0.97746490819462,-0.456083593300219,-0.521381314894428
1.70567697287207,0.976045897337772,-0.431942540731737,-0.544103356606035
1.70576514016647,0.973878095954404,-0.407470113538898,-0.566407982415497
1.70585330746087,0.970963177526962,-0.382685088402633,-0.588278089124358
1.70596171169321,0.966358544600761,-0.351811370975821,-0.614547173624952
1.70607011592555,0.960633204684944,-0.320529481834325,-0.640103722850633
1.70617852015788,0.953793807544538,-0.288875799784514,-0.664918007760027
1.70628692439022,0.945848296064049,-0.256887057186514,-0.68896123887755
1.70639532862255,0.936805880205743,-0.224600377316638,-0.712205502889115
1.70650373285489,0.926677052097397,-0.19205319897081,-0.734623853126558
1.70661213708722,0.915473552086475,-0.159283281821869,-0.7561902702646
1.70672054131956,0.903208377713948,-0.126328621303202,-0.776879756410763
1.7068289455519,0.889895746990609,-0.0932274473958196,-0.796668299594803
1.70693734978423,0.875551103263268,-0.0600181392792499,-0.815532963983992
1.70704575401657,0.860191076451811,-0.0267392213202003,-0.833451855131626
1.7071541582489,0.843833484187407,0.00657072108187421,-0.850404205269267
1.70726256248124,0.826497291152784,0.0398730475375597,-0.866370338690309
1.70733017575365,0.815197423223523,0.06062399559991,-0.875821418823439
1.70739778902607,0.803529843617985,0.0813474211133005,-0.884877264731267
1.70746540229848,0.791499770167178,0.102034066245847,-0.893533836413035
1.7075330155709,0.779112622261874,0.122674599438709,-0.901787221700587
1.70762517486312,0.761663831220847,0.150716838466476,-0.912380669687322
1.70771733415533,0.743576550945547,0.178632824804417,-0.922209375749959
1.70777753399931,0.731423867493157,0.196789070935545,-0.928212938428702
1.70783773384328,0.719009633998647,0.21487483726903,-0.93388447126766
1.70789793368726,0.706338259055103,0.232883711804099,-0.939221970859236
1.70795813353123,0.693414276007498,0.250809239990617,-0.944223515998144
1.70803063379573,0.677520935864344,0.272277575436304,-0.94979851130068
1.70810313406022,0.661276117546983,0.29360466422868,-0.954880781775655
1.70817563432471,0.644688249465436,0.314779455084261,-0.959467704549697
1.7082481345892,0.627765947261027,0.335790938566178,-0.963556885827227
1.70832063485369,0.610517985386428,0.356628232709399,-0.967146218095788
1.70839313511818,0.592953318416309,0.37728050807125,-0.970233826487569
1.70848130243975,0.571179652879766,0.40213059025342,-0.973310243133166
1.70856946976132,0.548967735336958,0.426672235183485,-0.975639970520463
1.70865763708289,0.526334639876365,0.450886591603487,-0.977221231479839
1.70874580440446,0.503297742473806,0.474755057538336,-0.978052800012171
1.70883397172603,0.479874725136558,0.498259324194241,-0.978134049330803
1.7089221390476,0.456083558527712,0.521381347046894,-0.977464905574608
1.70901030636917,0.431942497940865,0.544103395063086,-0.976045893003965
1.70909847369074,0.40747006256007,0.566408026887898,-0.973878089447955
1.70918664101231,0.38268502908415,0.588278139307598,-0.970963168391717
1.70929504524472,0.351811310776847,0.614547222424381,-0.966358533201214
1.70940344947714,0.320529420826981,0.640103770204472,-0.960633191031437
1.70951185370955,0.288875738041868,0.664918053608327,-0.953793791650191
1.70962025794197,0.256886994782382,0.68896128316206,-0.945848277944442
1.70972866217439,0.224600314325774,0.712205545553373,-0.936805859879139
1.7098370664068,0.192053135468571,0.734623894115932,-0.926677029584522
1.70994547063922,0.159283217884375,0.756190309526374,-0.915473527410749
1.71005387487163,0.126328557007046,0.776879793894231,-0.903208350901243
1.71016227910405,0.0932273828181172,0.796668335251192,-0.889895718069289
1.71027068333647,0.0600180744974614,0.815532997766746,-0.875551072264169
1.71037908756888,0.0267391564121148,0.833451886996179,-0.860191043408264
1.7104874918013,-0.00657078603830137,0.850404235173354,-0.843833449135052
1.71059589603371,-0.0398731124642245,0.866370366593909,-0.82649725412968
1.71066350924309,-0.0606240411194934,0.875821436826029,-0.815197395706484
1.71073112245247,-0.0813474472551781,0.884877273560021,-0.803529826304828
1.71079873566185,-0.102034073065611,0.893533836806789,-0.791499763741165
1.71086634887123,-0.122674587018014,0.901787214409337,-0.779112627391308
1.71095850817808,-0.150716830526825,0.912380664288759,-0.761663833761903
1.71105066748492,-0.17863282131069,0.922209372003231,-0.743576550692511
1.71111086733337,-0.196789068792551,0.92821293513635,-0.731423866343769
1.71117106718181,-0.214874836466237,0.933884468380352,-0.719009631914128
1.71123126703026,-0.23288371232954,0.939221968327144,-0.706338255997582
1.71129146687871,-0.250809241830912,0.94422351377108,-0.69341427194014
1.71136396714067,-0.272277576501202,0.949798508791321,-0.677520932290075
1.71143646740262,-0.293604664526349,0.954880779018024,-0.661276114491643
1.71150896766457,-0.314779454623899,0.959467701578161,-0.644688246954235
1.71158146792653,-0.335790937358254,0.96355688267639,-0.627765945318114
1.71165396818848,-0.356628230765471,0.96714621480055,-0.610517984035053
1.71172646845043,-0.377280505404067,0.970233823083016,-0.592953317678941
1.71181463579418,-0.402130593801204,0.97331024041756,-0.571179646616349
1.71190280313792,-0.426672244786706,0.975639968117812,-0.548967723331097
1.71199097048166,-0.450886607088369,0.97722122901296,-0.526334621924585
1.71207913782541,-0.474755078717283,0.978052797103311,-0.503297718386023
1.71216730516915,-0.49825935086601,0.978134045602258,-0.479874694736218
1.7122554725129,-0.521381378997036,0.977464900649187,-0.456083521652172
1.71234363985664,-0.544103432064098,0.976045886505863,-0.431942454441722
1.71243180720038,-0.566408068699641,0.973878081002833,-0.407470012303181
1.71251997454413,-0.588278185677646,0.970963157627784,-0.382684971950118
1.71262837877662,-0.614547267535371,0.966358520376521,-0.351811252841131
1.71273678300911,-0.640103814000298,0.960633176155447,-0.320529362155132
1.7128451872416,-0.664918096034343,0.953793774734714,-0.288875678700334
1.71295359147409,-0.688961324165226,0.945848259003647,-0.256886934838433
1.71306199570658,-0.712205585082259,0.936805838929617,-0.22460025384735
1.71317039993907,-0.734623932120823,0.926677006645181,-0.192053074524334
1.71327880417156,-0.756190345959273,0.915473502502766,-0.15928315654347
1.71338720840405,-0.776879828708867,0.903208324048198,-0.126328495339301
1.71349561263654,-0.7966683684033,0.889895689296962,-0.0932273208936313
1.71360401686903,-0.815533029213816,0.875551041600579,-0.0600180123867493
1.71371242110152,-0.833451916697677,0.860191010883677,-0.0267390941859725
1.71382082533401,-0.850404263090796,0.843833414781911,0.00657084830891127
1.7139292295665,-0.866370392690807,0.826497217982585,0.0398731747082269
1.71399684271357,-0.87582145323485,0.815197369051123,0.0606240841837385
1.71406445586063,-0.88487728100069,0.803529809829531,0.0813474711711918
1.7141320690077,-0.893533836010779,0.791499758120181,0.102034077890619
1.71419968215476,-0.901787206119047,0.779112633283899,0.122674572835143
1.71429184144507,-0.912380654577519,0.761663843191432,0.150716811386098
1.71438400073538,-0.922209361151534,0.743576563877199,0.178632797274371
1.7144442006144,-0.928212927704562,0.731423873654089,0.196789054050499
1.71450440049342,-0.933884464033117,0.719009633080478,0.214874830952654
1.71456460037243,-0.93922196672592,0.706338250757173,0.232883715968733
1.71462480025145,-0.944223514574473,0.693414260037142,0.25080925453736
1.71469730051101,-0.949798509151495,0.677520920724992,0.27227758842652
1.71476980077056,-0.954880778966196,0.661276103292074,0.29360467567417
1.71484230103012,-0.959467701145828,0.64468823614683,0.314779464999019
1.71491480128968,-0.963556881895469,0.627765934928943,0.335790946966546
1.71498730154924,-0.967146213703335,0.610517974089229,0.356628239614076
1.71505980180879,-0.970233821701909,0.592953308200837,0.37728051350109
1.71514796914753,-0.973310238671309,0.571179638261242,0.402130600410047
1.71523613648626,-0.975639966090729,0.548967716152634,0.426672249938096
1.71532430382499,-0.977221226789842,0.526334615973557,0.450886610816277
1.71541247116373,-0.978052794769207,0.503297713710304,0.474755081058917
1.71550063850246,-0.978134043242401,0.479874691380738,0.498259351861722
1.71558880584119,-0.977464898348987,0.456083519658711,0.521381378690266
1.71567697317993,-0.976045884350278,0.431942453849003,0.544103430501278
1.71576514051866,-0.973878079076905,0.407470013146718,0.566408065930211
1.7158533078574,-0.970963156016073,0.38268497426221,0.588278181753862
1.71596171208988,-0.966358518973052,0.351811255233839,0.614547263739207
1.71607011632237,-0.960633174959195,0.320529364621785,0.640103810337419
1.71617852055485,-0.95379377374446,0.288875681234216,0.66491809251027
1.71628692478734,-0.945848258217993,0.256886937432761,0.688961320785215
1.71639532901982,-0.936805838346731,0.224600256495168,0.712205581851612
1.7165037332523,-0.926677006263176,0.19205307721873,0.734623929044457
1.71661213748479,-0.915473502319514,0.15928315927744,0.756190343042071
1.71672054171727,-0.903208324061218,0.126328498105787,0.776879825955426
1.71682894594976,-0.889895689503605,0.0932273236855342,0.796668365818081
1.71693735018224,-0.875551041998013,0.060018015196963,0.815533026801059
1.71704575441473,-0.860191011468803,0.0267390970072902,0.833451914461505
1.71715415864721,-0.843833415551482,-0.00657084548357553,0.850404261035027
1.7172625628797,-0.826497218932983,-0.0398731718861247,0.866370390819129
1.71733017602762,-0.815197369966798,-0.0606240816302758,0.875821451597074
1.71739778917553,-0.803529810699707,-0.0813474688883715,0.88487727958811
1.71746540232345,-0.791499758934234,-0.102034075880066,0.893533834814293
1.71753301547137,-0.77911263403143,-0.122674571098114,0.901787205129508
1.71762517473057,-0.761663850054749,-0.150716800224001,0.912380650278726
1.71771733398977,-0.743576577279733,-0.178632776784402,0.922209354064138
1.71777753389481,-0.731423882091727,-0.196789041483316,0.928212923575016
1.71783773379986,-0.719009636323071,-0.214874826253193,0.933884462576229
1.71789793370491,-0.70633824858031,-0.232883719073476,0.939221967653759
1.71795813360995,-0.693414252222224,-0.250809265374399,0.944223517596603
1.7180306338697,-0.677520912743458,-0.272277599273908,0.949798512017364
1.71810313412945,-0.661276095144977,-0.293604686527196,0.95488078167219
1.71817563438921,-0.644688227835391,-0.314779475853002,0.959467703688378
1.71824813464896,-0.627765926454399,-0.335790957816731,0.963556884271141
1.71832063490871,-0.61051796545309,-0.356628250455573,0.967146215908662
1.71839313516846,-0.592953299404601,-0.377280524329069,0.970233823733711
1.71848130248003,-0.57117963610851,-0.402130603538948,0.973310239647433
1.7185694697916,-0.548967720913399,-0.426672245557979,0.975639966471371
1.71865763710316,-0.526334627901917,-0.450886599134784,0.977221227036675
1.71874580441473,-0.50329773304414,-0.474755062300631,0.978052795344748
1.7188339717263,-0.47987471834134,-0.498259326268021,0.978134044609376
1.71892213903787,-0.456083554450528,-0.521381346518852,0.977464900969375
1.71901030634943,-0.431942496659073,-0.544103392025926,0.976045888684969
1.719098473661,-0.407470064144662,-0.566408021440117,0.97387808558477
1.71918664097257,-0.382685033599659,-0.588278131553509,0.970963165153153
1.71929504520497,-0.351811315452215,-0.614547214922936,0.966358530375112
1.71940344943738,-0.320529425648968,-0.64010376296695,0.960633188615903
1.71951185366978,-0.288875742997145,-0.664918046645597,0.95379378964273
1.71962025790218,-0.256886999857537,-0.688961276484684,0.945848276342203
1.71972866213459,-0.2246003195071,-0.712205539171618,0.936805858678723
1.71983706636699,-0.192053140742303,-0.734623888039771,0.926677028782018
1.7199454705994,-0.159283223236631,-0.756190303765344,0.915473527001944
1.7200538748318,-0.126328562423925,-0.776879788457457,0.903208350881353
1.7201622790642,-0.093227388285551,-0.796668330147594,0.889895718433111
1.72027068329661,-0.060018080001316,-0.815532993004723,0.875551073006029
1.72037908752901,-0.0267391619382282,-0.833451882583809,0.86019104452205
1.72048749176142,0.00657078050409378,-0.850404231118317,0.843833450614217
1.72059589599382,0.0398731069361637,-0.866370362903411,0.82649725596727
1.7206635092048,0.0606240360962139,-0.875821433586725,0.815197397490527
1.72073112241578,0.0813474427406933,-0.884877270755549,0.803529828014843
1.72079873562677,0.102034069063246,-0.893533834420376,0.791499765357147
1.72086634883775,0.122674583530401,-0.901787212423876,0.779112628893465
1.72095850808236,0.150716808185666,-0.91238065568389,0.761663847498206
1.72105066732696,0.178632780310455,-0.922209357820377,0.743576577509919
1.72111086722749,0.196789043645095,-0.928212926871906,0.731423883226822
1.72117106712802,0.214874827061326,-0.933884465463654,0.719009638402287
1.72123126702855,0.232883718540078,-0.939221970181987,0.706338251641904
1.72129146692907,0.250809263512968,-0.944223519816336,0.693414256303335
1.72136396719138,0.27227759819337,-0.949798514521181,0.677520916327815
1.72143646745369,0.293604686219371,-0.954880784425828,0.66127609820646
1.721508967716,0.314779476308536,-0.959467706657227,0.644688230348706
1.7215814679783,0.335790959025135,-0.963556887420339,0.627765928395164
1.72165396824061,0.356628252405171,-0.967146219203071,0.610517966797874
1.72172646850292,0.377280527007015,-0.970233827137926,0.592953300130914
1.72181463579232,0.402130600005084,-0.973310242362731,0.571179642357629
1.72190280308173,0.426672235971781,-0.975639968873504,0.548967732901716
1.72199097037113,0.450886583669834,-0.977221229502591,0.526334645832771
1.72207913766054,0.474755041144486,-0.978052798252109,0.50329775710759
1.72216730494994,0.498259299621728,-0.978134048335548,0.479874748713815
1.72225547223935,0.521381314596837,-0.977464905891375,0.45608359129451
1.72234363952875,0.544103355055505,-0.97604589517856,0.431942540123017
1.72243180681816,0.566407979661335,-0.973878094023886,0.407470114362556
1.72251997410756,0.588278085218599,-0.970963175909557,0.382685090690904
1.7226283783399,0.614547169846576,-0.96635854319064,0.351811373344029
1.72273678257223,0.640103719205253,-0.960633203481032,0.320529484275764
1.72284518680456,0.664918004253034,-0.953793806545675,0.288875802292611
1.72295359103689,0.688961235514255,-0.945848295268679,0.256887059754415
1.72306199526922,0.712205499674715,-0.936805879612232,0.224600379937488
1.72317039950155,0.734623850065973,-0.926677051703634,0.192053201637653
1.72327880373388,0.756190267362629,-0.915473551890401,0.159283284527748
1.72338720796621,0.776879753672008,-0.903208377713125,0.126328624041115
1.72349561219855,0.796668297023631,-0.889895747182403,0.0932274501587112
1.72360401643088,0.815532961584679,-0.875551103644705,0.0600181420600181
1.72371242066321,0.833451852908135,-0.860191077019928,0.0267392241117398
1.72382082489554,0.850404203225466,-0.843833484938804,-0.00657071828670242
1.72392922912787,0.866370336829839,-0.82649729208398,-0.0398730447458872
1.72399684240111,0.875821417192662,-0.815197424123877,-0.0606239930687781
1.72406445567436,0.884877263321751,-0.803529844477093,-0.0813474188446801
1.7241320689476,0.893533835216009,-0.791499770974715,-0.102034064241334
1.72419968222084,0.901787220707245,-0.77911262300765,-0.122674597699633
1.72429184148196,0.912380665386586,-0.761663838079225,-0.150716827307359
1.72438400074309,0.922209368662218,-0.743576564339802,-0.178632804322388
1.72444420061308,0.928212934297461,-0.731423875924896,-0.196789058372567
1.72450440048307,0.933884469807867,-0.719009637237787,-0.214874832570079
1.72456460035306,0.939221971783026,-0.70633825687734,-0.232883714905686
1.72462480022305,0.944223519015284,-0.693414268194437,-0.250809250820869
1.72469730048773,0.949798514161082,-0.677520927886509,-0.272277586274597
1.7247698007524,0.954880784475872,-0.661276109405513,-0.293604675070379
1.72484230101708,0.959467707086259,-0.64468824116156,-0.314779465924704
1.72491480128176,0.963556888196739,-0.627765938796119,-0.335790949400632
1.72498730154644,0.967146220295031,-0.610517976761973,-0.356628243533074
1.72505980181112,0.970233828513304,-0.59295330963395,-0.377280518879347
1.72514796910553,0.973310244104253,-0.571179650737994,-0.402130593366278
1.72523613639995,0.975639970896816,-0.548967740105752,-0.426672230791058
1.72532430369436,0.977221231722944,-0.526334651809631,-0.45088657991329
1.72541247098878,0.978052800584261,-0.503297761809357,-0.474755038774899
1.7255006382832,0.97813405069433,-0.479874752095588,-0.498259298598769
1.72558880557761,0.977464908191488,-0.456083593314442,-0.521381314877067
1.72567697287203,0.976045897334849,-0.431942540742376,-0.544103356592472
1.72576514016644,0.973878095951359,-0.407470113545774,-0.566407982405647
1.72585330746086,0.970963177523672,-0.382685088405634,-0.588278089118061
1.7259617116932,0.966358544597577,-0.351811370978379,-0.614547173619205
1.72607011592553,0.960633204681736,-0.320529481836352,-0.640103722845385
1.72617852015787,0.953793807541311,-0.288875799786045,-0.664918007755279
1.72628692439021,0.945848296060832,-0.256887057187559,-0.688961238873249
1.72639532862255,0.936805880202435,-0.22460037731718,-0.712205502885274
1.72650373285488,0.926677052093904,-0.19205319897077,-0.734623853123135
1.72661213708722,0.915473552082881,-0.15928328182131,-0.756190270261565
1.72672054131956,0.903208377710153,-0.126328621302097,-0.776879756408069
1.7268289455519,0.889895746986644,-0.0932274473942145,-0.796668299592413
1.72693734978423,0.875551103258977,-0.0600181392770528,-0.815532963981937
1.72704575401657,0.860191076447217,-0.0267392213174372,-0.833451855129804
1.72715415824891,0.843833484182505,0.0065707210851548,-0.850404205267697
1.72726256248125,0.826497291147531,0.0398730475413795,-0.866370338688909
1.72733017575367,0.815197423217607,0.0606239956048837,-0.875821418822478
1.72739778902609,0.803529843611312,0.0813474211194415,-0.884877264730761
1.7274654022985,0.791499770159741,0.102034066253116,-0.893533836412857
1.72753301557092,0.779112622253626,0.122674599447144,-0.901787221700781
1.72762517486315,0.761663831211113,0.150716838477008,-0.912380669688083
1.72771733415537,0.743576550934228,0.178632824816965,-0.922209375751181
1.72777753399933,0.731423867485309,0.196789070942679,-0.928212938427983
1.72783773384329,0.719009633994426,0.214874837270793,-0.933884471265214
1.72789793368724,0.70633825905467,0.232883711800553,-0.939221970855223
1.7279581335312,0.693414276010944,0.250809239981811,-0.944223515992794
1.7280306337957,0.677520935865152,0.272277575431324,-0.949798511296464
1.72810313406021,0.661276117544999,0.293604664227508,-0.954880781772491
1.72817563432471,0.644688249460495,0.31477945508687,-0.959467704547339
1.72824813458922,0.627765947253033,0.33579093857246,-0.963556885825465
1.72832063485372,0.610517985375248,0.35662823271932,-0.967146218094509
1.72839313511823,0.592953318401892,0.377280508084713,-0.970233826486601
1.7284813024398,0.571179652864822,0.402130590267036,-0.973310243131858
1.72856946976137,0.548967735321557,0.426672235197249,-0.97563997051882
1.72865763708294,0.526334639860487,0.450886591617322,-0.977221231477788
1.72874580440451,0.503297742457517,0.474755057552228,-0.978052800009755
1.72883397172608,0.479874725119817,0.498259324208158,-0.978134049327987
1.72892213904765,0.456083558510487,0.521381347060873,-0.977464905571328
1.72901030636922,0.431942497923201,0.544103395077109,-0.976045893000315
1.72909847369079,0.40747006254197,0.566408026901885,-0.973878089443818
1.72918664101236,0.382685029065639,0.588278139321538,-0.970963168387173
1.72929504524477,0.351811310758073,0.614547222438046,-0.966358533196097
1.72940344947719,0.320529420807924,0.640103770217857,-0.960633191025788
1.72951185370961,0.288875738022551,0.664918053621406,-0.95379379164394
1.72962025794202,0.256886994762883,0.688961283174796,-0.945848277937654
1.72972866217444,0.224600314306042,0.712205545565769,-0.936805859871805
1.72983706640686,0.192053135448679,0.734623894127972,-0.926677029576611
1.72994547063927,0.159283217864308,0.756190309538027,-0.915473527402316
1.73005387487169,0.126328556986853,0.776879793905451,-0.903208350892264
1.7301622791041,0.0932273827977814,0.796668335262034,-0.889895718059789
1.73027068333652,0.0600180744769957,0.815532997777168,-0.875551072254142
1.73037908756894,0.0267391563915328,0.833451887006137,-0.860191043397644
1.73048749180135,-0.00657078605894176,0.85040423518287,-0.84383344912394
1.73059589603377,-0.0398731124848848,0.866370366602932,-0.826497254118034
1.73066350924313,-0.0606240411354643,0.875821436832645,-0.815197395697159
1.7307311224525,-0.0813474472665107,0.884877273564411,-0.803529826297878
1.73079873566186,-0.102034073072292,0.893533836809135,-0.791499763736828
1.73086634887123,-0.122674587020058,0.901787214409843,-0.779112627389779
1.73095850817802,-0.150716830512706,0.912380664283389,-0.761663833770683
1.73105066748481,-0.178632821280561,0.922209371992894,-0.743576550712321
1.73111086733329,-0.196789068774258,0.928212935130435,-0.731423866356149
1.73117106718178,-0.214874836459672,0.933884468378386,-0.7190096319187
1.73123126703027,-0.232883712334637,0.939221968328709,-0.706338255994045
1.73129146687875,-0.250809241847496,0.9442235137757,-0.693414271928227
1.7313639671407,-0.272277576513985,0.949798508794739,-0.677520932280734
1.73143646740264,-0.293604664535327,0.954880779020428,-0.661276114485048
1.73150896766458,-0.314779454629179,0.959467701579624,-0.644688246950431
1.73158146792652,-0.335790937359833,0.963556882677144,-0.627765945317295
1.73165396818846,-0.356628230763479,0.967146214800783,-0.610517984037313
1.7317264684504,-0.377280505398521,0.970233823082884,-0.592953317684353
1.73181463579412,-0.402130593787678,0.973310240416863,-0.57117964662914
1.73190280313783,-0.426672244765462,0.975639968116989,-0.548967723351498
1.73199097048155,-0.450886607059598,0.977221229012531,-0.526334621952921
1.73207913782526,-0.474755078681232,0.978052797103721,-0.503297718422464
1.73216730516897,-0.498259350822932,0.978134045604032,-0.479874694781071
1.73225547251269,-0.521381378947235,0.977464900652855,-0.456083521705612
1.7323436398564,-0.544103432007864,0.976045886511786,-0.431942454503917
1.73243180720012,-0.566408068637308,0.973878081011598,-0.407470012374268
1.73251997454383,-0.588278185609557,0.970963157639846,-0.382684972030285
1.73262837877632,-0.614547267468895,0.966358520391705,-0.351811252922801
1.73273678300881,-0.640103813935466,0.960633176173732,-0.32052936223827
1.7328451872413,-0.664918095971295,0.953793774756108,-0.288875678784795
1.73295359147379,-0.688961324104014,0.945848259028208,-0.25688693492416
1.73306199570628,-0.712205585022989,0.936805838957299,-0.224600253934264
1.73317039993877,-0.734623932063625,0.926677006675923,-0.192053074612299
1.73327880417126,-0.756190345904252,0.915473502536671,-0.159283156632386
1.73338720840375,-0.776879828656072,0.90320832408519,-0.126328495429061
1.73349561263624,-0.79666836835283,0.889895689337007,-0.0932273209841672
1.73360401686873,-0.81553302916572,0.875551041643684,-0.0600180124779421
1.73371242110121,-0.833451916652106,0.860191010929796,-0.0267390942776738
1.7338208253337,-0.850404263047789,0.843833414831038,0.00657084821676243
1.73392922956619,-0.866370392650419,0.82649721803472,0.0398731746157413
1.73399684271335,-0.87582145320871,0.81519736908958,0.0606240841191351
1.7340644558605,-0.884877280987724,0.803529809853323,0.0813474711344258
1.73413206900766,-0.893533836009887,0.791499758128238,0.102034077881639
1.73419968215481,-0.901787206129157,0.779112633275338,0.122674572853825
1.73429184144511,-0.91238065458638,0.761663843183901,0.150716811402494
1.73438400073542,-0.922209361159307,0.743576563870822,0.178632797288507
1.73444420061442,-0.928212927710402,0.731423873651138,0.196789054059245
1.73450440049342,-0.933884464037195,0.719009633081184,0.214874830956034
1.73456460037242,-0.939221966728472,0.706338250761681,0.232883715966831
1.73462480025142,-0.944223514575691,0.693414260045497,0.250809254530225
1.73469730051099,-0.94979850915451,0.677520920728832,0.272277588425669
1.73476980077057,-0.95488077897072,0.661276103291175,0.293604675679525
1.73484230103015,-0.959467701151513,0.644688236141076,0.314779465010468
1.73491480128973,-0.963556881902104,0.627765934918033,0.335790946984046
1.73498730154931,-0.967146213710491,0.610517974073075,0.356628239637453
1.73505980180889,-0.970233821709469,0.592953308179189,0.377280513530276
1.7351479691476,-0.973310238677483,0.571179638243532,0.402130600433994
1.73523613648632,-0.975639966095872,0.54896771613897,0.426672249956911
1.73532430382503,-0.977221226794282,0.526334615964217,0.450886610830073
1.73541247116375,-0.978052794773205,0.503297713705375,0.474755081067843
1.73550063850247,-0.978134043246301,0.479874691380433,0.498259351865884
1.73558880584118,-0.977464898352968,0.456083519663162,0.521381378689839
1.7356769731799,-0.976045884354721,0.431942453858318,0.544103430496444
1.73576514051861,-0.973878079082177,0.407470013161104,0.566408065921088
1.73585330785733,-0.970963156022331,0.382684974281728,0.588278181740644
1.73596171208982,-0.966358518980035,0.351811255253767,0.614547263726266
1.7360701163223,-0.960633174966914,0.320529364642157,0.640103810324762
1.73617852055478,-0.953793773752875,0.288875681254943,0.664918092497972
1.73628692478727,-0.945848258227124,0.256886937453864,0.688961320773253
1.73639532901975,-0.936805838356648,0.224600256516651,0.712205581839987
1.73650373325224,-0.926677006273817,0.192053077240555,0.734623929033262
1.73661213748472,-0.91547350233088,0.159283159299593,0.756190343031293
1.7367205417172,-0.903208324073311,0.12632849812821,0.776879825945108
1.73682894594969,-0.889895689516508,0.0932273237082715,0.796668365808238
1.73693735018217,-0.875551042011653,0.060018015219939,0.815533026791709
1.73704575441466,-0.860191011483196,0.0267390970305022,0.833451914452706
1.73715415864714,-0.843833415566611,-0.00657084546014085,0.85040426102676
1.73726256287962,-0.826497218948891,-0.0398731718624923,0.86637039081139
1.73733017602757,-0.815197369978185,-0.0606240816154892,0.875821451593715
1.73739778917552,-0.803529810706412,-0.0813474688823313,0.884877279588738
1.73746540232347,-0.791499758935815,-0.102034075882809,0.893533834818615
1.73753301547141,-0.779112634027585,-0.122674571109586,0.901787205137202
1.73762517473065,-0.761663850043733,-0.150716800246275,0.912380650290008
1.73771733398988,-0.743576577261049,-0.178632776817384,0.922209354078432
1.73777753389488,-0.731423882081513,-0.196789041502915,0.928212923584441
1.73783773379988,-0.719009636321741,-0.21487482625952,0.933884462581236
1.73789793370489,-0.70633824858823,-0.232883719066618,0.939221967654859
1.73795813360989,-0.693414252239755,-0.250809265354517,0.944223517594248
1.73803063386965,-0.677520912758489,-0.272277599257923,0.949798512016377
1.73810313412942,-0.661276095157323,-0.293604686515097,0.954880781672385
1.73817563438918,-0.644688227844961,-0.314779475844705,0.959467703689638
1.73824813464895,-0.627765926461055,-0.335790957812164,0.963556884273187
1.73832063490871,-0.610517965456682,-0.356628250454735,0.967146215911425
1.73839313516847,-0.592953299405074,-0.377280524331863,0.970233823736927
1.73848130248007,-0.571179636103167,-0.402130603548116,0.973310239651273
1.73856946979166,-0.54896772090207,-0.426672245573363,0.975639966475409
1.73865763710325,-0.526334627884394,-0.450886599156126,0.977221227040509
1.73874580441484,-0.503297733020228,-0.474755062327795,0.978052795348022
1.73883397172643,-0.479874718310856,-0.498259326300796,0.978134044611635
1.73892213903802,-0.456083554413296,-0.521381346556986,0.977464900970278
1.73901030634961,-0.431942496614963,-0.54410339206917,0.976045888684119
1.7390984736612,-0.407470064093492,-0.566408021488288,0.973878085581771
1.73918664097279,-0.38268503354137,-0.5882781316063,0.970963165147675
1.73929504520519,-0.351811315392684,-0.614547214974609,0.966358530367298
1.7394034494376,-0.320529425588323,-0.640103763017411,0.960633188605726
1.73951185367,-0.288875742935408,-0.664918046694782,0.953793789630206
1.73962025790241,-0.256886999794806,-0.688961276532513,0.945848276327317
1.73972866213481,-0.224600319443406,-0.712205539218053,0.936805858661442
1.73983706636722,-0.19205314067778,-0.734623888084657,0.92667702876245
1.73994547059962,-0.159283223171351,-0.756190303808655,0.915473526980014
1.74005387483203,-0.126328562357962,-0.776879788499122,0.903208350857084
1.74016227906443,-0.0932273882189734,-0.796668330187556,0.889895718406489
1.74027068329684,-0.060018079934198,-0.815532993042891,0.875551072977053
1.74037908752924,-0.0267391618706242,-0.833451882620139,0.860191044490757
1.74048749176165,0.00657078057209265,-0.850404231152688,0.843833450580597
1.74059589599405,0.0398731070044517,-0.866370362935851,0.826497255931356
1.74066350920496,0.0606240361427961,-0.875821433608124,0.815197397465299
1.74073112241588,0.0813474427656252,-0.884877270766767,0.803529828001136
1.74079873562679,0.102034069066574,-0.893533834422223,0.791499765355616
1.7408663488377,0.122674583512214,-0.901787212417224,0.779112628904973
1.74095850808232,0.150716808172288,-0.912380655679278,0.761663847507005
1.74105066732695,0.178632780301826,-0.922209357817644,0.743576577515818
1.74111086722748,0.196789043639349,-0.928212926870234,0.731423883230862
1.74117106712802,0.214874827058438,-0.933884465462837,0.719009638404374
1.74123126702856,0.232883718540009,-0.939221970181965,0.706338251641927
1.7412914669291,0.250809263515725,-0.944223519816989,0.693414256301289
1.74136396719142,0.272277598201023,-0.949798514522939,0.677520916321911
1.74143646745375,0.293604686231891,-0.954880784428452,0.661276098196548
1.74150896771607,0.314779476325849,-0.959467706660477,0.644688230334618
1.74158146797839,0.335790959047108,-0.963556887423958,0.627765928376824
1.74165396824072,0.356628252431741,-0.967146219206853,0.610517966775098
1.74172646850304,0.3772805270381,-0.97023382714162,0.592953300103517
1.74181463579251,0.402130600053825,-0.973310242367336,0.571179642313496
1.74190280308198,0.426672236037677,-0.975639968877969,0.548967732840276
1.74199097037145,0.45088658375232,-0.977221229505846,0.526334645753525
1.74207913766092,0.47475504124298,-0.978052798252948,0.503297757009941
1.74216730495039,0.498259299735691,-0.97813404833296,0.479874748597267
1.74225547223986,0.521381314725575,-0.977464905884213,0.45608359115862
1.74234363952933,0.544103355198318,-0.976045895165747,0.431942539967413
1.7424318068188,0.566407979817504,-0.973878094004376,0.407470114186858
1.74251997410827,0.58827808538739,-0.970963175882204,0.382685090494811
1.7426283783406,0.614547170011085,-0.96635854315596,0.351811373144869
1.74273678257293,0.640103719365255,-0.960633203439054,0.320529484073759
1.74284518680526,0.664918004408421,-0.953793806496357,0.288875802087925
1.7429535910376,0.688961235664803,-0.945848295212119,0.256887059547333
1.74306199526993,0.712205499820145,-0.936805879548418,0.224600379728269
1.74317039950226,0.734623850206181,-0.926677051632674,0.192053201426514
1.74327880373459,0.756190267497373,-0.915473551812331,0.159283284314938
1.74338720796693,0.776879753801063,-0.903208377627994,0.126328623826924
1.74349561219926,0.796668297146928,-0.889895747090319,0.0932274499433762
1.74360401643159,0.815532961702016,-0.875551103545727,0.0600181418437287
1.74371242066392,0.833451853019349,-0.860191076914159,0.0267392238947578
1.74382082489625,0.850404203330411,-0.843833484826349,-0.00657071850409436
1.74392922912859,0.866370336928364,-0.826497291964924,-0.0398730449634469
1.74399684240162,0.875821417257835,-0.815197424037145,-0.0606239932207186
1.74406445567465,0.88487726335605,-0.803529844424964,-0.0813474189311073
1.74413206894768,0.893533835221941,-0.791499770959507,-0.102034064262443
1.74419968222071,0.901787220687334,-0.779112623031656,-0.12267459765569
1.74429184148182,0.912380665367206,-0.761663838105164,-0.150716827262078
1.74438400074294,0.922209368643487,-0.743576564367627,-0.178632804275846
1.74444420061299,0.928212934285347,-0.73142387594117,-0.196789058344207
1.74450440048304,0.933884469801729,-0.71900963724196,-0.214874832559749
1.74456460035309,0.939221971782162,-0.706338256868897,-0.232883714913269
1.74462480022314,0.944223519019011,-0.693414268172851,-0.250809250846188
1.74469730048783,0.949798514164677,-0.677520927863045,-0.272277586301647
1.74476980075251,0.954880784479221,-0.661276109380053,-0.293604675099179
1.7448423010172,0.959467707089231,-0.644688241134094,-0.31477946595513
1.74491480128188,0.963556888199291,-0.627765938766599,-0.335790949432665
1.74498730154657,0.967146220297062,-0.610517976730368,-0.356628243566681
1.74505980181125,0.970233828514688,-0.592953309600255,-0.377280518914432
1.7451479691057,0.973310244105658,-0.571179650694186,-0.402130593411525
1.74523613640016,0.975639970897613,-0.548967740051465,-0.426672230846157
1.74532430369461,0.977221231722457,-0.526334651744601,-0.450886579977876
1.74541247098906,0.97805280058191,-0.503297761733301,-0.474755038848623
1.74550063828352,0.978134050689473,-0.47987475200815,-0.49825929868132
1.74558880557797,0.977464908183405,-0.456083593215429,-0.521381314968004
1.74567697287242,0.976045897322899,-0.431942540631521,-0.544103356691429
1.74576514016688,0.973878095935038,-0.407470113422911,-0.566407982512132
1.74585330746133,0.970963177502241,-0.382685088270607,-0.58827808923163
1.74596171169367,0.966358544571278,-0.351811370841938,-0.614547173729318
1.746070115926,0.960633204650697,-0.320529481698729,-0.640103722951985
1.74617852015834,0.953793807505586,-0.288875799647354,-0.664918007858214
1.74628692439068,0.945848296020426,-0.25688705704797,-0.688961238972474
1.74639532862301,0.936805880157462,-0.224600377176849,-0.712205502980636
1.74650373285535,0.926677052044454,-0.192053198829896,-0.734623853214577
1.74661213708768,0.915473552028995,-0.159283281680042,-0.756190270348983
1.74672054132002,0.903208377651974,-0.126328621160598,-0.776879756491414
1.74682894555236,0.889895746924231,-0.0932274472526421,-0.796668299671591
1.74693734978469,0.875551103192455,-0.0600181391356051,-0.815532964056889
1.74704575401703,0.860191076376707,-0.0267392211762635,-0.833451855200466
1.74715415824936,0.843833484108078,0.00657072122591304,-0.850404205334002
1.7472625624817,0.826497291069318,0.0398730476815112,-0.866370338750832
1.74733017575398,0.815197423160099,0.060623995702937,-0.875821418863059
1.74739778902626,0.803529843576101,0.0813474211754113,-0.884877264751525
1.74746540229855,0.791499770148265,0.102034066267187,-0.893533836415449
1.74753301557083,0.779112622267387,0.122674599419439,-0.901787221686813
1.74762517486303,0.761663831230428,0.150716838441635,-0.912380669672071
1.74771733415523,0.743576550959426,0.178632824774121,-0.92220937573357
1.74777753399924,0.731423867499527,0.19678907091709,-0.928212938416647
1.74783773384325,0.71900963399724,0.21487483726231,-0.933884471259561
1.74789793368727,0.706338259045542,0.232883711809086,-0.939221970854613
1.74795813353128,0.693414275989412,0.250809240007171,-0.944223515996599
1.7480306337958,0.67752093584127,0.272277575459167,-0.949798511300431
1.74810313406031,0.66127611751859,0.293604664257821,-0.954880781776407
1.74817563432482,0.644688249431571,0.314779455119527,-0.959467704551094
1.74824813458934,0.627765947221527,0.335790938607453,-0.963556885828984
1.74832063485385,0.610517985341102,0.356628232756558,-0.967146218097665
1.74839313511836,0.592953318365029,0.377280508124161,-0.970233826489173
1.74848130243994,0.571179652824977,0.402130590308593,-0.973310243133583
1.74856946976152,0.54896773527872,0.426672235240775,-0.975639970519474
1.7486576370831,0.526334639814624,0.450886591662722,-0.977221231477333
1.74874580440468,0.503297742408501,0.474755057599442,-0.978052800007893
1.74883397172626,0.479874725067646,0.498259324257042,-0.978134049324666
1.74892213904784,0.456083558455098,0.521381347111301,-0.977464905566406
1.74901030636942,0.431942497864595,0.544103395128967,-0.976045892993542
1.749098473691,0.407470062480075,0.566408026955067,-0.973878089435143
1.74918664101258,0.38268502900042,0.588278139375942,-0.970963168376346
1.74929504524499,0.351811310691998,0.614547222491054,-0.966358533183014
1.74940344947741,0.320529420741073,0.640103770269417,-0.960633191010473
1.74951185370982,0.28887573795498,0.664918053671498,-0.953793791626429
1.74962025794224,0.256886994694655,0.688961283223303,-0.945848277917932
1.74972866217466,0.224600314237249,0.712205545612634,-0.936805859849882
1.74983706640707,0.192053135379369,0.73462389417318,-0.926677029552585
1.74994547063949,0.159283217794543,0.756190309581576,-0.915473527376108
1.75005387487191,0.126328556916794,0.776879793947149,-0.903208350863961
1.75016227910432,0.0932273827274689,0.796668335301922,-0.88989571802937
1.75027068333674,0.0600180744064988,0.815532997815176,-0.875551072221647
1.75037908756915,0.0267391563209401,0.833451887042252,-0.860191043363215
1.75048749180157,-0.00657078612956393,0.850404235217049,-0.843833449087472
1.75059589603399,-0.0398731125555068,0.866370366635115,-0.826497254079612
1.75066350924328,-0.0606240411829682,0.875821436853257,-0.81519739567029
1.75073112245257,-0.0813474472909693,0.884877273574435,-0.803529826283417
1.75079873566186,-0.102034073073734,0.89353383680932,-0.791499763735556
1.75086634887114,-0.122674586998636,0.901787214401148,-0.779112627402493
1.7509585081779,-0.150716830480278,0.912380664271348,-0.761663833791072
1.75105066748465,-0.178632821237315,0.922209371978092,-0.743576550740752
1.75111086733319,-0.196789068747772,0.928212935121786,-0.731423866374022
1.75117106718173,-0.214874836449859,0.933884468375419,-0.719009631925522
1.75123126703028,-0.232883712341342,0.939221968330659,-0.706338255989301
1.75129146687882,-0.250809241870564,0.944223513782089,-0.693414271911497
1.75136396714073,-0.272277576528647,0.949798508798597,-0.677520932269927
1.75143646740265,-0.293604664541689,0.954880779022121,-0.661276114480416
1.75150896766456,-0.314779454627347,0.959467701579634,-0.644688246952258
1.75158146792647,-0.335790937349945,0.963556882675771,-0.627765945325813
1.75165396818838,-0.356628230745666,0.967146214798489,-0.610517984052781
1.7517264684503,-0.377280505373004,0.970233823079974,-0.592953317706964
1.75181463579397,-0.4021305937497,0.97331024041342,-0.571179646663699
1.75190280313764,-0.426672244715282,0.975639968113803,-0.548967723398497
1.7519909704813,-0.450886606997642,0.977221229010342,-0.52633462201272
1.75207913782497,-0.474755078607916,0.978052797103416,-0.503297718495449
1.75216730516864,-0.498259350738702,0.978134045606307,-0.479874694867591
1.75225547251231,-0.521381378852519,0.977464900658492,-0.456083521805965
1.75234363985598,-0.544103431903219,0.976045886521611,-0.431942454618355
1.75243180719965,-0.56640806852322,0.97387808102636,-0.407470012503127
1.75251997454332,-0.588278185486546,0.97096315766032,-0.382684972173749
1.7526283787758,-0.614547267348853,0.966358520417587,-0.351811253068713
1.75273678300829,-0.640103813818579,0.960633176205054,-0.320529362386446
1.75284518724078,-0.664918095857692,0.953793774792821,-0.288875678935094
1.75295359147327,-0.68896132399391,0.945848259070321,-0.256886935076414
1.75306199570575,-0.712205584916522,0.936805839004801,-0.224600254088238
1.75317039993824,-0.73462393196093,0.926677006728791,-0.192053074767845
1.75327880417073,-0.756190345805453,0.915473502594841,-0.159283156789359
1.75338720840322,-0.776879828561325,0.90320832414862,-0.126328495587268
1.75349561263571,-0.796668368262298,0.889895689405686,-0.0932273211433998
1.75360401686819,-0.815533029079498,0.875551041717539,-0.0600180126380169
1.75371242110068,-0.833451916570381,0.860191011008777,-0.0267390944383917
1.75382082533317,-0.850404262970644,0.8438334149151,0.00657084805556236
1.75392922956566,-0.866370392577971,0.826497218123737,0.0398731744542853
1.75399684271297,-0.875821453161378,0.815197369154119,0.0606240840072689
1.75406445586029,-0.884877280963689,0.803529809891703,0.0813474710720178
1.75413206900761,-0.893533836007241,0.791499758138693,0.10203407786857
1.75419968215492,-0.901787206146016,0.779112633256151,0.122674572889874
1.75429184144523,-0.912380654602923,0.76166384316299,0.150716811439937
1.75438400073554,-0.922209361175373,0.743576563848093,0.178632797327292
1.75444420061449,-0.928212927721041,0.731423873637942,0.19678905408311
1.75450440049344,-0.933884464043002,0.71900963307786,0.214874830965136
1.75456460037239,-0.939221966729913,0.706338250768699,0.232883715961241
1.75462480025134,-0.944223514573361,0.693414260063289,0.25080925451008
1.75469730051091,-0.949798509151942,0.677520920749189,0.27227758840276
1.75476980077048,-0.95488077896809,0.66127610331423,0.293604675653869
1.75484230103004,-0.959467701148962,0.64468823616683,0.314779464982145
1.75491480128961,-0.963556881899728,0.627765934946647,0.335790946953092
1.75498730154918,-0.967146213708559,0.610517974104601,0.356628239603937
1.75505980180875,-0.970233821707946,0.592953308213706,0.377280513494264
1.75514796914742,-0.973310238675863,0.571179638289274,0.402130600386594
1.7552361364861,-0.975639966094806,0.548967716196372,0.426672249898458
1.75532430382477,-0.977221226794493,0.526334616033557,0.450886610760954
1.75541247116345,-0.978052794775449,0.503297713787038,0.474755080988428
1.75550063850212,-0.97813404325126,0.479874691474681,0.498259351776602
1.75558880584079,-0.977464898361408,0.456083519770313,0.521381378591111
1.75567697317947,-0.976045884367361,0.431942453978637,0.544103430388731
1.75576514051814,-0.973878079099636,0.407470013294768,0.566408065804893
1.75585330785681,-0.970963156045458,0.382684974428982,0.588278181616475
1.7559617120893,-0.966358519008435,0.351811255402829,0.614547263605611
1.75607011632178,-0.960633175000601,0.320529364792903,0.640103810207682
1.75617852055427,-0.953793773791802,0.288875681407193,0.664918092384596
1.75628692478675,-0.94584825827121,0.256886937607427,0.688961320663788
1.75639532901924,-0.936805838405829,0.224600256671317,0.71220558173452
1.75650373325172,-0.92667700632806,0.192053077396163,0.734623928931894
1.75661213748421,-0.915473502390099,0.159283159455959,0.756190342934119
1.75672054171669,-0.90320832413746,0.126328498285204,0.776879825852246
1.75682894594918,-0.889895689585443,0.0932273238656333,0.796668365719815
1.75693735018166,-0.875551042085354,0.0600180153775365,0.81553302670781
1.75704575441415,-0.860191011561518,0.026739097188183,0.83345191437338
1.75715415864663,-0.843833415649482,-0.00657084530264028,0.850404260952097
1.75726256287912,-0.826497219036223,-0.0398731717052901,0.866370390741496
1.75733017602722,-0.81519737004198,-0.0606240815060461,0.875821451548041
1.75739778917532,-0.803529810744831,-0.0813474688206113,0.88487727956544
1.75746540232342,-0.791499758947285,-0.102034075868608,0.893533834815901
1.75753301547153,-0.77911263401048,-0.122674571142729,0.90178720515321
1.75762517473078,-0.761663850021205,-0.150716800286545,0.912380650307741
1.75771733399004,-0.743576577232873,-0.178632776864626,0.922209354097485
1.75777753389498,-0.731423882065025,-0.196789041531687,0.928212923596701
1.75783773379992,-0.71900963631748,-0.214874826269916,0.933884462587405
1.75789793370486,-0.706338248596751,-0.232883719058787,0.939221967655556
1.7579581336098,-0.693414252261572,-0.250809265328652,0.944223517590196
1.75803063386958,-0.67752091277773,-0.272277599236166,0.949798512013862
1.75810313412936,-0.661276095173913,-0.293604686497356,0.954880781671242
1.75817563438914,-0.644688227858709,-0.314779475830949,0.959467703689656
1.75824813464892,-0.627765926471861,-0.335790957802401,0.963556884274245
1.75832063490869,-0.610517965464426,-0.356628250448829,0.96714621591329
1.75839313516847,-0.592953299409622,-0.377280524329809,0.970233823739424
1.75848130248007,-0.571179636106812,-0.402130603547114,0.973310239653907
1.75856946979166,-0.548967720904723,-0.426672245573405,0.975639966478141
1.75865763710325,-0.526334627886009,-0.450886599157233,0.977221227043241
1.75874580441485,-0.503297733020807,-0.474755062329906,0.978052795350689
1.75883397172644,-0.47987471831036,-0.498259326303851,0.978134044614219
1.75892213903804,-0.456083554411697,-0.521381346560965,0.977464900972682
1.75901030634963,-0.43194249661225,-0.544103392074023,0.976045888686274
1.75909847366122,-0.407470064089658,-0.566408021493977,0.973878085583634
1.75918664097282,-0.382685033536385,-0.588278131612763,0.970963165149123
1.75929504520522,-0.351811315387847,-0.614547214980654,0.966358530368479
1.75940344943763,-0.320529425583608,-0.640103763023049,0.960633188606634
1.75951185367003,-0.288875742930885,-0.664918046700034,0.95379378963091
1.75962025790244,-0.256886999790463,-0.68896127653733,0.945848276327764
1.75972866213484,-0.224600319439292,-0.712205539222457,0.936805858661729
1.75983706636724,-0.192053140673878,-0.734623888088695,0.92667702876254
1.75994547059965,-0.159283223167704,-0.756190303812303,0.91547352697998
1.76005387483205,-0.126328562354541,-0.77687978850237,0.903208350856886
1.76016227906446,-0.0932273882157726,-0.796668330190437,0.889895718406206
1.76027068329686,-0.0600180799312329,-0.815532993045455,0.875551072976631
1.76037908752926,-0.0267391618679687,-0.833451882622343,0.860191044490298
1.76048749176167,0.00657078057446759,-0.850404231154579,0.843833450580107
1.76059589599407,0.0398731070065713,-0.866370362937448,0.826497255930824
1.76066350920498,0.0606240361443673,-0.87582143360937,0.815197397464955
1.76073112241589,0.0813474427666579,-0.884877270767661,0.803529828000975
1.7607987356268,0.10203406906705,-0.893533834422819,0.791499765355732
1.76086634883771,0.122674583512183,-0.901787212417486,0.779112628905282
1.76095850808239,0.150716808187179,-0.912380655684917,0.761663847497757
1.76105066732706,0.1786327803315,-0.922209357827851,0.743576577496331
1.76111086722756,0.196789043657864,-0.92821292687625,0.731423883218338
1.76117106712806,0.214874827065873,-0.933884465465036,0.719009638399181
1.76123126702856,0.232883718536467,-0.939221970180842,0.706338251644367
1.76129146692906,0.250809263501317,-0.944223519812942,0.693414256311635
1.76136396719138,0.2722775981848,-0.949798514518681,0.677520916333853
1.7614364674537,0.293604686213879,-0.954880784424023,0.661276098210146
1.76150896771601,0.314779476306067,-0.959467706656005,0.644688230349911
1.76158146797833,0.335790959025648,-0.963556887419521,0.627765928393847
1.76165396824065,0.356628252408594,-0.967146219202525,0.610517966793937
1.76172646850297,0.377280527013298,-0.970233827137537,0.592953300124206
1.76181463579245,0.402130600033037,-0.973310242364317,0.571179642331263
1.76190280308193,0.426672236020807,-0.975639968875762,0.548967732854909
1.76199097037142,0.450886583739339,-0.977221229504178,0.526334645764849
1.7620791376609,0.474755041233781,-0.978052798251659,0.503297757017852
1.76216730495038,0.498259299730134,-0.97813404833176,0.479874748601638
1.76225547223987,0.521381314723535,-0.977464905882948,0.456083591159398
1.76234363952935,0.544103355199707,-0.976045895164145,0.431942539964407
1.76243180681883,0.56640797982219,-0.973878094002158,0.40747011417999
1.76251997410832,0.588278085395229,-0.970963175879252,0.382685090484018
1.76262837834065,0.614547170018193,-0.966358543152576,0.351811373134358
1.76273678257298,0.640103719371616,-0.960633203435294,0.32052948406364
1.76284518680531,0.664918004414079,-0.953793806492245,0.288875802078176
1.76295359103764,0.688961235669744,-0.945848295207765,0.256887059537998
1.76306199526997,0.71220549982442,-0.936805879543789,0.224600379719363
1.7631703995023,0.734623850209811,-0.92667705162786,0.192053201418071
1.76327880373463,0.756190267500321,-0.915473551807343,0.159283284306983
1.76338720796696,0.776879753803427,-0.90320837762288,0.126328623819425
1.76349561219929,0.796668297148715,-0.889895747085086,0.0932274499363566
1.76360401643162,0.815532961703215,-0.875551103540451,0.0600181418372333
1.76371242066395,0.833451853020006,-0.860191076908862,0.0267392238888116
1.76382082489628,0.850404203330548,-0.843833484821034,-0.00657071850950283
1.76392922912861,0.866370336927955,-0.826497291959673,-0.0398730449682966
1.76399684240164,0.875821417256499,-0.815197424032745,-0.0606239932237733
1.76406445567466,0.884877263353854,-0.803529844421493,-0.081347418932373
1.76413206894768,0.893533835218923,-0.791499770956963,-0.102034064261967
1.76419968222071,0.901787220683615,-0.779112623030185,-0.122674597653424
1.76429184148184,0.912380665364941,-0.761663838101119,-0.150716827263855
1.76438400074297,0.922209368642475,-0.743576564360853,-0.178632804281642
1.76444420061301,0.928212934283498,-0.731423875935636,-0.196789058347835
1.76450440048306,0.933884469799079,-0.719009637237846,-0.214874832561214
1.7645646003531,0.939221971778853,-0.706338256866228,-0.232883714912634
1.76462480022314,0.944223519015091,-0.693414268171672,-0.250809250843441
1.76469730048782,0.949798514160014,-0.677520927864146,-0.272277586295875
1.76476980075249,0.954880784473946,-0.661276109383493,-0.293604675090444
1.76484230101717,0.959467707083505,-0.644688241140031,-0.314779465943487
1.76491480128184,0.96355688819322,-0.627765938775086,-0.335790949418137
1.76498730154651,0.967146220290806,-0.610517976741482,-0.35662824354931
1.76505980181119,0.970233828508386,-0.592953309614088,-0.377280518894311
1.76514796910566,0.973310244100346,-0.571179650704774,-0.402130593395594
1.76523613640012,0.97563997089303,-0.548967740058659,-0.426672230834345
1.76532430369459,0.977221231718322,-0.526334651748275,-0.450886579970088
1.76541247098906,0.97805280057801,-0.50329776173329,-0.474755038844716
1.76550063828353,0.978134050685559,-0.479874752004388,-0.498259298681185
1.765588805578,0.977464908179291,-0.45608359320773,-0.521381314971541
1.76567697287246,0.976045897318314,-0.431942540619818,-0.544103356698457
1.76576514016693,0.973878095929658,-0.407470113407103,-0.566407982522543
1.7658533074614,0.970963177495882,-0.382685088250641,-0.588278089245267
1.76596171169373,0.96635854456423,-0.35181137082173,-0.614547173742534
1.76607011592607,0.960633204642951,-0.320529481678231,-0.640103722964757
1.76617852015841,0.953793807497147,-0.288875799626665,-0.664918007870523
1.76628692439074,0.945848296011354,-0.256887057027059,-0.688961238984277
1.76639532862308,0.936805880147731,-0.224600377155789,-0.712205502991935
1.76650373285541,0.926677052034075,-0.192053198808712,-0.734623853225344
1.76661213708775,0.91547355201797,-0.159283281658692,-0.756190270359245
1.76672054132009,0.903208377640285,-0.126328621139178,-0.776879756501125
1.76682894555242,0.889895746911866,-0.0932274472311507,-0.796668299680742
1.76693734978476,0.875551103179523,-0.0600181391140292,-0.81553296406547
1.76704575401709,0.860191076363118,-0.026739221154689,-0.83345185520843
1.76715415824943,0.843833484093897,0.00657072124747863,-0.850404205341364
1.76726256248177,0.826497291054502,0.0398730477031174,-0.866370338757603
1.76733017575402,0.81519742315028,0.0606239957148051,-0.875821418865083
1.76739778902627,0.80352984357165,0.0813474211776104,-0.884877264749283
1.76746540229852,0.791499770149474,0.102034066259752,-0.893533836409263
1.76753301557077,0.77911262227462,0.122674599402406,-0.901787221676989
1.76762517486294,0.761663831243661,0.150716838415852,-0.912380669659533
1.76771733415511,0.743576550979117,0.178632824739652,-0.922209375718763
1.76777753399916,0.731423867511234,0.196789070895339,-0.92821293840658
1.76783773384322,0.719009634000488,0.214874837253214,-0.933884471253711
1.76789793368728,0.706338259040047,0.232883711812504,-0.939221970852552
1.76795813353133,0.693414275974873,0.250809240023004,-0.944223515997872
1.76803063379583,0.677520935830062,0.272277575470086,-0.949798511300104
1.76810313406033,0.661276117510959,0.293604664263841,-0.954880781774807
1.76817563432482,0.64468824942769,0.31477945512072,-0.959467704548381
1.76824813458932,0.627765947221516,0.335790938603912,-0.963556885825377
1.76832063485382,0.610517985345062,0.356628232748371,-0.967146218093452
1.76839313511831,0.592953318373168,0.377280508111385,-0.970233826484551
1.76848130243986,0.571179652840287,0.402130590288241,-0.973310243128512
1.76856946976142,0.548967735301401,0.426672235213071,-0.975639970514465
1.76865763708297,0.526334639844914,0.450886591627917,-0.977221231472857
1.76874580440452,0.503297742446665,0.474755057557749,-0.97805280000439
1.76883397172607,0.479874725113839,0.498259324208768,-0.978134049322565
1.76892213904762,0.456083558509537,0.521381347056686,-0.977464905566231
1.76901030636917,0.431942497927488,0.544103395068283,-0.976045892995788
1.76909847369073,0.407470062551561,0.566408026888644,-0.973878089440211
1.76918664101228,0.38268502908062,0.588278139304117,-0.970963168384711
1.7692950452447,0.351811310773008,0.614547222421442,-0.966358533194429
1.76940344947711,0.320529420822751,0.640103770202104,-0.960633191024844
1.76951185370953,0.288875738037262,0.664918053606504,-0.953793791643703
1.76962025794195,0.256886994777403,0.68896128316076,-0.945848277938109
1.76972866217437,0.224600314320348,0.712205545552544,-0.936805859872871
1.76983706640678,0.192053135462739,0.73462389411559,-0.926677029578289
1.7699454706392,0.159283217878064,0.756190309526501,-0.915473527404576
1.77005387487162,0.126328557000336,0.776879793894746,-0.903208350895053
1.77016227910404,0.0932273828109369,0.796668335252123,-0.889895718063058
1.77027068333645,0.0600180744898187,0.815532997768057,-0.875551072257828
1.77037908756887,0.0267391564039703,0.833451886997844,-0.860191043401804
1.77048749180129,-0.00657078604687713,0.850404235175384,-0.843833449128512
1.77059589603371,-0.0398731124732962,0.866370366596261,-0.826497254122921
1.77066350924308,-0.0606240411251467,0.875821436826865,-0.815197395701694
1.77073112245244,-0.0813474472574708,0.884877273559518,-0.803529826302058
1.77079873566181,-0.102034073064518,0.893533836805082,-0.791499763740542
1.77086634887118,-0.122674587013565,0.901787214406585,-0.779112627393008
1.7709585081779,-0.15071683048606,0.912380664273162,-0.76166383378707
1.77105066748463,-0.178632821234028,0.922209371976747,-0.7435765507427
1.77111086733317,-0.196789068745877,0.928212935121101,-0.731423866375169
1.77117106718172,-0.21487483644938,0.933884468375207,-0.719009631925763
1.77123126703027,-0.23288371234226,0.939221968330926,-0.706338255988659
1.77129146687881,-0.250809241872854,0.944223513782816,-0.693414271909872
1.77136396714073,-0.272277576530639,0.949798508799254,-0.677520932268575
1.77143646740264,-0.293604664543377,0.954880779022785,-0.661276114479372
1.77150896766455,-0.314779454628769,0.959467701580242,-0.644688246951451
1.77158146792646,-0.335790937351113,0.963556882676431,-0.627765945325272
1.77165396818837,-0.356628230746547,0.967146214799109,-0.61051798405255
1.77172646845029,-0.377280505373599,0.970233823080671,-0.592953317707067
1.77181463579391,-0.402130593738622,0.973310240412912,-0.571179646674275
1.77190280313754,-0.426672244692843,0.975639968112833,-0.548967723419946
1.77199097048117,-0.450886606964187,0.977221229009621,-0.526334622045419
1.77207913782479,-0.47475507856381,0.978052797103623,-0.503297718539774
1.77216730516842,-0.498259350684332,0.978134045608157,-0.479874694923796
1.77225547251205,-0.521381378788307,0.977464900662736,-0.456083521874416
1.77234363985567,-0.544103431829495,0.976045886528932,-0.431942454699381
1.7724318071993,-0.566408068440492,0.973878081037455,-0.407470012596945
1.77251997454293,-0.588278185395304,0.970963157675887,-0.382684972280555
1.77262837877542,-0.614547267261064,0.966358520436999,-0.351811253175913
1.77273678300791,-0.640103813734213,0.960633176228193,-0.320529362493952
1.7728451872404,-0.664918095776859,0.953793774819579,-0.288875679042694
1.77295359147289,-0.688961323916587,0.945848259100634,-0.256886935184012
1.77306199570539,-0.712205584842817,0.936805839038467,-0.224600254195629
1.77317039993788,-0.734623931890829,0.926677006765792,-0.192053074874926
1.77327880417037,-0.756190345738993,0.91547350263501,-0.159283156896019
1.77338720840286,-0.776879828498527,0.903208324191847,-0.126328495693302
1.77349561263535,-0.796668368203186,0.889895689451928,-0.0932273212487184
1.77360401686785,-0.815533029024103,0.87555104176655,-0.0600180127424542
1.77371242110034,-0.833451916518605,0.86019101106053,-0.0267390945418858
1.77382082533283,-0.85040426292258,0.843833414969409,0.00657084795320883
1.77392922956532,-0.86637039253359,0.82649721818045,0.0398731743531604
1.77399684271273,-0.875821453132149,0.815197369196373,0.0606240839357907
1.77406445586014,-0.884877280948485,0.803529809918342,0.0813474710301652
1.77413206900756,-0.893533836004941,0.791499758148756,0.102034077856227
1.77419968215497,-0.901787206155433,0.779112633248555,0.122674572906916
1.77429184144525,-0.912380654608819,0.761663843160527,0.150716811448274
1.77438400073553,-0.92220936117818,0.743576563851234,0.178632797326986
1.77444420061448,-0.928212927723839,0.731423873641232,0.196789054082628
1.77450440049343,-0.933884464045775,0.719009633081336,0.214874830964459
1.77456460037238,-0.939221966732721,0.706338250772364,0.232883715960381
1.77462480025133,-0.944223514576212,0.693414260067166,0.250809254509047
1.7746973005109,-0.94979850915542,0.677520920751486,0.272277588403894
1.77476980077048,-0.954880778972041,0.6612761033149,0.293604675657128
1.77484230103005,-0.95946770115335,0.644688236165843,0.314779464987513
1.77491480128963,-0.963556881904396,0.627765934943885,0.335790946960528
1.77498730154921,-0.967146213713436,0.610517974100034,0.356628239613417
1.77505980180878,-0.970233821712987,0.592953308207243,0.377280513505755
1.77514796914743,-0.973310238679985,0.571179638287789,0.40213060039222
1.77523613648609,-0.97563996609839,0.548967716200055,0.426672249898362
1.77532430382474,-0.977221226797911,0.526334616042613,0.450886610755271
1.77541247116339,-0.978052794779018,0.503297713801671,0.474755080977337
1.77550063850205,-0.978134043255327,0.479874691495057,0.498259351760269
1.7755888058407,-0.977464898366306,0.456083519796568,0.521381378569746
1.77567697317935,-0.976045884373476,0.431942454010952,0.544103430362534
1.77576514051801,-0.973878079107334,0.407470013333256,0.566408065774079
1.77585330785666,-0.97096315605501,0.382684974473756,0.588278181581271
1.77596171208914,-0.966358519019628,0.351811255448328,0.614547263571298
1.77607011632163,-0.960633175013406,0.320529364839005,0.640103810174389
1.77617852055411,-0.953793773806214,0.28887568145388,0.664918092352319
1.7762869247866,-0.945848258287207,0.256886937654614,0.688961320632621
1.77639532901908,-0.936805838423447,0.224600256718987,0.712205581704417
1.77650373325157,-0.926677006347187,0.192053077444237,0.73462392890296
1.77661213748405,-0.915473502410839,0.159283159504444,0.756190342906393
1.77672054171654,-0.903208324159735,0.12632849833398,0.776879825825782
1.77682894594902,-0.889895689609231,0.0932273239146788,0.796668365694582
1.77693735018151,-0.875551042110666,0.0600180154267595,0.815533026683887
1.77704575441399,-0.860191011588318,0.0267390972375068,0.833451914350811
1.77715415864648,-0.843833415677725,-0.00657084525323572,0.85040426093096
1.77726256287896,-0.826497219065871,-0.0398731716558875,0.866370390721756
1.77733017602711,-0.815197370065223,-0.0606240814698807,0.8758214515351
1.77739778917525,-0.803529810761131,-0.0813474687976947,0.884877279558821
1.7774654023234,-0.791499758956158,-0.102034075858946,0.893533834815106
1.77753301547154,-0.779112634011487,-0.122674571146195,0.901787205157694
1.77762517473079,-0.761663850024644,-0.15071680028601,0.912380650310678
1.77771733399003,-0.743576577238894,-0.178632776860183,0.922209354099039
1.77777753389498,-0.731423882069093,-0.196789041530142,0.928212923599266
1.77783773379993,-0.719009636319574,-0.21487482627126,0.933884462590854
1.77789793370488,-0.70633824859677,-0.232883719063029,0.93922196765977
1.77795813360983,-0.693414252259447,-0.250809265335675,0.944223517595134
1.77803063386957,-0.677520912784084,-0.272277599231671,0.949798512015753
1.77810313412931,-0.661276095189095,-0.293604686481533,0.954880781670605
1.77817563438905,-0.644688227883091,-0.314779475803974,0.95946770368703
1.77824813464879,-0.627765926505798,-0.335790957764429,0.963556884270202
1.77832063490853,-0.610517965508254,-0.356628250400075,0.967146215908298
1.77839313516827,-0.59295329946359,-0.377280524270494,0.970233823734109
1.77848130247984,-0.571179636167694,-0.402130603481944,0.973310239649613
1.77856946979141,-0.548967720972666,-0.426672245502617,0.975639966475259
1.77865763710298,-0.526334627961184,-0.450886599081031,0.977221227042216
1.77874580441455,-0.503297733103375,-0.474755062248514,0.978052795351894
1.77883397172612,-0.479874718400474,-0.498259326217556,0.978134044618014
1.77892213903769,-0.456083554509443,-0.521381346470059,0.977464900979489
1.77901030634926,-0.431942496717729,-0.544103391978784,0.976045888696509
1.77909847366083,-0.407470064203035,-0.56640802139465,0.973878085597657
1.7791866409724,-0.382685033657687,-0.588278131509697,0.970963165167364
1.77929504520481,-0.351811315510781,-0.614547214880254,0.966358530391034
1.77940344943721,-0.320529425708066,-0.640103762925404,0.960633188633493
1.77951185366962,-0.288875743056682,-0.6649180466053,0.953793789661985
1.77962025790202,-0.25688699991744,-0.68896127644561,0.945848276363083
1.77972866213442,-0.224600319567339,-0.712205539133878,0.936805858701224
1.77983706636683,-0.192053140802885,-0.734623888003289,0.926677028806172
1.77994547059923,-0.159283223297448,-0.756190303730216,0.915473527027666
1.78005387483164,-0.126328562484914,-0.776879788423711,0.903208350908625
1.78016227906404,-0.0932273883466261,-0.796668330115297,0.889895718461905
1.78027068329644,-0.0600180800624693,-0.815532992973854,0.875551073036309
1.78037908752885,-0.0267391619993774,-0.833451882554403,0.860191044553786
1.78048749176125,0.00657078044302956,-0.850404231090447,0.843833450647359
1.78059589599366,0.0398731068751923,-0.866370362877073,0.826497256001825
1.7806635092047,0.0606240360547013,-0.875821433569951,0.815197397515224
1.78073112241575,0.0813474427186113,-0.884877270747644,0.803529828029014
1.78079873562679,0.102034069060486,-0.893533834420571,0.791499765360081
1.78086634883784,0.122674583546904,-0.901787212431466,0.779112628884545
1.78095850808256,0.150716808236817,-0.912380655703347,0.761663847466537
1.78105066732728,0.178632780395869,-0.922209357849891,0.743576577453966
1.7811108672277,0.196789043696743,-0.928212926888896,0.731423883192117
1.78117106712812,0.214874827079485,-0.933884465469297,0.719009638389789
1.78123126702853,0.23288371852499,-0.939221970177559,0.706338251652532
1.78129146692895,0.250809263465013,-0.944223519803093,0.693414256338078
1.78136396719127,0.272277598149419,-0.949798514509746,0.6775209163603
1.78143646745359,0.29360468617942,-0.954880784415976,0.661276098236513
1.78150896771591,0.314779476272557,-0.959467706648823,0.644688230376228
1.78158146797823,0.335790958993045,-0.963556887413132,0.627765928420085
1.78165396824055,0.35662825237693,-0.967146219196943,0.610517966819992
1.78172646850287,0.377280526982559,-0.970233827132731,0.59295330015015
1.78181463579237,0.402130600005752,-0.973310242360662,0.571179642354892
1.78190280308186,0.426672235996919,-0.975639968873001,0.548967732876115
1.78199097037136,0.450886583718742,-0.977221229502247,0.526334645783476
1.78207913766085,0.474755041216433,-0.97805279825028,0.503297757033831
1.78216730495034,0.498259299715966,-0.978134048330822,0.479874748614834
1.78225547223984,0.521381314712449,-0.977464905882195,0.456083591169703
1.78234363952933,0.544103355191609,-0.976045895163385,0.431942539971747
1.78243180681883,0.566407979816953,-0.973878094001304,0.407470114184304
1.78251997410832,0.588278085392747,-0.970963175877996,0.382685090485198
1.78262837834065,0.614547170015749,-0.966358543151223,0.351811373135449
1.78273678257298,0.640103719369236,-0.960633203433853,0.320529484064585
1.78284518680531,0.664918004411725,-0.953793806490742,0.288875802079008
1.78295359103764,0.688961235667467,-0.945848295206114,0.25688705953866
1.78306199526998,0.712205499822146,-0.936805879542056,0.224600379719891
1.78317039950231,0.734623850207513,-0.926677051625972,0.19205320141845
1.78327880373464,0.756190267498106,-0.915473551805372,0.159283284307245
1.78338720796697,0.776879753801213,-0.90320837762076,0.126328623819518
1.7834956121993,0.79666829714648,-0.889895747082796,0.0932274499363089
1.78360401643163,0.815532961700981,-0.875551103538043,0.0600181418370526
1.78371242066396,0.833451853017752,-0.860191076906271,0.0267392238885091
1.78382082489629,0.85040420332829,-0.843833484818322,-0.00657071850996067
1.78392922912862,0.86637033692568,-0.826497291956779,-0.0398730449688917
1.78399684240164,0.875821417253895,-0.815197424030116,-0.0606239932238169
1.78406445567467,0.884877263350987,-0.803529844419141,-0.0813474189318577
1.78413206894769,0.893533835215763,-0.79149977095495,-0.102034064260858
1.78419968222071,0.901787220680182,-0.779112623028433,-0.122674597651782
1.78429184148188,0.912380665366138,-0.761663838091306,-0.150716827274869
1.78438400074306,0.922209368647531,-0.743576564342356,-0.178632804305224
1.78444420061307,0.92821293428522,-0.731423875922805,-0.196789058362442
1.78450440048308,0.93388446979781,-0.719009637230904,-0.214874832566923
1.7845646003531,0.93922197177487,-0.706338256865436,-0.232883714909478
1.78462480022311,0.944223519008776,-0.693414268177288,-0.250809250831499
1.78469730048779,0.949798514154083,-0.677520927869426,-0.272277586284681
1.78476980075246,0.954880784468305,-0.661276109388444,-0.293604675079911
1.78484230101714,0.9594677070782,-0.644688241144581,-0.314779465933648
1.78491480128182,0.963556888188221,-0.627765938779225,-0.335790949409002
1.78498730154649,0.967146220286052,-0.610517976745157,-0.356628243540876
1.78505980181117,0.970233828503832,-0.592953309617304,-0.377280518886564
1.78514796910565,0.97331024409628,-0.571179650705328,-0.402130593391016
1.78523613640013,0.975639970889276,-0.548967740056428,-0.426672230832846
1.78532430369461,0.977221231714694,-0.526334651743142,-0.450886579971586
1.78541247098909,0.978052800574281,-0.503297761725169,-0.474755038849143
1.78550063828357,0.978134050681615,-0.479874751993142,-0.49825929868845
1.78558880557804,0.977464908174826,-0.456083593193358,-0.521381314981503
1.78567697287252,0.976045897313214,-0.431942540602227,-0.544103356711019
1.785765140167,0.973878095923746,-0.407470113386163,-0.566407982537644
1.78585330746148,0.970963177488993,-0.382685088226311,-0.588278089262713
1.78596171169382,0.966358544556431,-0.351811370796804,-0.614547173759692
1.78607011592615,0.960633204634269,-0.320529481652722,-0.640103722981564
1.78617852015849,0.953793807487558,-0.288875799600615,-0.664918007886976
1.78628692439083,0.945848296000796,-0.256887057000478,-0.688961239000306
1.78639532862317,0.936805880136235,-0.224600377128733,-0.712205503007508
1.7865037328555,0.926677052021603,-0.192053198781166,-0.734623853240448
1.78661213708784,0.91547355200455,-0.159283281630732,-0.756190270373836
1.78672054132018,0.903208377625914,-0.126328621110777,-0.776879756515135
1.78682894555251,0.889895746896546,-0.0932274472023358,-0.796668299694199
1.78693734978485,0.87555110316317,-0.0600181390849162,-0.815532964078289
1.78704575401719,0.860191076345868,-0.0267392211252431,-0.833451855220576
1.78715415824952,0.843833484075594,0.00657072127723734,-0.850404205352831
1.78726256248186,0.826497291035239,0.0398730477331067,-0.866370338768368
1.78733017575408,0.815197423135216,0.0606239957363289,-0.875821418871545
1.78739778902631,0.803529843561056,0.0813474211906628,-0.884877264751697
1.78746540229853,0.791499770143646,0.10203406626436,-0.893533836407983
1.78753301557075,0.779112622273813,0.122674599398613,-0.901787221672402
1.78762517486291,0.761663831245946,0.15071683840741,-0.912380669653381
1.78771733415506,0.743576550984667,0.178632824726636,-0.922209375711327
1.78777753399914,0.731423867513023,0.196789070888231,-0.928212938401276
1.78783773384321,0.719009633998362,0.214874837251972,-0.933884471250344
1.78789793368729,0.706338259033779,0.232883711817091,-0.939221970850914
1.78795813353136,0.693414275964344,0.25080924003336,-0.944223515997698
1.78803063379585,0.677520935820379,0.272277575479054,-0.94979851129941
1.78810313406035,0.661276117502179,0.293604664271436,-0.954880781773638
1.78817563432484,0.644688249419792,0.31477945512703,-0.959467704546818
1.78824813458933,0.627765947214575,0.335790938608886,-0.963556885823446
1.78832063485382,0.610517985339141,0.356628232752042,-0.967146218091153
1.78839313511832,0.592953318368273,0.377280508113809,-0.970233826482054
1.78848130243987,0.571179652835191,0.402130590290818,-0.973310243126002
1.78856946976142,0.548967735296127,0.426672235215809,-0.975639970511937
1.78865763708297,0.526334639839453,0.450886591630809,-0.977221231470229
1.78874580440453,0.503297742440961,0.474755057560766,-0.97805280000174
1.78883397172608,0.479874725107965,0.498259324211916,-0.978134049319858
1.78892213904763,0.456083558503507,0.521381347059976,-0.977464905563469
1.78901030636918,0.431942497921162,0.544103395071736,-0.976045892992871
1.78909847369074,0.407470062544999,0.56640802689224,-0.973878089437205
1.78918664101229,0.382685029073867,0.588278139307791,-0.97096316838168
1.7892950452447,0.351811310766741,0.614547222424589,-0.966358533191338
1.78940344947712,0.320529420817057,0.640103770204741,-0.960633191021801
1.78951185370954,0.288875738032115,0.664918053608628,-0.953793791640728
1.78962025794195,0.256886994772857,0.688961283162419,-0.945848277935238
1.78972866217437,0.22460031431641,0.712205545553759,-0.936805859870154
1.78983706640678,0.192053135459392,0.734623894116408,-0.9266770295758
1.7899454706392,0.159283217875337,0.756190309526937,-0.915473527402251
1.79005387487161,0.126328556998208,0.776879793894813,-0.903208350893015
1.79016227910403,0.093227382809434,0.796668335251929,-0.889895718061376
1.79027068333644,0.0600180744889228,0.815532997767593,-0.875551072256486
1.79037908756886,0.0267391564037074,0.833451886997131,-0.860191043400835
1.79048749180128,-0.00657078604654644,0.850404235174472,-0.843833449127904
1.79059589603369,-0.0398731124723427,0.866370366595145,-0.826497254122813
1.79066350924306,-0.0606240411238722,0.875821436825736,-0.81519739570183
1.79073112245243,-0.0813474472558667,0.884877273558366,-0.80352982630248
1.79079873566179,-0.10203407306259,0.893533836803887,-0.791499763741258
1.79086634887116,-0.122674587011323,0.901787214405356,-0.779112627394024
1.79095850817786,-0.150716830475562,0.912380664269102,-0.761663833793524
1.79105066748455,-0.178632821215323,0.922209371970271,-0.743576550754968
1.79111086733312,-0.196789068734513,0.928212935117322,-0.731423866382799
1.79117106718169,-0.214874836445254,0.933884468373909,-0.71900963192862
1.79123126703026,-0.232883712345291,0.939221968331856,-0.706338255986543
1.79129146687883,-0.250809241883039,0.944223513785623,-0.693414271902574
1.79136396714078,-0.272277576549406,0.94979850880409,-0.677520932254673
1.79143646740272,-0.293604664570676,0.954880779029249,-0.661276114458538
1.79150896766466,-0.314779454664403,0.959467701587908,-0.644688246923539
1.7915814679266,-0.335790937394926,0.963556882684886,-0.627765945289938
1.79165396818854,-0.356628230798393,0.967146214807969,-0.610517984009574
1.79172646845048,-0.377280505433313,0.970233823089525,-0.59295331765622
1.79181463579412,-0.402130593799173,0.973310240420264,-0.571179646621069
1.79190280313775,-0.426672244754129,0.975639968118544,-0.548967723364412
1.79199097048138,-0.45088660702614,0.977221229013698,-0.526334621987517
1.79207913782501,-0.474755078626308,0.978052797105864,-0.503297718479532
1.79216730516864,-0.49825935074732,0.978134045608555,-0.479874694861218
1.79225547251228,-0.521381378851672,0.977464900661154,-0.456083521809484
1.79234363985591,-0.544103431893185,0.976045886525288,-0.431942454632061
1.79243180719954,-0.566408068504373,0.973878081031715,-0.407470012527295
1.79251997454317,-0.588278185459304,0.970963157667884,-0.382684972208574
1.79262837877566,-0.61454726732299,0.966358520426524,-0.3518112531035
1.79273678300815,-0.64010381379409,0.960633176215329,-0.32052936242123
1.79284518724064,-0.664918095834608,0.953793774804407,-0.288875678969774
1.79295359147313,-0.688961323972224,0.945848259083153,-0.256886935110939
1.79306199570562,-0.712205584896247,0.936805839018784,-0.224600254122539
1.79317039993811,-0.734623931942041,0.926677006743946,-0.192053074801897
1.7932788041706,-0.756190345787955,0.915473502611122,-0.159283156823149
1.79338720840309,-0.776879828545247,0.903208324165972,-0.126328495620704
1.79349561263558,-0.79666836824759,0.889895689424022,-0.0932273211764321
1.79360401686807,-0.815533029066219,0.875551041736832,-0.0600180126705996
1.79371242110056,-0.833451916558455,0.86019101102896,-0.0267390944705164
1.79382082533305,-0.850404262960073,0.843833414936114,0.00657084802397438
1.79392922956554,-0.866370392568798,0.826497218145533,0.0398731744232784
1.79399684271288,-0.875821453156616,0.815197369172003,0.0606240839846417
1.79406445586023,-0.884877280963018,0.803529809905233,0.0813474710577862
1.79413206900757,-0.893533836010334,0.791499758147659,0.102034077862683
1.79419968215491,-0.901787206152578,0.779112633260259,0.122674572892334
1.79429184144517,-0.912380654604412,0.761663843176018,0.15071681142842
1.79438400073544,-0.922209361172664,0.743576563870744,0.178632797301918
1.79444420061442,-0.928212927722003,0.731423873654468,0.196789054067521
1.7945044004934,-0.933884464047278,0.71900963308799,0.214874830959256
1.79456460037238,-0.939221966737149,0.706338250772138,0.232883715965016
1.79462480025137,-0.944223514583206,0.693414260059805,0.250809254523424
1.79469730051093,-0.949798509161513,0.677520920745828,0.272277588415707
1.7947698007705,-0.954880778977384,0.661276103311005,0.293604675666415
1.79484230103007,-0.959467701158061,0.644688236163747,0.314779464994305
1.79491480128964,-0.963556881908596,0.62776593494374,0.335790946964871
1.7949873015492,-0.967146213717158,0.610517974101857,0.356628239615327
1.79505980180877,-0.970233821716418,0.592953308211136,0.377280513505272
1.79514796914741,-0.973310238683064,0.571179638295499,0.402130600387542
1.79523613648605,-0.975639966101371,0.548967716211794,0.426672249889566
1.79532430382468,-0.977221226800956,0.526334616058421,0.45088661074253
1.79541247116332,-0.978052794782475,0.503297713821722,0.474755080960775
1.79550063850196,-0.978134043259474,0.479874691519467,0.498259351740022
1.7955888058406,-0.97746489837139,0.456083519825463,0.52138137854592
1.79567697317924,-0.976045884379696,0.431942454044382,0.544103430335316
1.79576514051787,-0.973878079114993,0.407470013371335,0.566408065743646
1.79585330785651,-0.970963156064364,0.382684974516574,0.588278181547788
1.795961712089,-0.966358519030486,0.351811255491665,0.614547263538829
1.79607011632148,-0.960633175025748,0.320529364882789,0.640103810142956
1.79617852055397,-0.953793773820039,0.288875681498087,0.664918092321963
1.79628692478645,-0.945848258302515,0.256886937699175,0.688961320603346
1.79639532901894,-0.936805838440183,0.224600256763885,0.712205581676305
1.79650373325142,-0.926677006365385,0.192053077489369,0.734623928876018
1.79661213748391,-0.915473502430434,0.159283159549765,0.756190342880648
1.79672054171639,-0.9032083241807,0.126328498379433,0.776879825801285
1.79682894594888,-0.889895689631605,0.0932273239602558,0.796668365671329
1.79693735018136,-0.875551042134343,0.0600180154723746,0.815533026661935
1.79704575441385,-0.860191011613329,0.0267390972831464,0.833451914330179
1.79715415864633,-0.843833415704003,-0.00657084520765015,0.850404260911647
1.79726256287882,-0.826497219093458,-0.039873171610384,0.866370390703841
1.79733017602701,-0.815197370085732,-0.0606240814385914,0.87582145152432
1.7973977891752,-0.803529810774064,-0.0813474687806278,0.884877279554709
1.79746540232339,-0.791499758961061,-0.102034075856002,0.893533834817038
1.79753301547158,-0.779112634007825,-0.122674571157343,0.901787205165172
1.79762517473083,-0.761663850019694,-0.150716800298673,0.912380650318379
1.79771733399008,-0.743576577232588,-0.178632776874372,0.922209354106933
1.79777753389501,-0.731423882066868,-0.196789041537992,0.92821292360482
1.79783773379994,-0.719009636321483,-0.21487482627287,0.933884462594342
1.79789793370487,-0.706338248603053,-0.232883719058447,0.939221967661476
1.7979581336098,-0.693414252270249,-0.250809265324958,0.944223517595186
1.79803063386955,-0.677520912792617,-0.272277599224214,0.949798512016832
1.7981031341293,-0.661276095195305,-0.293604686477291,0.954880781672574
1.79817563438905,-0.644688227886806,-0.3147794758029,0.959467703689697
1.7982481346488,-0.627765926506971,-0.335790957766461,0.96355688427344
1.79832063490855,-0.610517965506795,-0.356628250405219,0.967146215911998
1.7983931351683,-0.592953299459403,-0.377280524278624,0.970233823738031
1.79848130247989,-0.571179636158383,-0.402130603495509,0.973310239653897
1.79856946979148,-0.548967720958019,-0.426672245521465,0.975639966479494
1.79865763710307,-0.526334627941118,-0.450886599104957,0.977221227046088
1.79874580441466,-0.503297733077714,-0.474755062277392,0.978052795355111
1.79883397172625,-0.479874718369041,-0.498259326251159,0.978134044620207
1.79892213903784,-0.456083554472105,-0.521381346508233,0.977464900980324
1.79901030634943,-0.431942496674373,-0.544103392021285,0.976045888695645
1.79909847366102,-0.407470064153534,-0.566408021441262,0.973878085594772
1.79918664097261,-0.382685033601914,-0.588278131560224,0.970963165162116
1.79929504520502,-0.351811315453481,-0.614547214930025,0.966358530383485
1.79940344943743,-0.320529425649252,-0.640103762974307,0.960633188623563
1.79951185366983,-0.288875742996465,-0.664918046653254,0.953793789649698
1.79962025790224,-0.256886999855837,-0.688961276492576,0.94584827634839
1.79972866213465,-0.224600319504451,-0.71220553917965,0.936805858684086
1.79983706636705,-0.192053140738725,-0.73462388804787,0.926677028786595
1.79994547059946,-0.159283223232141,-0.756190303773488,0.915473527005613
1.80005387483187,-0.126328562418496,-0.776879788465578,0.90320835088403
1.80016227906427,-0.0932273882792202,-0.796668330155633,0.889895718434826
1.80027068329668,-0.0600180799941154,-0.815532993012621,0.875551073006711
1.80037908752909,-0.0267391619301488,-0.833451882591497,0.860191044521634
1.80048749176149,0.00657078051299557,-0.850404231125722,0.843833450612698
1.8005958959939,0.039873106945896,-0.866370362910503,0.826497255964606
1.80066350920488,0.0606240361046121,-0.875821433592755,0.815197397488094
1.80073112241586,0.0813474427477461,-0.884877270760579,0.803529828012809
1.80079873562683,0.102034069068947,-0.89353383442443,0.791499765355484
1.80086634883781,0.122674583534783,-0.901787212427016,0.779112628892224
1.80095850808258,0.150716808239235,-0.912380655704473,0.76166384746521
1.80105066732735,0.178632780412733,-0.922209357855709,0.743576577442954
1.80111086722775,0.196789043708559,-0.928212926892734,0.731423883184144
1.80117106712815,0.21487482708623,-0.933884465471333,0.719009638385104
1.80123126702855,0.232883718526752,-0.939221970178014,0.706338251651202
1.80129146692895,0.250809263461776,-0.944223519802071,0.693414256340298
1.80136396719128,0.27227759814659,-0.94979851450884,0.677520916362193
1.8014364674536,0.29360468617701,-0.954880784415113,0.661276098238079
1.80150896771592,0.314779476270495,-0.959467706647983,0.644688230377462
1.80158146797824,0.335790958991375,-0.963556887412395,0.627765928420979
1.80165396824056,0.356628252375611,-0.967146219196195,0.610517966820564
1.80172646850288,0.377280526981626,-0.970233827131937,0.592953300150295
1.80181463579243,0.402130600018782,-0.973310242361314,0.571179642342509
1.80190280308197,0.426672236023526,-0.975639968874299,0.548967732850733
1.80199097037152,0.450886583758561,-0.977221229503258,0.526334645744707
1.80207913766106,0.47475504126901,-0.978052798250177,0.503297756981168
1.8021673049506,0.498259299780846,-0.978134048328779,0.479874748547912
1.80225547224015,0.521381314789166,-0.977464905877312,0.456083591088155
1.80234363952969,0.544103355279648,-0.97604589515488,0.431942539875249
1.80243180681924,0.566407979915748,-0.973878093988274,0.407470114072517
1.80251997410878,0.588278085501743,-0.970963175859633,0.38268509035787
1.80262837834111,0.614547170121744,-0.966358543128144,0.351811373006383
1.80273678257344,0.640103719472118,-0.960633203406031,0.320529483933895
1.80284518680577,0.66491800451135,-0.953793806458254,0.288875801946889
1.8029535910381,0.688961235763712,-0.945848295169034,0.256887059405291
1.80306199527043,0.71220549991495,-0.936805879500324,0.224600379585372
1.80317039950276,0.734623850296736,-0.926677051579704,0.192053201282981
1.8032788037351,0.756190267583599,-0.915473551754557,0.159283284170944
1.80338720796743,0.776879753882913,-0.903208377565531,0.126328623682588
1.80349561219976,0.796668297224279,-0.889895747023216,0.0932274497989261
1.80360401643209,0.815532961774824,-0.875551103474166,0.0600181416993343
1.80371242066442,0.833451853087542,-0.860191076838162,0.0267392237506096
1.80382082489675,0.8504042033939,-0.843833484746104,-0.00657071864780552
1.80392922912908,0.866370336987047,-0.826497291880512,-0.0398730451065589
1.80399684240197,0.875821417294681,-0.815197423973594,-0.0606239933210833
1.80406445567486,0.884877263372618,-0.80352984438389,-0.0813474189887701
1.80413206894775,0.893533835219884,-0.791499770942287,-0.102034064277608
1.80419968222064,0.901787220668298,-0.779112623039849,-0.122674597628496
1.80429184148183,0.912380665356168,-0.761663838100805,-0.150716827255388
1.80438400074301,0.922209368639313,-0.743576564349861,-0.178632804289484
1.80444420061304,0.928212934278826,-0.731423875927134,-0.196789058351685
1.80450440048307,0.93388446979302,-0.719009637231955,-0.214874832561107
1.8045646003531,0.9392219717716,-0.706338256863052,-0.232883714908554
1.80462480022313,0.944223519006751,-0.693414268171325,-0.250809250835458
1.80469730048782,0.94979851415249,-0.677520927861532,-0.272277586290979
1.8047698007525,0.954880784467082,-0.661276109378525,-0.293604675088549
1.80484230101719,0.959467707077173,-0.644688241132606,-0.314779465944595
1.80491480128187,0.963556888187299,-0.627765938765117,-0.335790949422176
1.80498730154656,0.967146220285096,-0.610517976728869,-0.356628243556265
1.80505980181124,0.970233828502766,-0.59295330959872,-0.377280518904085
1.80514796910577,0.973310244096145,-0.571179650674164,-0.402130593422016
1.8052361364003,0.975639970889171,-0.548967740012236,-0.426672230876933
1.80532430369483,0.977221231713856,-0.526334651685507,-0.450886580028361
1.80541247098935,0.978052800571834,-0.503297761653679,-0.474755038918185
1.80550063828388,0.978134050676715,-0.479874751907476,-0.498259298769254
1.80558880557841,0.977464908166706,-0.456083593093075,-0.521381315073625
1.80567697287294,0.976045897301003,-0.431942540487048,-0.544103356813929
1.80576514016746,0.973878095906613,-0.407470113255824,-0.566407982650806
1.80585330746199,0.970963177466077,-0.382685088080571,-0.588278089385553
1.80596171169433,0.966358544528365,-0.351811370649654,-0.614547173878715
1.80607011592666,0.960633204601083,-0.320529481504435,-0.640103723096652
1.806178520159,0.953793807449307,-0.288875799451335,-0.664918007998004
1.80628692439133,0.945848295957573,-0.256887056850385,-0.688961239107207
1.80639532862367,0.936805880088191,-0.224600376978008,-0.71220550311019
1.806503732856,0.926677051968798,-0.192053198629992,-0.734623853338796
1.80661213708833,0.915473551947044,-0.159283281479269,-0.756190270467784
1.80672054132067,0.903208377563869,-0.12632862095922,-0.776879756604621
1.806828945553,0.889895746830041,-0.0932274470509204,-0.796668299779107
1.80693734978534,0.875551103092353,-0.0600181389337315,-0.815532964158613
1.80704575401767,0.860191076270737,-0.0267392209744924,-0.833451855296272
1.80715415825001,0.843833483996451,0.00657072142733035,-0.850404205423798
1.80726256248234,0.826497290952104,0.0398730478823936,-0.866370338834497
1.80733017575442,0.815197423074039,0.0606239958410575,-0.875821418915096
1.8073977890265,0.803529843523401,0.0813474212509016,-0.884877264774313
1.80746540229858,0.791499770131136,0.102034066280203,-0.893533836411341
1.80753301557066,0.779112622287957,0.122674599370277,-0.901787221658233
1.80762517486279,0.761663831263802,0.150716838374445,-0.912380669638268
1.80771733415493,0.743576551006465,0.178632824689059,-0.922209375695508
1.80777753399905,0.731423867526438,0.196789070863968,-0.928212938390396
1.80783773384317,0.719009634003019,0.21487483724094,-0.93388447124394
1.80789793368729,0.706338259029332,0.232883711819141,-0.9392219708485
1.80795813353141,0.69341427595038,0.250809240048393,-0.944223515998765
1.8080306337959,0.677520935805827,0.272277575494486,-0.949798511300334
1.8081031340604,0.661276117487014,0.293604664287242,-0.954880781774272
1.80817563432489,0.644688249404095,0.31477945514313,-0.959467704547211
1.80824813458938,0.627765947198246,0.335790938625332,-0.963556885823602
1.80832063485388,0.610517985322233,0.356628232768792,-0.967146218091018
1.80839313511837,0.592953318350722,0.377280508130867,-0.970233826481568
1.80848130243993,0.571179652817335,0.402130590307736,-0.973310243125081
1.80856946976148,0.548967735277969,0.426672235232576,-0.975639970510536
1.80865763708303,0.526334639820927,0.450886591647419,-0.977221231468347
1.80874580440458,0.503297742422149,0.47475505757723,-0.978052799999378
1.80883397172614,0.479874725088853,0.498259324228184,-0.978134049316991
1.80892213904769,0.456083558484073,0.521381347076011,-0.9774649055601
1.80901030636924,0.431942497901489,0.544103395087554,-0.976045892989037
1.80909847369079,0.407470062525044,0.566408026907842,-0.973878089432878
1.80918664101235,0.382685029053679,0.588278139323147,-0.970963168376818
1.80929504524476,0.351811310746447,0.614547222439484,-0.966358533185913
1.80940344947718,0.320529420796651,0.640103770219165,-0.960633191015815
1.80951185370959,0.288875738011633,0.664918053622577,-0.953793791634225
1.80962025794201,0.256886994752338,0.688961283175828,-0.945848277928153
1.80972866217442,0.224600314295899,0.712205545566695,-0.936805859862542
1.80983706640684,0.192053135438864,0.7346238941288,-0.926677029567637
1.80994547063925,0.159283217854816,0.756190309538831,-0.915473527393627
1.81005387487167,0.126328556977707,0.77687979390621,-0.903208350883907
1.81016227910408,0.0932273827890397,0.796668335262729,-0.889895718051741
1.8102706833365,0.0600180744686099,0.81553299777785,-0.875551072246444
1.81037908756891,0.0267391563834986,0.833451887006881,-0.860191043390357
1.81048749180133,-0.00657078606664135,0.850404235183679,-0.843833449117039
1.81059589603374,-0.0398731124923052,0.866370366603811,-0.8264972541115
1.81066350924309,-0.0606240411361719,0.875821436830679,-0.815197395694485
1.81073112245243,-0.0813474472605059,0.884877273559869,-0.803529826299372
1.81079873566177,-0.102034073059611,0.893533836802256,-0.791499763742621
1.81086634887111,-0.122674587000742,0.90178721440088,-0.779112627400124
1.81095850817777,-0.150716830453036,0.91238066426062,-0.761663833807607
1.81105066748443,-0.178632821180941,0.922209371958505,-0.743576550777511
1.81111086733304,-0.196789068712387,0.928212935110102,-0.731423866397733
1.81117106718165,-0.214874836435348,0.933884468370893,-0.719009631935542
1.81123126703026,-0.232883712347507,0.939221968332575,-0.706338255985032
1.81129146687887,-0.250809241897285,0.944223513789619,-0.693414271892342
1.8113639671408,-0.272277576561441,0.9497985088073,-0.677520932245861
1.81143646740274,-0.293604664580479,0.954880779031777,-0.661276114451262
1.81150896766467,-0.314779454672024,0.959467701589859,-0.644688246917826
1.81158146792661,-0.335790937400385,0.96355688268635,-0.627765945285952
1.81165396818854,-0.356628230801749,0.967146214809087,-0.610517984007325
1.81172646845047,-0.377280505434597,0.970233823090314,-0.592953317655747
1.81181463579408,-0.402130593793012,0.973310240420349,-0.571179646627314
1.81190280313769,-0.426672244740745,0.975639968118323,-0.548967723377581
1.81199097048129,-0.450886607005717,0.977221229013641,-0.526334622007894
1.8120791378249,-0.474755078599113,0.978052797106437,-0.503297718507321
1.8121673051685,-0.498259350713553,0.978134045610177,-0.479874694896626
1.81225547251211,-0.521381378811553,0.977464900664316,-0.456083521852737
1.81234363985571,-0.544103431847065,0.976045886530406,-0.431942454683331
1.81243180719932,-0.56640806845255,0.973878081039269,-0.407470012586691
1.81251997454292,-0.588278185402026,0.97096315767835,-0.382684972276287
1.81262837877541,-0.614547267267472,0.96635852043948,-0.351811253172028
1.81273678300791,-0.640103813740423,0.960633176230876,-0.320529362490402
1.8128451872404,-0.664918095782815,0.953793774822374,-0.28887567903956
1.81295359147289,-0.688961323922303,0.945848259103621,-0.25688693518129
1.81306199570538,-0.712205584848347,0.936805839041709,-0.224600254193344
1.81317039993787,-0.734623931896159,0.926677006769225,-0.192053074873061
1.81327880417036,-0.756190345744166,0.915473502638688,-0.159283156894501
1.81338720840285,-0.776879828503593,0.903208324195822,-0.126328495692205
1.81349561263534,-0.796668368208131,0.889895689456186,-0.0932273212480454
1.81360401686783,-0.815533029028943,0.875551041771184,-0.0600180127422106
1.81371242110032,-0.833451916523437,0.860191011065464,-0.0267390945420248
1.81382082533281,-0.850404262927354,0.843833414974712,0.00657084795265315
1.8139292295653,-0.866370392538372,0.826497218186132,0.039873174352243
1.8139968427127,-0.875821453136125,0.815197369203336,0.0606240839328409
1.81406445586011,-0.88487728095178,0.803529809926584,0.0813474710252283
1.81413206900752,-0.893533836007646,0.791499758158283,0.102034077849362
1.81419968215492,-0.901787206157619,0.779112633259489,0.122674572898109
1.81429184144514,-0.912380654604268,0.76166384318405,0.150716811420247
1.81438400073535,-0.922209361168081,0.743576563888186,0.178632797279913
1.81444420061436,-0.928212927720273,0.731423873667248,0.196789054053037
1.81450440049337,-0.933884464048105,0.719009633095888,0.214874830952246
1.81456460037238,-0.939221966740322,0.706338250774931,0.232883715965398
1.81462480025138,-0.944223514588408,0.693414260057266,0.250809254531136
1.81469730051096,-0.949798509166953,0.677520920742122,0.272277588424857
1.81476980077053,-0.954880778983036,0.661276103306062,0.293604675676967
1.8148423010301,-0.959467701163758,0.644688236157602,0.314779465006209
1.81491480128967,-0.963556881914366,0.627765934936231,0.335790946978126
1.81498730154924,-0.967146213722925,0.610517974093057,0.356628239629887
1.81505980180882,-0.970233821722085,0.592953308200939,0.377280513521138
1.81514796914745,-0.973310238688038,0.571179638287324,0.402130600400708
1.81523613648607,-0.975639966105818,0.548967716205707,0.426672249900107
1.8153243038247,-0.97722122680507,0.526334616054623,0.450886610750463
1.81541247116333,-0.978052794786387,0.503297713820238,0.474755080966191
1.81550063850196,-0.978134043263333,0.479874691520354,0.498259351743011
1.81558880584059,-0.977464898375343,0.456083519828813,0.521381378546555
1.81567697317922,-0.976045884383928,0.431942454050285,0.544103430333658
1.81576514051785,-0.973878079119613,0.407470013379847,0.566408065739784
1.81585330785648,-0.970963156069542,0.382684974527759,0.588278181541816
1.81596171208896,-0.966358519036093,0.351811255503452,0.614547263532657
1.81607011632144,-0.960633175031886,0.32052936489522,0.640103810136636
1.81617852055393,-0.953793773826678,0.288875681511168,0.664918092315527
1.81628692478641,-0.945848258309702,0.256886937712897,0.688961320596822
1.81639532901889,-0.936805838447979,0.224600256778269,0.712205581669742
1.81650373325138,-0.926677006373794,0.192053077504397,0.734623928869431
1.81661213748386,-0.9154735024395,0.159283159565425,0.756190342874088
1.81672054171634,-0.903208324190477,0.126328498395713,0.776879825794754
1.81682894594882,-0.889895689642048,0.0932273239771327,0.796668365664936
1.81693735018131,-0.875551042145516,0.0600180154898564,0.815533026655639
1.81704575441379,-0.860191011625226,0.0267390973011619,0.833451914324073
1.81715415864627,-0.843833415716715,-0.00657084518905279,0.850404260905745
1.81726256287876,-0.826497219106941,-0.0398731715912839,0.866370390698203
1.81733017602697,-0.815197370095448,-0.0606240814268182,0.875821451522293
1.81739778917519,-0.803529810779878,-0.0813474687760688,0.884877279555962
1.8174654023234,-0.791499758962627,-0.102034075858706,0.893533834821356
1.81753301547162,-0.779112634004935,-0.122674571167286,0.901787205172245
1.81762517473093,-0.761663850004632,-0.15071680032733,0.912380650331971
1.81771733399024,-0.743576577204528,-0.178632776921497,0.922209354126012
1.81777753389511,-0.731423882050251,-0.196789041567047,0.928212923617276
1.81783773379998,-0.719009636316869,-0.214874826283941,0.933884462600817
1.81789793370485,-0.706338248610885,-0.232883719051704,0.939221967662597
1.81795813360972,-0.693414252291067,-0.250809265300584,0.944223517591671
1.81803063386949,-0.677520912810555,-0.272277599204321,0.949798512014861
1.81810313412925,-0.661276095210186,-0.293604686461844,0.954880781672035
1.81817563438902,-0.644688227898569,-0.314779475791823,0.959467703690401
1.81824813464878,-0.627765926515418,-0.335790957759729,0.963556884275137
1.81832063490854,-0.610517965511819,-0.356628250402705,0.967146215914493
1.81839313516831,-0.592953299460865,-0.377280524280278,0.97023382374113
1.8184813024799,-0.571179636159164,-0.402130603497852,0.973310239656998
1.8185694697915,-0.548967720958149,-0.426672245524417,0.975639966482545
1.81865763710309,-0.526334627940518,-0.450886599108531,0.977221227049047
1.81874580441468,-0.503297733076364,-0.474755062281546,0.978052795357913
1.81883397172627,-0.479874718366934,-0.498259326255915,0.978134044622844
1.81892213903787,-0.456083554469253,-0.521381346513487,0.977464900982766
1.81901030634946,-0.431942496670787,-0.544103392027047,0.976045888697822
1.81909847366105,-0.40747006414913,-0.566408021447524,0.973878085596644
1.81918664097265,-0.382685033596773,-0.588278131566924,0.970963165163689
1.81929504520505,-0.351811315448911,-0.614547214935921,0.966358530384822
1.81940344943745,-0.320529425645289,-0.640103762979466,0.960633188624743
1.81951185366986,-0.288875742993148,-0.664918046657621,0.953793789650752
1.81962025790226,-0.256886999853209,-0.688961276496217,0.945848276349413
1.81972866213467,-0.224600319502472,-0.712205539182639,0.936805858685108
1.81983706636707,-0.192053140737498,-0.734623888050161,0.926677028787644
1.81994547059947,-0.159283223231605,-0.75619030377516,0.91547352700676
1.82005387483188,-0.126328562418689,-0.776879788466686,0.903208350885378
1.82016227906428,-0.0932273882801232,-0.7966683301562,0.8898957184363
1.82027068329669,-0.0600180799957785,-0.815532993012667,0.875551073008446
1.82037908752909,-0.0267391619325673,-0.8334518825911,0.860191044523653
1.8204874917615,0.00657078050985628,-0.850404231124902,0.843833450615056
1.8205958959939,0.0398731069420031,-0.866370362909318,0.826497255967315
1.82066350920488,0.0606240361011733,-0.875821433591755,0.815197397490595
1.82073112241586,0.0813474427447863,-0.884877270759769,0.803529828014997
1.82079873562684,0.102034069066437,-0.893533834423808,0.791499765357361
1.82086634883782,0.122674583532722,-0.901787212426587,0.779112628893841
1.82095850808261,0.150716808243088,-0.912380655706099,0.761663847463009
1.8210506673274,0.178632780422393,-0.92220935785912,0.74357657743671
1.82111086722778,0.196789043713674,-0.928212926894463,0.731423883180798
1.82117106712817,0.214874827086884,-0.933884465471566,0.719009638384674
1.82123126702855,0.23288371852293,-0.939221970176855,0.706338251653895
1.82129146692894,0.250809263453579,-0.944223519799742,0.693414256346148
1.82136396719126,0.27227759813967,-0.949798514506881,0.677520916367206
1.82143646745359,0.293604686171366,-0.954880784413527,0.661276098242154
1.82150896771592,0.314779476266161,-0.959467706646752,0.644688230380548
1.82158146797824,0.335790958988305,-0.963556887411362,0.627765928423026
1.82165396824057,0.356628252373831,-0.96714621919538,0.610517966821542
1.8217264685029,0.377280526981079,-0.970233827131251,0.592953300150175
1.82181463579247,0.402130600028049,-0.973310242361579,0.571179642333523
1.82190280308205,0.426672236042391,-0.975639968874961,0.548967732832546
1.82199097037163,0.450886583786728,-0.977221229503679,0.526334645716963
1.82207913766121,0.47475504130619,-0.978052798249803,0.503297756943607
1.82216730495079,0.498259299826719,-0.978134048326992,0.47987474850026
1.82225547224037,0.521381314843368,-0.977464905873525,0.456083591030115
1.82234363952995,0.544103355341808,-0.976045895148498,0.431942539806632
1.82243180681953,0.566407979985516,-0.973878093978646,0.40747011399311
1.82251997410911,0.588278085578705,-0.970963175846226,0.382685090267481
1.82262837834144,0.614547170196778,-0.966358543111258,0.351811372914463
1.82273678257377,0.640103719545089,-0.960633203385702,0.320529483840611
1.8228451868061,0.664918004582167,-0.953793806434483,0.288875801852298
1.82295359103844,0.688961235832263,-0.945848295141821,0.256887059309525
1.82306199527077,0.712205499981163,-0.936805879469759,0.224600379488555
1.8231703995031,0.734623850360495,-0.926677051545726,0.192053201185228
1.82327880373543,0.756190267644874,-0.915473551717257,0.15928328407236
1.82338720796776,0.776879753941565,-0.903208377524911,0.126328623583313
1.82349561220009,0.796668297280234,-0.889895746979292,0.093227449699024
1.82360401643242,0.815532961827989,-0.875551103426976,0.0600181415989676
1.82371242066476,0.833451853137838,-0.860191076787737,0.0267392236498949
1.82382082489709,0.850404203441237,-0.84383348469251,-0.00657071874876779
1.82392922912942,0.866370337031421,-0.826497291823786,-0.0398730452076484
1.82399684240221,0.875821417323981,-0.815197423931323,-0.0606239933926533
1.82406445567501,0.884877263387917,-0.803529844357097,-0.0813474190308525
1.8241320689478,0.893533835222321,-0.791499770932078,-0.102034064290262
1.8241996822206,0.901787220659013,-0.77911262304718,-0.122674597611844
1.82429184148179,0.912380665348209,-0.761663838106849,-0.150716827241364
1.82438400074298,0.92220936863252,-0.743576564354413,-0.178632804278095
1.82444420061303,0.928212934273913,-0.731423875928191,-0.196789058345719
1.82450440048308,0.933884469789814,-0.719009637229352,-0.214874832560488
1.82456460035313,0.939221971769878,-0.70633825685662,-0.232883714913256
1.82462480022318,0.944223519006339,-0.693414268160962,-0.250809250845403
1.82469730048785,0.949798514151296,-0.677520927852504,-0.272277586298807
1.82476980075253,0.954880784465189,-0.661276109370859,-0.293604675094334
1.82484230101721,0.959467707074665,-0.644688241126346,-0.31477946594832
1.82491480128189,0.963556888184291,-0.62776593876042,-0.335790949423867
1.82498730154657,0.967146220281673,-0.610517976725725,-0.35662824355596
1.82505980181124,0.970233828499059,-0.592953309597223,-0.377280518901822
1.82514796910579,0.973310244093009,-0.571179650667634,-0.402130593425398
1.82523613640034,0.975639970886293,-0.548967740000412,-0.426672230885887
1.82532430369489,0.977221231710902,-0.526334651668222,-0.450886580042696
1.82541247098944,0.978052800568454,-0.503297761630727,-0.474755038937764
1.82550063828398,0.978134050672541,-0.479874751878666,-0.498259298793895
1.82558880557853,0.97746490816143,-0.456083593058307,-0.521381315103112
1.82567697287308,0.976045897294261,-0.431942540446156,-0.544103356848103
1.82576514016763,0.973878095898063,-0.4074701132087,-0.566407982689361
1.82585330746218,0.970963177455369,-0.382685088027132,-0.588278089428265
1.82596171169451,0.966358544515747,-0.351811370595634,-0.614547173920116
1.82607011592685,0.960633204586582,-0.320529481449891,-0.640103723136711
1.82617852015918,0.95379380743296,-0.288875799396315,-0.664918008036668
1.82628692439151,0.945848295939436,-0.25688705679499,-0.688961239144426
1.82639532862385,0.936805880068184,-0.224600376922241,-0.712205503145943
1.82650373285618,0.926677051947027,-0.192053198573977,-0.73462385337303
1.82661213708852,0.915473551923542,-0.159283281423058,-0.75619027050049
1.82672054132085,0.903208377538652,-0.12632862090292,-0.776879756635756
1.82682894555319,0.889895746803142,-0.0932274469945356,-0.796668299808599
1.82693734978552,0.875551103063809,-0.0600181388773323,-0.815532964186466
1.82704575401785,0.860191076240631,-0.0267392209181962,-0.833451855322397
1.82715415825019,0.843833483964745,0.00657072148355314,-0.850404205448298
1.82726256248252,0.826497290918891,0.0398730479384044,-0.866370338857306
1.82733017575454,0.815197423050055,0.060623995878583,-0.875821418928639
1.82739778902656,0.803529843509303,0.0813474212699803,-0.884877264779268
1.82746540229858,0.791499770127569,0.102034066280889,-0.893533836408439
1.82753301557059,0.779112622295547,0.12267459935265,-0.901787221648199
1.82762517486271,0.761663831275735,0.150716838350748,-0.912380669626471
1.82771733415483,0.743576551022979,0.178632824659374,-0.922209375682337
1.82777753399899,0.731423867535384,0.196789070846256,-0.928212938381626
1.82783773384315,0.719009634004052,0.214874837235066,-0.933884471239133
1.82789793368731,0.706338259022083,0.232883711825076,-0.939221970847135
1.82795813353146,0.693414275934576,0.25080924006597,-0.944223516000529
1.82803063379594,0.677520935792742,0.272277575507922,-0.949798511300663
1.82810313406043,0.661276117476851,0.29360466429664,-0.954880781773457
1.82817563432491,0.644688249396877,0.314779455148541,-0.959467704545399
1.82824813458939,0.627765947194178,0.335790938626784,-0.963556885820936
1.82832063485387,0.610517985321374,0.356628232766367,-0.967146218087748
1.82839313511835,0.592953318353249,0.377280508124631,-0.970233826477857
1.82848130243989,0.571179652822207,0.402130590299114,-0.973310243121307
1.82856946976143,0.548967735285245,0.426672235221614,-0.975639970506869
1.82865763708298,0.526334639830734,0.450886591634236,-0.977221231464974
1.82874580440452,0.503297742434535,0.47475505756187,-0.978052799996366
1.82883397172607,0.479874725103859,0.498259324210737,-0.978134049314599
1.82892213904761,0.456083558501778,0.521381347056596,-0.977464905558339
1.82901030636915,0.431942497921962,0.544103395066201,-0.976045892988147
1.8290984736907,0.4074700625483,0.56640802688471,-0.973878089432989
1.82918664101224,0.382685029079757,0.588278139298352,-0.970963168378074
1.82929504524466,0.351811310772432,0.614547222415757,-0.966358533188171
1.82940344947707,0.320529420822546,0.640103770196519,-0.960633191019075
1.82951185370949,0.288875738037358,0.664918053601031,-0.953793791638386
1.82962025794191,0.256886994777806,0.688961283155415,-0.945848277933236
1.82972866217433,0.224600314321104,0.712205545547373,-0.936805859868472
1.82983706640674,0.192053135463769,0.734623894110596,-0.926677029574351
1.82994547063916,0.159283217879371,0.7561903095217,-0.91547352740108
1.83005387487158,0.126328557001922,0.776879793890135,-0.903208350892065
1.83016227910399,0.0932273828127865,0.796668335247813,-0.889895718060577
1.83027068333641,0.0600180744918631,0.815532997764008,-0.875551072255834
1.83037908756883,0.0267391564062395,0.833451886994115,-0.860191043400321
1.83048749180124,-0.00657078604438445,0.850404235171897,-0.843833449127504
1.83059589603366,-0.0398731124706082,0.866370366593081,-0.826497254122445
1.83066350924303,-0.0606240411232825,0.875821436824336,-0.815197395701048
1.8307311224524,-0.0813474472564632,0.884877273557647,-0.803529826301164
1.83079873566177,-0.102034073064341,0.893533836803729,-0.791499763739392
1.83086634887115,-0.122674587014213,0.901787214405782,-0.779112627391542
1.83095850817775,-0.150716830451594,0.912380664259828,-0.761663833808205
1.83105066748436,-0.178632821164739,0.922209371952841,-0.743576550788067
1.83111086733299,-0.19678906870281,0.92821293510694,-0.731423866404104
1.83117106718162,-0.214874836432282,0.933884468369851,-0.719009631937597
1.83123126703026,-0.232883712350939,0.93922196833359,-0.706338255982611
1.83129146687889,-0.25080924190711,0.944223513792366,-0.693414271885227
1.83136396714082,-0.272277576571116,0.949798508809892,-0.677520932238753
1.83143646740276,-0.293604664589965,0.954880779034196,-0.661276114444224
1.83150896766469,-0.314779454681338,0.959467701592149,-0.644688246910806
1.83158146792662,-0.335790937409575,0.963556882688477,-0.627765945278876
1.83165396818856,-0.356628230810753,0.967146214811055,-0.610517984000274
1.83172646845049,-0.377280505443437,0.970233823092163,-0.592953317648708
1.83181463579406,-0.402130593790551,0.973310240420775,-0.57117964663023
1.83190280313762,-0.426672244727234,0.975639968118113,-0.548967723390842
1.83199097048119,-0.450886606981489,0.977221229013384,-0.526334622031868
1.83207913782475,-0.474755078564487,0.978052797106853,-0.503297718542343
1.83216730516832,-0.498259350668921,0.978134045611943,-0.479874694943018
1.83225547251188,-0.521381378757339,0.977464900668116,-0.456083521910761
1.83234363985545,-0.544103431783633,0.976045886536928,-0.431942454753293
1.83243180719901,-0.566408068380289,0.973878081049175,-0.407470012668874
1.83251997454258,-0.588278185321424,0.970963157692322,-0.382684972370863
1.83262837877507,-0.614547267188809,0.966358520457163,-0.351811253268283
1.83273678300756,-0.64010381366379,0.960633176252077,-0.320529362588246
1.83284518724005,-0.664918095708373,0.953793774847249,-0.288875679138852
1.83295359147254,-0.688961323850153,0.945848259132115,-0.256886935281938
1.83306199570503,-0.712205584778546,0.936805839073781,-0.224600254295213
1.83317039993752,-0.73462393182884,0.926677006804891,-0.19205307497602
1.83327880417,-0.756190345679439,0.915473502677967,-0.159283156998522
1.83338720840249,-0.776879828441513,0.903208324238664,-0.126328495797114
1.83349561263498,-0.796668368148806,0.889895689502481,-0.0932273213536704
1.83360401686747,-0.815533028972533,0.875551041820989,-0.0600180128484514
1.83371242109996,-0.83345191646992,0.860191011118726,-0.0267390946487983
1.83382082533245,-0.850404262876856,0.843833415031422,0.00657084784548297
1.83392922956494,-0.866370392491043,0.82649721824625,0.0398731742448065
1.83399684271246,-0.875821453106186,0.815197369246369,0.060624083859827
1.83406445585998,-0.884877280937912,0.803529809951339,0.0813474709865668
1.83413206900749,-0.893533836008542,0.791499758163628,0.102034077844914
1.83419968215501,-0.901787206171958,0.779112633244234,0.122674572927747
1.83429184144523,-0.912380654618047,0.761663843167976,0.150716811450068
1.83438400073544,-0.92220936118119,0.743576563871257,0.178632797309949
1.83444420061442,-0.928212927729384,0.731423873657231,0.196789054072206
1.83450440049339,-0.933884464053703,0.719009633093111,0.214874830960591
1.83456460037236,-0.939221966742725,0.706338250779645,0.232883715963085
1.83462480025133,-0.944223514587971,0.693414260069782,0.25080925451821
1.8346973005109,-0.949798509166608,0.677520920755923,0.272277588410692
1.83476980077047,-0.954880778982748,0.661276103321121,0.293604675661603
1.83484230103003,-0.95946770116365,0.644688236173974,0.3147794649897
1.8349148012896,-0.963556881914439,0.627765934953971,0.335790946960491
1.83498730154917,-0.967146213723288,0.610517974112127,0.35662823961117
1.83505980180874,-0.970233821722779,0.592953308221475,0.377280513501336
1.83514796914731,-0.973310238687621,0.571179638322878,0.402130600364742
1.83523613648588,-0.975639966105274,0.548967716256828,0.426672249848427
1.83532430382445,-0.977221226805398,0.526334616121874,0.450886610683553
1.83541247116302,-0.978052794788583,0.503297713904077,0.474755080884535
1.83550063850159,-0.978134043268347,0.479874691621224,0.498259351647156
1.83558880584016,-0.977464898384273,0.456083519947127,0.521381378437131
1.83567697317873,-0.976045884397669,0.431942454186404,0.544103430211307
1.8357651405173,-0.973878079139221,0.407470013534115,0.566408065605119
1.83585330785587,-0.970963156095984,0.382684974700473,0.588278181395496
1.83596171208835,-0.966358519068869,0.351811255678944,0.614547263389957
1.83607011632083,-0.960633175071022,0.320529365073373,0.640103809997635
1.83617852055332,-0.953793773872173,0.288875681691716,0.664918092180424
1.8362869247858,-0.945848258361544,0.256886937895647,0.688961320465892
1.83639532901828,-0.936805838506053,0.224600256962965,0.712205581543101
1.83650373325076,-0.926677006438106,0.192053077690865,0.734623928747261
1.83661213748324,-0.915473502510013,0.159283159753435,0.756190342756582
1.83672054171572,-0.903208324267088,0.126328498585072,0.776879825682053
1.83682894594821,-0.889895689724794,0.0932273241676005,0.79666836555721
1.83693735018069,-0.875551042234294,0.0600180156812882,0.815533026553026
1.83704575441317,-0.860191011720048,0.0267390974933371,0.833451914226676
1.83715415864565,-0.843833415817368,-0.00657084499641765,0.850404260813789
1.83726256287813,-0.826497219213379,-0.0398731713983847,0.86637039061178
1.83733017602654,-0.815197370172797,-0.0606240812929355,0.875821451465721
1.83739778917495,-0.803529810825915,-0.0813474687011053,0.884877279527025
1.83746540232335,-0.791499758975373,-0.102034075842458,0.893533834817816
1.83753301547176,-0.779112633982269,-0.122674571209514,0.901787205191791
1.8376251747311,-0.761663849975554,-0.150716800377968,0.912380650353512
1.83771733399044,-0.743576577168637,-0.178632776980373,0.922209354149011
1.83777753389523,-0.73142388202904,-0.196789041602754,0.928212923631789
1.83783773380003,-0.719009636311055,-0.214874826296617,0.933884462607701
1.83789793370482,-0.706338248621137,-0.232883719041498,0.939221967662599
1.83795813360962,-0.693414252317999,-0.250809265267725,0.944223517585755
1.83803063386939,-0.677520912835453,-0.272277599175081,0.949798512010555
1.83810313412917,-0.661276095232914,-0.293604686436195,0.954880781669129
1.83817563438894,-0.644688227918984,-0.31477947576973,0.959467703688756
1.83824813464872,-0.627765926533481,-0.335790957741119,0.963556884274578
1.8383206349085,-0.610517965527337,-0.356628250387561,0.967146215914894
1.83839313516827,-0.592953299473797,-0.377280524268559,0.970233823742371
1.83848130247988,-0.571179636169571,-0.40213060348927,0.973310239658833
1.83856946979148,-0.548967720965964,-0.426672245518909,0.975639966484882
1.83865763710308,-0.526334627945598,-0.450886599106058,0.977221227051661
1.83874580441469,-0.50329773307859,-0.47475506228204,0.978052795360617
1.83883397172629,-0.479874718366247,-0.498259326259234,0.97813404462549
1.83892213903789,-0.456083554465521,-0.521381346519573,0.977464900985084
1.8390103063495,-0.431942496663924,-0.544103392035782,0.976045888699699
1.8390984736611,-0.407470064139096,-0.566408021458796,0.973878085597906
1.83918664097271,-0.382685033583489,-0.588278131580615,0.970963165164091
1.83929504520511,-0.351811315435397,-0.614547214949217,0.966358530384592
1.83940344943751,-0.320529425631581,-0.640103762992359,0.960633188623931
1.83951185366992,-0.28887574297924,-0.66491804667009,0.953793789649326
1.83962025790232,-0.256886999839135,-0.688961276508214,0.94584827634736
1.83972866213473,-0.224600319488255,-0.712205539194193,0.936805858682433
1.83983706636713,-0.192053140723093,-0.734623888061285,0.926677028784385
1.83994547059954,-0.159283223217126,-0.756190303785785,0.915473527002881
1.84005387483194,-0.126328562404127,-0.776879788476798,0.903208350880882
1.84016227906434,-0.0932273882654964,-0.796668330165793,0.889895718431272
1.84027068329675,-0.0600180799810535,-0.815532993021793,0.875551073002818
1.84037908752915,-0.0267391619178545,-0.833451882599673,0.860191044517489
1.84048749176156,0.00657078052456939,-0.850404231132917,0.843833450608333
1.84059589599396,0.0398731069566996,-0.866370362916771,0.826497255960073
1.84066350920493,0.0606240361113538,-0.875821433596859,0.815197397485494
1.84073112241589,0.0813474427504885,-0.884877270762696,0.803529828012198
1.84079873562685,0.102034069067641,-0.893533834424701,0.791499765357028
1.84086634883782,0.122674583529468,-0.901787212425653,0.779112628896161
1.84095850808263,0.150716808247518,-0.912380655708014,0.761663847460482
1.84105066732745,0.178632780434473,-0.922209357863374,0.743576577428881
1.84111086722782,0.196789043722065,-0.92821292689724,0.731423883175194
1.8411710671282,0.214874827091538,-0.933884465473026,0.719009638381474
1.84123126702857,0.232883718523923,-0.939221970177083,0.706338251653142
1.84129146692894,0.250809263450912,-0.944223519798914,0.69341425634797
1.84136396719128,0.272277598139682,-0.949798514506702,0.67752091636701
1.84143646745361,0.293604686174007,-0.954880784413886,0.661276098239859
1.84150896771595,0.314779476271361,-0.959467706647469,0.644688230376117
1.84158146797828,0.335790958996004,-0.963556887412343,0.627765928416324
1.84165396824062,0.35662825238399,-0.9671462191965,0.610517966812509
1.84172646850295,0.377280526993632,-0.970233827132399,0.592953300138768
1.84181463579257,0.402130600050812,-0.973310242363399,0.571179642312577
1.84190280308219,0.426672236075037,-0.975639968876779,0.548967732801736
1.8419909703718,0.450886583828993,-0.977221229504936,0.526334645675932
1.84207913766142,0.474755041357727,-0.97805279824978,0.503297756892029
1.84216730495103,0.498259299887175,-0.978134048325089,0.479874748437884
1.84225547224065,0.521381314912397,-0.977464905869116,0.456083590956673
1.84234363953027,0.54410335541903,-0.976045895140917,0.431942539721862
1.84243180681988,0.566407980070489,-0.973878093967353,0.407470113896822
1.8425199741095,0.588278085670983,-0.970963175830517,0.38268509015951
1.84262837834183,0.614547170286428,-0.966358543091543,0.351811372805084
1.84273678257416,0.64010371963204,-0.960633203361951,0.320529483729921
1.84284518680649,0.664918004666302,-0.953793806406798,0.288875801740467
1.84295359103882,0.688961235913474,-0.945848295110192,0.256887059196708
1.84306199527116,0.712205500059327,-0.936805879434223,0.224600379374876
1.84317039950349,0.734623850435607,-0.926677051506395,0.192053201070781
1.84327880373582,0.756190267716751,-0.915473551674102,0.159283283957324
1.84338720796815,0.776879754010204,-0.903208377478037,0.126328623467825
1.84349561220048,0.796668297345509,-0.88989574692877,0.0932274495832422
1.84360401643281,0.815532961889855,-0.875551103372893,0.0600181414829754
1.84371242066514,0.833451853196239,-0.860191076730125,0.0267392235338655
1.84382082489747,0.850404203496113,-0.843833484631416,-0.00657071886470279
1.8439292291298,0.86637033708268,-0.826497291759364,-0.0398730453233253
1.84399684240249,0.875821417357839,-0.815197423883538,-0.0606239934743039
1.84406445567517,0.884877263405712,-0.803529844327174,-0.0813474190785498
1.84413206894786,0.893533835225251,-0.791499770921235,-0.102034064304053
1.84419968222054,0.901787220648517,-0.779112623056597,-0.122674597591921
1.84429184148176,0.912380665340679,-0.761663838112263,-0.150716827228383
1.84438400074297,0.922209368627529,-0.743576564355628,-0.178632804271939
1.84444420061303,0.928212934269681,-0.731423875928032,-0.196789058341686
1.84450440048308,0.933884469786298,-0.719009637227736,-0.21487483255859
1.84456460035314,0.939221971766899,-0.706338256853464,-0.232883714913451
1.84462480022319,0.9442235190039,-0.693414268156224,-0.250809250847709
1.84469730048787,0.949798514148356,-0.67752092784877,-0.272277586299615
1.84476980075254,0.954880784461849,-0.66127610936823,-0.293604675093608
1.84484230101721,0.959467707070984,-0.644688241124941,-0.314779465946064
1.84491480128188,0.963556888180274,-0.6277659387602,-0.335790949420128
1.84498730154656,0.967146220277492,-0.610517976726755,-0.356628243550769
1.84505980181123,0.970233828494742,-0.592953309599513,-0.37728051889523
1.8451479691058,0.973310244089456,-0.571179650664753,-0.402130593424732
1.84523613640037,0.975639970883164,-0.548967739992237,-0.426672230890953
1.84532430369494,0.977221231707781,-0.526334651654445,-0.450886580053342
1.84541247098951,0.978052800565076,-0.50329776161127,-0.474755038953793
1.84550063828407,0.978134050668476,-0.479874751853324,-0.498259298815147
1.84558880557864,0.977464908156287,-0.456083593026957,-0.521381315129369
1.84567697287321,0.976045897287766,-0.431942540408606,-0.544103356879161
1.84576514016778,0.97387809588987,-0.407470113164835,-0.566407982725023
1.84585330746235,0.970963177445111,-0.382685087976812,-0.588278089468301
1.84596171169469,0.966358544503605,-0.351811370544297,-0.614547173959326
1.84607011592702,0.960633204572568,-0.320529481397532,-0.640103723175011
1.84617852015936,0.953793807417021,-0.288875799342959,-0.664918008074071
1.84628692439169,0.945848295921582,-0.256887056740704,-0.688961239180847
1.84639532862403,0.936805880048414,-0.224600376867121,-0.712205503181289
1.84650373285636,0.926677051925312,-0.192053198518056,-0.734623853407305
1.8466121370887,0.915473551899886,-0.159283281366408,-0.756190270533478
1.84672054132104,0.903208377513087,-0.126328620845584,-0.776879756667503
1.84682894555337,0.889895746775597,-0.0932274469365725,-0.796668299839063
1.84693734978571,0.875551103034338,-0.0600181388188347,-0.815532964215515
1.84704575401804,0.860191076209244,-0.0267392208591415,-0.833451855350104
1.84715415825038,0.843833483931384,0.00657072154301795,-0.850404205474416
1.84726256248271,0.826497290883632,0.0398730479982509,-0.866370338881902
1.84733017575467,0.815197423024111,0.0606239959196229,-0.875821418943728
1.84739778902663,0.803529843493359,0.0813474212922485,-0.884877264785621
1.84746540229858,0.791499770122333,0.102034066284442,-0.893533836406756
1.84753301557054,0.779112622301614,0.122674599337564,-0.901787221639174
1.84762517486264,0.761663831286585,0.150716838328772,-0.912380669615368
1.84771733415473,0.743576551038894,0.178632824630609,-0.922209375669528
1.84777753399893,0.731423867544003,0.196789070829027,-0.928212938373045
1.84783773384313,0.719009634005036,0.214874837229301,-0.933884471234313
1.84789793368732,0.706338259015083,0.232883711830662,-0.93922197084576
1.84795813353152,0.693414275919268,0.250809240082818,-0.944223516002075
1.84803063379601,0.677520935775444,0.272277575527033,-0.949798511302478
1.84810313406049,0.661276117457403,0.293604664317957,-0.954880781775337
1.84817563432498,0.644688249375286,0.314779455172019,-0.959467704547317
1.84824813458947,0.627765947170363,0.335790938652387,-0.963556885822761
1.84832063485396,0.610517985295282,0.356628232794039,-0.967146218089334
1.84839313511845,0.592953318324843,0.377280508154317,-0.970233826479144
1.84848130244,0.571179652791624,0.40213059033029,-0.973310243121904
1.84856946976155,0.548967735252478,0.426672235254226,-0.975639970506676
1.8486576370831,0.526334639795755,0.450886591668149,-0.97722123146391
1.84874580440465,0.503297742397298,0.474755057597044,-0.97805279999435
1.8488339717262,0.479874725064372,0.498259324247095,-0.978134049311459
1.84892213904775,0.456083558459974,0.521381347094066,-0.977464905554045
1.8490103063693,0.431942497877822,0.544103395104694,-0.97604589298253
1.84909847369085,0.407470062501861,0.566408026924101,-0.973878089425969
1.8491866410124,0.382685029030957,0.588278139338559,-0.970963168369504
1.84929504524482,0.351811310723004,0.614547222454951,-0.966358533177972
1.84940344947723,0.320529420772498,0.640103770234662,-0.960633191007127
1.84951185370965,0.288875737986811,0.664918053638075,-0.953793791624858
1.84962025794207,0.256886994726799,0.688961283191293,-0.945848277918105
1.84972866217448,0.224600314269642,0.712205545582059,-0.936805859851714
1.8498370664069,0.192053135411932,0.734623894144097,-0.926677029556002
1.84994547063932,0.159283217827272,0.75619030955391,-0.915473527381169
1.85005387487174,0.126328556949542,0.776879793921106,-0.903208350870615
1.85016227910415,0.0932273827601987,0.796668335277409,-0.889895718037577
1.85027068333657,0.0600180744391873,0.815532997792224,-0.875551072231351
1.85037908756899,0.0267391563535117,0.833451887020888,-0.860191043374396
1.8504874918014,-0.00657078609718622,0.850404235197281,-0.843833449100082
1.85059589603382,-0.0398731125233828,0.866370366617029,-0.8264972540936
1.85066350924313,-0.0606240411559832,0.87582143683841,-0.815197395682409
1.85073112245243,-0.0813474472691059,0.884877273562595,-0.803529826293448
1.85079873566174,-0.10203407305697,0.893533836800314,-0.791499763743338
1.85086634887104,-0.122674586986962,0.901787214394815,-0.779112627407833
1.85095850817761,-0.150716830413486,0.912380664245691,-0.761663833832235
1.85105066748418,-0.178632821115915,0.92220937193616,-0.74357655082024
1.85111086733288,-0.196789068672683,0.928212935097179,-0.731423866424483
1.85117106718157,-0.214874836420747,0.933884468366407,-0.71900963194563
1.85123126703027,-0.232883712357831,0.939221968335634,-0.706338255977789
1.85129146687896,-0.25080924193224,0.94422351379931,-0.693414271867045
1.8513639671409,-0.272277576596223,0.949798508816394,-0.677520932220093
1.85143646740283,-0.293604664615071,0.954880779040163,-0.661276114425106
1.85150896766476,-0.314779454706367,0.959467701597651,-0.644688246891268
1.8515814679267,-0.335790937434537,0.963556882693525,-0.627765945258977
1.85165396818863,-0.356628230835694,0.967146214815624,-0.610517983979898
1.85172646845057,-0.377280505468291,0.970233823096233,-0.592953317627906
1.85181463579411,-0.40213059380851,0.973310240423465,-0.571179646614974
1.85190280313765,-0.426672244738505,0.97563996811984,-0.548967723381338
1.85199097048119,-0.450886606986199,0.977221229014551,-0.526334622028348
1.85207913782473,-0.474755078562847,0.978052797107846,-0.503297718545004
1.85216730516828,-0.498259350661123,0.978134045613213,-0.479874694952081
1.85225547251182,-0.5213813787436,0.977464900670015,-0.456083521926404
1.85234363985536,-0.544103431764184,0.976045886539877,-0.43194245477569
1.8524318071989,-0.566408068355364,0.973878081053597,-0.407470012698192
1.85251997454244,-0.588278185291279,0.970963157698561,-0.382684972407242
1.85262837877493,-0.614547267159345,0.966358520464846,-0.351811253305499
1.85273678300742,-0.640103813635076,0.960633176261274,-0.320529362626188
1.85284518723991,-0.664918095680388,0.953793774857978,-0.288875679177542
1.8529535914724,-0.688961323822975,0.945848259144254,-0.256886935321258
1.85306199570488,-0.712205584752294,0.936805839087433,-0.224600254335149
1.85317039993737,-0.734623931803515,0.926677006820075,-0.192053075016551
1.85327880416986,-0.756190345655098,0.915473502694656,-0.159283157039571
1.85338720840235,-0.776879828418173,0.90320832425685,-0.126328495838681
1.85349561263484,-0.796668368126543,0.889895689522238,-0.0932273213956701
1.85360401686733,-0.815533028951325,0.875551041842208,-0.0600180128908544
1.85371242109981,-0.833451916449905,0.860191011141481,-0.0267390946915415
1.8538208253323,-0.850404262858033,0.843833415055665,0.00657084780242397
1.85392922956479,-0.866370392473431,0.826497218271926,0.0398731742015318
1.85399684271235,-0.875821453095049,0.815197369265906,0.0606240838291542
1.85406445585991,-0.884877280932803,0.803529809964357,0.0813474709684726
1.85413206900747,-0.893533836008968,0.791499758169618,0.102034077839356
1.85419968215502,-0.901787206177365,0.779112633242759,0.122674572934642
1.8542918414452,-0.912380654619198,0.761663843173632,0.150716811445554
1.85438400073538,-0.922209361178685,0.743576563884576,0.178632797294111
1.85444420061438,-0.928212927729278,0.731423873666501,0.196789054062814
1.85450440049337,-0.933884464055715,0.719009633098143,0.214874830957588
1.85456460037236,-0.939221966746643,0.706338250780267,0.232883715966395
1.85462480025135,-0.944223514593606,0.693414260065852,0.250809254527769
1.85469730051093,-0.949798509172704,0.677520920749874,0.272277588422833
1.85476980077051,-0.954880778989198,0.661276103312927,0.293604675676304
1.85484230103008,-0.959467701170388,0.644688236163526,0.31477946500687
1.85491480128966,-0.963556881921322,0.627765934941242,0.335790946980091
1.85498730154924,-0.967146213730174,0.610517974097027,0.356628239633165
1.85505980180881,-0.97023382172954,0.592953308203864,0.377280513525666
1.85514796914739,-0.973310238693823,0.571179638304128,0.402130600389689
1.85523613648596,-0.975639966110868,0.548967716236898,0.426672249873974
1.85532430382453,-0.977221226810308,0.526334616100691,0.450886610709644
1.85541247116311,-0.978052794792793,0.503297713881704,0.474755080911124
1.85550063850168,-0.97813404327182,0.479874691597635,0.498259351674201
1.85558880584025,-0.977464898386888,0.456083519922305,0.52138137846459
1.85567697317883,-0.976045884399481,0.431942454160407,0.544103430239072
1.8557651405174,-0.973878079140025,0.407470013506896,0.566408065633184
1.85585330785598,-0.970963156095829,0.382684974671998,0.588278181423852
1.85596171208846,-0.966358519067494,0.351811255648871,0.614547263418597
1.85607011632095,-0.960633175068214,0.320529365041623,0.640103810026598
1.85617852055343,-0.953793773867928,0.288875681658335,0.664918092209587
1.85628692478592,-0.945848258355768,0.256886937860666,0.688961320495097
1.8563953290184,-0.936805838498695,0.224600256926419,0.712205581572277
1.85650373325089,-0.926677006429108,0.192053077652762,0.734623928776339
1.85661213748338,-0.915473502499258,0.159283159713831,0.756190342785427
1.85672054171586,-0.903208324254565,0.126328498543975,0.776879825710569
1.85682894594835,-0.889895689710418,0.0932273241250791,0.796668365585315
1.85693735018083,-0.875551042217951,0.0600180156372997,0.81553302658067
1.85704575441332,-0.860191011701699,0.0267390974479881,0.833451914253671
1.85715415864581,-0.843833415796998,-0.00657084504308875,0.850404260840091
1.85726256287829,-0.826497219190943,-0.03987317144629,0.866370390637221
1.85733017602665,-0.815197370157384,-0.0606240813264386,0.875821451483827
1.85739778917501,-0.803529810818105,-0.0813474687203014,0.884877279538403
1.85746540232337,-0.791499758975603,-0.102034075847332,0.893533834822953
1.85753301547173,-0.77911263399111,-0.122674571200152,0.901787205191258
1.85762517473106,-0.761663849987327,-0.150716800364288,0.912380650351601
1.85771733399038,-0.743576577183526,-0.178632776962508,0.922209354146025
1.8577775338952,-0.731423882039298,-0.196789041592075,0.928212923631382
1.85783773380002,-0.719009636316549,-0.214874826293058,0.933884462609588
1.85789793370484,-0.706338248621607,-0.23288371904505,0.939221967666639
1.85795813360965,-0.693414252313239,-0.250809265278329,0.944223517591563
1.85803063386944,-0.677520912827963,-0.272277599188997,0.949798512016964
1.85810313412923,-0.661276095222565,-0.29360468645338,0.95488078167596
1.85817563438902,-0.644688227905687,-0.314779475790126,0.959467703695816
1.85824813464881,-0.627765926517113,-0.335790957764651,0.963556884281751
1.85832063490859,-0.610517965507877,-0.356628250414157,0.967146215922025
1.85839313516838,-0.592953299451069,-0.377280524298189,0.970233823749229
1.85848130248003,-0.571179636135221,-0.402130603530937,0.973310239666189
1.85856946979168,-0.548967720919601,-0.426672245572293,0.975639966491872
1.85865763710332,-0.52633462788691,-0.45088659917071,0.977221227057615
1.85874580441497,-0.503297733007178,-0.474755062357581,0.978052795364738
1.85883397172662,-0.479874718281739,-0.49825932634528,0.978134044627016
1.85892213903827,-0.456083554367657,-0.521381346615659,0.977464900983295
1.85901030634992,-0.43194249655245,-0.544103392141428,0.976045888693841
1.85909847366156,-0.407470064013745,-0.566408021573482,0.973878085587203
1.85918664097321,-0.382685033444024,-0.588278131703846,0.970963165147846
1.85929504520562,-0.351811315293106,-0.614547215069866,0.966358530362995
1.85940344943803,-0.320529425486606,-0.640103763110303,0.960633188596875
1.85951185367043,-0.2888757428317,-0.664918046785143,0.953793789616792
1.85962025790284,-0.256886999689232,-0.688961276620159,0.945848276309379
1.85972866213525,-0.224600319336168,-0.712205539302829,0.936805858638982
1.85983706636766,-0.192053140568957,-0.734623888166496,0.926677028735436
1.85994547060006,-0.15928322306107,-0.756190303887425,0.915473526948489
1.86005387483247,-0.126328562246416,-0.776879788574645,0.903208350821065
1.86016227906488,-0.0932273881062718,-0.796668330259714,0.889895718365957
1.86027068329728,-0.060018079820506,-0.815532993111559,0.875551072932093
1.86037908752969,-0.0267391617561562,-0.833451882685206,0.86019104444135
1.8604874917621,0.00657078068722291,-0.850404231214085,0.843833450526836
1.8605958959945,0.0398731071201064,-0.866370362993384,0.826497255873254
1.86066350920531,0.0606240362265951,-0.875821433648903,0.815197397422262
1.86073112241612,0.081347442817659,-0.884877270791972,0.803529827974322
1.86079873562693,0.102034069086869,-0.893533834433032,0.791499765346149
1.86086634883774,0.122674583500959,-0.901787212414878,0.779112628913904
1.86095850808257,0.150716808224583,-0.912380655699872,0.761663847475262
1.8610506673274,0.178632780417003,-0.922209357857634,0.743576577440608
1.8611108672278,0.196789043710049,-0.928212926893511,0.731423883183427
1.86117106712819,0.214874827084958,-0.933884465471051,0.719009638386073
1.86123126702858,0.232883718522743,-0.939221970176739,0.706338251653976
1.86129146692897,0.250809263455044,-0.944223519799972,0.693414256344894
1.86136396719128,0.272277598137477,-0.949798514505991,0.677520916368476
1.8614364674536,0.293604686165498,-0.95488078441172,0.661276098246203
1.86150896771591,0.314779476256702,-0.959467706644126,0.644688230387403
1.86158146797822,0.335790958975272,-0.963556887408132,0.627765928432827
1.86165396824054,0.356628252357306,-0.967146219191695,0.610517966834379
1.86172646850285,0.377280526961106,-0.970233827127337,0.592953300166215
1.86181463579249,0.402130600024158,-0.973310242359773,0.57117964233561
1.86190280308212,0.426672236054162,-0.975639968874306,0.548967732820105
1.86199097037176,0.450886583813716,-0.977221229503219,0.526334645689477
1.8620791376614,0.47475504134793,-0.978052798248533,0.503297756900614
1.86216730495103,0.498259299882713,-0.97813404832398,0.479874748441224
1.86225547224067,0.521381314913118,-0.977464905867785,0.456083590954655
1.8623436395303,0.544103355424673,-0.97604589513906,0.431942539714362
1.86243180681994,0.56640798008092,-0.973878093964568,0.40747011388364
1.86251997410958,0.588278085685963,-0.970963175826524,0.382685090140551
1.86262837834191,0.614547170301024,-0.966358543086727,0.351811372785693
1.86273678257424,0.640103719646193,-0.960633203356373,0.320529483710197
1.86284518680657,0.664918004679995,-0.953793806400344,0.288875801720349
1.8629535910389,0.688961235926686,-0.945848295102935,0.256887059176223
1.86306199527123,0.712205500072064,-0.936805879426186,0.22460037935407
1.86317039950357,0.734623850447792,-0.926677051497513,0.192053201049699
1.8632788037359,0.756190267728419,-0.915473551664377,0.159283283935934
1.86338720796823,0.776879754021249,-0.903208377467455,0.126328623446198
1.86349561220056,0.796668297356006,-0.889895746917372,0.0932274495613534
1.86360401643289,0.815532961899712,-0.87555110336069,0.0600181414609329
1.86371242066522,0.833451853205455,-0.860191076717109,0.0267392235116334
1.86382082489755,0.850404203504639,-0.84383348461758,-0.00657071888706831
1.86392922912989,0.866370337090519,-0.826497291744706,-0.0398730453458356
1.86399684240255,0.875821417361889,-0.815197423872569,-0.0606239934893249
1.86406445567521,0.88487726340625,-0.803529844320143,-0.0813474190861188
1.86413206894787,0.893533835222609,-0.791499770918389,-0.102034064304235
1.86419968222053,0.901787220642903,-0.779112623058182,-0.122674597584713
1.86429184148175,0.912380665335878,-0.761663838112773,-0.150716827223082
1.86438400074297,0.922209368623481,-0.743576564354978,-0.178632804268516
1.86444420061303,0.92821293426599,-0.731423875926635,-0.196789058339346
1.86450440048309,0.933884469782901,-0.719009637225561,-0.214874832557337
1.86456460035315,0.939221971763804,-0.706338256850573,-0.232883714913236
1.8646248002232,0.944223519001019,-0.693414268152485,-0.25080925084854
1.86469730048788,0.949798514145367,-0.677520927845076,-0.2722775863003
1.86476980075255,0.954880784458716,-0.661276109364624,-0.293604675094111
1.86484230101722,0.959467707067746,-0.644688241121327,-0.314779465946452
1.86491480128189,0.963556888176978,-0.627765938756617,-0.335790949420404
1.86498730154657,0.967146220274105,-0.610517976723232,-0.356628243550874
1.86505980181124,0.970233828491265,-0.592953309596091,-0.377280518895184
1.86514796910584,0.973310244086734,-0.57117965065448,-0.402130593432255
1.86523613640043,0.975639970880727,-0.548967739974844,-0.426672230905884
1.86532430369503,0.977221231705198,-0.526334651629762,-0.450886580075456
1.86541247098962,0.978052800561805,-0.50329776157893,-0.474755038982897
1.86550063828422,0.978134050664143,-0.479874751813197,-0.498259298850934
1.86558880557882,0.977464908150446,-0.456083592978795,-0.52138131517163
1.86567697287341,0.976045897279814,-0.431942540352286,-0.54410335692757
1.86576514016801,0.973878095879411,-0.407470113100154,-0.566407982779283
1.86585330746261,0.970963177431756,-0.382685087903642,-0.58827808952813
1.86596171169494,0.966358544487546,-0.351811370469685,-0.614547174017889
1.86607011592728,0.960633204553742,-0.32052948132156,-0.640103723232195
1.86617852015962,0.953793807395506,-0.288875799265761,-0.664918008129772
1.86628692439195,0.945848295897327,-0.256887056662355,-0.688961239234976
1.86639532862429,0.936805880021419,-0.224600376787707,-0.712205503233735
1.86650373285663,0.926677051895584,-0.19205319843763,-0.734623853457962
1.86661213708896,0.915473551867456,-0.15928328128506,-0.756190270582378
1.8667205413213,0.903208377477891,-0.126328620763406,-0.776879756714474
1.86682894555364,0.889895746737697,-0.0932274468536332,-0.796668299884057
1.86693734978598,0.875551102993702,-0.0600181387352465,-0.815532964258458
1.86704575401831,0.860191076165902,-0.0267392207750703,-0.833451855390856
1.86715415825065,0.843833483885424,0.0065707216275177,-0.850404205512936
1.86726256248299,0.826497290834995,0.0398730480831114,-0.866370338918122
1.86733017575486,0.81519742298833,0.0606239959785095,-0.875821418966832
1.86739778902673,0.803529843471351,0.08134742132521,-0.884877264796548
1.8674654022986,0.791499770114973,0.102034066291555,-0.893533836406514
1.86753301557048,0.779112622309861,0.122674599318944,-0.901787221628807
1.86762517486255,0.761663831299684,0.150716838303281,-0.912380669602957
1.86771733415462,0.743576551057244,0.178632824598294,-0.922209375655511
1.86777753399886,0.731423867554582,0.196789070808936,-0.928212938363508
1.86783773384309,0.71900963400752,0.214874837221377,-0.933884471228901
1.86789793368733,0.706338259009188,0.232883711834751,-0.939221970843927
1.86795813353157,0.693414275904586,0.25080924009886,-0.944223516003441
1.86803063379604,0.67752093576318,0.272277575539423,-0.949798511302564
1.86810313406052,0.66127611744769,0.293604664326706,-0.9548807817744
1.868175634325,0.644688249368223,0.31477945517721,-0.959467704545448
1.86824813458947,0.627765947166099,0.335790938654067,-0.963556885820194
1.86832063485395,0.610517985293912,0.35662823279229,-0.967146218086183
1.86839313511843,0.592953318326395,0.377280508149173,-0.970233826475574
1.86848130243996,0.571179652798525,0.402130590319367,-0.973310243117911
1.86856946976148,0.548967735264871,0.426672235237719,-0.975639970502604
1.86865763708301,0.526334639813853,0.450886591646194,-0.977221231460028
1.86874580440454,0.503297742421297,0.474755057569795,-0.978052799991082
1.86883397172607,0.479874725094413,0.49825932421479,-0.978134049309187
1.8689221390476,0.45608355849618,0.521381347056895,-0.977464905553061
1.86901030636913,0.431942497920353,0.544103395062891,-0.976045892983258
1.86909847369066,0.407470062550847,0.566408026877837,-0.973878089428697
1.86918664101219,0.382685029086496,0.588278139288132,-0.970963168374614
1.86929504524461,0.351811310779563,0.614547222405732,-0.966358533185269
1.86940344947702,0.320529420830069,0.640103770186673,-0.960633191016718
1.86951185370944,0.288875738045248,0.664918053591379,-0.953793791636625
1.86962025794186,0.256886994786077,0.688961283145983,-0.945848277932076
1.86972866217427,0.224600314329683,0.712205545538222,-0.936805859867906
1.86983706640669,0.192053135472662,0.734623894101726,-0.926677029574401
1.8699454706391,0.159283217888581,0.756190309513183,-0.915473527401737
1.87005387487152,0.126328557011375,0.776879793881957,-0.903208350893346
1.87016227910394,0.0932273828225059,0.79666833523997,-0.889895718062428
1.87027068333635,0.0600180745018862,0.815532997756503,-0.875551072258392
1.87037908756877,0.0267391564165238,0.833451886987014,-0.860191043403494
1.87048749180118,-0.00657078603393401,0.850404235165259,-0.843833449131302
1.8705958960336,-0.0398731124599623,0.866370366586873,-0.82649725412687
1.87066350924297,-0.0606240411120823,0.87582143681823,-0.815197395706109
1.87073112245234,-0.0813474472447292,0.884877273551651,-0.803529826306871
1.87079873566171,-0.102034073052077,0.893533836797852,-0.791499763745734
1.87086634887108,-0.122674587001479,0.901787214400097,-0.77911262739857
1.87095850817762,-0.1507168304204,0.912380664247902,-0.761663833827481
1.87105066748417,-0.178632821115337,0.922209371935753,-0.743576550820379
1.87111086733287,-0.196789068672925,0.928212935097127,-0.731423866424165
1.87117106718156,-0.214874836421787,0.933884468366649,-0.719009631944816
1.87123126703026,-0.232883712359703,0.939221968336178,-0.706338255976458
1.87129146687896,-0.250809241934928,0.944223513800105,-0.693414271865146
1.8713639671409,-0.27227757660055,0.949798508817583,-0.677520932217024
1.87143646740284,-0.293604664621061,0.954880779041807,-0.661276114420719
1.87150896766478,-0.314779454714009,0.959467701599554,-0.644688246885514
1.87158146792672,-0.335790937443751,0.963556882695636,-0.627765945251862
1.87165396818866,-0.356628230846433,0.967146214817837,-0.61051798397138
1.8717264684506,-0.377280505480533,0.970233823098502,-0.592953317617954
1.87181463579411,-0.402130593813538,0.973310240424731,-0.571179646611177
1.87190280313763,-0.426672244736457,0.975639968120486,-0.548967723384029
1.87199097048115,-0.450886606977273,0.977221229015011,-0.526334622037756
1.87207913782466,-0.474755078547249,0.978052797108653,-0.503297718561353
1.87216730516818,-0.498259350639093,0.978134045614713,-0.479874694975582
1.87225547251169,-0.521381378715352,0.977464900672651,-0.456083521957266
1.87234363985521,-0.544103431729959,0.976045886544062,-0.43194245481409
1.87243180719873,-0.566408068315491,0.973878081059762,-0.407470012744237
1.87251997454224,-0.588278185246019,0.970963157707159,-0.382684972461133
1.87262837877473,-0.614547267115653,0.966358520475465,-0.351811253359782
1.87273678300722,-0.640103813592932,0.960633176273876,-0.320529362680922
1.87284518723971,-0.66491809563993,0.953793774872481,-0.28887567923256
1.8729535914722,-0.688961323784243,0.945848259160761,-0.256886935376501
1.87306199570469,-0.712205584715174,0.93680583910584,-0.224600254390617
1.87317039993718,-0.734623931768152,0.926677006840241,-0.192053075072094
1.87327880416967,-0.756190345621471,0.915473502716625,-0.15928315709513
1.87338720840216,-0.776879828386368,0.90320832428054,-0.126328495894175
1.87349561263465,-0.796668368096511,0.889895689547567,-0.0932273214510464
1.87360401686714,-0.815533028923152,0.875551041869258,-0.0600180129460597
1.87371242109963,-0.833451916423558,0.86019101117007,-0.026739094746485
1.87382082533212,-0.850404262833594,0.843833415085772,0.00657084774784457
1.87392922956461,-0.866370392450823,0.826497218303542,0.0398731741473081
1.87399684271221,-0.875821453080109,0.815197369290442,0.0606240837896938
1.87406445585982,-0.884877280924893,0.803529809981203,0.0813474709437435
1.87413206900742,-0.893533836007577,0.791499758178303,0.10203407782931
1.87419968215503,-0.901787206181976,0.779112633242675,0.122674572939295
1.87429184144522,-0.912380654624511,0.761663843172228,0.150716811452323
1.8743840007354,-0.922209361184591,0.743576563881716,0.178632797302914
1.87444420061438,-0.928212927733811,0.731423873666237,0.196789054067591
1.87450440049336,-0.933884464058983,0.719009633100632,0.214874830958393
1.87456460037234,-0.939221966748804,0.706338250785612,0.232883715963229
1.87462480025132,-0.944223514594819,0.693414260074154,0.250809254520687
1.87469730051089,-0.949798509173701,0.677520920759735,0.27227758841399
1.87476980077046,-0.95488077899009,0.661276103324425,0.29360467566569
1.87484230103003,-0.959467701171177,0.644688236176636,0.314779464994575
1.8749148012896,-0.963556881922116,0.627765934956012,0.335790946966149
1.87498730154917,-0.967146213731063,0.610517974113532,0.356628239617568
1.87505980180874,-0.970233821730675,0.59295330822217,0.377280513508494
1.87514796914727,-0.97331023869425,0.57117963833332,0.402130600360947
1.87523613648581,-0.975639966111319,0.548967716277381,0.426672249833934
1.87532430382434,-0.977221226811515,0.526334616152842,0.450886610658677
1.87541247116287,-0.978052794795446,0.503297713945825,0.474755080849605
1.8755006385014,-0.978134043276633,0.479874691674111,0.498259351602543
1.87558880583993,-0.977464898394573,0.456083520011414,0.521381378383188
1.87567697317846,-0.976045884410742,0.431942454262386,0.544103430148413
1.87576514051699,-0.973878079155722,0.407470013621997,0.56640806553371
1.87585330785553,-0.97096315611651,0.382684974800465,0.588278181316023
1.87596171208801,-0.966358519092944,0.351811255779974,0.614547263312982
1.87607011632049,-0.960633175098537,0.320529365175246,0.640103809923274
1.87617852055297,-0.953793773903123,0.288875681794362,0.664918092108783
1.87628692478546,-0.945848258395857,0.256886937998968,0.688961320396903
1.87639532901794,-0.936805838543746,0.22460025706681,0.712205581476937
1.87650373325042,-0.926677006479113,0.192053077795146,0.734623928683996
1.8766121374829,-0.915473502554178,0.159283159858001,0.756190342696186
1.87672054171539,-0.903208324314466,0.126328498689821,0.776879825624644
1.87682894594787,-0.889895689775223,0.0932273242724083,0.796668365502822
1.87693735018035,-0.87555104228772,0.0600180157859816,0.815533026501763
1.87704575441284,-0.860191011776387,0.0267390975978185,0.833451914178556
1.87715415864532,-0.843833415876567,-0.00657084489225802,0.85040426076885
1.8772625628778,-0.826497219275358,-0.03987317129465,0.866370390570022
1.87733017602631,-0.815197370219143,-0.0606240812207614,0.875821451439926
1.87739778917482,-0.803529810855513,-0.0813474686605221,0.884877279516036
1.87746540232333,-0.791499758987056,-0.102034075833354,0.893533834820423
1.87753301547184,-0.779112633974997,-0.122674571231758,0.901787205206756
1.8776251747312,-0.761663849964252,-0.150716800405537,0.912380650369803
1.87771733399056,-0.743576577153056,-0.178632777013278,0.922209354166354
1.87777753389531,-0.731423882021197,-0.196789041623314,0.928212923644543
1.87783773380006,-0.719009636311342,-0.214874826304966,0.93388446261629
1.87789793370482,-0.70633824862988,-0.232883719037722,0.939221967667563
1.87795813360957,-0.693414252335496,-0.250809265251987,0.944223517587436
1.87803063386934,-0.6775209128535,-0.272277599159004,0.949798512012482
1.87810313412912,-0.661276095251499,-0.293604686419791,0.954880781671287
1.87817563438889,-0.644688227938084,-0.314779475753061,0.959467703691144
1.87824813464867,-0.627765926553104,-0.335790957724154,0.963556884277286
1.87832063490844,-0.610517965547523,-0.356628250370344,0.967146215917864
1.87839313516822,-0.592953299494524,-0.377280524251091,0.970233823745586
1.87848130247985,-0.571179636183788,-0.402130603479604,0.973310239663383
1.87856946979148,-0.548967720973395,-0.426672245516874,0.975639966490244
1.87865763710311,-0.52633462794598,-0.450886599111411,0.977221227057415
1.87874580441474,-0.503297733071714,-0.474755062294545,0.978052795366261
1.87883397172637,-0.47987471835187,-0.498259326278692,0.978134044630577
1.878922139038,-0.456083554443453,-0.52138134654572,0.977464900989151
1.87901030634963,-0.43194249663395,-0.544103392068343,0.976045888702284
1.87909847366127,-0.407470064101064,-0.566408021497491,0.973878085598538
1.8791866409729,-0.382685033537209,-0.588278131625136,0.970963165162301
1.8792950452053,-0.35181131538844,-0.614547214992478,0.966358530380923
1.8794034494377,-0.320529425583989,-0.640103763034255,0.960633188618254
1.87951185367011,-0.288875742931102,-0.664918046710634,0.953793789641728
1.87962025790251,-0.256886999790494,-0.688961276547353,0.94584827633787
1.87972866213492,-0.224600319439215,-0.712205539231854,0.936805858671045
1.87983706636732,-0.192053140673719,-0.734623888097438,0.926677028771129
1.87994547059972,-0.159283223167445,-0.756190303820363,0.915473526987816
1.88005387483213,-0.12632856235423,-0.776879788509793,0.903208350863991
1.88016227906453,-0.0932273882154188,-0.796668330197182,0.889895718412604
1.88027068329694,-0.0600180799308922,-0.815532993051462,0.875551072982408
1.88037908752934,-0.0267391618676443,-0.83345188262771,0.860191044495316
1.88048749176174,0.00657078057472068,-0.850404231159228,0.843833450584511
1.88059589599415,0.0398731070067228,-0.866370362941298,0.826497255934576
1.88066350920507,0.0606240361494028,-0.875821433614983,0.815197397465586
1.880731122416,0.0813474427765354,-0.884877270774865,0.803529827998343
1.88079873562693,0.102034069081749,-0.893533834431383,0.791499765349611
1.88086634883785,0.122674583531703,-0.901787212427253,0.779112628895528
1.88095850808277,0.150716808281219,-0.912380655720801,0.761663847439565
1.88105066732769,0.178632780499288,-0.922209357885701,0.743576577386397
1.88111086722798,0.19678904376102,-0.928212926910023,0.731423883148974
1.88117106712827,0.214874827104796,-0.933884465477132,0.719009638372308
1.88123126702855,0.232883718511704,-0.939221970173504,0.706338251661807
1.88129146692884,0.250809263413456,-0.944223519788601,0.693414256375128
1.88136396719118,0.272277598103199,-0.949798514497286,0.67752091639402
1.88143646745352,0.293604686138426,-0.954880784405288,0.661276098266829
1.88150896771585,0.314779476236759,-0.959467706639676,0.644688230402901
1.88158146797819,0.335790958962393,-0.963556887405305,0.627765928442907
1.88165396824053,0.356628252351352,-0.96714621919021,0.610517966838833
1.88172646850287,0.377280526961963,-0.970233827126842,0.592953300164847
1.88181463579253,0.402130600032917,-0.973310242360002,0.571179642327081
1.8819028030822,0.426672236070661,-0.975639968874768,0.548967732804113
1.88199097037186,0.450886583837724,-0.97722122950348,0.526334645665753
1.88207913766153,0.474755041379181,-0.978052798248087,0.503297756868887
1.88216730495119,0.498259299920917,-0.978134048322275,0.479874748401367
1.88225547224086,0.521381314957975,-0.977464905864436,0.456083590906426
1.88234363953052,0.544103355475949,-0.976045895133539,0.431942539657529
1.88243180682019,0.56640798013827,-0.973878093956417,0.407470113818123
1.88251997410985,0.588278085749133,-0.970963175815219,0.382685090066099
1.88262837834218,0.614547170362835,-0.966358543072528,0.351811372709683
1.88273678257452,0.640103719706566,-0.960633203339242,0.320529483632679
1.88284518680685,0.664918004738835,-0.95379380638031,0.288875801641417
1.88295359103918,0.688961235983898,-0.945848295079911,0.256887059095976
1.88306199527152,0.712205500127529,-0.936805879400142,0.224600379272604
1.88317039950385,0.734623850501441,-0.926677051468506,0.192053200967042
1.88327880373618,0.756190267780123,-0.915473551632408,0.159283283852249
1.88338720796851,0.776879754071012,-0.903208377432519,0.126328623361493
1.88349561220085,0.796668297403612,-0.889895746879466,0.093227449475805
1.88360401643318,0.81553296194516,-0.875551103319771,0.0600181413746009
1.88371242066551,0.833451853248592,-0.86019107667323,0.0267392234246261
1.88382082489785,0.850404203545478,-0.843833484570806,-0.0065707189746597
1.88392922913018,0.866370337128885,-0.826497291694995,-0.0398730454339059
1.88399684240275,0.875821417386553,-0.815197423836087,-0.0606239935504662
1.88406445567533,0.884877263418197,-0.803529844297872,-0.081347419120352
1.8841320689479,0.893533835222901,-0.791499770911294,-0.102034064311631
1.88419968222047,0.901787220632563,-0.779112623067208,-0.122674597565391
1.88429184148171,0.912380665328291,-0.761663838118193,-0.150716827210132
1.88438400074296,0.922209368618303,-0.7435765643564,-0.178632804261928
1.88444420061302,0.928212934261515,-0.731423875926839,-0.196789058334693
1.88450440048309,0.933884469779028,-0.71900963722447,-0.214874832554574
1.88456460035315,0.939221971760504,-0.706338256848091,-0.232883714912432
1.88462480022322,0.944223518998223,-0.693414268148586,-0.250809250849618
1.88469730048789,0.949798514142296,-0.677520927841607,-0.272277586300682
1.88476980075256,0.954880784455437,-0.661276109361656,-0.293604675093816
1.88484230101723,0.959467707064304,-0.644688241118833,-0.314779465945492
1.8849148012819,0.96355688817336,-0.627765938754634,-0.335790949418746
1.88498730154657,0.967146220270343,-0.610517976721735,-0.356628243548591
1.88505980181124,0.970233828487387,-0.592953309595129,-0.377280518892288
1.88514796910587,0.973310244083872,-0.571179650645353,-0.402130593438547
1.8852361364005,0.975639970878342,-0.548967739957252,-0.426672230921108
1.88532430369513,0.977221231702703,-0.526334651603363,-0.45088658009937
1.88541247098975,0.978052800558691,-0.503297761543514,-0.474755039015173
1.88550063828438,0.978134050659793,-0.479874751768448,-0.498259298891351
1.88558880557901,0.97746490814432,-0.456083592924476,-0.521381315219814
1.88567697287364,0.976045897271426,-0.431942540288223,-0.544103356983191
1.88576514016827,0.973878095868138,-0.407470113026147,-0.566407982841988
1.8858533074629,0.970963177417012,-0.382685087819461,-0.588278089597572
1.88596171169524,0.96635854446971,-0.351811370384009,-0.614547174085736
1.88607011592758,0.960633204532825,-0.320529481234448,-0.64010372329838
1.88617852015991,0.95379380737146,-0.288875799177316,-0.664918008194137
1.88628692439225,0.945848295870173,-0.256887056572644,-0.6889612392975
1.88639532862459,0.936805879991151,-0.224600376696823,-0.712205503294329
1.88650373285693,0.926677051862162,-0.192053198345667,-0.734623853516483
1.88661213708927,0.915473551830872,-0.159283281192154,-0.756190270638735
1.88672054132161,0.903208377438229,-0.126328620669616,-0.7768797567686
1.88682894555394,0.889895746694948,-0.0932274467591058,-0.796668299935866
1.88693734978628,0.875551102947912,-0.0600181386400689,-0.815532964307849
1.88704575401862,0.860191076117066,-0.0267392206793356,-0.833451855437756
1.88715415825096,0.843833483833577,0.0065707217237203,-0.850404205557289
1.8872625624833,0.826497290780193,0.039873048179627,-0.866370338959815
1.88733017575507,0.815197422949129,0.0606239960435777,-0.875821418992737
1.88739778902684,0.803529843448965,0.0813474213588491,-0.884877264807824
1.88746540229861,0.791499770110467,0.1020340662939,-0.893533836404367
1.88753301557038,0.779112622324302,0.122674599290149,-0.901787221614488
1.88762517486245,0.761663831315317,0.150716838273873,-0.91238066958919
1.88771733415452,0.743576551073973,0.178632824568339,-0.922209375642298
1.88777753399879,0.731423867564141,0.196789070790384,-0.92821293835451
1.88783773384307,0.719009634009577,0.214874837214142,-0.93388447122369
1.88789793368734,0.706338259003318,0.232883711838811,-0.939221970842136
1.88795813353161,0.693414275890558,0.250809240114049,-0.944223516004624
1.88803063379609,0.677520935750183,0.272277575552813,-0.949798511303022
1.88810313406056,0.661276117435839,0.293604664338352,-0.95488078177416
1.88817563432503,0.644688249357557,0.314779455187087,-0.959467704544598
1.8882481345895,0.627765947156625,0.335790938662214,-0.963556885818844
1.88832063485397,0.610517985285686,0.356628232798699,-0.967146218084393
1.88839313511844,0.592953318319513,0.377280508153896,-0.970233826473399
1.88848130243996,0.571179652792576,0.40213059032296,-0.973310243115541
1.88856946976149,0.548967735259931,0.426672235240134,-0.975639970500024
1.88865763708301,0.52633463980995,0.45088659164749,-0.97722123145743
1.88874580440454,0.503297742418385,0.474755057570078,-0.978052799988451
1.88883397172607,0.479874725092561,0.498259324213986,-0.978134049306585
1.88892213904759,0.456083558495489,0.521381347055073,-0.977464905550552
1.88901030636912,0.431942497920842,0.544103395060098,-0.976045892980904
1.88909847369064,0.407470062552447,0.566408026874147,-0.973878089426608
1.88918664101217,0.382685029089308,0.588278139283549,-0.970963168372848
1.88929504524458,0.351811310782239,0.614547222401473,-0.966358533183708
1.889403449477,0.320529420832517,0.640103770182825,-0.960633191015302
1.88951185370942,0.2888757380475,0.664918053587926,-0.953793791635368
1.88962025794184,0.256886994788126,0.688961283142832,-0.945848277930965
1.88972866217425,0.224600314331507,0.712205545535388,-0.936805859866893
1.88983706640667,0.192053135474262,0.734623894099249,-0.926677029573506
1.88994547063909,0.159283217889972,0.756190309511013,-0.915473527400939
1.8900538748715,0.126328557012503,0.776879793880083,-0.903208350892572
1.89016227910392,0.0932273828234003,0.796668335238383,-0.889895718061776
1.89027068333634,0.0600180745024995,0.815532997755245,-0.875551072257717
1.89037908756875,0.0267391564168837,0.833451886985981,-0.860191043402868
1.89048749180117,-0.00657078603385957,0.850404235164474,-0.843833449130602
1.89059589603359,-0.0398731124601551,0.866370366586376,-0.826497254126209
1.89066350924295,-0.0606240411105791,0.875821436817018,-0.81519739570644
1.89073112245232,-0.0813474472415024,0.884877273549765,-0.803529826308276
1.89079873566168,-0.102034073047163,0.893533836795482,-0.791499763748326
1.89086634887104,-0.122674586994902,0.901787214397175,-0.779112627402313
1.89095850817757,-0.150716830406476,0.912380664242616,-0.761663833836138
1.89105066748409,-0.178632821094061,0.922209371928384,-0.743576550834316
1.89111086733281,-0.196789068659555,0.928212935092761,-0.73142386643316
1.89117106718153,-0.214874836416281,0.933884468364974,-0.719009631948664
1.89123126703026,-0.232883712361937,0.939221968336888,-0.706338255974923
1.89129146687898,-0.250809241944871,0.944223513802892,-0.693414271858012
1.89136396714092,-0.272277576609488,0.949798508820005,-0.677520932210521
1.89143646740285,-0.293604664628952,0.954880779043883,-0.661276114414877
1.89150896766479,-0.314779454720909,0.959467701601364,-0.644688246880415
1.89158146792672,-0.335790937449677,0.963556882697162,-0.62776594524747
1.89165396818866,-0.356628230851394,0.967146214819178,-0.610517983967752
1.8917264684506,-0.377280505484554,0.970233823099675,-0.592953317615092
1.89181463579408,-0.402130593808788,0.973310240424937,-0.571179646616148
1.89190280313757,-0.426672244723197,0.975639968120284,-0.548967723397056
1.89199097048105,-0.450886606955739,0.977221229014906,-0.526334622059165
1.89207913782454,-0.474755078517691,0.978052797109111,-0.503297718591433
1.89216730516802,-0.49825935060177,0.978134045616333,-0.479874695014545
1.89225547251151,-0.52138137867059,0.977464900675995,-0.456083522005387
1.89234363985499,-0.544103431678105,0.976045886549662,-0.431942454871554
1.89243180719848,-0.566408068256843,0.973878081068084,-0.407470012811251
1.89251997454196,-0.588278185180988,0.970963157718796,-0.382684972537774
1.89262837877445,-0.614547267052625,0.966358520489949,-0.351811253437305
1.89273678300694,-0.640103813532042,0.96063317629117,-0.320529362759144
1.89284518723943,-0.664918095581159,0.953793774892577,-0.288875679311392
1.89295359147192,-0.68896132372767,0.945848259183563,-0.256886935455868
1.89306199570441,-0.712205584660949,0.936805839131291,-0.224600254470318
1.89317039993691,-0.734623931716255,0.92667700686841,-0.192053075152134
1.8932788041694,-0.75619034557197,0.915473502747384,-0.159283157175373
1.89338720840189,-0.776879828339314,0.903208324313802,-0.126328495974486
1.89349561263438,-0.796668368051943,0.889895689583346,-0.0932273215313848
1.89360401686687,-0.81553302888111,0.87555104190736,-0.060018013026262
1.89371242109936,-0.833451916384048,0.860191011210566,-0.0267390948264892
1.89382082533185,-0.850404262796681,0.843833415128541,0.00657084766816624
1.89392922956434,-0.86637039241654,0.826497218348531,0.0398731740680193
1.89399684271202,-0.875821453057541,0.815197369324253,0.0606240837332955
1.8940644558597,-0.884877280913216,0.803529810003015,0.0813474709102181
1.89413206900738,-0.893533836005901,0.791499758187275,0.102034077818612
1.89419968215506,-0.901787206189391,0.779112633238119,0.12267457295129
1.89429184144522,-0.912380654628422,0.76166384317302,0.1507168114554
1.89438400073538,-0.922209361185528,0.743576563888341,0.178632797297204
1.89444420061436,-0.928212927735444,0.731423873671776,0.196789054063725
1.89450440049335,-0.93388446406133,0.71900963310495,0.214874830956386
1.89456460037233,-0.939221966751777,0.706338250788712,0.232883715963079
1.89462480025132,-0.944223514598312,0.693414260075932,0.25080925452241
1.89469730051089,-0.949798509177625,0.677520920760302,0.272277588417327
1.89476980077047,-0.954880778994325,0.661276103323732,0.293604675670607
1.89484230103005,-0.959467701175713,0.644688236174687,0.314779465001037
1.89491480128962,-0.963556881926847,0.627765934952785,0.33579094697408
1.8949873015492,-0.967146213735945,0.610517974108929,0.356628239627042
1.89505980180877,-0.970233821735568,0.592953308216151,0.377280513519408
1.89514796914729,-0.973310238698423,0.571179638331098,0.402130600367305
1.8952361364858,-0.975639966115001,0.548967716279136,0.426672249835894
1.89532430382432,-0.977221226815032,0.526334616158689,0.450886610656332
1.89541247116283,-0.978052794799007,0.503297713955902,0.474755080843114
1.89550063850135,-0.978134043280541,0.479874691688559,0.498259351591998
1.89558880583987,-0.977464898399147,0.456083520030349,0.521381378368785
1.89567697317838,-0.976045884416149,0.431942454285879,0.544103430130286
1.8957651405169,-0.97387807916222,0.407470013650219,0.566408065512025
1.89585330785541,-0.970963156124463,0.38268497483346,0.588278181290985
1.8959617120879,-0.966358519102,0.351811255813053,0.614547263288947
1.89607011632038,-0.960633175108679,0.320529365208339,0.640103809900311
1.89617852055286,-0.953793773914323,0.288875681827454,0.664918092086858
1.89628692478535,-0.945848258408057,0.256886938031966,0.688961320376092
1.89639532901783,-0.936805838556856,0.224600257099679,0.712205581457205
1.89650373325032,-0.926677006493202,0.192053077827866,0.734623928665306
1.8966121374828,-0.915473502569155,0.159283159890527,0.756190342678626
1.89672054171529,-0.903208324330243,0.126328498722076,0.776879825608178
1.89682894594777,-0.889895689791836,0.093227324304404,0.796668365487437
1.89693735018025,-0.875551042305135,0.0600180158176497,0.815533026487493
1.89704575441274,-0.860191011794515,0.0267390976291484,0.833451914165355
1.89715415864522,-0.843833415895408,-0.00657084486131849,0.850404260756709
1.89726256287771,-0.826497219294831,-0.0398731712641546,0.866370390558968
1.89733017602624,-0.815197370234598,-0.0606240811985493,0.875821451433116
1.89739778917478,-0.803529810866631,-0.0813474686465703,0.884877279513184
1.89746540232332,-0.791499758993523,-0.102034075827666,0.893533834821187
1.89753301547185,-0.779112633976517,-0.122674571234273,0.901787205210808
1.89762517473121,-0.761663849965156,-0.150716800408898,0.912380650374081
1.89771733399057,-0.743576577153364,-0.178632777017376,0.922209354170721
1.89777753389532,-0.731423882022969,-0.196789041625163,0.928212923648147
1.89783773380007,-0.719009636314587,-0.214874826304561,0.933884462619145
1.89789793370481,-0.706338248634742,-0.232883719035073,0.939221967669766
1.89795813360956,-0.693414252342,-0.250809265247096,0.944223517589095
1.89803063386933,-0.677520912860104,-0.272277599154087,0.949798512014173
1.89810313412911,-0.661276095258241,-0.293604686414822,0.954880781673067
1.89817563438888,-0.64468822794497,-0.314779475748029,0.959467703693013
1.89824813464866,-0.627765926560106,-0.335790957719107,0.963556884279192
1.89832063490843,-0.61051796555466,-0.35662825036525,0.967146215919905
1.8983931351682,-0.592953299501762,-0.377280524245957,0.970233823747723
1.89848130247983,-0.571179636191669,-0.402130603473902,0.973310239665547
1.89856946979146,-0.548967720981894,-0.426672245510635,0.975639966492485
1.89865763710309,-0.52633462795512,-0.450886599104625,0.977221227059765
1.89874580441472,-0.503297733081543,-0.474755062287281,0.978052795368811
1.89883397172635,-0.479874718362399,-0.498259326270897,0.978134044633283
1.89892213903798,-0.456083554454687,-0.521381346537471,0.977464900992151
1.8990103063496,-0.431942496645919,-0.54410339205965,0.97604588870555
1.89909847366123,-0.407470064113752,-0.566408021488388,0.973878085602139
1.89918664097286,-0.382685033550598,-0.588278131615679,0.970963165166288
1.89929504520527,-0.351811315401997,-0.614547214983202,0.966358530385209
1.89940344943767,-0.320529425597697,-0.640103763025224,0.960633188622927
1.89951185367007,-0.288875742944913,-0.664918046701806,0.9537937896467
1.89962025790248,-0.256886999804424,-0.688961276538772,0.94584827634321
1.89972866213488,-0.224600319453254,-0.71220553922351,0.936805858676725
1.89983706636729,-0.19205314068779,-0.734623888089359,0.926677028777147
1.89994547059969,-0.159283223181565,-0.756190303812597,0.915473526994154
1.90005387483209,-0.126328562368408,-0.776879788502278,0.903208350870662
1.9001622790645,-0.0932273882296833,-0.796668330189953,0.889895718419622
1.9002706832969,-0.0600180799452082,-0.815532993044575,0.875551072989734
1.90037908752931,-0.0267391618819816,-0.833451882621009,0.86019104450298
1.90048749176171,0.00657078056037002,-0.850404231152869,0.843833450592465
1.90059589599411,0.0398731069923602,-0.866370362935246,0.826497255942897
1.90066350920506,0.0606240361420955,-0.875821433612282,0.815197397470161
1.90073112241601,0.0813474427762555,-0.884877270775227,0.803529827998946
1.90079873562696,0.102034069088433,-0.893533834434509,0.791499765346033
1.90086634883791,0.122674583545314,-0.901787212432891,0.779112628887559
1.90095850808285,0.15071680830193,-0.912380655728635,0.761663847426635
1.90105066732779,0.178632780527003,-0.922209357895219,0.743576577368202
1.90111086722805,0.196789043777743,-0.928212926915482,0.7314238831377
1.9011710671283,0.214874827110692,-0.933884465478905,0.719009638368207
1.90123126702855,0.23288371850681,-0.939221970172052,0.706338251665212
1.9012914669288,0.250809263397852,-0.944223519784263,0.693414256386374
1.90136396719111,0.272277598078808,-0.949798514490941,0.677520916412155
1.90143646745342,0.293604686105416,-0.954880784397458,0.661276098292028
1.90150896771573,0.314779476195243,-0.959467706630761,0.644688230435487
1.90158146797803,0.335790958912511,-0.963556887395683,0.62776592848315
1.90165396824034,0.356628252293287,-0.967146219180298,0.610517966887012
1.90172646850265,0.377280526895909,-0.970233827117058,0.592953300221114
1.90181463579231,0.402130599966433,-0.973310242351961,0.571179642385538
1.90190280308197,0.426672236003787,-0.975639968868564,0.548967732864732
1.90199097037163,0.450886583770551,-0.977221229499094,0.526334645728541
1.90207913766129,0.474755041311808,-0.978052798245676,0.503297756933836
1.90216730495095,0.498259299853429,-0.97813404832189,0.479874748468485
1.90225547224061,0.521381314890462,-0.97746490586615,0.456083590975634
1.90234363953027,0.544103355408498,-0.976045895137377,0.431942539728878
1.90243180681993,0.566407980070971,-0.973878093962511,0.407470113891522
1.90251997410959,0.588278085682026,-0.970963175823656,0.382685090141612
1.90262837834192,0.614547170296827,-0.966358543083712,0.351811372786885
1.90273678257425,0.640103719641817,-0.960633203353254,0.320529483711447
1.90284518680658,0.664918004675334,-0.953793806397136,0.288875801721779
1.90295359103892,0.688961235921801,-0.945848295099648,0.256887059177787
1.90306199527125,0.712205500066954,-0.936805879422798,0.224600379355813
1.90317039950358,0.734623850442464,-0.926677051494065,0.192053201051585
1.90327880373591,0.756190267722867,-0.915473551660904,0.159283283938015
1.90338720796824,0.776879754015549,-0.903208377464026,0.126328623448457
1.90349561220057,0.796668297350075,-0.889895746913902,0.0932274495638051
1.9036040164329,0.815532961893614,-0.875551103357182,0.0600181414635424
1.90371242066523,0.833451853199139,-0.860191076713643,0.0267392235144805
1.90382082489756,0.850404203498193,-0.843833484614135,-0.00657071888405545
1.90392922912989,0.866370337083869,-0.826497291741336,-0.0398730453425706
1.90399684240256,0.875821417355918,-0.815197423868254,-0.0606239934877082
1.90406445567522,0.884877263400902,-0.803529844314842,-0.0813474190860789
1.90413206894789,0.893533835217826,-0.791499770912041,-0.102034064305795
1.90419968222055,0.901787220638591,-0.77911262305077,-0.122674597587835
1.90429184148183,0.912380665337589,-0.76166383809429,-0.150716827243305
1.90438400074311,0.9222093686303,-0.74357656432459,-0.178632804305715
1.90444420061312,0.928212934267485,-0.731423875905104,-0.196789058362412
1.90450440048314,0.933884469779636,-0.719009637213283,-0.214874832566369
1.90456460035315,0.939221971756287,-0.706338256847931,-0.232883714908377
1.90462480022316,0.944223518989801,-0.693414268159907,-0.250809250829917
1.90469730048783,0.949798514133966,-0.677520927854259,-0.272277586279697
1.90476980075249,0.954880784447216,-0.661276109375607,-0.29360467507163
1.90484230101716,0.959467707056247,-0.644688241134183,-0.31477946592211
1.90491480128182,0.963556888165559,-0.627765938771386,-0.33579094939419
1.90498730154649,0.967146220262847,-0.610517976739963,-0.3566282435229
1.90505980181115,0.970233828480254,-0.592953309614837,-0.377280518865464
1.90514796910579,0.973310244077678,-0.571179650664064,-0.402130593413645
1.90523613640042,0.975639970872931,-0.548967739974811,-0.426672230898139
1.90532430369506,0.977221231698003,-0.526334651619708,-0.450886580078289
1.90541247098969,0.978052800554542,-0.503297761558583,-0.47475503899597
1.90550063828433,0.978134050656147,-0.479874751782184,-0.498259298873982
1.90558880557896,0.977464908141068,-0.456083592936891,-0.521381315204213
1.9056769728736,0.976045897268503,-0.431942540299144,-0.544103356969341
1.90576514016823,0.973878095865402,-0.407470113035569,-0.566407982829841
1.90585330746287,0.970963177414396,-0.382685087827323,-0.58827808958707
1.9059617116952,0.966358544467437,-0.351811370392203,-0.614547174075253
1.90607011592754,0.960633204530944,-0.320529481243015,-0.640103723287904
1.90617852015988,0.953793807369969,-0.288875799186268,-0.664918008183737
1.90628692439222,0.945848295869054,-0.256887056581963,-0.688961239287104
1.90639532862455,0.936805879990465,-0.224600376706485,-0.712205503284012
1.90650373285689,0.926677051861994,-0.192053198355692,-0.734623853506284
1.90661213708923,0.915473551831134,-0.159283281202496,-0.75619027062867
1.90672054132157,0.903208377438963,-0.12632862068031,-0.776879756758685
1.9068289455539,0.889895746696186,-0.0932274467700957,-0.79666829992609
1.90693734978624,0.875551102949625,-0.0600181386513791,-0.815532964298263
1.90704575401858,0.860191076119293,-0.0267392206909236,-0.8334518554284
1.90715415825092,0.843833483836323,0.00657072171183525,-0.850404205548181
1.90726256248325,0.826497290783464,0.039873048167487,-0.866370338950954
1.90733017575504,0.815197422949726,0.0606239960367862,-0.875821418986528
1.90739778902683,0.803529843446618,0.0813474213573872,-0.884877264804023
1.90746540229862,0.79149977010501,0.102034066297745,-0.893533836402773
1.9075330155704,0.779112622315644,0.122674599299242,-0.901787221614893
1.90762517486246,0.761663831309693,0.150716838277821,-0.912380669587555
1.90771733415451,0.743576551071685,0.178632824567164,-0.922209375638859
1.90777753399879,0.731423867561515,0.196789070789763,-0.928212938351304
1.90783773384306,0.719009634006567,0.214874837214063,-0.933884471220638
1.90789793368734,0.706338259000027,0.232883711839222,-0.939221970839218
1.90795813353161,0.693414275886883,0.250809240114979,-0.944223516001827
1.90803063379609,0.677520935744682,0.272277575556206,-0.949798511300881
1.90810313406057,0.661276117428421,0.293604664344127,-0.95488078177252
1.90817563432505,0.644688249348134,0.314779455195244,-0.959467704543355
1.90824813458953,0.627765947145165,0.335790938672671,-0.963556885817865
1.90832063485401,0.610517985272142,0.35662823281145,-0.967146218083581
1.90839313511849,0.592953318303764,0.377280508168907,-0.970233826472656
1.90848130244002,0.571179652774482,0.402130590340123,-0.973310243114596
1.90856946976155,0.548967735239404,0.426672235259429,-0.975639970498833
1.90865763708309,0.526334639786874,0.450886591668854,-0.977221231455739
1.90874580440462,0.503297742392829,0.474755057593382,-0.978052799986178
1.90883397172616,0.479874725064372,0.498259324239199,-0.978134049303567
1.90892213904769,0.456083558464644,0.521381347082056,-0.977464905546682
1.90901030636922,0.431942497887256,0.544103395088786,-0.976045892976005
1.90909847369076,0.407470062516164,0.566408026904409,-0.973878089420565
1.90918664101229,0.382685029050224,0.588278139315274,-0.97096316836551
1.90929504524471,0.351811310742924,0.614547222432205,-0.966358533175123
1.90940344947712,0.32052942079303,0.640103770212511,-0.960633191005536
1.90951185370954,0.288875738007863,0.664918053616474,-0.953793791624357
1.90962025794196,0.256886994748408,0.688961283170384,-0.945848277918788
1.90972866217437,0.224600314291798,0.712205545561798,-0.936805859853606
1.90983706640679,0.192053135434575,0.734623894124533,-0.9266770295591
1.9099454706392,0.159283217850298,0.756190309535153,-0.915473527385411
1.91005387487162,0.12632855697297,0.776879793903112,-0.903208350876086
1.91016227910404,0.0932273827839727,0.796668335260245,-0.889895718044213
1.91027068333645,0.0600180744632434,0.815532997775935,-0.875551072239161
1.91037908756887,0.0267391563778053,0.833451887005542,-0.860191043383323
1.91048749180129,-0.00657078607260937,0.850404235182869,-0.843833449110251
1.9105958960337,-0.0398731124985987,0.866370366603553,-0.826497254104924
1.91066350924304,-0.0606240411397721,0.875821436829415,-0.815197395689674
1.91073112245237,-0.0813474472614576,0.884877273557775,-0.803529826296284
1.9107987356617,-0.102034073057865,0.893533836799405,-0.791499763741513
1.91086634887104,-0.122674586996381,0.901787214397412,-0.779112627401012
1.91095850817752,-0.150716830396621,0.912380664238749,-0.76166383384207
1.91105066748401,-0.178632821073051,0.922209371921083,-0.743576550848047
1.91111086733275,-0.196789068646627,0.928212935088447,-0.7314238664418
1.9111710671815,-0.2148748364114,0.933884468363374,-0.719009631952006
1.91123126703025,-0.232883712365071,0.939221968337786,-0.706338255972703
1.911291466879,-0.250809241955938,0.944223513805989,-0.693414271850013
1.91136396714093,-0.272277576618397,0.949798508822412,-0.677520932203988
1.91143646740286,-0.293604664635769,0.954880779045682,-0.661276114409877
1.91150896766479,-0.314779454725624,0.959467701602636,-0.644688246876994
1.91158146792672,-0.335790937452307,0.96355688269804,-0.627765945245717
1.91165396818865,-0.356628230852036,0.967146214819761,-0.61051798396769
1.91172646845058,-0.377280505483181,0.970233823100063,-0.59295331761689
1.91181463579402,-0.402130593796152,0.973310240424265,-0.571179646628093
1.91190280313747,-0.426672244699606,0.975639968119213,-0.548967723419579
1.91199097048091,-0.450886606921513,0.977221229014089,-0.526334622092601
1.91207913782436,-0.474755078473171,0.978052797109304,-0.503297718636116
1.9121673051678,-0.498259350547332,0.978134045618212,-0.479874695070862
1.91225547251125,-0.521381378606622,0.977464900680221,-0.456083522073571
1.91234363985469,-0.544103431605015,0.976045886556917,-0.431942454951868
1.91243180719814,-0.566408068175097,0.973878081079082,-0.40747001290396
1.91251997454158,-0.588278185091006,0.970963157734169,-0.382684972643142
1.91262837877407,-0.614547266964639,0.966358520509365,-0.351811253544713
1.91273678300656,-0.640103813446171,0.960633176314662,-0.320529362868496
1.91284518723905,-0.664918095497549,0.95379377492018,-0.288875679422605
1.91295359147153,-0.688961323646441,0.945848259215242,-0.256886935568752
1.91306199570402,-0.712205584582235,0.936805839167063,-0.224600254584842
1.91317039993651,-0.73462393164019,0.926677006908294,-0.192053075268101
1.913278804169,-0.756190345498646,0.915473502791311,-0.159283157292646
1.91338720840149,-0.776879828268862,0.903208324361826,-0.126328496092982
1.91349561263398,-0.796668367984489,0.889895689635459,-0.0932273216509818
1.91360401686647,-0.815533028816721,0.875551041963556,-0.0600180131468281
1.91371242109895,-0.833451916322933,0.860191011270746,-0.0267390949478335
1.91382082533144,-0.850404262738854,0.843833415192754,0.00657084754613993
1.91392922956393,-0.866370392362165,0.826497218416679,0.0398731739455031
1.91399684271174,-0.875821453022819,0.815197369373204,0.0606240836496248
1.91406445585954,-0.884877280896663,0.803529810031371,0.0813474708653019
1.91413206900735,-0.893533836006021,0.791499758193686,0.102034077812356
1.91419968215516,-0.901787206204742,0.779112633221259,0.122674572983504
1.91429184144531,-0.912380654642534,0.761663843156267,0.150716811486306
1.91438400073546,-0.922209361198469,0.74357656387171,0.178632797326779
1.91444420061441,-0.928212927744315,0.731423873662361,0.196789054081958
1.91450440049336,-0.933884464066435,0.719009633103149,0.214874830963323
1.91456460037231,-0.939221966753618,0.706338250794792,0.232883715958847
1.91462480025126,-0.94422351459733,0.693414260090231,0.250809254507091
1.91469730051085,-0.949798509178272,0.677520920771105,0.272277588407186
1.91476980077044,-0.954880778996434,0.661276103330818,0.293604675665633
1.91484230103004,-0.959467701179003,0.644688236177879,0.314779465001152
1.91491480128963,-0.963556881931153,0.627765934951928,0.335790946979234
1.91498730154922,-0.967146213740982,0.610517974103891,0.356628239637082
1.91505980180882,-0.970233821741089,0.592953308206766,0.377280513534324
1.91514796914733,-0.973310238703557,0.571179638321506,0.402130600382095
1.91523613648585,-0.975639966119784,0.548967716269289,0.426672249850529
1.91532430382436,-0.977221226819445,0.52633461614866,0.450886610670807
1.91541247116288,-0.978052794803108,0.503297713945674,0.474755080857394
1.91550063850139,-0.978134043284273,0.479874691678134,0.498259351606129
1.91558880583991,-0.977464898402454,0.456083520019778,0.521381378382687
1.91567697317842,-0.976045884419182,0.431942454275166,0.544103430143966
1.91576514051694,-0.973878079164835,0.407470013639323,0.566408065525526
1.91585330785546,-0.970963156126698,0.382684974822445,0.588278181304253
1.91596171208794,-0.966358519103787,0.351811255801919,0.614547263301876
1.91607011632042,-0.960633175110049,0.320529365197124,0.640103809912906
1.91617852055291,-0.953793773915225,0.288875681816122,0.664918092099113
1.91628692478539,-0.945848258408595,0.256886938020595,0.688961320387981
1.91639532901788,-0.936805838557,0.2246002570883,0.712205581468723
1.91650373325036,-0.926677006492891,0.192053077816428,0.734623928676468
1.91661213748284,-0.915473502568512,0.159283159879081,0.756190342689413
1.91672054171533,-0.903208324329256,0.126328498710655,0.77687982561858
1.91682894594781,-0.889895689790445,0.0932273242929886,0.796668365497496
1.91693735018029,-0.875551042303401,0.0600180158062651,0.815533026497127
1.91704575441278,-0.860191011792387,0.0267390976178021,0.833451914174601
1.91715415864526,-0.84383341589297,-0.00657084487260209,0.850404260765567
1.91726256287775,-0.826497219292084,-0.0398731712753436,0.866370390567449
1.91733017602628,-0.815197370232774,-0.0606240812076573,0.875821451440416
1.91739778917481,-0.803529810865773,-0.0813474686535751,0.884877279519408
1.91746540232334,-0.791499758993778,-0.102034075832563,0.893533834826372
1.91753301547186,-0.779112633978005,-0.122674571237032,0.901787205215063
1.91762517473123,-0.761663849966589,-0.150716800411548,0.912380650378157
1.91771733399059,-0.743576577154754,-0.178632777019952,0.922209354174698
1.91777753389533,-0.731423882024986,-0.196789041626704,0.928212923651703
1.91783773380007,-0.71900963631724,-0.214874826305104,0.933884462622347
1.91789793370481,-0.70633824863805,-0.232883719034628,0.939221967672669
1.91795813360956,-0.69341425234608,-0.250809265245638,0.944223517591694
1.91803063386932,-0.677520912866335,-0.272277599149783,0.949798512016106
1.91810313412909,-0.661276095266708,-0.293604686407691,0.954880781674376
1.91817563438885,-0.644688227955791,-0.314779475738091,0.959467703693907
1.91824813464861,-0.627765926573346,-0.335790957706434,0.963556884279775
1.91832063490838,-0.610517965570408,-0.356628250349881,0.967146215920291
1.91839313516814,-0.592953299520147,-0.377280524227956,0.970233823748104
1.91848130247977,-0.571179636212242,-0.40213060345396,0.973310239666188
1.91856946979139,-0.548967721004727,-0.426672245488825,0.97563996649353
1.91865763710301,-0.526334627980307,-0.450886599081045,0.977221227061346
1.91874580441463,-0.503297733109089,-0.474755062261954,0.978052795371036
1.91883397172625,-0.479874718392316,-0.498259326243985,0.978134044636335
1.91892213903787,-0.456083554487085,-0.521381346509006,0.977464900996082
1.91901030634949,-0.431942496680792,-0.544103392029745,0.976045888710519
1.91909847366111,-0.407470064151146,-0.566408021457148,0.973878085608285
1.91918664097273,-0.382685033590589,-0.588278131583132,0.970963165173747
1.91929504520514,-0.351811315442355,-0.614547214951606,0.96635853039396
1.91940344943754,-0.320529425638383,-0.64010376299459,0.960633188632958
1.91951185366995,-0.288875742985865,-0.664918046672182,0.953793789657987
1.91962025790235,-0.256886999845601,-0.688961276510139,0.945848276355725
1.91972866213476,-0.224600319494633,-0.712205539195915,0.936805858690505
1.91983706636716,-0.192053140729324,-0.734623888062822,0.926677028792132
1.91994547059957,-0.159283223223215,-0.756190303787147,0.915473527010336
1.92005387483197,-0.126328562410129,-0.776879788477942,0.903208350888012
1.92016227906437,-0.0932273882713861,-0.796668330166731,0.88989571843808
1.92027068329678,-0.0600180799868715,-0.815532993022458,0.875551073009328
1.92037908752918,-0.0267391619235896,-0.833451882600117,0.860191044523686
1.92048749176159,0.0065707805189305,-0.850404231133135,0.843833450614196
1.92059589599399,0.0398731069510967,-0.866370362916713,0.826497255965585
1.92066350920497,0.0606240361111328,-0.875821433599026,0.815197397487877
1.92073112241596,0.0813474427555965,-0.884877270766878,0.803529828011237
1.92079873562694,0.102034069078087,-0.893533834430692,0.791499765352601
1.92086634883792,0.122674583545184,-0.901787212433188,0.779112628887992
1.92095850808288,0.150716808308326,-0.912380655731206,0.761663847422847
1.92105066732785,0.178632780539893,-0.922209357899771,0.74357657735988
1.92111086722808,0.19678904378543,-0.928212926918034,0.731423883132579
1.92117106712832,0.214874827113195,-0.933884465479712,0.719009638366508
1.92123126702855,0.232883718504172,-0.939221970171232,0.706338251667044
1.92129146692879,0.250809263390139,-0.944223519782042,0.693414256391911
1.92136396719112,0.272277598076877,-0.949798514490283,0.677520916413388
1.92143646745344,0.29360468610921,-0.954880784398064,0.66127609828882
1.92150896771577,0.314779476204665,-0.959467706632358,0.644688230427654
1.9215814679781,0.335790958927468,-0.963556887398,0.627765928470496
1.92165396824043,0.356628252313636,-0.967146219183042,0.610517966869426
1.92172646850275,0.37728052692155,-0.970233827120014,0.592953300198401
1.92181463579247,0.402130600007087,-0.973310242355711,0.571179642348603
1.92190280308218,0.426672236058967,-0.975639968872147,0.548967732813149
1.9219909703719,0.450886583839852,-0.977221229501643,0.526334645661773
1.92207913766161,0.474755041394702,-0.978052798246193,0.503297756851485
1.92216730495133,0.498259299949418,-0.978134048319522,0.479874748370107
1.92225547224104,0.521381314999006,-0.9774649058599,0.456083590860888
1.92234363953076,0.54410335552898,-0.976045895126394,0.431942539597387
1.92243180682047,0.566407980202815,-0.973878093945814,0.407470113742978
1.92251997411019,0.588278085824558,-0.970963175800317,0.382685089975739
1.92262837834252,0.61454717043578,-0.966358543054181,0.351811372618363
1.92273678257485,0.640103719777008,-0.960633203317451,0.320529483540408
1.92284518680718,0.664918004806717,-0.953793806355141,0.288875801548415
1.92295359103952,0.688961236049095,-0.945848295051418,0.256887059002304
1.92306199527185,0.712205500190004,-0.936805879368397,0.224600379178365
1.92317039950418,0.734623850561134,-0.926677051433575,0.192053200872416
1.92327880373651,0.756190267836954,-0.915473551594334,0.15928328375736
1.92338720796884,0.776879754124911,-0.903208377391364,0.126328623266422
1.92349561220118,0.796668297454564,-0.88989574683529,0.0932274493806886
1.92360401643351,0.81553296199307,-0.875551103272615,0.0600181412795558
1.92371242066584,0.833451853293469,-0.860191076623255,0.0267392233297608
1.92382082489817,0.850404203587207,-0.843833484517986,-0.00657071906922569
1.9239292291305,0.866370337167466,-0.826497291639462,-0.039873045528002
1.92399684240299,0.875821417411673,-0.815197423793213,-0.0606239936185063
1.92406445567548,0.884877263430865,-0.803529844268468,-0.0813474191623955
1.92413206894797,0.893533835224094,-0.791499770896373,-0.102034064327729
1.92419968222046,0.901787220623266,-0.779112623067632,-0.122674597555643
1.92429184148173,0.912380665322669,-0.7616638381125,-0.150716827210148
1.92438400074301,0.922209368615821,-0.743576564344211,-0.178632804271622
1.92444420061306,0.928212934257756,-0.731423875916494,-0.196789058341271
1.92450440048312,0.933884469774092,-0.71900963721606,-0.214874832558073
1.92456460035317,0.939221971754548,-0.706338256841712,-0.232883714912872
1.92462480022323,0.944223518991349,-0.693414268144326,-0.250809250847026
1.9246973004879,0.949798514135241,-0.677520927837688,-0.272277586297557
1.92476980075256,0.954880784448254,-0.661276109358092,-0.293604675090168
1.92484230101723,0.959467707056948,-0.644688241115622,-0.314779465941329
1.9249148012819,0.963556888165903,-0.627765938751843,-0.335790949414048
1.92498730154657,0.967146220262786,-0.610517976719375,-0.356628243543389
1.92505980181124,0.970233828479767,-0.592953309593212,-0.377280518886573
1.92514796910591,0.973310244077478,-0.571179650633242,-0.402130593444273
1.92523613640058,0.975639970872544,-0.548967739934533,-0.426672230937992
1.92532430369525,0.977221231696778,-0.526334651569697,-0.450886580127089
1.92541247098992,0.978052800551884,-0.503297761498542,-0.474755039053394
1.92550063828459,0.978134050651516,-0.479874751711872,-0.498259298939656
1.92558880557926,0.977464908133822,-0.456083592856002,-0.521381315277824
1.92567697287393,0.976045897258016,-0.431942540207481,-0.544103357050539
1.9257651401686,0.973878095851172,-0.407470112932945,-0.56640798291823
1.92585330746327,0.970963177395745,-0.382685087713613,-0.588278089682162
1.9259617116956,0.966358544444794,-0.351811370277405,-0.61454717416739
1.92607011592794,0.960633204504277,-0.320529481127299,-0.640103723377
1.92617852016027,0.953793807339415,-0.288875799069714,-0.664918008269675
1.92628692439261,0.945848295834627,-0.256887056464723,-0.688961239369873
1.92639532862494,0.936805879952257,-0.224600376588698,-0.71220550336355
1.92650373285728,0.926677051819998,-0.192053198237522,-0.734623853582447
1.92661213708962,0.915473551785502,-0.159283281084088,-0.756190270701418
1.92672054132195,0.903208377389739,-0.126328620561765,-0.776879756827954
1.92682894555429,0.889895746643431,-0.0932274466515765,-0.796668299991863
1.92693734978662,0.875551102893505,-0.0600181385330451,-0.815532964360464
1.92704575401896,0.860191076059848,-0.0267392205728951,-0.833451855486948
1.92715415825129,0.843833483773625,0.00657072182943953,-0.850404205603078
1.92726256248363,0.826497290717606,0.0398730482845294,-0.866370339002146
1.9273301757553,0.815197422902518,0.0606239961162917,-0.87582141901881
1.92739778902696,0.803529843419415,0.0813474213994875,-0.884877264818898
1.92746540229863,0.791499770099134,0.102034066302523,-0.893533836401637
1.92753301557029,0.779112622332306,0.122674599266844,-0.901787221599146
1.9276251748623,0.761663831337231,0.150716838229651,-0.912380669566893
1.9277173341543,0.743576551110759,0.17863282450344,-0.922209375614199
1.92777753399865,0.7314238675852,0.196789070750394,-0.928212938335571
1.92783773384301,0.719009634014119,0.214874837198895,-0.933884471213036
1.92789793368736,0.706338258990737,0.232883711848094,-0.939221970838822
1.92795813353172,0.69341427586012,0.250809240147609,-0.944223516007728
1.92803063379617,0.677520935724712,0.272277575578905,-0.949798511303616
1.92810313406061,0.661276117415494,0.293604664357059,-0.95488078177258
1.92817563432506,0.644688249342658,0.314779455198506,-0.959467704541175
1.9282481345895,0.627765947147405,0.335790938666455,-0.963556885813835
1.92832063485395,0.610517985282399,0.356628232795867,-0.967146218078266
1.9283931351184,0.592953318322324,0.377280508144128,-0.970233826466441
1.9284813024399,0.571179652801979,0.40213059030614,-0.973310243108107
1.9285694697614,0.548967735276145,0.4266722352165,-0.975639970492618
1.9286576370829,0.52633463983323,0.450886591617253,-0.977221231450479
1.9287458044044,0.503297742448969,0.474755057533393,-0.978052799982375
1.92883397172589,0.479874725130593,0.498259324171204,-0.978134049301819
1.92892213904739,0.456083558541191,0.521381347006392,-0.977464905547551
1.92901030636889,0.431942497974305,0.544103395005785,-0.976045892980057
1.92909847369039,0.407470062613881,0.5664080268145,-0.9738780894284
1.92918664101189,0.382685029158807,0.588278139218869,-0.970963168377653
1.92929504524431,0.351811310853068,0.61454722233836,-0.966358533191416
1.92940344947673,0.320529420904579,0.640103770121344,-0.9606331910259
1.92951185370914,0.288875738120708,0.664918053528124,-0.953793791648812
1.92962025794156,0.256886994862376,0.688961283084888,-0.945848277947238
1.92972866217398,0.224600314406734,0.712205545479338,-0.936805859886063
1.92983706640639,0.192053135550361,0.734623894045178,-0.926677029595512
1.92994547063881,0.159283217966811,0.756190309458963,-0.91547352742576
1.93005387487122,0.126328557090098,0.776879793830172,-0.903208350920238
1.93016227910364,0.0932273829015842,0.796668335190669,-0.889895718092234
1.93027068333606,0.0600180745811661,0.815532997709814,-0.875551072290926
1.93037908756847,0.026739156495923,0.83345188694287,-0.860191043438796
1.93048749180089,-0.00657078595451146,0.850404235123784,-0.84383344916928
1.9305958960333,-0.0398731123806199,0.866370366548167,-0.826497254167536
1.93066350924275,-0.0606240410558718,0.875821436791495,-0.815197395735607
1.93073112245219,-0.0813474472115971,0.88487727353602,-0.80352982632437
1.93079873566164,-0.102034073041957,0.893533836792521,-0.791499763750528
1.93086634887108,-0.122674587014257,0.901787214404054,-0.779112627389805
1.93095850817753,-0.150716830402126,0.912380664240521,-0.761663833838383
1.93105066748397,-0.178632821066345,0.922209371918682,-0.743576550852337
1.93111086733273,-0.196789068643393,0.928212935087368,-0.731423866443972
1.93117106718149,-0.214874836411569,0.933884468363468,-0.719009631951873
1.93123126703025,-0.232883712368623,0.93922196833889,-0.70633825597025
1.93129146687901,-0.250809241962833,0.944223513807937,-0.693414271845138
1.93136396714096,-0.27227757662902,0.94979850882523,-0.677520932196214
1.9314364674029,-0.293604664650066,0.954880779049218,-0.661276114399149
1.93150896766484,-0.314779454743537,0.959467701606734,-0.644688246863166
1.93158146792678,-0.335790937473754,0.963556882702435,-0.627765945228671
1.93165396818872,-0.356628230876963,0.967146214824325,-0.610517983947359
1.93172646845067,-0.377280505511522,0.970233823104608,-0.592953317593093
1.9318146357941,-0.402130593820089,0.973310240427639,-0.571179646607537
1.93190280313753,-0.426672244719189,0.975639968121613,-0.548967723402431
1.93199097048096,-0.450886606936875,0.977221229015844,-0.526334622078946
1.93207913782438,-0.474755078484397,0.978052797110629,-0.503297718626192
1.93216730516781,-0.498259350554563,0.978134045619302,-0.479874695064712
1.93225547251124,-0.521381378609969,0.977464900681347,-0.456083522071357
1.93234363985467,-0.54410343160464,0.97604588655838,-0.431942454953712
1.9324318071981,-0.566408068171113,0.973878081081108,-0.407470012909961
1.93251997454153,-0.58827818508356,0.970963157737008,-0.382684972653392
1.93262837877402,-0.61454726695757,0.966358520512668,-0.351811253555076
1.93273678300651,-0.640103813439428,0.960633176318436,-0.320529362878931
1.932845187239,-0.664918095491219,0.953793774924347,-0.288875679433144
1.93295359147149,-0.688961323640529,0.945848259219881,-0.256886935579344
1.93306199570398,-0.712205584576652,0.936805839172128,-0.224600254595496
1.93317039993647,-0.734623931634993,0.926677006913743,-0.192053075278765
1.93327880416896,-0.756190345493856,0.915473502797238,-0.159283157303359
1.93338720840144,-0.776879828264477,0.903208324368148,-0.126328496103684
1.93349561263393,-0.796668367980502,0.889895689642146,-0.093227321661637
1.93360401686642,-0.815533028813186,0.875551041970599,-0.0600180131574213
1.93371242109891,-0.833451916319797,0.860191011278211,-0.0267390949583827
1.9338208253314,-0.850404262736185,0.843833415200517,0.00657084753565965
1.93392922956389,-0.866370392359911,0.826497218424839,0.0398731739350916
1.9339968427117,-0.875821453021754,0.81519736938035,0.0606240836414106
1.93406445585952,-0.884877280896785,0.803529810037447,0.0813474708593058
1.93413206900733,-0.893533836007197,0.791499758198668,0.102034077808534
1.93419968215514,-0.901787206206902,0.779112633225052,0.122674572981873
1.93429184144527,-0.912380654641853,0.76166384316523,0.150716811476626
1.9343840007354,-0.922209361195394,0.743576563886194,0.178632797309213
1.93444420061437,-0.92821292774406,0.731423873672008,0.196789054072082
1.93450440049334,-0.933884464068773,0.719009633107658,0.214874830961099
1.93456460037232,-0.939221966758174,0.706338250794009,0.232883715964157
1.93462480025129,-0.944223514603851,0.693414260083971,0.250809254519896
1.93469730051088,-0.949798509184409,0.677520920765273,0.272277588419132
1.93476980077047,-0.954880779002167,0.661276103325432,0.29360467567674
1.93484230103006,-0.959467701184397,0.644688236172976,0.314779465011417
1.93491480128965,-0.963556881936165,0.627765934947531,0.33579094698868
1.93498730154924,-0.967146213745721,0.610517974100052,0.356628239645686
1.93505980180883,-0.970233821745569,0.592953308203511,0.377280513542078
1.93514796914732,-0.973310238706989,0.57117963832556,0.40213060038145
1.93523613648581,-0.975639966122678,0.548967716280955,0.426672249841715
1.93532430382429,-0.977221226822267,0.526334616168236,0.450886610654034
1.93541247116278,-0.978052794806329,0.503297713973438,0.474755080832915
1.93550063850126,-0.97813404328847,0.479874691714245,0.498259351574224
1.93558880583975,-0.977464898408107,0.456083520064516,0.521381378343629
1.93567697317823,-0.976045884426769,0.431942454328717,0.544103430098055
1.93576514051672,-0.973878079174957,0.407470013701915,0.566408065473055
1.93585330785521,-0.970963156139785,0.382684974894166,0.588278181245605
1.93596171208769,-0.966358519119433,0.351811255874296,0.61454726324516
1.93607011632018,-0.960633175128152,0.320529365270077,0.640103809858082
1.93617852055266,-0.953793773935815,0.288875681889535,0.664918092046269
1.93628692478515,-0.945848258431566,0.256886938094394,0.688961320337148
1.93639532901763,-0.936805838582382,0.224600257162391,0.71220558141998
1.93650373325012,-0.9266770065206,0.192053077890748,0.734623928629858
1.9366121374826,-0.915473502598441,0.159283159953514,0.756190342644977
1.93672054171509,-0.903208324361426,0.126328498785118,0.776879825576322
1.93682894594757,-0.889895689824828,0.0932273243673954,0.796668365457429
1.93693735018006,-0.875551042339807,0.0600180158805,0.81553302645931
1.93704575441254,-0.860191011830875,0.0267390976917824,0.8334519141391
1.93715415864503,-0.843833415933426,-0.00657084479893878,0.850404260732391
1.93726256287751,-0.826497219334466,-0.0398731712020821,0.866370390536564
1.93733017602612,-0.815197370263644,-0.0606240811575702,0.875821451421217
1.93739778917472,-0.80352981088432,-0.0813474686266624,0.884877279510974
1.93746540232333,-0.791499758999163,-0.102034075828732,0.893533834827889
1.93753301547193,-0.779112633969419,-0.122674571256214,0.901787205225645
1.93762517473132,-0.761663849952969,-0.150716800437816,0.912380650390773
1.9377173339907,-0.743576577135819,-0.178632777053216,0.922209354189029
1.9377775338954,-0.731423882014349,-0.196789041646873,0.928212923661246
1.9378377338001,-0.71900963631529,-0.21487482631227,0.933884462627543
1.9378979337048,-0.706338248645113,-0.232883719028902,0.939221967674017
1.9379581336095,-0.693414252362526,-0.250809265227129,0.944223517589679
1.93803063386926,-0.677520912883825,-0.272277599130369,0.949798512014171
1.93810313412902,-0.661276095285273,-0.293604686387427,0.954880781672686
1.93817563438878,-0.644688227975411,-0.314779475717005,0.959467703692416
1.93824813464854,-0.627765926594083,-0.335790957684548,0.963556884278629
1.9383206349083,-0.610517965592242,-0.356628250327207,0.96714621591948
1.93839313516807,-0.592953299543129,-0.377280524204537,0.970233823747653
1.93848130247968,-0.571179636238597,-0.40213060342745,0.973310239666075
1.93856946979128,-0.548967721034612,-0.42667224545931,0.975639966493918
1.93865763710289,-0.526334628013759,-0.45088659904866,0.977221227062437
1.9387458044145,-0.503297733146202,-0.474755062226848,0.978052795373017
1.93883397172611,-0.479874718433193,-0.49825932620625,0.978134044639393
1.93892213903772,-0.456083554531736,-0.521381346468775,0.977464901000517
1.93901030634933,-0.431942496729383,-0.544103391987114,0.976045888716487
1.93909847366094,-0.407470064203688,-0.566408021412305,0.973878085615988
1.93918664097255,-0.382685033647105,-0.588278131536225,0.970963165183326
1.93929504520496,-0.351811315498753,-0.614547214906602,0.966358530405349
1.93940344943736,-0.320529425694561,-0.640103762951508,0.96063318864607
1.93951185366977,-0.288875743041803,-0.664918046631004,0.953793789672807
1.93962025790218,-0.256886999901213,-0.688961276470891,0.945848276372078
1.93972866213458,-0.224600319549767,-0.712205539158594,0.936805858708376
1.93983706636699,-0.192053140783987,-0.734623888027423,0.926677028811413
1.9399454705994,-0.159283223277328,-0.756190303753654,0.915473527030965
1.94005387483181,-0.126328562463577,-0.776879788446359,0.903208350909949
1.94016227906421,-0.0932273883241646,-0.796668330137008,0.889895718461194
1.94027068329662,-0.0600180800388993,-0.81553299299467,0.875551073033536
1.94037908752903,-0.0267391619747476,-0.833451882574177,0.860191044548893
1.94048749176144,0.00657078046860892,-0.850404231109031,0.843833450640393
1.94059589599384,0.0398731069016949,-0.866370362894396,0.826497255992719
1.94066350920489,0.0606240360805029,-0.875821433585929,0.815197397505413
1.94073112241593,0.081347442743712,-0.884877270762296,0.803529828018568
1.94079873562697,0.102034069084838,-0.893533834433877,0.791499765349049
1.94086634883802,0.12267458357052,-0.901787212443458,0.779112628872906
1.94095850808303,0.150716808349285,-0.912380655746407,0.761663847397096
1.94105066732805,0.178632780596318,-0.922209357919064,0.743576577322718
1.94111086722821,0.19678904382075,-0.928212926929501,0.731423883108758
1.94117106712838,0.214874827127514,-0.933884465484127,0.719009638356572
1.94123126702855,0.232883718497698,-0.939221970169352,0.706338251671637
1.94129146692871,0.250809263363044,-0.944223519774645,0.693414256411584
1.94136396719104,0.272277598049099,-0.949798514483193,0.677520916434107
1.94143646745336,0.293604686080767,-0.954880784391326,0.661276098310544
1.94150896771568,0.314779476175578,-0.95946770662599,0.64468823045043
1.94158146797801,0.335790958897765,-0.963556887392128,0.62776592849435
1.94165396824033,0.356628252283364,-0.967146219177697,0.610517966894327
1.94172646850266,0.377280526890745,-0.970233827115102,0.592953300224366
1.94181463579239,0.402130599981297,-0.973310242352182,0.571179642370855
1.94190280308212,0.42667223603818,-0.97563996886968,0.548967732831471
1.94199097037185,0.450886583823916,-0.977221229499902,0.526334645675998
1.94207913766159,0.474755041383498,-0.978052798244962,0.503297756861435
1.94216730495132,0.498259299942849,-0.978134048318439,0.479874748375592
1.94225547224105,0.521381314996884,-0.977464905858688,0.45608359086177
1.94234363953078,0.544103355531169,-0.976045895124749,0.431942539593549
1.94243180682051,0.566407980209153,-0.973878093943471,0.407470113734312
1.94251997411025,0.58827808583492,-0.97096317579705,0.382685089962094
1.94262837834258,0.61454717044608,-0.966358543050204,0.351811372604108
1.94273678257491,0.640103719787186,-0.960633203312828,0.320529483525636
1.94284518680725,0.664918004816708,-0.953793806349831,0.288875801533094
1.94295359103958,0.688961236058946,-0.945848295045392,0.256887058986437
1.94306199527191,0.712205500199623,-0.936805879361652,0.224600379162037
1.94317039950425,0.734623850570469,-0.926677051426038,0.192053200855565
1.94327880373658,0.756190267846036,-0.915473551586052,0.159283283740021
1.94338720796891,0.776879754133673,-0.903208377382297,0.126328623248632
1.94349561220124,0.796668297462937,-0.889895746825442,0.0932274493624803
1.94360401643358,0.815532962001074,-0.875551103262017,0.0600181412609427
1.94371242066591,0.833451853301021,-0.860191076611805,0.026739223310773
1.94382082489824,0.850404203594284,-0.843833484505746,-0.00657071908856191
1.94392922913058,0.866370337174115,-0.826497291626413,-0.0398730455477141
1.94399684240304,0.875821417414918,-0.815197423783373,-0.0606239936315584
1.94406445567551,0.884877263430969,-0.803529844262197,-0.0813474191687944
1.94413206894798,0.89353383522133,-0.791499770893794,-0.102034064327531
1.94419968222044,0.901787220617847,-0.779112623069019,-0.122674597548848
1.94429184148174,0.91238066531956,-0.761663838110225,-0.150716827209377
1.94438400074303,0.922209368614707,-0.743576564337922,-0.178632804276798
1.94444420061308,0.928212934255949,-0.731423875911252,-0.196789058344693
1.94450440048313,0.93388446977167,-0.719009637211938,-0.214874832559724
1.94456460035318,0.939221971751527,-0.706338256838791,-0.232883714912722
1.94462480022323,0.944223518987795,-0.693414268142632,-0.250809250845159
1.94469730048791,0.949798514132678,-0.677520927832964,-0.272277586299712
1.94476980075259,0.954880784446468,-0.661276109350149,-0.293604675096346
1.94484230101728,0.959467707055804,-0.644688241104372,-0.314779465951433
1.94491480128196,0.963556888165145,-0.627765938737126,-0.335790949428038
1.94498730154664,0.967146220262269,-0.610517976701111,-0.356628243561165
1.94505980181132,0.970233828479291,-0.592953309571235,-0.377280518908044
1.94514796910603,0.973310244077413,-0.571179650601826,-0.402130593475611
1.94523613640073,0.97563997087223,-0.548967739893316,-0.426672230978922
1.94532430369544,0.977221231695634,-0.526334651518367,-0.450886580177277
1.94541247099015,0.978052800549314,-0.503297761436811,-0.47475503911252
1.94550063828485,0.978134050646817,-0.479874751639459,-0.498259299007391
1.94558880557956,0.977464908126444,-0.456083592772663,-0.521381315353785
1.94567697287426,0.976045897247325,-0.431942540112993,-0.544103357134338
1.94576514016897,0.973878095836571,-0.407470112827108,-0.566407983009448
1.94585330746368,0.970963177376645,-0.382685087596254,-0.588278089780396
1.94596171169601,0.966358544421448,-0.35181137015874,-0.61454717426272
1.94607011592835,0.960633204476806,-0.320529481007473,-0.640103723469325
1.94617852016068,0.953793807307803,-0.288875798948877,-0.664918008358892
1.94628692439301,0.945848295798973,-0.256887056343032,-0.688961239455921
1.94639532862535,0.936805879912579,-0.224600376466324,-0.712205503446275
1.94650373285768,0.926677051776402,-0.192053198114565,-0.734623853661838
1.94661213709002,0.915473551738042,-0.159283280960688,-0.756190270777373
1.94672054132235,0.903208377338478,-0.126328620438119,-0.776879756900362
1.94682894555469,0.889895746588523,-0.0932274465278117,-0.796668300060685
1.94693734978702,0.875551102834881,-0.0600181384092476,-0.815532964425648
1.94704575401936,0.860191075997709,-0.0267392204492693,-0.8334518555484
1.94715415825169,0.843833483708011,0.00657072195275921,-0.850404205660793
1.94726256248403,0.826497290648643,0.0398730484074033,-0.866370339056063
1.94733017575557,0.815197422852002,0.0606239962018305,-0.875821419053798
1.94739778902712,0.803529843388662,0.0813474214477478,-0.884877264836362
1.94746540229866,0.791499770089397,0.102034066313628,-0.893533836403044
1.94753301557021,0.779112622344941,0.122674599240945,-0.901787221585905
1.94762517486218,0.761663831356655,0.150716838194226,-0.912380669550845
1.94771733415414,0.743576551137331,0.178632824458597,-0.922209375595901
1.94777753399856,0.731423867600465,0.196789070723418,-0.928212938323852
1.94783773384297,0.719009634017488,0.214874837189676,-0.933884471207167
1.94789793368739,0.706338258981771,0.232883711856437,-0.939221970838181
1.9479581335318,0.693414275838294,0.250809240173397,-0.944223516011691
1.94803063379625,0.677520935701367,0.272277575606043,-0.949798511307368
1.94810313406071,0.661276117390643,0.293604664385455,-0.95488078177609
1.94817563432516,0.644688249316214,0.314779455228136,-0.959467704544326
1.94824813458961,0.62776594711937,0.335790938697251,-0.963556885816608
1.94832063485406,0.610517985252668,0.356628232827865,-0.967146218080539
1.94839313511851,0.59295331829094,0.377280508177224,-0.970233826468176
1.94848130244002,0.57117965276795,0.402130590341253,-0.973310243109176
1.94856946976153,0.548967735239352,0.426672235253502,-0.975639970492845
1.94865763708303,0.52633463979362,0.450886591656089,-0.977221231449682
1.94874580440454,0.503297742406526,0.474755057573975,-0.97805279998044
1.94883397172605,0.479874725085263,0.498259324213361,-0.978134049298583
1.94892213904756,0.456083558492897,0.52138134705007,-0.977464905542931
1.94901030636907,0.431942497923062,0.544103395050896,-0.976045892973941
1.94909847369057,0.407470062559669,0.566408026860874,-0.973878089420545
1.94918664101208,0.382685029101569,0.588278139266417,-0.970963168367998
1.9492950452445,0.351811310795284,0.614547222384528,-0.966358533179795
1.94940344947691,0.320529420846356,0.640103770166044,-0.96063319101235
1.94951185370933,0.288875738062093,0.66491805357137,-0.95379379163343
1.94962025794175,0.256886994803431,0.688961283126621,-0.94584827793002
1.94972866217416,0.224600314347541,0.712205545519497,-0.936805859867029
1.94983706640658,0.192053135490942,0.734623894083766,-0.926677029574675
1.94994547063899,0.159283217907264,0.756190309495946,-0.915473527403175
1.95005387487141,0.126328557030439,0.776879793865522,-0.903208350895961
1.95016227910382,0.0932273828419134,0.796668335224348,-0.889895718066219
1.95027068333624,0.0600180745215685,0.815532997741757,-0.875551072263304
1.95037908756865,0.0267391564364565,0.833451886973157,-0.860191043409555
1.95048749180107,-0.0065707860137722,0.850404235152311,-0.843833449138523
1.95059589603349,-0.0398731124396236,0.866370366574911,-0.826497254135238
1.95066350924287,-0.0606240410954021,0.875821436808526,-0.815197395713129
1.95073112245225,-0.0813474472316828,0.88487727354412,-0.80352982631238
1.95079873566163,-0.102034073042692,0.893533836792349,-0.791499763749612
1.95086634887101,-0.122674586995723,0.901787214396463,-0.779112627400693
1.95095850817742,-0.150716830372104,0.912380664229308,-0.761663833857168
1.95105066748382,-0.178632821024938,0.922209371904474,-0.743576550879507
1.95111086733263,-0.196789068617715,0.928212935078962,-0.731423866461238
1.95117106718145,-0.214874836401545,0.933884468360374,-0.719009631958807
1.95123126703026,-0.23288371237408,0.939221968340487,-0.706338255966398
1.95129146687907,-0.250809241983658,0.944223513813675,-0.693414271830012
1.95136396714101,-0.272277576649399,0.94979850883053,-0.677520932181071
1.95143646740295,-0.293604664670006,0.954880779054023,-0.661276114383991
1.95150896766489,-0.314779454763016,0.959467701611041,-0.644688246848022
1.95158146792683,-0.335790937492813,0.963556882706369,-0.627765945213538
1.95165396818878,-0.35662823089551,0.967146214827805,-0.610517983932269
1.95172646845072,-0.377280505529652,0.970233823107726,-0.592953317578019
1.95181463579413,-0.402130593834468,0.973310240429922,-0.571179646595409
1.95190280313755,-0.426672244729937,0.975639968123271,-0.548967723393318
1.95199097048097,-0.450886606944052,0.977221229017138,-0.526334622073059
1.95207913782439,-0.474755078488168,0.978052797111736,-0.503297718623538
1.9521673051678,-0.498259350554971,0.978134045620412,-0.479874695065456
1.95225547251122,-0.521381378607145,0.977464900682768,-0.456083522075582
1.95234363985464,-0.544103431598681,0.976045886560224,-0.431942454961521
1.95243180719805,-0.56640806816217,0.973878081083668,-0.407470012921461
1.95251997454147,-0.588278185071775,0.970963157740414,-0.382684972668639
1.95262837877396,-0.614547266946043,0.966358520516765,-0.351811253570704
1.95273678300645,-0.640103813428244,0.960633176323325,-0.320529362895012
1.95284518723894,-0.664918095480313,0.953793774929898,-0.288875679449572
1.95295359147142,-0.688961323629907,0.945848259226102,-0.256886935596163
1.95306199570391,-0.712205584566441,0.936805839179152,-0.224600254612684
1.9531703999364,-0.734623931625157,0.926677006921496,-0.192053075296305
1.95327880416889,-0.756190345484439,0.91547350280565,-0.159283157321186
1.95338720840138,-0.776879828255499,0.903208324377329,-0.126328496121844
1.95349561263386,-0.796668367971993,0.88989568965204,-0.0932273216800464
1.95360401686635,-0.815533028805168,0.875551041981273,-0.060018013176075
1.95371242109884,-0.833451916312287,0.860191011289608,-0.0267390949772991
1.95382082533133,-0.850404262729151,0.843833415212676,0.00657084751653316
1.95392922956382,-0.86637039235348,0.826497218437688,0.0398731739158083
1.95399684271164,-0.875821453017611,0.815197369391287,0.0606240836263618
1.95406445585947,-0.884877280894766,0.803529810046329,0.0813474708484875
1.9541320690073,-0.893533836007175,0.791499758205284,0.102034077801945
1.95419968215513,-0.901787206208721,0.779112633229259,0.122674572979506
1.95429184144523,-0.912380654641181,0.761663843174204,0.150716811467
1.95438400073533,-0.922209361192584,0.743576563900269,0.178632797292357
1.95444420061433,-0.92821292774391,0.731423873681425,0.196789054062521
1.95450440049333,-0.933884464071028,0.719009633112286,0.214874830958768
1.95456460037233,-0.939221966762581,0.706338250793599,0.232883715969021
1.95462480025132,-0.944223514610138,0.693414260078303,0.250809254531855
1.95469730051092,-0.949798509190982,0.677520920757812,0.27227758843321
1.95476980077052,-0.954880779009005,0.661276103316154,0.293604675692882
1.95484230103012,-0.959467701191376,0.644688236161785,0.314779465029598
1.95491480128971,-0.96355688194318,0.62776593493438,0.335790947008842
1.95498730154931,-0.967146213752661,0.610517974084852,0.356628239667825
1.95505980180891,-0.970233821752309,0.592953308186225,0.377280513566132
1.95514796914738,-0.973310238712699,0.571179638311127,0.402130600401619
1.95523613648585,-0.975639966127563,0.548967716269503,0.426672249858075
1.95532430382433,-0.977221226826542,0.526334616159886,0.450886610666662
1.9554124711628,-0.978052794810255,0.503297713968321,0.474755080841941
1.95550063850127,-0.97813404329223,0.479874691712516,0.498259351579723
1.95558880583975,-0.977464898411927,0.456083520066197,0.521381378345732
1.95567697317822,-0.976045884430888,0.431942454334006,0.544103430096868
1.95576514051669,-0.973878079179562,0.40747001371084,0.566408065468735
1.95585330785517,-0.970963156145078,0.382684974906847,0.588278181238241
1.95596171208765,-0.966358519125081,0.351811255886807,0.614547263238307
1.95607011632014,-0.960633175134166,0.320529365282407,0.640103809851786
1.95617852055262,-0.953793773942154,0.28887568190168,0.664918092040478
1.95628692478511,-0.945848258438211,0.256886938106305,0.688961320331906
1.9563953290176,-0.93680583858926,0.224600257174063,0.712205581415204
1.95650373325008,-0.926677006527699,0.192053077902113,0.734623928625597
1.95661213748257,-0.915473502605802,0.159283159964611,0.7561903426412
1.95672054171505,-0.903208324368923,0.126328498795931,0.776879825573032
1.95682894594754,-0.889895689832497,0.093227324377895,0.796668365454615
1.95693735018003,-0.875551042347656,0.0600180158907291,0.815533026456937
1.95704575441251,-0.860191011838861,0.0267390977017068,0.833451914137148
1.957154158645,-0.84383341594149,-0.00657084478933251,0.850404260730832
1.95726256287749,-0.826497219342581,-0.0398731711928675,0.866370390535465
1.9573301760261,-0.815197370270371,-0.0606240811511492,0.875821451421535
1.95739778917471,-0.803529810889555,-0.081347468622984,0.884877279512554
1.95746540232333,-0.791499759002835,-0.102034075827773,0.893533834830634
1.95753301547194,-0.779112633971438,-0.122674571257988,0.901787205229403
1.95762517473135,-0.761663849949183,-0.150716800448622,0.912380650397805
1.95771733399077,-0.743576577125735,-0.178632777073027,0.922209354198774
1.95777753389545,-0.731423882008322,-0.196789041660196,0.928212923668536
1.95783773380013,-0.719009636313535,-0.214874826319102,0.933884462632622
1.9578979337048,-0.70633824864778,-0.23288371902936,0.93922196767713
1.95795813360948,-0.693414252369765,-0.250809265221254,0.944223517591039
1.95803063386926,-0.677520912886989,-0.272277599130086,0.949798512017059
1.95810313412904,-0.661276095284146,-0.293604686392651,0.954880781676823
1.95817563438882,-0.644688227969848,-0.314779475727683,0.959467703697519
1.9582481346486,-0.627765926583893,-0.335790957700562,0.963556884284403
1.95832063490838,-0.610517965577275,-0.356628250348478,0.96714621592573
1.95839313516816,-0.592953299523166,-0.377280524230959,0.970233823754111
1.95848130247981,-0.571179636209428,-0.402130603463363,0.973310239672788
1.95856946979145,-0.548967720995804,-0.426672245504469,0.975639966500298
1.9586576371031,-0.526334627965131,-0.450886599102745,0.977221227067832
1.95874580441474,-0.503297733087399,-0.474755062289518,0.978052795376905
1.95883397172638,-0.479874718364007,-0.498259326277155,0.978134044641163
1.95892213903803,-0.456083554451942,-0.521381346547586,0.977464900999489
1.95901030634967,-0.431942496638672,-0.544103392073487,0.976045888712184
1.95909847366132,-0.407470064101905,-0.566408021505812,0.973878085607715
1.95918664097296,-0.382685033534108,-0.588278131636467,0.970963165170569
1.95929504520537,-0.351811315385025,-0.614547215003419,0.966358530388451
1.95940344943777,-0.320529425580272,-0.640103763044852,0.960633188625133
1.95951185367017,-0.288875742927063,-0.664918046720855,0.953793789647911
1.95962025790258,-0.256886999786188,-0.688961276557144,0.945848276343337
1.95972866213498,-0.224600319434685,-0.712205539241177,0.936805858675875
1.95983706636739,-0.192053140668954,-0.734623888106317,0.926677028775237
1.95994547059979,-0.159283223162464,-0.756190303828772,0.915473526991266
1.96005387483219,-0.126328562349104,-0.776879788517697,0.903208350866789
1.9601622790646,-0.0932273882101828,-0.796668330204542,0.88989571841474
1.960270683297,-0.0600180799255204,-0.815532993058354,0.875551072983826
1.96037908752941,-0.0267391618621592,-0.833451882633945,0.860191044496125
1.96048749176181,0.0065707805802703,-0.850404231164959,0.843833450584678
1.96059589599422,0.039873107012324,-0.866370362946437,0.826497255934099
1.96066350920515,0.0606240361572737,-0.875821433620759,0.815197397463478
1.96073112241608,0.0813474427866904,-0.884877270781155,0.803529827994455
1.96079873562702,0.102034069094152,-0.893533834438106,0.791499765343898
1.96086634883795,0.12267458354629,-0.901787212434342,0.77911262888804
1.96095850808298,0.150716808328464,-0.912380655739076,0.761663847410584
1.961050667328,0.178632780578887,-0.922209357913297,0.74357657733441
1.96111086722819,0.196789043809781,-0.92821292692608,0.731423883116266
1.96117106712838,0.214874827123028,-0.933884465482766,0.719009638359736
1.96123126702856,0.2328837184996,-0.939221970169859,0.706338251670229
1.96129146692875,0.250809263371313,-0.944223519776775,0.69341425640544
1.96136396719106,0.272277598052559,-0.949798514483858,0.677520916431304
1.96143646745337,0.293604686079488,-0.954880784390766,0.661276098311236
1.96150896771568,0.314779476169587,-0.959467706624412,0.644688230454802
1.96158146797799,0.335790958887147,-0.963556887389741,0.627765928502543
1.96165396824029,0.356628252268234,-0.967146219174717,0.610517966906451
1.9617264685026,0.377280526871174,-0.970233827111832,0.59295330024061
1.96181463579235,0.402130599966608,-0.973310242349829,0.57117964238324
1.9619028030821,0.426672236028226,-0.975639968868003,0.548967732839747
1.96199097037185,0.450886583818606,-0.977221229498707,0.526334645680061
1.9620791376616,0.474755041382706,-0.978052798243867,0.503297756861123
1.96216730495135,0.498259299946408,-0.978134048317203,0.47987474837074
1.96225547224109,0.52138131500467,-0.977464905856989,0.456083590852315
1.96234363953084,0.544103355543025,-0.976045895122351,0.431942539579318
1.96243180682059,0.566407980224875,-0.973878093940065,0.407470113715201
1.96251997411034,0.588278085854316,-0.970963175792327,0.382685089937984
1.96262837834267,0.614547170464979,-0.966358543044508,0.351811372579518
1.96273678257501,0.640103719805552,-0.960633203306156,0.320529483500544
1.96284518680734,0.664918004834552,-0.953793806342115,0.288875801507531
1.96295359103968,0.68896123607613,-0.945848295036654,0.256887058960493
1.96306199527201,0.712205500216234,-0.936805879351907,0.224600379135664
1.96317039950434,0.734623850586408,-0.926677051415321,0.192053200828901
1.96327880373668,0.756190267861245,-0.915473551574306,0.159283283713014
1.96338720796901,0.776879754148183,-0.903208377369546,0.12632862322136
1.96349561220134,0.796668297476749,-0.889895746811705,0.0932274493349571
1.96360401643368,0.815532962014076,-0.875551103247275,0.0600181412331734
1.96371242066601,0.833451853313208,-0.860191076596081,0.0267392232828625
1.96382082489834,0.85040420360569,-0.843833484489062,-0.00657071911664157
1.96392922913068,0.866370337184592,-0.826497291608712,-0.0398730455759009
1.96399684240311,0.875821417420492,-0.815197423770565,-0.0606239936499365
1.96406445567555,0.884877263431933,-0.803529844254636,-0.0813474191773425
1.96413206894798,0.8935338352181,-0.791499770891799,-0.102034064326301
1.96419968222042,0.901787220610802,-0.779112623072915,-0.12267459753789
1.96429184148174,0.912380665315687,-0.761663838109175,-0.150716827206518
1.96438400074306,0.922209368613551,-0.743576564331596,-0.178632804281984
1.9644442006131,0.928212934254163,-0.731423875905759,-0.196789058348446
1.96450440048315,0.93388446976937,-0.719009637207366,-0.214874832562059
1.96456460035319,0.939221971748762,-0.706338256835076,-0.232883714913671
1.96462480022324,0.944223518984569,-0.693414268139917,-0.250809250844682
1.96469730048789,0.949798514127522,-0.67752092783579,-0.272277586291779
1.96476980075255,0.954880784439754,-0.661276109358804,-0.293604675080988
1.96484230101721,0.959467707047892,-0.644688241119114,-0.314779465928791
1.96491480128186,0.96355688815636,-0.627765938758107,-0.335790949398273
1.96498730154652,0.967146220252988,-0.610517976728605,-0.356628243524411
1.96505980181118,0.970233828469838,-0.592953309605457,-0.377280518864397
1.96514796910587,0.973310244068712,-0.571179650640768,-0.402130593427959
1.96523613640056,0.975639970864534,-0.5489677399371,-0.426672230927416
1.96532430369525,0.977221231689205,-0.526334651567134,-0.450886580122098
1.96541247098994,0.97805280054447,-0.503297761490632,-0.474755039053841
1.96550063828463,0.978134050643787,-0.47987475169844,-0.498259298945368
1.96558880557932,0.97746490812549,-0.456083592836894,-0.521381315288613
1.96567697287401,0.97604589724876,-0.431942540182571,-0.544103357066174
1.9657651401687,0.973878095840647,-0.407470112902106,-0.566407982938535
1.96585330746339,0.970963177383599,-0.382685087676684,-0.588278089706919
1.96596171169572,0.966358544431293,-0.351811370239681,-0.614547174191608
1.96607011592806,0.960633204489433,-0.320529481088786,-0.640103723400663
1.9661785201604,0.95379380732323,-0.288875799030519,-0.664918008292698
1.96628692439274,0.945848295817093,-0.256887056424843,-0.68896123939223
1.96639532862507,0.936805879933301,-0.224600376548163,-0.712205503385164
1.96650373285741,0.926677051799678,-0.192053198196349,-0.73462385360336
1.96661213708975,0.915473551763803,-0.159283281042322,-0.756190270721506
1.96672054132208,0.903208377366628,-0.12632862051947,-0.776879756847156
1.96682894555442,0.889895746618938,-0.0932274466088362,-0.796668300010139
1.96693734978676,0.875551102867599,-0.0600181384898294,-0.815532964377782
1.96704575401909,0.860191076032551,-0.0267392205292705,-0.833451855503272
1.96715415825143,0.843833483744928,0.0065707218734119,-0.850404205618339
1.96726256248377,0.826497290687517,0.0398730483288063,-0.866370339016332
1.96733017575539,0.815197422879172,0.0606239961469841,-0.875821419026159
1.96739778902701,0.803529843403282,0.0813474214166132,-0.884877264819922
1.96746540229863,0.791499770090749,0.102034066306085,-0.893533836396828
1.96753301557025,0.779112622332089,0.122674599256975,-0.901787221589064
1.96762517486225,0.761663831337702,0.150716838219192,-0.912380669556877
1.96771733415425,0.743576551111927,0.178632824492403,-0.922209375604338
1.96777753399862,0.731423867583343,0.196789070744156,-0.928212938327489
1.967837733843,0.719009634009114,0.214874837197436,-0.933884471206502
1.96789793368737,0.706338258982433,0.232883711851334,-0.93922197083376
1.96795813353174,0.693414275848362,0.250809240155544,-0.944223516003908
1.9680306337962,0.677520935710431,0.272277575590059,-0.949798511300503
1.96810313406065,0.661276117398604,0.293604664371352,-0.954880781769965
1.96817563432511,0.644688249323018,0.314779455215927,-0.95946770453896
1.96824813458957,0.627765947124972,0.335790938686905,-0.963556885811857
1.96832063485402,0.610517985256996,0.356628232819325,-0.96714621807631
1.96839313511848,0.592953318293993,0.377280508170462,-0.970233826464456
1.96848130243996,0.571179652777889,0.402130590326909,-0.973310243104813
1.96856946976144,0.548967735256547,0.426672235231826,-0.975639970488363
1.96865763708292,0.526334639818287,0.450886591627248,-0.977221231445535
1.9687458044044,0.503297742438874,0.474755057538248,-0.978052799977109
1.96883397172589,0.479874725125526,0.498259324170989,-0.978134049296481
1.96892213904737,0.456083558541253,0.521381347001349,-0.977464905542599
1.96901030636885,0.43194249797971,0.544103394996044,-0.976045892975746
1.96909847369033,0.407470062624725,0.566408026800268,-0.973878089425016
1.96918664101181,0.382685029175259,0.588278139200334,-0.970963168375584
1.96929504524423,0.351811310869775,0.61454722232039,-0.966358533190147
1.96940344947664,0.320529420921564,0.640103770103961,-0.960633191025503
1.96951185370906,0.288875738137917,0.664918053511392,-0.953793791649291
1.96962025794147,0.256886994879789,0.688961283068786,-0.945848277948579
1.96972866217389,0.224600314424311,0.712205545463937,-0.936805859888198
1.96983706640631,0.192053135568095,0.734623894030416,-0.926677029598467
1.96994547063872,0.159283217984657,0.756190309444874,-0.915473527429532
1.97005387487114,0.126328557107989,0.776879793816836,-0.903208350924797
1.97016227910356,0.093227382919496,0.796668335178053,-0.889895718097545
1.97027068333597,0.0600180745990945,0.815532997697927,-0.875551072297013
1.97037908756839,0.0267391565138309,0.83345188693176,-0.860191043445586
1.97048749180081,-0.00657078593663598,0.850404235113492,-0.843833449176806
1.97059589603322,-0.0398731123628331,0.866370366538611,-0.82649725417575
1.97066350924268,-0.0606240410413933,0.875821436783889,-0.815197395742478
1.97073112245213,-0.0813474472003925,0.884877273530192,-0.803529826329828
1.97079873566159,-0.102034073034115,0.893533836788438,-0.791499763754301
1.97086634887104,-0.122674587009715,0.901787214401578,-0.779112627391855
1.97095850817743,-0.150716830380282,0.912380664232013,-0.761663833851745
1.97105066748382,-0.178632821027323,0.922209371905147,-0.743576550877791
1.97111086733262,-0.196789068618163,0.928212935079031,-0.731423866460872
1.97117106718143,-0.214874836400061,0.933884468359914,-0.719009631959846
1.97123126703023,-0.232883712370717,0.939221968339548,-0.706338255968831
1.97129146687904,-0.250809241978437,0.944223513812414,-0.693414271833965
1.97136396714101,-0.272277576651571,0.94979850883124,-0.677520932179649
1.97143646740297,-0.293604664679428,0.954880779056445,-0.661276114376987
1.97150896766494,-0.314779454779625,0.959467701614806,-0.644688246835192
1.9715814679269,-0.33579093751649,0.963556882711138,-0.62776594519465
1.97165396818887,-0.356628230926143,0.967146214833263,-0.610517983907098
1.97172646845083,-0.377280505567044,0.970233823113498,-0.592953317546395
1.97181463579424,-0.402130593867583,0.973310240434285,-0.571179646566626
1.97190280313764,-0.426672244758775,0.975639968126446,-0.548967723367643
1.97199097048104,-0.45088660696876,0.977221229019306,-0.526334622050531
1.97207913782445,-0.474755078508768,0.978052797113186,-0.503297718604358
1.97216730516785,-0.498259350571629,0.978134045621432,-0.479874695049796
1.97225547251125,-0.521381378619958,0.977464900683489,-0.456083522063513
1.97234363985466,-0.544103431607777,0.97604588656099,-0.431942454953174
1.97243180719806,-0.566408068167675,0.973878081084591,-0.407470012916896
1.97251997454146,-0.588278185073822,0.970963157741841,-0.38268497266801
1.97262837877395,-0.614547266948323,0.966358520518238,-0.351811253569882
1.97273678300644,-0.640103813430751,0.960633176324753,-0.320529362893945
1.97284518723893,-0.664918095483066,0.953793774931358,-0.288875679448295
1.97295359147142,-0.688961323632892,0.945848259227566,-0.256886935594665
1.97306199570391,-0.712205584569594,0.936805839180549,-0.224600254610909
1.9731703999364,-0.734623931628526,0.926677006922807,-0.192053075294254
1.97327880416889,-0.75619034548799,0.915473502806903,-0.15928315731887
1.97338720840138,-0.77687982825922,0.90320832437849,-0.126328496119236
1.97349561263387,-0.796668367975907,0.889895689653089,-0.0932273216771947
1.97360401686635,-0.8155330288092,0.87555104198219,-0.0600180131729797
1.97371242109884,-0.833451916316465,0.860191011290373,-0.0267390949739128
1.97382082533133,-0.85040426273348,0.843833415213317,0.00657084752018262
1.97392922956382,-0.866370392357886,0.826497218438184,0.039873173919688
1.97399684271165,-0.87582145302229,0.815197369391327,0.060624083630966
1.97406445585948,-0.884877280899713,0.803529810045947,0.0813474708538178
1.97413206900731,-0.893533836012385,0.791499758204365,0.10203407780802
1.97419968215514,-0.901787206214098,0.779112633227804,0.122674572986304
1.97429184144522,-0.912380654643693,0.761663843177406,0.150716811466299
1.9743840007353,-0.92220936119269,0.743576563908528,0.178632797284168
1.9744442006143,-0.928212927744591,0.731423873689081,0.196789054055519
1.9745044004933,-0.933884464072196,0.719009633119267,0.214874830952963
1.9745646003723,-0.939221966764268,0.706338250799927,0.232883715964389
1.9746248002513,-0.944223514612266,0.693414260083914,0.250809254528373
1.97469730051088,-0.949798509191975,0.677520920767335,0.272277588424695
1.97476980077046,-0.954880779009091,0.661276103329698,0.293604675679414
1.97484230103004,-0.959467701190796,0.644688236179531,0.314779465011276
1.97491480128962,-0.963556881942235,0.627765934956523,0.335790946985733
1.9749873015492,-0.967146213751524,0.610517974111487,0.356628239640009
1.97505980180879,-0.970233821751258,0.592953308217497,0.377280513533735
1.97514796914722,-0.973310238711407,0.571179638353627,0.402130600357753
1.97523613648565,-0.975639966126705,0.548967716323663,0.426672249803052
1.97532430382408,-0.977221226826878,0.526334616226045,0.450886610600862
1.97541247116251,-0.978052794812506,0.50329771404678,0.474755080765729
1.97550063850094,-0.978134043297116,0.479874691803619,0.498259351493494
1.97558880583937,-0.977464898420237,0.456083520170341,0.521381378249896
1.9756769731778,-0.97604588444322,0.43194245445131,0.544103429991917
1.97576514051623,-0.973878079196703,0.407470013841593,0.566408065355146
1.97585330785466,-0.970963156167794,0.382684975051246,0.58827818111652
1.97596171208714,-0.966358519153129,0.351811256033771,0.614547263119386
1.97607011631963,-0.960633175167595,0.32052936543183,0.640103809735772
1.97617852055211,-0.953793773980926,0.288875682053321,0.664918091927587
1.97628692478459,-0.94584825848234,0.256886938260051,0.688961320222289
1.97639532901708,-0.936805838638768,0.224600257329738,0.712205581309058
1.97650373324956,-0.926677006582603,0.192053078059582,0.734623928523001
1.97661213748205,-0.915473502665993,0.159283160123641,0.756190342542328
1.97672054171453,-0.903208324434426,0.126328498956388,0.776879825478056
1.97682894594702,-0.889895689903245,0.0932273245395714,0.79666836536368
1.9769373501795,-0.875551042423639,0.0600180160534685,0.815533026370219
1.97704575441198,-0.860191011920002,0.0267390978652847,0.833451914054736
1.97715415864447,-0.843833416027786,-0.00657084462510969,0.850404260652914
1.97726256287695,-0.826497219433985,-0.0398731710280991,0.86637039046207
1.97733017602573,-0.815197370336291,-0.0606240810378335,0.875821451374107
1.97739778917451,-0.803529810928165,-0.0813474685610466,0.884877279489223
1.9774654023233,-0.791499759012279,-0.1020340758171,0.893533834829361
1.97753301547208,-0.779112633949969,-0.122674571298325,0.901787205248279
1.97762517473151,-0.761663849922793,-0.150716800495028,0.912380650417834
1.97771733399095,-0.743576577094227,-0.178632777125337,0.922209354219587
1.97777753389556,-0.731423881989957,-0.196789041691749,0.928212923681719
1.97783773380017,-0.719009636308981,-0.214874826330041,0.933884462638999
1.97789793370477,-0.706338248657541,-0.232883719019829,0.939221967677393
1.97795813360938,-0.693414252394491,-0.250809265191465,0.944223517585933
1.97803063386917,-0.677520912909993,-0.272277599103354,0.949798512013347
1.97810313412896,-0.661276095305382,-0.293604686368966,0.954880781674331
1.97817563438875,-0.644688227989191,-0.314779475707007,0.959467703696202
1.97824813464854,-0.627765926601214,-0.335790957682871,0.963556884284083
1.97832063490834,-0.610517965592511,-0.356628250333727,0.96714621592622
1.97839313516813,-0.592953299536228,-0.377280524219109,0.970233823755312
1.97848130247977,-0.571179636222907,-0.402130603451377,0.973310239674278
1.97856946979141,-0.548967721009714,-0.426672245492389,0.97563996650209
1.97865763710306,-0.526334627979458,-0.450886599090548,0.977221227069973
1.9787458044147,-0.503297733102109,-0.474755062277264,0.978052795379388
1.97883397172634,-0.479874718379137,-0.498259326264862,0.978134044644012
1.97892213903798,-0.456083554467477,-0.521381346535238,0.977464901002738
1.97901030634963,-0.431942496654612,-0.544103392061142,0.976045888715729
1.97909847366127,-0.407470064118277,-0.566408021493416,0.973878085611705
1.97918664097291,-0.382685033550914,-0.588278131624065,0.970963165174997
1.97929504520532,-0.351811315402519,-0.614547214990916,0.966358530393411
1.97940344943772,-0.32052942559846,-0.640103763032242,0.96063318863069
1.97951185367012,-0.288875742945927,-0.664918046708173,0.953793789654089
1.97962025790252,-0.256886999805751,-0.688961276544444,0.945848276350157
1.97972866213493,-0.224600319454923,-0.712205539228513,0.936805858683419
1.97983706636733,-0.19205314068987,-0.734623888093648,0.926677028783493
1.97994547059973,-0.159283223184025,-0.75619030381625,0.915473527000287
1.98005387483213,-0.126328562371267,-0.776879788505306,0.903208350876592
1.98016227906454,-0.0932273882329563,-0.796668330192359,0.88989571842527
1.98027068329694,-0.0600180799489345,-0.815532993046361,0.87555107299528
1.98037908752934,-0.0267391618861726,-0.833451882622284,0.860191044508422
1.98048749176174,0.00657078055573222,-0.85040423115356,0.843833450597804
1.98059589599415,0.039873106987265,-0.866370362935398,0.826497255948122
1.9806635092051,0.0606240361383198,-0.875821433612851,0.815197397474514
1.98073112241605,0.0813474427737886,-0.88487727077613,0.803529828002321
1.98079873562701,0.102034069087318,-0.893533834435738,0.791499765348382
1.98086634883796,0.122674583545456,-0.901787212434358,0.779112628888852
1.98095850808302,0.150716808336917,-0.91238065574238,0.761663847405453
1.98105066732807,0.178632780596508,-0.922209357919434,0.743576577322909
1.98111086722824,0.196789043820551,-0.928212926929617,0.731423883109085
1.9811710671284,0.214874827126955,-0.933884465483965,0.719009638357028
1.98123126702857,0.232883718496772,-0.939221970168998,0.70633825167225
1.98129146692873,0.250809263361755,-0.944223519774073,0.693414256412303
1.98136396719105,0.272277598045063,-0.949798514481859,0.677520916436742
1.98143646745336,0.293604686074038,-0.954880784389265,0.661276098315211
1.98150896771568,0.314779476166188,-0.959467706623368,0.644688230457168
1.98158146797799,0.335790958885715,-0.963556887389019,0.627765928503322
1.98165396824031,0.356628252268733,-0.967146219174269,0.610517966905513
1.98172646850262,0.377280526873588,-0.970233827111558,0.59295330023793
1.98181463579243,0.402130599984022,-0.973310242351055,0.571179642366988
1.98190280308223,0.426672236060251,-0.975639968869771,0.548967732809493
1.98199097037203,0.450886583864778,-0.977221229500095,0.526334645635316
1.98207913766183,0.474755041442631,-0.978052798243998,0.503297756801307
1.98216730495164,0.498259300019545,-0.978134048315086,0.479874748295547
1.98225547224144,0.521381315090488,-0.977464905851824,0.456083590761295
1.98234363953124,0.544103355640982,-0.976045895113137,0.431942539472136
1.98243180682104,0.566407980334372,-0.973878093925972,0.407470113591573
1.98251997411085,0.588278085974768,-0.970963175772372,0.382685089797593
1.98262837834318,0.614547170581966,-0.966358543019374,0.351811372437388
1.98273678257551,0.640103719918916,-0.960633203275821,0.32052948335689
1.98284518680784,0.664918004944166,-0.953793806306738,0.288875801362539
1.98295359104018,0.688961236181913,-0.945848294996243,0.256887058814291
1.98306199527251,0.712205500318017,-0.936805879306484,0.224600378988457
1.98317039950484,0.734623850684136,-0.926677051365,0.192053200680837
1.98327880373718,0.756190267954873,-0.915473551519121,0.159283283564267
1.98338720796951,0.776879754237476,-0.903208377309621,0.12632862307213
1.98349561220184,0.796668297561687,-0.889895746747116,0.0932274491853958
1.98360401643417,0.815532962094588,-0.875551103178087,0.0600181410834934
1.98371242066651,0.833451853389189,-0.860191076522467,0.0267392231332194
1.98382082489884,0.850404203677062,-0.843833484411018,-0.00657071926604045
1.98392922913117,0.866370337251334,-0.826497291526434,-0.0398730457249093
1.98399684240346,0.875821417464629,-0.815197423710014,-0.0606239937546174
1.98406445567575,0.884877263455216,-0.803529844217399,-0.0813474192378186
1.98413206894804,0.893533835222104,-0.79149977087947,-0.102034064342663
1.98419968222033,0.901787220597309,-0.779112623086973,-0.12267459751035
1.98429184148166,0.912380665303413,-0.761663838122822,-0.150716827180634
1.98438400074299,0.922209368602466,-0.743576564344732,-0.178632804257767
1.98444420061306,0.928212934246246,-0.731423875913473,-0.196789058332776
1.98450440048313,0.933884469764239,-0.719009637209341,-0.214874832554926
1.98456460035321,0.9392219717461,-0.706338256831149,-0.232883714914964
1.98462480022328,0.944223518984164,-0.693414268129817,-0.250809250854327
1.98469730048791,0.949798514125107,-0.677520927830741,-0.272277586294379
1.98476980075254,0.954880784435649,-0.661276109358964,-0.293604675076684
1.98484230101718,0.959467707042346,-0.644688241124754,-0.314779465917623
1.98491480128181,0.963556888149768,-0.62776593876947,-0.335790949380364
1.98498730154644,0.967146220245672,-0.610517976745813,-0.356628243499885
1.98505980181108,0.97023382846215,-0.592953309628751,-0.377280518833419
1.98514796910578,0.97331024406227,-0.571179650661305,-0.402130593400981
1.98523613640048,0.975639970859092,-0.548967739954747,-0.426672230904356
1.98532430369519,0.977221231684571,-0.526334651581732,-0.450886580102861
1.98541247098989,0.978052800540368,-0.503297761502063,-0.474755039038342
1.98550063828459,0.978134050640116,-0.479874751706613,-0.498259298933511
1.9855888055793,0.977464908121948,-0.456083592841655,-0.521381315280302
1.985676972874,0.976045897245126,-0.431942540183802,-0.54410335706133
1.9857651401687,0.973878095836675,-0.407470112899711,-0.566407982936975
1.98585330746341,0.970963177379123,-0.382685087670587,-0.588278089708537
1.98596171169574,0.966358544426676,-0.351811370233664,-0.614547174193014
1.98607011592808,0.960633204484705,-0.320529481082878,-0.640103723401826
1.98617852016041,0.953793807318336,-0.28887579902467,-0.664918008293656
1.98628692439275,0.94584829581207,-0.256887056419126,-0.688961239392952
1.98639532862509,0.936805879928215,-0.224600376542604,-0.712205503385597
1.98650373285742,0.926677051794492,-0.192053198190943,-0.734623853603564
1.98661213708976,0.915473551758582,-0.159283281037089,-0.756190270721461
1.9867205413221,0.90320837736131,-0.12632862051441,-0.776879756846942
1.98682894555443,0.889895746613589,-0.093227446603921,-0.796668300009705
1.98693734978677,0.87555110286224,-0.0600181384850871,-0.815532964377117
1.9870457540191,0.860191076027138,-0.026739220524723,-0.833451855502419
1.98715415825144,0.843833483739549,0.00657072187776302,-0.850404205617304
1.98726256248378,0.82649729068215,0.0398730483329503,-0.866370339015121
1.9873301757554,0.815197422874096,0.0606239961505021,-0.875821419024585
1.98739778902702,0.803529843398548,0.08134742141949,-0.88487726481803
1.98746540229864,0.791499770086318,0.102034066308344,-0.893533836394637
1.98753301557026,0.779112622328015,0.122674599258599,-0.901787221586634
1.98762517486224,0.761663831336353,0.150716838216533,-0.912380669552885
1.98771733415423,0.743576551113511,0.178632824485499,-0.922209375598999
1.9877775339986,0.731423867583816,0.196789070739046,-0.92821293832286
1.98783773384298,0.719009634008438,0.214874837194123,-0.933884471202526
1.98789793368736,0.706338258980528,0.232883711849832,-0.939221970830379
1.98795813353174,0.693414275845211,0.250809240155849,-0.944223516001042
1.98803063379621,0.677520935704206,0.272277575594465,-0.949798511298692
1.98810313406068,0.661276117389167,0.293604664379851,-0.954880781769059
1.98817563432515,0.644688249310265,0.314779455228407,-0.959467704538698
1.98824813458962,0.627765947108706,0.335790938703327,-0.963556885812052
1.98832063485409,0.610517985237195,0.356628232839596,-0.967146218076801
1.98839313511856,0.592953318270464,0.377280508194551,-0.970233826464992
1.98848130244006,0.571179652749883,0.402130590355304,-0.97331024310519
1.98856946976156,0.548967735223913,0.426672235264381,-0.975639970488293
1.98865763708305,0.526334639780856,0.450886591663849,-0.977221231444666
1.98874580440455,0.503297742396545,0.47475505757871,-0.978052799975251
1.98883397172605,0.479874725078184,0.498259324215162,-0.978134049293344
1.98892213904755,0.456083558488772,0.521381347049049,-0.977464905537802
1.98901030636904,0.431942497921987,0.544103395047127,-0.976045892969115
1.98909847369054,0.407470062561735,0.566408026854498,-0.973878089416217
1.98918664101204,0.382685029106852,0.588278139257516,-0.970963168364376
1.98929504524445,0.351811310800563,0.614547222376041,-0.966358533176617
1.98940344947687,0.320529420851662,0.640103770158006,-0.960633191009638
1.98951185370929,0.2888757380674,0.664918053563755,-0.953793791631137
1.9896202579417,0.256886994808696,0.688961283119432,-0.945848277928074
1.98972866217412,0.224600314352747,0.712205545512754,-0.936805859865492
1.98983706640653,0.192053135496153,0.73462389407742,-0.926677029573575
1.98994547063895,0.15928321791244,0.75619030949003,-0.915473527402441
1.99005387487137,0.126328557035518,0.776879793860058,-0.903208350895557
1.99016227910378,0.0932273828468782,0.796668335219332,-0.889895718066179
1.9902706833362,0.0600180745264431,0.815532997737162,-0.875551072263587
1.99037908756861,0.0267391564412268,0.83345188696898,-0.860191043410216
1.99048749180103,-0.00657078600917443,0.850404235148606,-0.8438334491394
1.99059589603345,-0.0398731124351716,0.866370366571621,-0.826497254136426
1.99066350924282,-0.06062404108974,0.875821436804945,-0.815197395715165
1.9907311224522,-0.0813474472248124,0.884877273540215,-0.803529826315386
1.99079873566158,-0.102034073034636,0.893533836788266,-0.791499763753632
1.99086634887095,-0.122674586986483,0.901787214392188,-0.779112627405643
1.99095850817729,-0.150716830340139,0.912380664217155,-0.761663833876999
1.99105066748362,-0.178632820970455,0.922209371885737,-0.743576550915269
1.9911108673325,-0.196789068583869,0.928212935067944,-0.731423866484065
1.99117106718138,-0.214874836388219,0.933884468356313,-0.719009631968066
1.99123126703026,-0.232883712381115,0.939221968342622,-0.706338255961512
1.99129146687914,-0.250809242010818,0.944223513821282,-0.693414271810451
1.99136396714106,-0.272277576670444,0.949798508836158,-0.677520932165699
1.99143646740298,-0.293604664685024,0.954880779057991,-0.661276114372969
1.9915089676649,-0.314779454772085,0.959467701613647,-0.64468824684156
1.99158146792682,-0.335790937496056,0.963556882707892,-0.6277659452118
1.99165396818874,-0.356628230893016,0.967146214828501,-0.610517983935468
1.99172646845066,-0.377280505521501,0.970233823107858,-0.592953317586312
1.99181463579399,-0.402130593802667,0.97331024042791,-0.571179646625217
1.99190280313732,-0.426672244675055,0.975639968120616,-0.548967723445521
1.99199097048066,-0.450886606866805,0.977221229015199,-0.526334622148357
1.99207913782399,-0.474755078389247,0.978052797111996,-0.503297718722737
1.99216730516732,-0.498259350435179,0.978134045624398,-0.479874695189184
1.99225547251065,-0.521381378467347,0.977464900691823,-0.456083522224446
1.99234363985398,-0.544103431439751,0.976045886575868,-0.431942455136083
1.99243180719732,-0.566408067985025,0.97387808110727,-0.407470013122179
1.99251997454065,-0.588278184877447,0.970963157773482,-0.382684972896035
1.99262837877314,-0.614547266757146,0.966358520558323,-0.351811253801141
1.99273678300563,-0.640103813245046,0.960633176373228,-0.320529363128166
1.99284518723811,-0.664918095303028,0.953793774988249,-0.288875679685189
1.9929535914706,-0.688961323458754,0.94584825929266,-0.256886935833901
1.99306199570309,-0.712205584401604,0.936805839253879,-0.224600254852227
1.99317039993558,-0.734623931466821,0.926677007004254,-0.19205307553744
1.99327880416807,-0.756190345332776,0.915473502896393,-0.159283157563619
1.99338720840056,-0.776879828110706,0.90320832447594,-0.126328496365252
1.99349561263305,-0.796668367834197,0.889895689758389,-0.0932273219241729
1.99360401686554,-0.815533028674539,0.875551042095237,-0.060018013420648
1.99371242109803,-0.833451916188996,0.86019101141097,-0.0267390952219478
1.99382082533052,-0.850404262613353,0.843833415341266,0.00657084727208523
1.99392922956301,-0.866370392245235,0.826497218573421,0.0398731736718202
1.99399684271107,-0.875821452946715,0.815197369490995,0.0606240834557422
1.99406445585914,-0.884877280858457,0.803529810107353,0.0813474707511485
1.9941320690072,-0.893533836002643,0.791499758225033,0.102034077777675
1.99419968215527,-0.901787206233141,0.779112633205167,0.122674573028024
1.99429184144535,-0.912380654662424,0.761663843152588,0.150716811509853
1.99438400073544,-0.922209361210968,0.743576563881437,0.178632797329566
1.99444420061439,-0.928212927756938,0.731423873672234,0.196789054084703
1.99450440049333,-0.933884464079157,0.719009633113184,0.214874830966013
1.99456460037228,-0.939221966766478,0.706338250805005,0.232883715961479
1.99462480025123,-0.944223514610255,0.693414260100628,0.250809254509657
1.99469730051083,-0.949798509191755,0.677520920780627,0.272277588411136
1.99476980077043,-0.954880779010381,0.661276103339455,0.293604675670934
1.99484230103002,-0.959467701193304,0.644688236185545,0.3147794650078
1.99491480128962,-0.963556881945793,0.627765934958614,0.335790946987185
1.99498730154922,-0.967146213755909,0.610517974109584,0.356628239646329
1.99505980180882,-0.970233821756198,0.592953308211386,0.377280513544822
1.99514796914724,-0.973310238715924,0.571179638348607,0.402130600367318
1.99523613648567,-0.975639966130913,0.548967716319784,0.426672249811164
1.99532430382409,-0.977221226830888,0.526334616223364,0.450886610607541
1.99541247116252,-0.978052794816336,0.503297714045321,0.474755080771021
1.99550063850094,-0.978134043300913,0.47987469180349,0.498259351497416
1.99558880583937,-0.977464898424,0.45608352017147,0.521381378252525
1.99567697317779,-0.976045884447091,0.431942454453798,0.544103429993324
1.99576514051622,-0.973878079200756,0.407470013845462,0.566408065355316
1.99585330785464,-0.970963156172078,0.382684975056594,0.58827818111551
1.99596171208713,-0.966358519157685,0.351811256039782,0.614547263117928
1.99607011631961,-0.96063317517246,0.32052936543854,0.640103809733938
1.99617852055209,-0.953793773986173,0.288875682060761,0.664918091925408
1.99628692478457,-0.945848258487929,0.25688693826822,0.688961320219722
1.99639532901705,-0.93680583864482,0.22460025733861,0.712205581306202
1.99650373324954,-0.926677006589087,0.192053078069199,0.734623928519896
1.99661213748202,-0.915473502673011,0.159283160133986,0.756190342539011
1.9967205417145,-0.903208324442052,0.126328498967447,0.776879825474603
1.99682894594698,-0.889895689911445,0.0932273245513453,0.796668365360096
1.99693735017946,-0.875551042432481,0.0600180160659381,0.815533026366544
1.99704575441195,-0.860191011929525,0.0267390978784494,0.83345191405107
1.99715415864443,-0.843833416038005,-0.00657084461122702,0.850404260649217
1.99726256287691,-0.8264972194449,-0.0398731710135708,0.866370390458445
1.9973301760257,-0.815197370345158,-0.0606240810274363,0.87582145137258
1.9973977891745,-0.803529810934893,-0.0813474685547216,0.884877279489602
1.99746540232329,-0.791499759016695,-0.102034075814855,0.89353383483153
1.99753301547209,-0.779112633951884,-0.122674571300156,0.901787205252051
1.99762517473156,-0.761663849917951,-0.150716800507436,0.912380650425363
1.99771733399103,-0.74357657708203,-0.178632777148302,0.922209354230349
1.99777753389561,-0.731423881982966,-0.196789041706455,0.928212923689445
1.99783773380019,-0.719009636307387,-0.214874826336519,0.933884462643894
1.99789793370477,-0.706338248661662,-0.23288371901817,0.939221967679832
1.99795813360936,-0.693414252404501,-0.250809265181739,0.944223517586211
1.99803063386915,-0.677520912919603,-0.272277599094401,0.949798512013997
1.99810313412894,-0.661276095314545,-0.293604686360751,0.954880781675313
1.99817563438873,-0.64468822799798,-0.314779475699503,0.959467703697485
1.99824813464853,-0.627765926609563,-0.335790957676058,0.963556884285606
1.99832063490832,-0.610517965600419,-0.356628250327605,0.96714621592801
1.99839313516811,-0.592953299543689,-0.377280524213668,0.970233823757342
1.99848130247977,-0.571179636227516,-0.402130603449272,0.973310239676771
1.99856946979142,-0.548967721011414,-0.42667224549346,0.975639966504858
1.99865763710307,-0.526334627978117,-0.45088659909475,0.977221227072848
1.99874580441473,-0.503297733097698,-0.474755062284471,0.978052795382172
1.99883397172638,-0.479874718371449,-0.498259326275017,0.978134044646463
1.99892213903804,-0.456083554456457,-0.521381346548219,0.977464901004664
1.99901030634969,-0.43194249664024,-0.544103392076789,0.97604588871701
1.99909847366135,-0.407470064100444,-0.566408021511663,0.973878085612079
1.999186640973,-0.382685033529485,-0.588278131644783,0.970963165174268
1.99929504520541,-0.351811315379545,-0.614547215012036,0.966358530391587
1.99940344943782,-0.320529425573928,-0.640103763053727,0.960633188627649
1.99951185367022,-0.288875742919872,-0.664918046729901,0.953793789649771
1.99962025790263,-0.256886999778173,-0.688961276566347,0.945848276344528
1.99972866213504,-0.22460031942579,-0.712205539250523,0.936805858676305
1.99983706636744,-0.192053140659226,-0.734623888115679,0.926677028774948
1.99994547059985,-0.159283223151898,-0.756190303838177,0.915473526990075
2.00005387483226,-0.126328562337684,-0.776879788527065,0.903208350864761
2.00016227906466,-0.0932273881979355,-0.796668330213864,0.889895718411772
2.00027068329707,-0.0600180799125118,-0.815532993067436,0.875551072979942
2.00037908752948,-0.0267391618483585,-0.833451882642907,0.860191044491218
2.00048749176188,0.00657078059483087,-0.850404231173607,0.843833450578747
2.00059589599429,0.0398731070276285,-0.866370362954799,0.826497255927143
2.00066350920521,0.0606240361676943,-0.875821433626497,0.815197397458757
2.00073112241613,0.0813474427922506,-0.884877270784473,0.803529827992231
2.00079873562704,0.102034069094857,-0.893533834439207,0.791499765344338
2.00086634883796,0.122674583542167,-0.901787212433399,0.779112628891202
2.00095850808305,0.150716808344205,-0.912380655745271,0.761663847401055
2.00105066732815,0.178632780614227,-0.92220935792556,0.743576577311315
2.00111086722829,0.196789043832002,-0.928212926933401,0.731423883101349
2.00117106712843,0.214874827132157,-0.933884465485553,0.719009638353392
2.00123126702858,0.232883718495771,-0.939221970168632,0.706338251672837
2.00129146692872,0.250809263354607,-0.94422351977199,0.693414256417379
2.00136396719103,0.272277598037459,-0.949798514479712,0.677520916442221
2.00143646745335,0.29360468606599,-0.954880784387111,0.6612760983211
2.00150896771566,0.314779476157687,-0.959467706621224,0.6446882304635
2.00158146797798,0.335790958876835,-0.963556887386925,0.627765928510074
2.00165396824029,0.356628252259448,-0.96714621917221,0.610517966912749
2.0017264685026,0.377280526863906,-0.97023382710957,0.592953300245639
2.00181463579242,0.402130599979472,-0.973310242349773,0.571179642370303
2.00190280308224,0.426672236060657,-0.975639968868917,0.548967732808246
2.00199097037206,0.450886583870027,-0.97722122949935,0.526334645629327
2.00207913766189,0.47475504145254,-0.978052798243083,0.503297756790494
2.00216730495171,0.498259300033998,-0.978134048313667,0.479874748279658
2.00225547224153,0.521381315109299,-0.977464905849588,0.456083590740259
2.00234363953135,0.544103355663988,-0.976045895109832,0.431942539445815
2.00243180682117,0.566407980361393,-0.973878093921222,0.4074701135598
2.00251997411099,0.588278086005562,-0.970963175765915,0.382685089760335
2.00262837834332,0.614547170611607,-0.966358543011489,0.351811372399882
2.00273678257565,0.640103719947385,-0.960633203266587,0.320529483319195
2.00284518680798,0.66491800497138,-0.953793806296101,0.288875801324696
2.00295359104031,0.688961236207916,-0.945848294984332,0.256887058776366
2.00306199527265,0.712205500342798,-0.936805879293298,0.224600378950512
2.00317039950498,0.73462385070765,-0.92667705135057,0.192053200642906
2.00327880373731,0.756190267977051,-0.915473551503521,0.15928328352646
2.00338720796964,0.776879754258374,-0.903208377292861,0.126328623034459
2.00349561220197,0.796668297581245,-0.889895746729219,0.0932274491479239
2.0036040164343,0.815532962112866,-0.875551103159093,0.0600181410462117
2.00371242066664,0.833451853406134,-0.86019107650237,0.0267392230961923
2.00382082489897,0.850404203692731,-0.843833484389954,-0.00657071930275789
2.0039292291313,0.866370337265611,-0.826497291504397,-0.0398730457612222
2.00399684240356,0.875821417473958,-0.815197423692511,-0.0606239937814749
2.00406445567582,0.884877263459937,-0.803529844204753,-0.081347419255208
2.00413206894808,0.893533835222655,-0.791499770872054,-0.102034064350589
2.00419968222034,0.901787220594,-0.779112623085127,-0.12267459750887
2.0042918414817,0.912380665303716,-0.761663838114541,-0.150716827189218
2.00438400074306,0.922209368605862,-0.74357656432956,-0.178632804276317
2.00444420061311,0.928212934247339,-0.73142387590195,-0.19678905834542
2.00450440048316,0.933884469763273,-0.719009637201677,-0.214874832561628
2.00456460035322,0.939221971743302,-0.706338256827547,-0.232883714915787
2.00462480022327,0.944223518979694,-0.693414268130373,-0.25080925084936
2.00469730048795,0.949798514124254,-0.677520927820648,-0.272277586303641
2.00476980075263,0.954880784437755,-0.661276109337803,-0.293604675099976
2.00484230101731,0.959467707046762,-0.644688241092021,-0.314779465954787
2.004914801282,0.963556888155838,-0.627765938724698,-0.335790949431129
2.00498730154668,0.967146220252662,-0.610517976688671,-0.356628243563987
2.00505980181136,0.970233828469397,-0.592953309558816,-0.377280518910575
2.00514796910614,0.973310244069397,-0.571179650571566,-0.402130593497842
2.00523613640091,0.975639970864801,-0.548967739844457,-0.426672231020376
2.00532430369569,0.977221231687707,-0.526334651450323,-0.450886580237395
2.00541247099047,0.97805280053962,-0.503297761348914,-0.474755039190712
2.00550063828524,0.978134050634137,-0.479874751531202,-0.498259299102975
2.00558880558002,0.977464908109567,-0.456083592643478,-0.521381315466103
2.0056769728748,0.976045897225069,-0.431942539962476,-0.544103357262615
2.00576514016958,0.973878095807725,-0.407470112654858,-0.566407983152888
2.00585330746435,0.970963177340073,-0.382685087401824,-0.58827808993826
2.00596171169669,0.966358544377622,-0.351811369960349,-0.614547174417301
2.00607011592903,0.960633204425691,-0.320529480805332,-0.640103723620382
2.00617852016137,0.953793807249371,-0.288875798743194,-0.664918008506192
2.00628692439371,0.94584829573318,-0.25688705613402,-0.688961239599175
2.00639532862605,0.936805879839411,-0.224600376254163,-0.712205503585273
2.00650373285839,0.926677051695837,-0.192053197899503,-0.734623853796373
2.00661213709073,0.915473551650131,-0.159283280742982,-0.756190270907136
2.00672054132307,0.903208377243149,-0.126328620217953,-0.776879757025196
2.0068289455554,0.889895746485749,-0.0932274463054499,-0.796668300180323
2.00693734978774,0.875551102724778,-0.0600181381849872,-0.815532964539804
2.00704575402008,0.860191075880279,-0.0267392202233167,-0.833451855656964
2.00715415825242,0.843833483583305,0.00657072218015411,-0.850404205763441
2.00726256248476,0.826497290516702,0.0398730486359619,-0.866370339152641
2.00733017575608,0.815197422754235,0.060623996361079,-0.875821419115332
2.0073977890274,0.803529843327663,0.0813474215377086,-0.884877264865405
2.00746540229872,0.79149977006768,0.102034066334489,-0.893533836402167
2.00753301557004,0.779112622364858,0.122674599193032,-0.901787221557864
2.00762517486198,0.76166383138253,0.150716838138861,-0.912380669521422
2.00771733415393,0.743576551169617,0.178632824395893,-0.922209375565516
2.00777753399842,0.731423867617226,0.196789070685272,-0.928212938302454
2.00783773384292,0.719009634018032,0.214874837175906,-0.933884471193932
2.00789793368741,0.706338258965387,0.232883711866837,-0.939221970832195
2.00795813353191,0.693414275804304,0.250809240207775,-0.944223516012066
2.00803063379637,0.677520935664731,0.272277575643009,-0.94979851130774
2.00810313406083,0.661276117351351,0.293604664424966,-0.954880781776311
2.00817563432529,0.644688249274135,0.314779455270145,-0.959467704544267
2.00824813458975,0.627765947074419,0.335790938741727,-0.963556885816113
2.00832063485421,0.610517985204846,0.356628232874665,-0.967146218079497
2.00839313511867,0.592953318240128,0.377280508226331,-0.970233826466461
2.00848130244018,0.571179652716866,0.4021305903891,-0.973310243105972
2.00856946976168,0.548967735188146,0.426672235300125,-0.9756399704883
2.00865763708319,0.526334639742304,0.450886591701436,-0.97722123144374
2.00874580440469,0.503297742355161,0.474755057618038,-0.97805279997321
2.0088339717262,0.479874725033905,0.498259324256172,-0.97813404929006
2.00892213904771,0.456083558441596,0.521381347091585,-0.977464905533151
2.00901030636921,0.431942497871872,0.544103395091074,-0.976045892962965
2.00909847369072,0.40747006250865,0.566408026899752,-0.973878089408395
2.00918664101222,0.382685029050752,0.588278139303988,-0.970963168354755
2.00929504524464,0.351811310743214,0.614547222421783,-0.966358533164976
2.00940344947706,0.320529420793076,0.640103770202902,-0.960633190995981
2.00951185370948,0.288875738007676,0.664918053607743,-0.953793791615412
2.00962025794189,0.256886994747911,0.688961283162442,-0.945848277910326
2.00972866217431,0.22460031429093,0.712205545554719,-0.936805859845645
2.00983706640673,0.19205313543331,0.734623894118267,-0.926677029551587
2.00994547063915,0.15928321784866,0.756190309529713,-0.915473527378343
2.01005387487157,0.126328556970913,0.776879793898421,-0.903208350869347
2.01016227910398,0.0932273827815085,0.796668335256331,-0.889895718037829
2.0102706833364,0.0600180744603549,0.81553299777276,-0.875551072233084
2.01037908756882,0.0267391563744766,0.833451887003067,-0.860191043377533
2.01048749180124,-0.00657078607650258,0.850404235181124,-0.843833449104618
2.01059589603365,-0.0398731125030147,0.866370366602514,-0.826497254099483
2.01066350924296,-0.0606240411356687,0.875821436824853,-0.815197395689208
2.01073112245227,-0.0813474472488556,0.884877273550007,-0.803529826301114
2.01079873566157,-0.10203407303687,0.893533836788752,-0.791499763751907
2.01086634887088,-0.122674586966997,0.901787214384228,-0.779112627417197
2.01095850817717,-0.150716830308461,0.912380664205365,-0.76166383389687
2.01105066748346,-0.17863282092677,0.922209371870781,-0.743576550943987
2.01111086733239,-0.196789068557386,0.928212935059348,-0.731423866501936
2.01117106718133,-0.214874836378794,0.933884468353451,-0.719009631974633
2.01123126703027,-0.232883712388648,0.939221968344876,-0.706338255956193
2.01129146687921,-0.250809242035133,0.944223513827981,-0.693414271792828
2.01136396714112,-0.272277576693387,0.949798508842075,-0.677520932148684
2.01143646740304,-0.293604664706518,0.954880779063187,-0.661276114356658
2.01150896766495,-0.314779454792174,0.959467701618135,-0.644688246825954
2.01158146792687,-0.335790937514717,0.963556882711781,-0.62776594519703
2.01165396818879,-0.356628230910298,0.967146214831833,-0.610517983921495
2.0117264684507,-0.377280505537394,0.970233823110697,-0.592953317573297
2.01181463579401,-0.40213059381153,0.973310240429608,-0.571179646618044
2.01190280313732,-0.426672244677117,0.975639968121636,-0.548967723444499
2.01199097048063,-0.450886606862235,0.977221229015959,-0.526334622153686
2.01207913782393,-0.474755078378216,0.978052797112865,-0.503297718734624
2.01216730516724,-0.498259350417952,0.978134045625842,-0.47987469520785
2.01225547251055,-0.521381378444079,0.977464900694229,-0.456083522250101
2.01234363985386,-0.544103431410739,0.976045886579632,-0.431942455168874
2.01243180719716,-0.566408067950494,0.973878081112809,-0.407470013162285
2.01251997454047,-0.588278184837646,0.970963157781217,-0.382684972943606
2.01262837877296,-0.61454726671802,0.966358520568018,-0.351811253849992
2.01273678300544,-0.640103813206615,0.960633176384858,-0.320529363178239
2.01284518723793,-0.664918095265419,0.953793775001853,-0.288875679736459
2.01295359147042,-0.688961323422015,0.945848259308366,-0.256886935886341
2.01306199570291,-0.71220558436578,0.936805839271594,-0.224600254905804
2.01317039993539,-0.734623931432056,0.926677007024097,-0.192053075592034
2.01327880416788,-0.756190345299123,0.915473502918345,-0.159283157619171
2.01338720840037,-0.776879828078221,0.903208324499949,-0.126328496421731
2.01349561263285,-0.796668367803002,0.889895689784528,-0.0932273219814871
2.01360401686534,-0.8155330286447,0.875551042123467,-0.0600180134787532
2.01371242109783,-0.833451916160568,0.860191011441323,-0.0267390952807498
2.01382082533031,-0.85040426258638,0.843833415373777,0.0065708472126267
2.0139292295628,-0.86637039221981,0.826497218608106,0.0398731736117606
2.01399684271093,-0.875821452931142,0.815197369516023,0.0606240834151426
2.01406445585906,-0.884877280852006,0.803529810122084,0.0813474707299345
2.01413206900719,-0.893533836004553,0.791499758228743,0.102034077775829
2.01419968215532,-0.901787206242648,0.779112633197263,0.122674573045382
2.01429184144538,-0.91238065466845,0.761663843149714,0.150716811518771
2.01438400073543,-0.922209361214014,0.743576563883924,0.1786327973301
2.01444420061438,-0.928212927759752,0.731423873675314,0.196789054084448
2.01450440049332,-0.933884464081832,0.719009633116813,0.21487483096505
2.01456460037227,-0.939221966768948,0.706338250809255,0.232883715959741
2.01462480025121,-0.944223514612674,0.693414260105494,0.250809254507186
2.0146973005108,-0.94979850919378,0.677520920786912,0.272277588406894
2.0147698007704,-0.954880779012163,0.661276103347208,0.293604675664992
2.01484230102999,-0.959467701195007,0.644688236194855,0.31477946500016
2.01491480128958,-0.963556881947378,0.627765934969474,0.335790946977907
2.01498730154917,-0.967146213757464,0.610517974122083,0.356628239635413
2.01505980180876,-0.970233821757905,0.592953308225598,0.377280513532323
2.01514796914714,-0.973310238716705,0.57117963837398,0.40213060034276
2.01523613648552,-0.975639966131573,0.548967716356763,0.426672249774817
2.01532430382391,-0.977221226832115,0.526334616272303,0.450886610559824
2.01541247116229,-0.978052794818912,0.503297714106702,0.474755080712244
2.01550063850067,-0.978134043305544,0.479874691877513,0.498259351428055
2.01558880583905,-0.97746489843151,0.456083520258489,0.521381378173023
2.01567697317743,-0.976045884458187,0.431942454554101,0.544103429904081
2.01576514051582,-0.973878079216174,0.407470013959328,0.566408065256872
2.0158533078542,-0.970963156192514,0.382684975184165,0.588278181008346
2.01596171208668,-0.966358519182781,0.351811256169046,0.614547263013742
2.01607011631916,-0.960633175202096,0.320529365569282,0.640103809632818
2.01617852055164,-0.953793774020355,0.288875682192888,0.664918091827469
2.01628692478413,-0.945848258526696,0.256886938401568,0.688961320125137
2.01639532901661,-0.936805838688039,0.224600257473035,0.712205581215002
2.01650373324909,-0.926677006636687,0.19205307820449,0.734623928432226
2.01661213748157,-0.91547350272502,0.159283160270028,0.756190342454994
2.01672054171405,-0.903208324498316,0.126328499104094,0.776879825394245
2.01682894594654,-0.889895689971969,0.0932273246884403,0.796668365283545
2.01693735017902,-0.875551042497186,0.0600180162033078,0.815533026293873
2.0170457544115,-0.860191011998324,0.0267390980159664,0.833451913982363
2.01715415864398,-0.843833416110799,-0.00657084447374951,0.850404260584541
2.01726256287646,-0.826497219521654,-0.0398731708762695,0.866370390397916
2.01733017602539,-0.815197370401551,-0.060624080931383,0.875821451332958
2.01739778917432,-0.803529810969467,-0.0813474684998899,0.884877279469336
2.01746540232325,-0.79149975902798,-0.102034075801117,0.893533834829099
2.01753301547218,-0.779112633938471,-0.122674571327317,0.901787205265812
2.01762517473165,-0.761663849903585,-0.150716800534994,0.91238065043857
2.01771733399112,-0.743576577066689,-0.178632777176229,0.922209354242939
2.01777753389567,-0.73142388197458,-0.196789041723414,0.928212923697965
2.01783773380021,-0.719009636306212,-0.214874826342619,0.933884462648833
2.01789793370476,-0.706338248668053,-0.232883719013468,0.939221967681513
2.01795813360931,-0.693414252418725,-0.250809265166369,0.944223517585096
2.0180306338691,-0.677520912933271,-0.272277599080164,0.949798512013459
2.0181031341289,-0.661276095327601,-0.293604686347693,0.95488078167527
2.0181756343887,-0.644688228010353,-0.31477947568758,0.959467703697917
2.01824813464849,-0.627765926621224,-0.335790957665296,0.963556884286505
2.01832063490829,-0.610517965611342,-0.356628250317959,0.967146215929318
2.01839313516808,-0.592953299553805,-0.377280524205165,0.970233823758996
2.01848130247974,-0.571179636237286,-0.402130603441387,0.97331023967868
2.0185694697914,-0.548967721020812,-0.426672245486189,0.975639966507036
2.01865763710306,-0.526334627987093,-0.450886599088121,0.977221227075231
2.01874580441471,-0.503297733106238,-0.474755062278441,0.978052795384689
2.01883397172637,-0.47987471837955,-0.498259326269561,0.978134044649131
2.01892213903803,-0.456083554464084,-0.521381346543372,0.977464901007437
2.01901030634968,-0.431942496647388,-0.544103392072488,0.976045888719839
2.01909847366134,-0.407470064107064,-0.566408021507913,0.973878085614966
2.019186640973,-0.382685033535626,-0.588278131641581,0.970963165177179
2.0192950452054,-0.351811315385815,-0.614547215008807,0.966358530394588
2.01940344943781,-0.32052942558037,-0.640103763050424,0.960633188630792
2.01951185367022,-0.288875742926418,-0.6649180467266,0.95379378965302
2.01962025790262,-0.256886999784859,-0.688961276563043,0.945848276347869
2.01972866213503,-0.224600319432632,-0.71220553924718,0.936805858679781
2.01983706636743,-0.192053140666224,-0.734623888112327,0.926677028778516
2.01994547059984,-0.159283223159027,-0.756190303834843,0.915473526993848
2.02005387483225,-0.126328562344948,-0.776879788523739,0.903208350868684
2.02016227906465,-0.0932273882053738,-0.796668330210516,0.889895718415873
2.02027068329706,-0.0600180799201019,-0.815532993064167,0.875551072984248
2.02037908752946,-0.0267391618560754,-0.833451882639654,0.860191044495713
2.02048749176187,0.00657078058699333,-0.850404231170375,0.843833450583372
2.02059589599428,0.0398731070196382,-0.866370362951636,0.826497255931987
2.02066350920521,0.0606240361634567,-0.875821433625092,0.81519739746164
2.02073112241614,0.0813474427916819,-0.884877270784691,0.803529827992998
2.02079873562707,0.102034069097989,-0.893533834440867,0.791499765342862
2.020866348838,0.122674583548936,-0.901787212436344,0.779112628887404
2.02095850808314,0.150716808366355,-0.912380655753576,0.761663847387212
2.02105066732828,0.178632780651616,-0.922209357938369,0.74357657728673
2.02111086722837,0.196789043853836,-0.928212926940476,0.731423883086619
2.02117106712847,0.214874827138583,-0.933884465487542,0.719009638348945
2.02123126702856,0.23288371848687,-0.939221970166019,0.706338251679129
2.02129146692865,0.250809263330566,-0.944223519765358,0.693414256434788
2.02136396719098,0.272277598016931,-0.949798514474398,0.677520916457416
2.0214364674533,0.293604686048961,-0.954880784382947,0.661276098333961
2.02150896771563,0.314779476144113,-0.959467706618074,0.644688230473955
2.02158146797795,0.335790958866684,-0.963556887384593,0.627765928517918
2.02165396824028,0.356628252252642,-0.967146219170611,0.610517966917945
2.0217264685026,0.377280526860366,-0.970233827108473,0.592953300248067
2.02181463579244,0.402130599980689,-0.973310242349189,0.571179642368474
2.02190280308228,0.426672236066529,-0.97563996886858,0.54896773280203
2.02199097037212,0.450886583880433,-0.977221229498937,0.526334645618512
2.02207913766195,0.47475504146728,-0.978052798242314,0.503297756775007
2.02216730495179,0.498259300052941,-0.978134048312313,0.479874748259355
2.02225547224163,0.521381315132314,-0.977464905847296,0.456083590714959
2.02234363953147,0.544103355690817,-0.976045895106306,0.431942539415475
2.0224318068213,0.566407980391902,-0.973878093916203,0.407470113524303
2.02251997411114,0.588278086039528,-0.970963175759148,0.382685089719606
2.02262837834347,0.614547170644122,-0.966358543003242,0.351811372359104
2.0227367825758,0.64010371997843,-0.960633203256853,0.320529483278411
2.02284518680813,0.664918005001036,-0.953793806284974,0.288875801283936
2.02295359104046,0.688961236236074,-0.945848294971786,0.256887058735704
2.02306199527279,0.712205500369458,-0.936805879279459,0.224600378910011
2.02317039950512,0.734623850732817,-0.926677051335441,0.192053200602632
2.02327880373745,0.756190268000748,-0.915473551487218,0.159283283486475
2.02338720796978,0.776879754280588,-0.903208377275391,0.126328622994815
2.02349561220211,0.796668297601987,-0.889895746710619,0.0932274491086282
2.02360401643444,0.815532962132086,-0.8755511031395,0.0600181410073868
2.02371242066677,0.833451853423903,-0.860191076481786,0.0267392230578729
2.0238208248991,0.85040420370893,-0.843833484368385,-0.00657071934052998
2.02392922913143,0.866370337280356,-0.826497291481988,-0.0398730457984014
2.02399684240366,0.875821417483483,-0.815197423674961,-0.0606239938085299
2.02406445567588,0.884877263464574,-0.803529844192452,-0.0813474192721376
2.02413206894811,0.89353383522276,-0.791499770865348,-0.102034064357404
2.02419968222034,0.90178722059,-0.779112623084377,-0.122674597505621
2.02429184148172,0.912380665302222,-0.761663838109496,-0.150716827192756
2.0243840007431,0.92220936860647,-0.743576564319957,-0.178632804286544
2.02444420061314,0.92821293424609,-0.731423875895623,-0.19678905835048
2.02450440048317,0.933884469760351,-0.719009637198749,-0.214874832561603
2.02456460035321,0.939221971738893,-0.706338256828164,-0.232883714910713
2.02462480022325,0.944223518973933,-0.693414268134671,-0.250809250839258
2.0246973004879,0.949798514116938,-0.677520927830288,-0.272277586286671
2.02476980075256,0.954880784429172,-0.661276109352944,-0.293604675076218
2.02484230101722,0.959467707037285,-0.644688241112979,-0.314779465924299
2.02491480128188,0.963556888145751,-0.627765938751682,-0.335790949394069
2.02498730154654,0.967146220242301,-0.610517976721844,-0.356628243520472
2.02505980181119,0.970233828459059,-0.592953309598336,-0.377280518860778
2.02514796910596,0.973310244060294,-0.571179650613796,-0.402130593446487
2.02523613640073,0.975639970857025,-0.548967739889512,-0.426672230967551
2.0253243036955,0.977221231681329,-0.526334651498117,-0.450886580183227
2.02541247099027,0.978052800534803,-0.503297761399571,-0.474755039135247
2.02550063828504,0.978134050631041,-0.479874751584683,-0.498259299046365
2.02558880557981,0.977464908108294,-0.456083592699864,-0.521381315408455
2.02567697287458,0.976045897225752,-0.431942540021774,-0.544103357203986
2.02576514016935,0.973878095810483,-0.407470112717019,-0.566407983093462
2.02585330746412,0.970963177344964,-0.382685087466929,-0.588278089878062
2.02596171169646,0.966358544385057,-0.351811370026767,-0.614547174358306
2.02607011592879,0.960633204435668,-0.320529480872957,-0.640103723562692
2.02617852016113,0.953793807261847,-0.288875798811993,-0.664918008449859
2.02628692439347,0.945848295748161,-0.256887056203876,-0.6889612395443
2.02639532862581,0.936805879856943,-0.224600376325055,-0.712205503531884
2.02650373285815,0.926677051715883,-0.192053197971338,-0.734623853744553
2.02661213709048,0.915473551672697,-0.159283280815692,-0.756190270857013
2.02672054132282,0.903208377268217,-0.126328620291422,-0.776879756976794
2.02682894555516,0.889895746513389,-0.0932274463796166,-0.796668300133734
2.0269373497875,0.875551102754871,-0.0600181382597378,-0.815532964495196
2.02704575401983,0.860191075912898,-0.0267392202985815,-0.833451855614278
2.02715415825217,0.843833483618342,0.00657072210447128,-0.850404205722854
2.02726256248451,0.826497290554208,0.0398730485599437,-0.86637033911415
2.0273301757559,0.815197422780976,0.0606239963070927,-0.875821419088068
2.02739778902729,0.803529843342802,0.0813474215057969,-0.884877264848592
2.02746540229868,0.791499770070416,0.102034066324587,-0.893533836395003
2.02753301557007,0.779112622354394,0.122674599205066,-0.90178722155947
2.027625174862,0.76166383137522,0.150716838145554,-0.912380669520739
2.02771733415393,0.74357655116567,0.178632824397247,-0.922209375562925
2.02777753399842,0.731423867614112,0.196789070685339,-0.928212938299459
2.02783773384291,0.719009634015894,0.214874837174646,-0.93388447119053
2.0278979336874,0.706338258964181,0.232883711864303,-0.939221970828485
2.02795813353189,0.693414275804111,0.250809240203974,-0.944223516008021
2.02803063379638,0.677520935659116,0.272277575646578,-0.949798511305672
2.02810313406086,0.661276117340046,0.293604664435805,-0.954880781775831
2.02817563432535,0.644688249256922,0.314779455288181,-0.95946770454511
2.02824813458983,0.627765947051092,0.335790938766785,-0.963556885817866
2.02832063485432,0.610517985175124,0.356628232906698,-0.967146218081806
2.0283931351188,0.592953318203878,0.377280508265127,-0.970233826469017
2.02848130244032,0.57117965267686,0.402130590430959,-0.973310243107818
2.02856946976184,0.548967735144317,0.426672235344867,-0.975639970489206
2.02865763708336,0.526334639694493,0.450886591748979,-0.977221231443488
2.02874580440488,0.50329774230327,0.47475505766827,-0.978052799971531
2.02883397172639,0.479874724977957,0.498259324308872,-0.978134049286789
2.02892213904791,0.456083558381446,0.521381347146669,-0.977464905528123
2.02901030636943,0.431942497807465,0.544103395148416,-0.976045892955871
2.02909847369095,0.407470062439967,0.566408026959158,-0.973878089399107
2.02918664101247,0.382685028977769,0.588278139365235,-0.970963168342996
2.02929504524488,0.351811310669865,0.614547222480968,-0.966358533150819
2.0294034494773,0.320529420719451,0.640103770259969,-0.960633190979441
2.02951185370972,0.288875737933786,0.664918053662749,-0.953793791596498
2.02962025794213,0.256886994673882,0.688961283215264,-0.945848277889132
2.02972866217455,0.224600314216872,0.712205545605348,-0.936805859822213
2.02983706640696,0.192053135359355,0.734623894166671,-0.926677029526019
2.02994547063938,0.159283217774795,0.756190309575837,-0.915473527350646
2.0300538748718,0.126328556897267,0.776879793942336,-0.903208350839613
2.03016227910421,0.0932273827081608,0.796668335297966,-0.889895718006122
2.03027068333663,0.0600180743873913,0.815532997812123,-0.875551072199473
2.03037908756904,0.0267391563019373,0.833451887040106,-0.86019104334204
2.03048749180146,-0.0065707861484598,0.850404235215867,-0.843833449067427
2.03059589603388,-0.0398731125743341,0.866370366634933,-0.82649725406059
2.03066350924312,-0.0606240411869062,0.875821436847094,-0.815197395660131
2.03073112245236,-0.0813474472800158,0.884877273562744,-0.803529826282722
2.0307987356616,-0.10203407304804,0.893533836792816,-0.791499763744775
2.03086634887084,-0.122674586958224,0.901787214380365,-0.779112627422147
2.03095850817709,-0.150716830287951,0.912380664197532,-0.761663833909563
2.03105066748334,-0.178632820894619,0.922209371859618,-0.74357655096497
2.03111086733232,-0.196789068537126,0.928212935052634,-0.73142386651549
2.03117106718129,-0.214874836370343,0.933884468350727,-0.719009631980374
2.03123126703027,-0.232883712391923,0.939221968345781,-0.706338255953799
2.03129146687924,-0.250809242050013,0.944223513832028,-0.693414271782005
2.03136396714116,-0.272277576707804,0.949798508845774,-0.67752093213794
2.03143646740307,-0.293604664720467,0.95488077906654,-0.66127611434603
2.03150896766499,-0.314779454805681,0.959467701621178,-0.644688246815469
2.0315814679269,-0.335790937527751,0.96355688271449,-0.627765945186719
2.03165396818882,-0.356628230922882,0.967146214834278,-0.610517983911389
2.03172646845073,-0.377280505549533,0.970233823112858,-0.592953317563318
2.03181463579401,-0.402130593814611,0.973310240430569,-0.571179646615988
2.03190280313728,-0.426672244671349,0.975639968121869,-0.548967723450503
2.03199097048056,-0.450886606847862,0.977221229016056,-0.526334622168187
2.03207913782383,-0.474755078355532,0.978052797113367,-0.503297718757847
2.03216730516711,-0.498259350387199,0.978134045627244,-0.479874695240023
2.03225547251039,-0.52138137840565,0.977464900697132,-0.456083522291479
2.03234363985366,-0.54410343136485,0.97604588658457,-0.431942455219706
2.03243180719694,-0.566408067897595,0.973878081120328,-0.407470013222735
2.03251997454021,-0.588278184778003,0.970963157791879,-0.382684973013862
2.0326283787727,-0.614547266660532,0.966358520581274,-0.351811253920709
2.03273678300519,-0.640103813151285,0.960633176400635,-0.320529363249336
2.03284518723768,-0.664918095212296,0.953793775020109,-0.288875679807827
2.03295359147017,-0.688961323371148,0.945848259329077,-0.256886935957894
2.03306199570266,-0.712205584317186,0.936805839294652,-0.224600254977445
2.03317039993515,-0.734623931385742,0.926677007049455,-0.192053075663657
2.03327880416763,-0.75619034525521,0.915473502945906,-0.159283157690685
2.03338720840012,-0.776879828036659,0.903208324529704,-0.126328496493054
2.03349561263261,-0.796668367763828,0.88989568981637,-0.0932273220525171
2.0336040168651,-0.815533028607894,0.875551042157349,-0.0600180135494169
2.03371242109759,-0.833451916126204,0.860191011477165,-0.0267390953509606
2.03382082533008,-0.850404262554469,0.843833415411529,0.00657084714292207
2.03392922956257,-0.866370392190324,0.826497218647637,0.0398731735427102
2.03399684271076,-0.875821452911998,0.815197369545682,0.0606240833663265
2.03406445585896,-0.884877280842472,0.803529810141133,0.0813474707013506
2.03413206900715,-0.893533836003862,0.791499758236508,0.102034077767379
2.03419968215535,-0.901787206249983,0.77911263319298,0.122674573057017
2.03429184144539,-0.912380654674376,0.761663843147285,0.150716811527123
2.03438400073544,-0.922209361218651,0.743576563883514,0.178632797335154
2.03444420061438,-0.928212927763674,0.731423873676235,0.196789054087456
2.03450440049332,-0.933884464085163,0.719009633119167,0.214874830966001
2.03456460037226,-0.939221966771738,0.706338250813022,0.2328837159587
2.03462480025119,-0.94422351461497,0.693414260110832,0.250809254504151
2.03469730051078,-0.949798509195587,0.67752092079425,0.272277588401366
2.03476980077036,-0.954880779013566,0.661276103356576,0.293604675657005
2.03484230102994,-0.959467701196148,0.644688236206384,0.314779464989755
2.03491480128953,-0.963556881948362,0.627765934983212,0.335790946965147
2.03498730154911,-0.967146213758435,0.610517974138074,0.356628239620347
2.03505980180869,-0.970233821758911,0.592953308243935,0.377280513515024
2.03514796914703,-0.973310238717171,0.571179638402271,0.402130600314909
2.03523613648538,-0.975639966132126,0.548967716395375,0.426672249736723
2.03532430382372,-0.977221226833333,0.526334616321612,0.450886610511786
2.03541247116206,-0.978052794821571,0.503297714166922,0.474755080654628
2.03550063850041,-0.978134043310252,0.47987469194909,0.498259351361177
2.03558880583875,-0.977464898438889,0.456083520341624,0.521381378097277
2.03567697317709,-0.976045884468912,0.431942454649027,0.544103429819891
2.03576514051544,-0.9738780792309,0.407470014066249,0.566408065164652
2.03585330785378,-0.9709631562119,0.382684975303335,0.588278180908593
2.03596171208626,-0.966358519206565,0.351811256290239,0.614547262916309
2.03607011631874,-0.960633175230299,0.320529365692408,0.640103809537871
2.03617852055122,-0.953793774052937,0.288875682317783,0.664918091735154
2.0362869247837,-0.945848258563633,0.256886938528094,0.688961320035554
2.03639532901618,-0.936805838729354,0.22460025760105,0.71220558112831
2.03650373324866,-0.926677006682422,0.192053078333892,0.734623928348536
2.03661213748114,-0.915473502775072,0.159283160400689,0.756190342374373
2.03672054171363,-0.903208324552709,0.126328499235788,0.776879825316897
2.03682894594611,-0.889895690030624,0.0932273248210787,0.796668365209539
2.03693735017859,-0.875551042560066,0.0600180163366845,0.815533026223369
2.03704575441107,-0.860191012065398,0.0267390981499568,0.833451913915438
2.03715415864355,-0.843833416182021,-0.00657084433928031,0.850404260521306
2.03726256287603,-0.826497219596961,-0.0398731707415132,0.866370390338459
2.03733017602509,-0.815197370456377,-0.0606240808381481,0.875821451294502
2.03739778917416,-0.803529811002207,-0.0813474684481462,0.884877279450359
2.03746540232322,-0.791499759037282,-0.102034075790704,0.893533834827968
2.03753301547228,-0.779112633922811,-0.1226745713581,0.901787205280923
2.03762517473179,-0.761663849880117,-0.15071680057677,0.912380650456886
2.0377173339913,-0.743576577034996,-0.178632777228798,0.922209354263756
2.03777753389578,-0.731423881956028,-0.196789041755209,0.928212923711242
2.03783773380026,-0.719009636301446,-0.21487482635377,0.933884462655199
2.03789793370473,-0.706338248677635,-0.23288371900417,0.939221967681814
2.03795813360921,-0.69341425244323,-0.250809265136824,0.944223517580065
2.03803063386902,-0.677520912955603,-0.27227759905435,0.949798512009953
2.03810313412883,-0.661276095347631,-0.293604686325554,0.954880781673185
2.03817563438864,-0.644688228027901,-0.31477947566914,0.959467703697037
2.03824813464844,-0.627765926636266,-0.335790957650427,0.963556884286679
2.03832063490825,-0.610517965623684,-0.356628250306698,0.967146215930331
2.03839313516806,-0.592953299563347,-0.377280524197376,0.970233823760722
2.03848130247973,-0.571179636242871,-0.402130603438285,0.973310239681114
2.03856946979141,-0.548967721022233,-0.426672245487647,0.975639966509881
2.03865763710308,-0.526334627984255,-0.45088659909401,0.977221227078245
2.03874580441475,-0.50329773309895,-0.474755062288663,0.978052795387575
2.03883397172643,-0.479874718367667,-0.498259326283953,0.978134044651594
2.0389221390381,-0.456083554447528,-0.521381346561752,0.977464901009263
2.03901030634977,-0.431942496625994,-0.544103392094727,0.976045888720703
2.03909847366145,-0.407470064080742,-0.566408021533808,0.973878085614537
2.03918664097312,-0.382685033504257,-0.58827813167097,0.970963165175217
2.03929504520553,-0.351811315353952,-0.614547215037432,0.966358530391345
2.03940344943793,-0.320529425548042,-0.640103763078232,0.960633188626289
2.03951185367034,-0.28887574289372,-0.664918046753525,0.953793789647226
2.03962025790275,-0.256886999751753,-0.688961276589088,0.945848276340813
2.03972866213515,-0.224600319399186,-0.712205539272282,0.936805858671477
2.03983706636756,-0.192053140632491,-0.734623888136516,0.926677028768996
2.03994547059996,-0.159283223125099,-0.756190303858,0.915473526983083
2.04005387483237,-0.126328562310802,-0.776879788545905,0.903208350856691
2.04016227906478,-0.0932273881710582,-0.796668330231637,0.889895718402686
2.04027068329718,-0.0600180798856698,-0.815532993084219,0.875551072969897
2.04037908752959,-0.0267391618216371,-0.833451882658597,0.860191044480192
2.04048749176199,0.00657078062148462,-0.850404231188252,0.843833450566724
2.0405958959944,0.0398731070541021,-0.866370362968377,0.826497255914219
2.04066350920529,0.0606240361857285,-0.875821433635678,0.815197397449922
2.04073112241618,0.0813474428018484,-0.884877270789618,0.803529827987736
2.04079873562707,0.10203406909603,-0.893533834440539,0.791499765344491
2.04086634883796,0.122674583534923,-0.901787212431283,0.779112628896319
2.04095850808311,0.150716808354893,-0.912380655749697,0.761663847394815
2.04105066732826,0.178632780642698,-0.922209357935551,0.743576577292836
2.04111086722837,0.1967890438491,-0.928212926939098,0.731423883089954
2.04117106712848,0.214874827137992,-0.933884465487454,0.719009638349418
2.04123126702858,0.232883718490431,-0.939221970167078,0.706338251676618
2.04129146692869,0.25080926333819,-0.944223519767391,0.693414256429174
2.041363967191,0.272277598020973,-0.949798514475296,0.677520916454307
2.04143646745332,0.293604686049418,-0.954880784382865,0.66127609833345
2.04150896771563,0.314779476141046,-0.959467706617156,0.644688230476088
2.04158146797794,0.335790958860162,-0.963556887383075,0.627765928522899
2.04165396824026,0.356628252242728,-0.967146219168565,0.610517966925809
2.04172646850257,0.377280526847129,-0.970233827106078,0.592953300258939
2.04181463579244,0.402130599976127,-0.973310242348063,0.571179642371937
2.04190280308231,0.426672236070464,-0.975639968868146,0.548967732797666
2.04199097037217,0.450886583892588,-0.977221229498691,0.526334645606108
2.04207913766204,0.474755041487437,-0.978052798241738,0.503297756754265
2.04216730495191,0.498259300080783,-0.978134048310857,0.47987474823004
2.04225547224178,0.52138131516755,-0.977464905844448,0.456083590676884
2.04234363953165,0.544103355733252,-0.976045895101573,0.431942539368332
2.04243180682151,0.566407980441086,-0.973878093909046,0.407470113467945
2.04251997411138,0.588278086095183,-0.970963175749054,0.382685089653859
2.04262837834371,0.614547170698213,-0.966358542990617,0.351811372292397
2.04273678257604,0.640103720030913,-0.960633203241775,0.32052948321083
2.04284518680837,0.664918005051819,-0.953793806267398,0.288875801215585
2.0429535910407,0.688961236285152,-0.945848294951757,0.25688705866662
2.04306199527303,0.712205500416696,-0.936805879257003,0.224600378840285
2.04317039950536,0.734623850778204,-0.926677051310583,0.192053200532369
2.04327880373769,0.756190268044171,-0.915473551459957,0.15928328341574
2.04338720797002,0.776879754322042,-0.903208377245782,0.126328622923727
2.04349561220235,0.796668297641401,-0.889895746678724,0.0932274490372703
2.04360401643468,0.815532962169428,-0.875551103105254,0.0600181409358122
2.04371242066701,0.833451853459084,-0.860191076445278,0.0267392229861658
2.04382082489934,0.850404203741981,-0.843833484329702,-0.00657071941226605
2.04392922913167,0.866370337311189,-0.826497291441116,-0.0398730458700857
2.04399684240382,0.875821417502778,-0.815197423645326,-0.0606239938574893
2.04406445567598,0.884877263473242,-0.803529844174846,-0.081347419298414
2.04413206894813,0.893533835221627,-0.791499770860578,-0.102034064361093
2.04419968222028,0.90178722057999,-0.779112623093178,-0.122674597486807
2.04429184148168,0.912380665293905,-0.761663838116556,-0.150716827177353
2.04438400074307,0.922209368599628,-0.743576564325007,-0.178632804274614
2.04444420061312,0.928212934240932,-0.731423875897552,-0.196789058343408
2.04450440048317,0.933884469756736,-0.719009637197425,-0.214874832559315
2.04456460035323,0.939221971736629,-0.706338256823409,-0.23288371491321
2.04462480022328,0.944223518972896,-0.693414268126408,-0.250809250846487
2.04469730048795,0.949798514116423,-0.677520927819499,-0.272277586296945
2.04476980075262,0.954880784429092,-0.661276109339575,-0.293604675089534
2.04484230101728,0.959467707037456,-0.644688241096854,-0.314779465940609
2.04491480128195,0.963556888146023,-0.627765938732755,-0.335790949413286
2.04498730154662,0.967146220242553,-0.610517976700029,-0.356628243542522
2.04505980181129,0.9702338284592,-0.592953309573557,-0.377280518885636
2.04514796910611,0.973310244061131,-0.571179650575317,-0.402130593485834
2.04523613640093,0.975639970857785,-0.548967739836844,-0.426672231020975
2.04532430369576,0.977221231681083,-0.526334651430828,-0.450886580250283
2.04541247099058,0.978052800532676,-0.503297761317231,-0.474755039215473
2.0455006382854,0.978134050626088,-0.479874751486866,-0.498259299139268
2.04558880558022,0.977464908099667,-0.456083592586174,-0.521381315513496
2.04567697287505,0.97604589721253,-0.431942539891939,-0.544103357320614
2.04576514016987,0.973878095791786,-0.407470112570713,-0.566407983221057
2.04585330746469,0.970963177319899,-0.382685087303833,-0.58827809001609
2.04596171169703,0.966358544353965,-0.351811369861034,-0.614547174492949
2.04607011592937,0.960633204398586,-0.320529480704817,-0.640103723693741
2.04617852016171,0.953793807218804,-0.288875798641606,-0.664918008577193
2.04628692439405,0.945848295699169,-0.256887056031428,-0.688961239667735
2.04639532862639,0.936805879802001,-0.224600376150706,-0.712205503651298
2.04650373285873,0.926677051655013,-0.192053197795282,-0.734623853859746
2.04661213709106,0.915473551605922,-0.159283280638121,-0.756190270967871
2.0467205413234,0.903208377195694,-0.126328620112573,-0.776879757083126
2.04682894555574,0.889895746435085,-0.0932274461996731,-0.796668300235401
2.04693734978808,0.875551102670882,-0.0600181380788796,-0.815532964592007
2.04704575402042,0.86019107582319,-0.0267392201170242,-0.833451855706173
2.04715415825276,0.843833483523141,0.00657072228648556,-0.850404205809628
2.0472625624851,0.826497290453514,0.0398730487422279,-0.866370339195751
2.04733017575631,0.815197422707162,0.0606239964348326,-0.87582141914197
2.04739778902753,0.803529843297759,0.0813474215791073,-0.884877264876855
2.04746540229874,0.791499770056105,0.102034066343605,-0.893533836399729
2.04753301556996,0.779112622372713,0.12267459917005,-0.901787221542715
2.04762517486186,0.761663831399019,0.150716838103325,-0.912380669502368
2.04771733415376,0.74357655119526,0.178632824347944,-0.922209375543205
2.04777753399831,0.731423867631481,0.196789070655338,-0.928212938286805
2.04783773384287,0.719009634020465,0.214874837163831,-0.933884471184301
2.04789793368742,0.706338258955413,0.232883711872527,-0.939221970827923
2.04795813353198,0.693414275781486,0.250809240230974,-0.944223516012474
2.04803063379641,0.677520935647363,0.27227757565839,-0.949798511305742
2.04810313406085,0.661276117339635,0.293604664432614,-0.954880781772257
2.04817563432528,0.644688249268417,0.314779455270157,-0.959467704538556
2.04824813458971,0.627765947074869,0.335790938734229,-0.963556885809095
2.04832063485415,0.610517985211713,0.356628232859792,-0.967146218071485
2.04839313511858,0.59295331825366,0.377280508204189,-0.970233826457854
2.04848130244005,0.57117965274032,0.402130590356661,-0.973310243096977
2.04856946976152,0.548967735221825,0.426672235257653,-0.975639970479486
2.04865763708299,0.526334639786519,0.450886591649276,-0.97722123143577
2.04874580440446,0.503297742410225,0.474755057556526,-0.978052799966757
2.04883397172592,0.47987472510011,0.498259324185672,-0.978134049285772
2.04892213904739,0.456083558519182,0.521381347012487,-0.97746490553166
2.04901030636886,0.431942497961076,0.544103395003794,-0.976045892964871
2.04909847369033,0.407470062609682,0.566408026804711,-0.973878089414389
2.0491866410118,0.3826850291638,0.588278139201602,-0.97096316836541
2.04929504524421,0.351811310858536,0.614547222321651,-0.966358533180188
2.04940344947663,0.3205294209105,0.640103770105203,-0.960633191015668
2.04951185370904,0.28887573812701,0.664918053512619,-0.953793791639633
2.04962025794146,0.256886994869064,0.688961283070042,-0.945848277939052
2.04972866217388,0.224600314413757,0.712205545465175,-0.93680585987891
2.04983706640629,0.192053135557711,0.734623894031679,-0.926677029589397
2.04994547063871,0.159283217974437,0.75619030944623,-0.915473527420686
2.05005387487112,0.126328557097917,0.776879793818216,-0.903208350916144
2.05016227910354,0.0932273829096019,0.796668335179505,-0.889895718089073
2.05027068333596,0.0600180745893631,0.81553299769946,-0.875551072288786
2.05037908756837,0.0267391565042241,0.833451886933384,-0.860191043437602
2.05048749180079,-0.00657078594611557,0.850404235115181,-0.843833449169075
2.0505958960332,-0.0398731123721503,0.866370366540394,-0.826497254168251
2.05066350924265,-0.0606240410464051,0.875821436783883,-0.815197395737448
2.05073112245209,-0.0813474472011207,0.884877273528566,-0.803529826327454
2.05079873566153,-0.102034073030527,0.893533836785288,-0.791499763754759
2.05086634887097,-0.122674587001866,0.901787214397116,-0.779112627395228
2.05095850817721,-0.150716830327996,0.912380664211961,-0.761663833883958
2.05105066748345,-0.178632820931075,0.922209371871884,-0.743576550940799
2.05111086733238,-0.196789068560364,0.928212935060054,-0.731423866499706
2.05117106718131,-0.214874836380485,0.933884468353819,-0.719009631973335
2.05123126703025,-0.232883712389016,0.939221968344977,-0.706338255955971
2.05129146687918,-0.250809242034267,0.944223513827945,-0.693414271793623
2.05136396714111,-0.272277576698422,0.949798508843661,-0.67752093214524
2.05143646740305,-0.293604664717398,0.95488077906614,-0.661276114348726
2.05150896766499,-0.314779454808855,0.959467701622258,-0.644688246813379
2.05158146792692,-0.335790937537076,0.963556882716681,-0.627765945179573
2.05165396818886,-0.356628230938251,0.967146214837328,-0.610517983899032
2.05172646845079,-0.377280505570818,0.970233823116435,-0.592953317545574
2.05181463579405,-0.402130593829572,0.973310240432958,-0.571179646603327
2.0519028031373,-0.426672244680138,0.975639968123442,-0.54896772344328
2.05199097048056,-0.450886606850632,0.977221229017157,-0.526334622166508
2.05207913782381,-0.474755078352465,0.97805279711442,-0.503297718761892
2.05216730516706,-0.498259350378456,0.978134045628555,-0.479874695250083
2.05225547251032,-0.521381378391431,0.977464900699106,-0.456083522307654
2.05234363985357,-0.544103431345397,0.976045886587551,-0.431942455242161
2.05243180719682,-0.566408067873094,0.97387808112473,-0.407470013251601
2.05251997454008,-0.588278184748742,0.970963157798016,-0.382684973049266
2.05262837877257,-0.614547266632193,0.966358520588765,-0.351811253956547
2.05273678300506,-0.640103813123978,0.960633176409499,-0.320529363285502
2.05284518723755,-0.664918095185999,0.953793775030308,-0.288875679844294
2.05295359147004,-0.688961323345923,0.945848259340553,-0.256886935994634
2.05306199570252,-0.712205584293065,0.936805839307412,-0.224600255014377
2.05317039993501,-0.734623931362728,0.926677007063526,-0.192053075700791
2.0532788041675,-0.756190345233297,0.915473502961238,-0.159283157727945
2.05338720839999,-0.77687982801588,0.903208324546294,-0.126328496530399
2.05349561263248,-0.79666836774422,0.889895689834172,-0.0932273220899046
2.05360401686497,-0.815533028589487,0.875551042176253,-0.0600180135867434
2.05371242109746,-0.833451916109009,0.860191011497246,-0.0267390953882212
2.05382082532995,-0.850404262538475,0.843833415432745,0.00657084710576253
2.05392922956244,-0.866370392175615,0.826497218669968,0.0398731735056935
2.05399684271068,-0.875821452903755,0.815197369561617,0.0606240833421615
2.05406445585891,-0.884877280840165,0.803529810150235,0.081347470689979
2.05413206900715,-0.893533836007045,0.791499758238246,0.102034077768805
2.05419968215539,-0.90178720625817,0.779112633187005,0.122674573071153
2.05429184144541,-0.912380654679964,0.761663843144995,0.150716811534962
2.05438400073544,-0.92220936122199,0.743576563885213,0.178632797336791
2.05444420061437,-0.928212927766883,0.731423873678318,0.196789054088614
2.05450440049331,-0.93388446408824,0.719009633121586,0.214874830966684
2.05456460037225,-0.939221966774717,0.70633825081584,0.232883715958887
2.05462480025118,-0.944223514617833,0.693414260113988,0.25080925450387
2.05469730051079,-0.949798509200378,0.67752092079204,0.272277588408353
2.0547698007704,-0.954880779019899,0.661276103348766,0.29360467567114
2.05484230103001,-0.959467701203686,0.644688236192701,0.314779465010948
2.05491480128961,-0.963556881956774,0.627765934963506,0.335790946993262
2.05498730154922,-0.967146213767369,0.610517974112076,0.356628239655291
2.05505980180883,-0.970233821767993,0.592953308211443,0.377280513556599
2.05514796914717,-0.973310238724932,0.571179638370797,0.402130600354107
2.0552361364855,-0.975639966138576,0.548967716364982,0.42667224977362
2.05532430382384,-0.977221226838686,0.526334616292354,0.450886610546364
2.05541247116217,-0.978052794825874,0.503297714138966,0.474755080686929
2.05550063850051,-0.978134043313635,0.479874691922397,0.498259351391272
2.05558880583885,-0.977464898441469,0.456083520316326,0.521381378125157
2.05567697317718,-0.976045884470805,0.431942454625217,0.544103429845602
2.05576514051552,-0.973878079232214,0.407470014043963,0.566408065188273
2.05585330785386,-0.970963156212766,0.382684975282643,0.588278180930129
2.05596171208634,-0.966358519206476,0.351811256268442,0.614547262938038
2.05607011631882,-0.960633175229197,0.320529365669445,0.640103809559775
2.05617852055131,-0.95379377405078,0.288875682293682,0.664918091757122
2.05628692478379,-0.94584825856038,0.256886938502833,0.688961320057552
2.05639532901628,-0.936805838724897,0.224600257574657,0.712205581150258
2.05650373324876,-0.926677006676743,0.192053078306372,0.734623928370377
2.05661213748124,-0.915473502768143,0.159283160372048,0.756190342396075
2.05672054171373,-0.903208324544438,0.126328499206085,0.776879825338343
2.05682894594621,-0.889895690020994,0.0932273247903138,0.796668365230708
2.0569373501787,-0.875551042549054,0.0600180163049171,0.815533026244125
2.05704575441118,-0.860191012052913,0.0267390981172052,0.83345191393572
2.05715415864366,-0.843833416168043,-0.00657084437301096,0.850404260541053
2.05726256287615,-0.826497219581466,-0.0398731707761354,0.866370390357614
2.05733017602518,-0.815197370445686,-0.0606240808628619,0.875821451308549
2.05739778917421,-0.803529810996781,-0.0813474684629188,0.884877279459675
2.05746540232324,-0.79149975903737,-0.102034075795593,0.893533834832955
2.05753301547227,-0.779112633928856,-0.122674571353106,0.901787205281947
2.05762517473179,-0.761663849884756,-0.150716800574087,0.912380650458843
2.0577173339913,-0.743576577038165,-0.178632777228425,0.922209354266557
2.05777753389578,-0.731423881959388,-0.196789041754552,0.928212923713931
2.05783773380026,-0.719009636304946,-0.214874826352884,0.933884462657864
2.05789793370473,-0.706338248681297,-0.232883719003038,0.939221967684345
2.05795813360921,-0.693414252447118,-0.250809265135429,0.944223517582526
2.058030633869,-0.677520912963628,-0.272277599047461,0.949798512011084
2.05810313412879,-0.661276095359975,-0.293604686313247,0.954880781673188
2.05817563438858,-0.644688228044729,-0.314779475651468,0.959467703696189
2.05824813464837,-0.627765926657705,-0.335790957627529,0.963556884285226
2.05832063490816,-0.610517965649968,-0.356628250278634,0.967146215928581
2.05839313516795,-0.592953299594564,-0.377280524164314,0.970233823758868
2.05848130247961,-0.571179636276603,-0.402130603403413,0.973310239680038
2.05856946979128,-0.548967721058574,-0.426672245451069,0.975639966509596
2.05865763710294,-0.526334628023198,-0.450886599055771,0.977221227078979
2.05874580441461,-0.503297733140609,-0.474755062248833,0.978052795389436
2.05883397172627,-0.479874718412106,-0.498259326242667,0.978134044654749
2.05892213903794,-0.456083554494719,-0.521381346519067,0.977464901013781
2.05901030634961,-0.431942496675982,-0.544103392050793,0.976045888726748
2.05909847366127,-0.407470064133576,-0.566408021488678,0.973878085622261
2.05918664097294,-0.38268503355993,-0.588278131624803,0.970963165184721
2.05929504520534,-0.351811315410036,-0.614547214992658,0.9663585304027
2.05940344943775,-0.320529425604459,-0.640103763034963,0.960633188639403
2.05951185367016,-0.28887574295037,-0.664918046711819,0.953793789662161
2.05962025790257,-0.256886999808586,-0.688961276548943,0.945848276357515
2.05972866213497,-0.224600319456108,-0.712205539233753,0.936805858689847
2.05983706636738,-0.19205314068942,-0.734623888099586,0.926677028788989
2.05994547059979,-0.159283223181949,-0.756190303822744,0.915473527004674
2.0600538748322,-0.126328562367559,-0.776879788512291,0.903208350879846
2.0601622790646,-0.0932273882276308,-0.796668330199725,0.889895718427342
2.06027068329701,-0.0600180799419743,-0.815532993054007,0.875551072995951
2.06037908752942,-0.0267391618776048,-0.833451882630103,0.860191044507684
2.06048749176183,0.00657078056587148,-0.850404231161494,0.843833450595593
2.06059589599423,0.0398731069989452,-0.866370362943297,0.826497255944342
2.06066350920518,0.0606240361488199,-0.875821433619727,0.815197397470883
2.06073112241613,0.0813474427831655,-0.884877270782005,0.803529827998893
2.06079873562708,0.102034069095559,-0.893533834440722,0.791499765345128
2.06086634883803,0.122674583552587,-0.901787212438457,0.779112628885865
2.06095850808323,0.150716808387761,-0.912380655761904,0.761663847374106
2.06105066732844,0.178632780690595,-0.922209357951896,0.743576577261269
2.06111086722848,0.196789043878593,-0.928212926948599,0.731423883070036
2.06117106712853,0.214874827149215,-0.933884465490832,0.719009638341599
2.06123126702857,0.232883718483535,-0.93922197016497,0.706338251681423
2.06129146692862,0.250809263313353,-0.944223519760474,0.693414256447133
2.06136396719094,0.272277597998103,-0.949798514469302,0.677520916471213
2.06143646745326,0.293604686028522,-0.954880784377743,0.661276098349244
2.06150896771558,0.314779476122104,-0.95946770661283,0.644688230490728
2.0615814679779,0.335790958843123,-0.963556887379449,0.627765928536284
2.06165396824022,0.356628252227587,-0.96714621916551,0.610517966937915
2.06172646850254,0.377280526833867,-0.970233827103593,0.592953300269699
2.06181463579244,0.402130599972297,-0.973310242346816,0.571179642374514
2.06190280308234,0.426672236075806,-0.975639968867652,0.548967732791843
2.06199097037224,0.450886583906865,-0.977221229498378,0.526334645591517
2.06207913766214,0.474755041510417,-0.978052798240993,0.503297756730573
2.06216730495204,0.498259300112165,-0.978134048309179,0.479874748197009
2.06225547224195,0.521381315206985,-0.977464905841234,0.456083590634254
2.06234363953185,0.544103355780355,-0.976045895096268,0.431942539315896
2.06243180682175,0.566407980495566,-0.973878093901095,0.407470113405512
2.06251997411165,0.588278086156692,-0.97096317573788,0.382685089581174
2.06262837834398,0.614547170759001,-0.966358542976496,0.35181137221749
2.06273678257632,0.64010372009085,-0.960633203224659,0.32052948313377
2.06284518680865,0.664918005110719,-0.953793806247192,0.288875801136463
2.06295359104098,0.688961236342941,-0.945848294928441,0.256887058585475
2.06306199527332,0.712205500473186,-0.936805879230432,0.224600378757232
2.06317039950565,0.73462385083329,-0.926677051280766,0.192053200447457
2.06327880373799,0.756190268097759,-0.915473551426859,0.159283283329072
2.06338720797032,0.776879754373952,-0.903208377209353,0.12632862283538
2.06349561220265,0.796668297691524,-0.889895746638884,0.0932274489473205
2.06360401643499,0.815532962217617,-0.87555110306201,0.0600181408444002
2.06371242066732,0.833451853505234,-0.86019107639863,0.0267392228934004
2.06382082489966,0.850404203785929,-0.843833484279631,-0.00657071950629059
2.06392922913199,0.866370337352821,-0.826497291387551,-0.0398730459652949
2.06399684240405,0.875821417529833,-0.815197423605854,-0.0606239939239845
2.06406445567611,0.884877263486691,-0.803529844150467,-0.0813474193362212
2.06413206894817,0.893533835222634,-0.791499770852339,-0.102034064370303
2.06419968222023,0.901787220569625,-0.779112623102109,-0.12267459746752
2.06429184148163,0.912380665285068,-0.761663838123978,-0.150716827161069
2.06438400074303,0.922209368592159,-0.743576564330907,-0.178632804261234
2.0644442006131,0.928212934234989,-0.731423875900827,-0.196789058334184
2.06450440048317,0.933884469752167,-0.71900963719792,-0.214874832554255
2.06456460035323,0.939221971733259,-0.706338256821057,-0.232883714912227
2.0646248002233,0.944223518970607,-0.693414268121037,-0.250809250849565
2.06469730048795,0.94979851411279,-0.677520927817743,-0.272277586295083
2.0647698007526,0.95488078442431,-0.661276109341571,-0.293604675082747
2.06484230101725,0.95946770703176,-0.64468824110283,-0.314779465928963
2.0649148012819,0.963556888139707,-0.627765938742812,-0.335790949396885
2.06498730154656,0.967146220235784,-0.610517976714364,-0.356628243521436
2.06505980181121,0.970233828452211,-0.592953309592284,-0.377280518859937
2.06514796910603,0.973310244054892,-0.571179650594367,-0.402130593460536
2.06523613640085,0.975639970852202,-0.548967739856175,-0.426672230996065
2.06532430369568,0.9772212316762,-0.52633465145045,-0.450886580225788
2.0654124709905,0.978052800528467,-0.503297761337068,-0.474755039191418
2.06550063828532,0.978134050622601,-0.47987475150696,-0.49825929911564
2.06558880558014,0.977464908096824,-0.456083592606522,-0.521381315490312
2.06567697287497,0.976045897210356,-0.431942539912441,-0.544103357297915
2.06576514016979,0.97387809579025,-0.407470112591389,-0.56640798319885
2.06585330746461,0.970963177319026,-0.382685087324682,-0.588278089994341
2.06596171169695,0.96635854435397,-0.351811369882575,-0.614547174471441
2.06607011592929,0.960633204399426,-0.320529480726925,-0.640103723672525
2.06617852016163,0.953793807220543,-0.288875798664309,-0.664918008556252
2.06628692439396,0.945848295701859,-0.256887056054786,-0.688961239647096
2.0663953286263,0.936805879805668,-0.224600376174675,-0.712205503630968
2.06650373285864,0.92667705165967,-0.192053197819814,-0.734623853839855
2.06661213709098,0.915473551611543,-0.159283280663209,-0.756190270948372
2.06672054132332,0.903208377202303,-0.126328620138201,-0.776879757064107
2.06682894555565,0.889895746442721,-0.0932274462258208,-0.796668300216889
2.06693734978799,0.875551102679531,-0.0600181381054808,-0.815532964574053
2.06704575402033,0.86019107583289,-0.0267392201440791,-0.833451855688828
2.06715415825267,0.843833483533865,0.00657072225900519,-0.850404205792884
2.067262562485,0.826497290465274,0.0398730487143922,-0.866370339179678
2.06733017575624,0.815197422715152,0.0606239964147833,-0.875821419129924
2.06739778902748,0.803529843301749,0.0813474215667845,-0.884877264868499
2.06746540229872,0.79149977005575,0.102034066339066,-0.893533836394828
2.06753301556996,0.779112622367774,0.122674599173203,-0.901787221540923
2.06762517486185,0.761663831396019,0.150716838103286,-0.912380669499328
2.06771733415374,0.74357655119438,0.178632824344755,-0.922209375539124
2.0677775339983,0.731423867630377,0.196789070652595,-0.928212938282964
2.06783773384286,0.719009634019085,0.214874837161585,-0.933884471180669
2.06789793368741,0.706338258953765,0.23288371187077,-0.939221970824525
2.06795813353197,0.693414275779478,0.250809240229727,-0.944223516009207
2.06803063379642,0.677520935642171,0.27227757566147,-0.949798511303626
2.06810313406087,0.661276117331082,0.293604664439985,-0.954880781771064
2.06817563432532,0.644688249256352,0.314779455281766,-0.959467704538111
2.06824813458977,0.627765947059203,0.335790938749965,-0.96355688580917
2.06832063485421,0.610517985192309,0.356628232879576,-0.967146218071862
2.06839313511866,0.592953318230377,0.377280508227975,-0.970233826458376
2.06848130244014,0.571179652713942,0.402130590383184,-0.97331024309713
2.06856946976162,0.548967735192333,0.426672235286784,-0.975639970479117
2.0686576370831,0.526334639753812,0.450886591680906,-0.977221231434704
2.06874580440458,0.503297742374178,0.474755057590586,-0.978052799964788
2.06883397172606,0.479874725060714,0.498259324222008,-0.978134049282709
2.06892213904754,0.456083558476328,0.521381347050992,-0.977464905527317
2.06901030636901,0.431942497914743,0.544103395044355,-0.976045892959086
2.06909847369049,0.407470062559785,0.566408026847192,-0.973878089406963
2.06918664101197,0.382685029110344,0.588278139245862,-0.9709631683562
2.06929504524439,0.351811310804252,0.614547222364894,-0.966358533169131
2.0694034494768,0.320529420855425,0.640103770147382,-0.960633191002813
2.06951185370922,0.288875738071267,0.664918053553644,-0.953793791624896
2.06962025794164,0.256886994812653,0.688961283109893,-0.945848277922519
2.06972866217405,0.224600314356778,0.712205545503776,-0.936805859860515
2.06983706640647,0.192053135500157,0.73462389406903,-0.926677029569167
2.06994547063889,0.159283217916441,0.7561903094822,-0.915473527398644
2.0700538748713,0.126328557039501,0.776879793852826,-0.903208350892299
2.07016227910372,0.0932273828508427,0.796668335212666,-0.889895718063491
2.07027068333614,0.0600180745302891,0.815532997731144,-0.87555107226144
2.07037908756855,0.0267391564449657,0.833451886963557,-0.860191043408506
2.07048749180097,-0.00657078600554534,0.850404235143816,-0.843833449138241
2.07059589603339,-0.0398731124316809,0.866370366567464,-0.826497254135725
2.07066350924276,-0.0606240410854023,0.875821436800721,-0.815197395715309
2.07073112245213,-0.0813474472196306,0.884877273535997,-0.803529826316334
2.07079873566151,-0.102034073028622,0.893533836784061,-0.791499763755438
2.07086634887088,-0.122674586979657,0.901787214388103,-0.779112627408402
2.07095850817709,-0.150716830294492,0.912380664199453,-0.761663833904922
2.07105066748329,-0.178632820886365,0.922209371856524,-0.743576550970151
2.07111086733227,-0.196789068532449,0.928212935050957,-0.731423866518486
2.07117106718126,-0.214874836369174,0.93388446835035,-0.719009631981149
2.07123126703025,-0.232883712394219,0.939221968346554,-0.706338255952282
2.07129146687924,-0.250809242055824,0.944223513833839,-0.693414271777989
2.07136396714119,-0.272277576725651,0.949798508850608,-0.67752093212496
2.07143646740315,-0.29360466475022,0.95488077907387,-0.661276114323638
2.0715089676651,-0.314779454847152,0.959467701630461,-0.644688246783308
2.07158146792706,-0.335790937580757,0.963556882725125,-0.627765945144319
2.07165396818902,-0.356628230987173,0.967146214845694,-0.610517983858529
2.07172646845097,-0.377280505624896,0.970233823124491,-0.592953317499608
2.07181463579423,-0.402130593885451,0.973310240439788,-0.571179646554337
2.0719028031375,-0.426672244737725,0.975639968128902,-0.548967723391149
2.07199097048076,-0.450886606909841,0.977221229021065,-0.526334622111225
2.07207913782402,-0.474755078413158,0.978052797116659,-0.503297718703511
2.07216730516728,-0.498259350440511,0.978134045629014,-0.479874695188502
2.07225547251055,-0.521381378454702,0.977464900697564,-0.456083522242867
2.07234363985381,-0.544103431409813,0.976045886583925,-0.431942455174116
2.07243180719707,-0.566408067938501,0.973878081118857,-0.407470013180341
2.07251997454033,-0.588278184814992,0.970963157789778,-0.382684972974753
2.07262837877282,-0.614547266696372,0.966358520577974,-0.351811253881566
2.07273678300531,-0.640103813186023,0.960633176396226,-0.320529363210159
2.07284518723779,-0.664918095245891,0.953793775014555,-0.288875679768657
2.07295359147028,-0.688961323403583,0.945848259322449,-0.256886935918833
2.07306199570277,-0.712205584348492,0.936805839287046,-0.224600254938508
2.07317039993526,-0.734623931415891,0.926677007040821,-0.192053075624908
2.07327880416774,-0.756190345284151,0.915473502936332,-0.159283157652169
2.07338720840023,-0.776879828064434,0.90320832451924,-0.126328496454761
2.07349561263272,-0.796668367790484,0.889895689804981,-0.0932273220145157
2.07360401686521,-0.815533028633407,0.875551042145115,-0.0600180135117273
2.07371242109769,-0.833451916150505,0.860191011464223,-0.0267390953136979
2.07382082533018,-0.850404262577607,0.843833415397867,0.0065708471797878
2.07392922956267,-0.86637039221235,0.826497218633235,0.0398731735791243
2.07399684271082,-0.875821452927983,0.815197369537525,0.0606240833904762
2.07406445585898,-0.884877280852857,0.803529810139669,0.0813474707132242
2.07413206900713,-0.893533836009094,0.791499758242099,0.10203407776705
2.07419968215529,-0.901787206250606,0.779112633206086,0.122674573044552
2.0742918414453,-0.912380654671163,0.761663843168233,0.15071681150296
2.0743840007353,-0.922209361212317,0.743576563912875,0.17863279729943
2.07444420061429,-0.928212927762536,0.731423873696781,0.196789054065775
2.07450440049327,-0.933884464088677,0.719009633130505,0.214874830958239
2.07456460037226,-0.939221966779472,0.70633825081474,0.23288371596475
2.07462480025124,-0.944223514626397,0.693414260102506,0.250809254523912
2.07469730051085,-0.94979850920836,0.677520920780733,0.272277588427622
2.07476980077045,-0.954880779027325,0.661276103337689,0.293604675689656
2.07484230103006,-0.959467701210586,0.644688236181881,0.314779465028698
2.07491480128966,-0.963556881963189,0.627765934952963,0.335790947010245
2.07498730154927,-0.967146213773343,0.610517974101845,0.356628239671513
2.07505980180887,-0.970233821773617,0.592953308201602,0.37728051357202
2.07514796914719,-0.973310238729492,0.571179638365459,0.402130600364068
2.07523613648551,-0.975639966142499,0.54896771636433,0.426672249778187
2.07532430382383,-0.977221226842306,0.526334616296669,0.450886610545672
2.07541247116214,-0.978052794829491,0.503297714148331,0.474755080681179
2.07550063850046,-0.978134043317602,0.479874691937058,0.49825935138056
2.07558880583878,-0.977464898446056,0.456083520336362,0.52138137810971
2.07567697317709,-0.97604588447641,0.431942454650771,0.544103429825638
2.07576514051541,-0.973878079239092,0.407470014075202,0.566408065163908
2.07585330785373,-0.970963156221281,0.38268497531963,0.588278180901631
2.07596171208621,-0.966358519216303,0.351811256306153,0.614547262910186
2.0760701163187,-0.960633175240409,0.320529365707824,0.640103809532574
2.07617852055118,-0.953793774063361,0.288875682332728,0.664918091730659
2.07628692478366,-0.945848258574339,0.256886938542488,0.688961320031859
2.07639532901614,-0.936805838740274,0.224600257614912,0.712205581125365
2.07650373324863,-0.926677006693497,0.192053078347157,0.734623928346336
2.07661213748111,-0.91547350278625,0.159283160413307,0.756190342372938
2.07672054171359,-0.90320832456396,0.126328499247829,0.77687982531612
2.07682894594608,-0.889895690041904,0.0932273248324433,0.79666836520945
2.07693735017856,-0.875551042571342,0.0600180163474429,0.815533026223913
2.07704575441104,-0.860191012076554,0.0267390981600178,0.833451913916571
2.07715415864353,-0.843833416193131,-0.00657084432988885,0.850404260522994
2.07726256287601,-0.826497219607879,-0.0398731707328115,0.866370390340704
2.07733017602508,-0.815197370465624,-0.060624080832649,0.875821451298262
2.07739778917416,-0.803529811009775,-0.0813474684457739,0.884877279455523
2.07746540232323,-0.791499759042919,-0.102034075791491,0.893533834834407
2.0775330154723,-0.779112633926546,-0.122674571362011,0.901787205288544
2.07762517473185,-0.761663849876741,-0.150716800591597,0.912380650468336
2.07771733399139,-0.743576577024012,-0.178632777254466,0.922209354278477
2.07777753389584,-0.731423881951274,-0.196789041771021,0.928212923722318
2.07783773380028,-0.719009636303153,-0.214874826359842,0.933884462663024
2.07789793370473,-0.706338248686154,-0.23288371900053,0.939221967686683
2.07795813360918,-0.693414252458784,-0.250809265123563,0.944223517582372
2.07803063386898,-0.677520912972222,-0.272277599039987,0.949798512012191
2.07810313412878,-0.661276095365381,-0.293604686310078,0.954880781675461
2.07817563438859,-0.644688228046806,-0.314779475652568,0.959467703699354
2.07824813464839,-0.627765926656277,-0.335790957632861,0.963556884289129
2.0783206349082,-0.610517965644918,-0.356628250288079,0.967146215932995
2.078393135168,-0.592953299585808,-0.377280524177794,0.970233823763612
2.07848130247967,-0.571179636266065,-0.402130603418442,0.973310239684481
2.07856946979134,-0.548967721046156,-0.426672245467621,0.975639966513744
2.07865763710301,-0.526334628008875,-0.450886599073776,0.977221227082646
2.07874580441469,-0.503297733124341,-0.474755062268225,0.978052795392539
2.07883397172636,-0.479874718393855,-0.498259326263331,0.978134044657179
2.07892213903803,-0.456083554474437,-0.521381346541009,0.977464901015415
2.0790103063497,-0.431942496653617,-0.544103392073898,0.976045888727529
2.07909847366137,-0.40747006410915,-0.566408021512925,0.973878085622045
2.07918664097304,-0.382685033533399,-0.588278131650038,0.97096316518344
2.07929504520545,-0.351811315383989,-0.614547215016475,0.966358530400415
2.07940344943785,-0.320529425578924,-0.640103763057346,0.960633188636289
2.07951185367026,-0.288875742925393,-0.664918046732781,0.953793789658173
2.07962025790266,-0.256886999784259,-0.688961276568509,0.945848276352749
2.07972866213507,-0.224600319432496,-0.712205539251953,0.936805858684442
2.07983706636747,-0.192053140666506,-0.734623888116433,0.926677028782914
2.07994547059987,-0.159283223159836,-0.756190303838283,0.915473526998134
2.08005387483228,-0.126328562346285,-0.776879788526535,0.903208350872803
2.08016227906468,-0.0932273882071968,-0.796668330212719,0.889895718419913
2.08027068329709,-0.0600180799224318,-0.815532993065787,0.875551072988232
2.08037908752949,-0.0267391618590007,-0.833451882640743,0.86019104449968
2.0804874917619,0.0065707805835408,-0.850404231170951,0.843833450587409
2.0805958959943,0.039873107015628,-0.86637036295169,0.826497255936077
2.08066350920523,0.0606240361599757,-0.875821433625268,0.815197397465265
2.08073112241616,0.081347442788783,-0.88487727078497,0.803529827996149
2.08079873562709,0.102034069095613,-0.893533834441205,0.791499765345562
2.08086634883803,0.12267458354712,-0.901787212436723,0.779112628889583
2.08095850808326,0.150716808393156,-0.912380655764139,0.761663847370972
2.0810506673285,0.178632780706724,-0.92220935795756,0.743576577250811
2.08111086722853,0.196789043888293,-0.928212926951897,0.731423883063572
2.08117106712855,0.214874827152486,-0.933884465491897,0.719009638339381
2.08123126702858,0.232883718480444,-0.939221970164066,0.706338251683624
2.0812914669286,0.250809263303946,-0.944223519757899,0.693414256453942
2.08136396719092,0.272277597987401,-0.949798514466542,0.677520916479098
2.08143646745323,0.293604686016581,-0.954880784374828,0.661276098358261
2.08150896771555,0.314779476108932,-0.959467706609846,0.644688230500863
2.08158146797786,0.335790958828736,-0.96355688737642,0.627765928547643
2.08165396824018,0.356628252211993,-0.967146219162523,0.610517966950541
2.08172646850249,0.377280526817116,-0.970233827100739,0.592953300283596
2.08181463579242,0.402130599964066,-0.973310242345267,0.571179642381196
2.08190280308235,0.426672236075877,-0.975639968866893,0.548967732791004
2.08199097037228,0.45088658391503,-0.977221229497936,0.526334645582886
2.08207913766222,0.474755041526375,-0.978052798240327,0.503297756713941
2.08216730495215,0.498259300135661,-0.978134048307809,0.479874748172128
2.08225547224208,0.521381315237789,-0.97746490583862,0.456083590600828
2.08234363953201,0.544103355818142,-0.976045895091925,0.431942539273745
2.08243180682194,0.566407980540053,-0.973878093894525,0.407470113354424
2.08251997411187,0.588278086207499,-0.970963175728569,0.382685089521052
2.0826283783442,0.614547170807817,-0.96635854296498,0.351811372157151
2.08273678257653,0.640103720137655,-0.960633203210982,0.320529483073312
2.08284518680887,0.664918005155529,-0.953793806231439,0.288875801075894
2.0829535910412,0.688961236385668,-0.94584829491066,0.25688705852496
2.08306199527353,0.712205500513898,-0.936805879210725,0.224600378696834
2.08317039950586,0.734623850871893,-0.926677051259184,0.192053200387257
2.08327880373819,0.756190268134273,-0.915473551403427,0.159283283269148
2.08338720797052,0.776879754408361,-0.903208377184205,0.126328622775811
2.08349561220286,0.796668297723795,-0.889895746612051,0.093227448888232
2.08360401643519,0.815532962247741,-0.875551103033603,0.0600181407858389
2.08371242066752,0.833451853533257,-0.860191076368696,0.026739222835427
2.08382082489985,0.850404203811814,-0.843833484248224,-0.00657071956359848
2.08392922913218,0.866370337376615,-0.826497291354795,-0.0398730460218447
2.08399684240419,0.875821417545016,-0.8151974235813,-0.0606239939637242
2.08406445567619,0.884877263493915,-0.803529844134783,-0.0813474193591497
2.0841320689482,0.893533835222503,-0.791499770846065,-0.102034064376473
2.0841996822202,0.901787220562821,-0.779112623105815,-0.122674597457004
2.08429184148163,0.912380665281253,-0.76166383812296,-0.15071682715829
2.08438400074306,0.92220936859094,-0.743576564324858,-0.178632804266104
2.08444420061312,0.928212934232992,-0.731423875896087,-0.19678905833688
2.08450440048318,0.933884469749421,-0.719009637194618,-0.214874832554778
2.08456460035323,0.939221971729838,-0.706338256819178,-0.232883714910673
2.08462480022329,0.944223518966602,-0.693414268120695,-0.250809250845905
2.08469730048795,0.949798514108832,-0.677520927817325,-0.272277586291532
2.0847698007526,0.954880784420391,-0.661276109341098,-0.293604675079279
2.08484230101725,0.959467707027882,-0.644688241102261,-0.31477946592562
2.0849148012819,0.963556888135828,-0.627765938742178,-0.335790949393666
2.08498730154656,0.967146220231967,-0.610517976713597,-0.356628243518361
2.08505980181121,0.970233828448367,-0.592953309591438,-0.377280518856993
2.08514796910605,0.973310244051653,-0.571179650588772,-0.402130593462913
2.08523613640089,0.975639970849288,-0.548967739845628,-0.426672231003674
2.08532430369573,0.977221231673204,-0.526334651434762,-0.450886580238467
2.08541247099057,0.978052800525095,-0.503297761316115,-0.474755039208988
2.08550063828542,0.97813405061852,-0.479874751480533,-0.498259299137961
2.08558880558026,0.977464908091712,-0.456083592574494,-0.521381315517212
2.0856769728751,0.976045897203885,-0.431942539874737,-0.544103357329152
2.08576514016994,0.973878095782138,-0.407470112547861,-0.566407983234244
2.08585330746478,0.970963177308899,-0.382685087275235,-0.588278090033659
2.08596171169712,0.966358544342024,-0.351811369832209,-0.614547174509821
2.08607011592946,0.960633204385678,-0.320529480675747,-0.640103723709925
2.0861785201618,0.953793807204963,-0.288875798612324,-0.664918008592643
2.08628692439414,0.94584829568441,-0.256887056001993,-0.688961239682421
2.08639532862648,0.936805879786361,-0.224600376121189,-0.712205503665184
2.08650373285882,0.926677051638516,-0.192053197765706,-0.734623853872862
2.08661213709116,0.915473551588604,-0.159283280608483,-0.756190270980173
2.08672054132349,0.903208377177523,-0.126328620082917,-0.776879757094593
2.08682894555583,0.889895746416102,-0.0932274461700655,-0.796668300246038
2.08693734978817,0.875551102651161,-0.0600181380493487,-0.815532964601803
2.08704575402051,0.860191075802694,-0.0267392200875708,-0.83345185571513
2.08715415825285,0.843833483501915,0.00657072231577332,-0.850404205817702
2.08726256248519,0.826497290431548,0.0398730487713625,-0.866370339202924
2.08733017575637,0.815197422689261,0.06062399645567,-0.875821419144979
2.08739778902756,0.803529843284361,0.081347421591587,-0.884877264875955
2.08746540229875,0.791499770047397,0.102034066347809,-0.893533836395222
2.08753301556993,0.779112622369039,0.122674599165954,-0.901787221534983
2.08762517486181,0.761663831399689,0.150716838092677,-0.912380669492378
2.0877173341537,0.743576551200508,0.178632824330873,-0.922209375531375
2.08777753399827,0.731423867632433,0.196789070645088,-0.928212938277529
2.08783773384285,0.719009634016884,0.214874837160376,-0.933884471177289
2.08789793368743,0.706338258947125,0.232883711875819,-0.939221970822935
2.087958133532,0.693414275768287,0.250809240241001,-0.944223516009255
2.08803063379645,0.677520935630862,0.272277575672626,-0.949798511303483
2.0881031340609,0.661276117319624,0.293604664451035,-0.954880781770672
2.08817563432535,0.644688249244746,0.3147794552927,-0.95946770453744
2.0882481345898,0.627765947047491,0.335790938760762,-0.963556885808236
2.08832063485425,0.610517985180458,0.356628232890282,-0.967146218070727
2.0883931351187,0.592953318218388,0.377280508238567,-0.970233826456988
2.08848130244018,0.571179652700119,0.402130590395523,-0.973310243095622
2.08856946976167,0.548967735176569,0.426672235300866,-0.97563997047744
2.08865763708315,0.526334639736123,0.450886591696599,-0.977221231432731
2.08874580440464,0.503297742354514,0.474755057607848,-0.978052799962388
2.08883397172612,0.479874725038995,0.498259324240775,-0.978134049279769
2.08892213904761,0.456083558452527,0.52138134707121,-0.977464905523745
2.0890103063691,0.431942497888805,0.544103395065922,-0.97604589295473
2.08909847369058,0.40747006253168,0.566408026870093,-0.973878089401728
2.08918664101207,0.382685029080087,0.58827813926992,-0.970963168350002
2.08929504524448,0.351811310774054,0.614547222387976,-0.966358533162017
2.0894034494769,0.32052942082539,0.640103770169469,-0.960633190994834
2.08951185370931,0.288875738041429,0.664918053574723,-0.953793791616176
2.08962025794172,0.256886994783072,0.688961283129949,-0.945848277913038
2.08972866217414,0.224600314327485,0.712205545522833,-0.93680585985033
2.08983706640655,0.19205313547121,0.734623894087099,-0.926677029558296
2.08994547063897,0.159283217887867,0.756190309499248,-0.915473527387106
2.09005387487138,0.12632855701134,0.776879793868885,-0.903208350880168
2.0901622791038,0.0932273828230786,0.796668335227771,-0.889895718050816
2.09027068333621,0.0600180745030266,0.815532997745253,-0.875551072248267
2.09037908756863,0.0267391564181771,0.833451886976743,-0.860191043394912
2.09048749180104,-0.00657078603176304,0.850404235156002,-0.843833449124261
2.09059589603346,-0.039873112457368,0.866370366578722,-0.826497254121338
2.09066350924281,-0.0606240411038821,0.875821436808396,-0.815197395704518
2.09073112245216,-0.0813474472309061,0.884877273540318,-0.803529826309401
2.09079873566151,-0.102034073032717,0.893533836785353,-0.791499763752613
2.09086634887086,-0.122674586976548,0.901787214386542,-0.779112627409968
2.090958508177,-0.150716830273669,0.912380664191616,-0.761663833917955
2.09105066748315,-0.178632820848056,0.92220937184342,-0.743576550995355
2.09111086733219,-0.196789068509496,0.928212935043483,-0.731423866533979
2.09117106718122,-0.214874836361478,0.933884468347959,-0.719009631986494
2.09123126703026,-0.232883712401675,0.939221968348692,-0.706338255947029
2.0912914668793,-0.250809242078232,0.94422351384001,-0.693414271761743
2.09136396714124,-0.27227757674229,0.949798508854924,-0.677520932112641
2.09143646740317,-0.29360466476114,0.954880779076598,-0.661276114315475
2.09150896766511,-0.314779454852411,0.959467701631883,-0.644688246779431
2.09158146792705,-0.335790937580444,0.963556882725436,-0.627765945145001
2.09165396818898,-0.356628230981436,0.967146214845225,-0.610517983863833
2.09172646845092,-0.377280505613796,0.970233823123532,-0.59295331750973
2.09181463579414,-0.402130593862838,0.973310240437988,-0.571179646575106
2.09190280313736,-0.426672244703899,0.975639968126946,-0.548967723423001
2.09199097048058,-0.45088660686509,0.977221229019709,-0.526334622154622
2.0920791378238,-0.474755078357856,0.978052797116567,-0.50329771875869
2.09216730516702,-0.498259350375093,0.978134045630918,-0.479874695255797
2.09225547251024,-0.521381378379602,0.977464900702222,-0.456083522322555
2.09234363985346,-0.544103431325414,0.976045886591966,-0.431942455266536
2.09243180719668,-0.566408067845307,0.97387808113103,-0.407470013285715
2.0925199745399,-0.588278184713471,0.97096315780673,-0.382684973093222
2.09262837877239,-0.614547266597843,0.966358520599329,-0.351811254001461
2.09273678300488,-0.64010381309059,0.960633176421909,-0.320529363331299
2.09284518723737,-0.664918095153639,0.953793775044614,-0.288875679890946
2.09295359146986,-0.688961323314615,0.94584825935672,-0.256886936042096
2.09306199570235,-0.712205584262911,0.936805839325463,-0.224600255062574
2.09317039993483,-0.734623931333794,0.926677007083437,-0.19205307574963
2.09327880416732,-0.756190345205592,0.915473502983015,-0.159283157777416
2.09338720839981,-0.776879827989484,0.903208324569888,-0.126328496580402
2.0934956126323,-0.796668367719216,0.88989568985963,-0.093227322140373
2.09360401686479,-0.815533028565927,0.875551042203595,-0.0600180136376523
2.09371242109728,-0.833451916086863,0.860191011526413,-0.0267390954395161
2.09382082532976,-0.850404262517872,0.843833415463712,0.00657084705417838
2.09392922956225,-0.866370392156573,0.826497218702695,0.0398731734538995
2.09399684271053,-0.8758214528919,0.815197369587788,0.0606240833041399
2.09406445585882,-0.884877280835024,0.803529810169304,0.0813474706657482
2.0941320690071,-0.893533836008122,0.791499758249768,0.102034077758335
2.09419968215538,-0.901787206264834,0.779112633190464,0.122674573074388
2.09429184144535,-0.91238065468084,0.761663843158657,0.150716811522205
2.09438400073532,-0.922209361217993,0.743576563909853,0.178632797308177
2.0944442006143,-0.928212927767227,0.731423873695542,0.196789054071703
2.09450440049328,-0.933884464092492,0.719009633131101,0.214874830961405
2.09456460037225,-0.939221966782462,0.706338250817337,0.232883715965159
2.09462480025123,-0.944223514628692,0.693414260107155,0.25080925452155
2.0946973005108,-0.949798509208704,0.677520920791528,0.272277588417192
2.09476980077038,-0.954880779026152,0.661276103354915,0.293604675671267
2.09484230102996,-0.959467701208266,0.644688236205817,0.314779465002477
2.09491480128954,-0.96355688196013,0.627765934983876,0.335790946976289
2.09498730154912,-0.967146213769876,0.610517974139897,0.356628239630002
2.09505980180869,-0.970233821770103,0.592953308246965,0.377280513523151
2.09514796914697,-0.973310238726403,0.571179638421419,0.402130600304995
2.09523613648525,-0.975639966140435,0.548967716431239,0.426672249709216
2.09532430382353,-0.977221226841878,0.52633461637479,0.450886610467146
2.09541247116181,-0.978052794831419,0.503297714237973,0.474755080593451
2.09550063850009,-0.978134043322505,0.479874692038462,0.498259351284062
2.09558880583836,-0.977464898454615,0.456083520449764,0.521381378004837
2.09567697317664,-0.976045884489257,0.431942454776452,0.544103429712805
2.09576514051492,-0.973878079256905,0.407470014213294,0.566408065043602
2.0958533078532,-0.970963156244672,0.382684975470402,0.588278180774292
2.09596171208568,-0.966358519245294,0.351811256459555,0.614547262785755
2.09607011631816,-0.960633175275001,0.320529365863784,0.640103809411243
2.09617852055064,-0.953793774103589,0.288875682491018,0.664918091612572
2.09628692478312,-0.945848258620168,0.256886938702992,0.688961319917197
2.0963953290156,-0.936805838791741,0.224600257777471,0.712205581014291
2.09650373324809,-0.926677006750547,0.192053078511569,0.734623928238993
2.09661213748057,-0.915473502848904,0.159283160579422,0.756190342269475
2.09672054171305,-0.903208324632147,0.126328499415386,0.776879825216768
2.09682894594553,-0.889895690115607,0.0932273250013382,0.796668365114283
2.09693735017801,-0.875551042650535,0.0600180165174146,0.815533026133098
2.09704575441049,-0.860191012161229,0.0267390983309574,0.833451913830262
2.09715415864297,-0.843833416283176,-0.0065708441582168,0.850404260441366
2.09726256287545,-0.826497219703234,-0.0398731705606034,0.866370390263869
2.0973301760247,-0.81519737053491,-0.060624080713277,0.87582145124816
2.09739778917394,-0.803529811050994,-0.0813474683792264,0.884877279430208
2.09746540232319,-0.791499759054282,-0.102034075777601,0.893533834831872
2.09753301547243,-0.779112633906201,-0.122674571400501,0.901787205306695
2.09762517473197,-0.761663849856509,-0.150716800628267,0.912380650484767
2.09771733399151,-0.743576577004055,-0.178632777289287,0.92220935429334
2.09777753389591,-0.731423881940108,-0.196789041791914,0.928212923732036
2.09783773380031,-0.719009636301263,-0.214874826366868,0.933884462668119
2.09789793370471,-0.706338248693848,-0.23288371899385,0.939221967687683
2.09795813360911,-0.693414252476474,-0.250809265103321,0.944223517579808
2.09803063386893,-0.677520912986967,-0.272277599024214,0.949798512011167
2.09810313412875,-0.661276095377035,-0.293604686298717,0.95488078167572
2.09817563438857,-0.644688228055213,-0.314779475645566,0.959467703700766
2.09824813464839,-0.627765926661348,-0.335790957630121,0.963556884291479
2.0983206349082,-0.610517965646483,-0.356628250289569,0.967146215936027
2.09839313516802,-0.592953299583702,-0.377280524183429,0.970233823767136
2.09848130247972,-0.57117963625776,-0.402130603430797,0.973310239688571
2.09856946979142,-0.548967721031447,-0.426672245486538,0.975639966517997
2.09865763710311,-0.526334627987513,-0.450886599099056,0.977221227086561
2.09874580441481,-0.503297733096065,-0.474755062299703,0.97805279539578
2.0988339717265,-0.479874718358552,-0.498259326300731,0.9781340446593
2.0989221390382,-0.45608355443191,-0.521381346584109,0.977464901015984
2.0990103063499,-0.431942496603723,-0.544103392122432,0.976045888726152
2.09909847366159,-0.407470064051692,-0.566408021566645,0.973878085618317
2.09918664097329,-0.382685033468343,-0.588278131708597,0.970963165176942
2.09929504520569,-0.351811315318198,-0.614547215073272,0.966358530391443
2.09940344943809,-0.32052942551249,-0.640103763112361,0.960633188624843
2.0995118536705,-0.288875742858449,-0.664918046785893,0.95379378964435
2.0996202579029,-0.256886999716854,-0.688961276619702,0.945848276336572
2.0997286621353,-0.224600319364698,-0.712205539301178,0.936805858665861
2.09983706636771,-0.19205314059846,-0.73462388816364,0.926677028762089
2.09994547060011,-0.159283223091578,-0.756190303883428,0.915473526974998
2.10005387483252,-0.126328562277903,-0.77687978856958,0.903208350847479
2.10016227906492,-0.0932273881388557,-0.796668330253611,0.889895718392434
2.10027068329732,-0.0600180798541663,-0.815532993104491,0.875551072958674
2.10037908752973,-0.026739161790888,-0.833451882677192,0.860191044468075
2.10048749176213,0.00657078065139558,-0.850404231205186,0.843833450553783
2.10059589599453,0.0398731070831642,-0.866370362983717,0.82649725590052
2.10066350920541,0.0606240362097398,-0.875821433648003,0.815197397438251
2.10073112241628,0.0813474428207625,-0.884877270799094,0.803529827978315
2.10079873562715,0.102034069109887,-0.893533834447415,0.791499765337516
2.10086634883803,0.122674583543723,-0.901787212435729,0.779112628891978
2.10095850808329,0.150716808398285,-0.912380655766252,0.76166384736795
2.10105066732856,0.178632780720317,-0.922209357962301,0.743576577241973
2.10111086722857,0.196789043896581,-0.928212926954616,0.731423883057992
2.10117106712857,0.214874827155519,-0.933884465492816,0.719009638337279
2.10123126702858,0.232883718478258,-0.939221970163415,0.706338251685131
2.10129146692859,0.250809263296591,-0.94422351975581,0.693414256459182
2.1013639671909,0.272277597978804,-0.949798514464189,0.677520916485344
2.10143646745321,0.293604686006712,-0.954880784372288,0.661276098365576
2.10150896771552,0.314779476097848,-0.959467706607172,0.644688230509332
2.10158146797783,0.33579095881644,-0.963556887373699,0.627765928557233
2.10165396824014,0.356628252198542,-0.967146219159842,0.610517966961291
2.10172646850245,0.377280526802514,-0.970233827098078,0.592953300295568
2.10181463579241,0.402130599957114,-0.973310242343838,0.571179642386683
2.10190280308237,0.426672236076397,-0.975639968866091,0.548967732789691
2.10199097037233,0.450886583922857,-0.977221229497384,0.526334645574514
2.10207913766228,0.474755041541295,-0.978052798239558,0.503297756698217
2.10216730495224,0.498259300157424,-0.978134048306346,0.479874748148889
2.1022554722422,0.521381315266144,-0.977464905836019,0.456083590569832
2.10234363953216,0.544103355852831,-0.976045895087694,0.43194253923482
2.10243180682212,0.566407980580776,-0.973878093888219,0.407470113307408
2.10251997411208,0.588278086253958,-0.970963175719771,0.38268508946578
2.10262837834441,0.614547170853028,-0.966358542954039,0.351811372101013
2.10273678257674,0.640103720181505,-0.960633203197916,0.320529483016377
2.10284518680907,0.664918005197937,-0.953793806216299,0.288875801018329
2.1029535910414,0.688961236426593,-0.945848294893432,0.256887058466805
2.10306199527373,0.712205500553285,-0.936805879191466,0.224600378638147
2.10317039950607,0.734623850909742,-0.926677051237809,0.192053200328112
2.1032788037384,0.756190268170474,-0.91547355138006,0.159283283209602
2.10338720797073,0.776879754442845,-0.903208377158838,0.126328622715955
2.10349561220306,0.796668297756568,-0.889895746584737,0.0932274488281316
2.10360401643539,0.815532962278788,-0.875551103004391,0.0600181407255637
2.10371242066772,0.833451853562461,-0.860191076337546,0.0267392227750503
2.10382082490006,0.850404203839189,-0.843833484215169,-0.00657071962405626
2.10392922913239,0.866370337402142,-0.826497291319874,-0.0398730460822665
2.10399684240433,0.875821417560778,-0.815197423555852,-0.0606239940049696
2.10406445567627,0.884877263500753,-0.80352984411946,-0.0813474193813294
2.10413206894822,0.893533835221104,-0.791499770841498,-0.10203406437961
2.10419968222016,0.901787220553887,-0.779112623112735,-0.122674597441178
2.10429184148158,0.912380665272315,-0.76166383813086,-0.150716827141483
2.10438400074301,0.922209368582045,-0.743576564333681,-0.178632804248363
2.10444420061309,0.928212934226946,-0.731423875899709,-0.196789058327255
2.10450440048318,0.933884469745953,-0.719009637192752,-0.214874832553218
2.10456460035327,0.939221971728641,-0.706338256811623,-0.232883714917058
2.10462480022335,0.944223518967373,-0.693414268107214,-0.250809250860175
2.10469730048799,0.949798514108206,-0.677520927806712,-0.272277586301489
2.10476980075263,0.954880784418487,-0.661276109333569,-0.293604675084963
2.10484230101726,0.959467707024959,-0.644688241097833,-0.314779465927133
2.1049148012819,0.96355688813202,-0.627765938741078,-0.335790949390998
2.10498730154654,0.967146220227541,-0.610517976715916,-0.356628243511626
2.10505980181118,0.970233828443493,-0.592953309597291,-0.377280518846231
2.10514796910606,0.973310244048046,-0.571179650586145,-0.40213059346194
2.10523613640093,0.975639970846387,-0.548967739834238,-0.426672231012148
2.10532430369581,0.977221231670454,-0.526334651414358,-0.450886580256133
2.10541247099068,0.978052800521908,-0.503297761286317,-0.474755039235602
2.10550063828556,0.978134050614292,-0.479874751441121,-0.498259299173163
2.10558880558044,0.977464908085879,-0.456083592525226,-0.521381315560658
2.10567697287531,0.976045897195861,-0.431942539815273,-0.544103357380576
2.10576514017019,0.973878095771293,-0.407470112478066,-0.566407983293219
2.10585330746506,0.970963177294723,-0.382685087194916,-0.588278090099829
2.1059617116974,0.966358544325087,-0.35181136975173,-0.614547174573367
2.10607011592973,0.960633204366075,-0.320529480595205,-0.640103723770887
2.10617852016207,0.953793807182795,-0.288875798531839,-0.664918008650982
2.10628692439441,0.94584829565978,-0.256887055921706,-0.688961239738057
2.10639532862674,0.936805879759296,-0.224600376041098,-0.7122055037182
2.10650373285908,0.926677051609151,-0.192053197685967,-0.734623853923204
2.10661213709141,0.915473551557018,-0.159283280529224,-0.75619027102777
2.10672054132375,0.903208377143787,-0.126328620004245,-0.776879757139525
2.10682894555608,0.889895746380313,-0.0932274460920482,-0.79666830028823
2.10693734978842,0.875551102613397,-0.0600181379720952,-0.815532964641329
2.10704575402076,0.86019107576314,-0.0267392200111973,-0.833451855751917
2.10715415825309,0.843833483460568,0.0065707223912356,-0.8504042058518
2.10726256248543,0.826497290388543,0.0398730488458307,-0.866370339234376
2.10733017575653,0.815197422658777,0.060623996505119,-0.875821419163911
2.10739778902764,0.803529843267208,0.0813474216160911,-0.884877264883322
2.10746540229874,0.791499770044542,0.102034066347415,-0.893533836391956
2.10753301556985,0.779112622381246,0.122674599140807,-0.901787221522075
2.10762517486171,0.761663831415844,0.150716838062392,-0.912380669478235
2.10771733415357,0.743576551220889,0.178632824295458,-0.922209375516353
2.1077775339982,0.731423867644342,0.196789070623066,-0.928212938267409
2.10783773384282,0.71900963401996,0.214874837151649,-0.933884471171637
2.10789793368744,0.706338258941016,0.232883711880246,-0.939221970821265
2.10795813353206,0.693414275752561,0.250809240258494,-0.944223516011051
2.10803063379651,0.677520935615019,0.272277575689808,-0.949798511304797
2.10810313406096,0.661276117303718,0.293604664467885,-0.954880781771586
2.1081756343254,0.644688249228718,0.314779455309238,-0.959467704537994
2.10824813458985,0.627765947031441,0.335790938776979,-0.963556885808417
2.1083206348543,0.610517985164363,0.356628232906137,-0.967146218070493
2.10839313511875,0.59295331820228,0.377280508254097,-0.970233826456343
2.10848130244023,0.571179652683524,0.402130590411141,-0.973310243094651
2.10856946976172,0.548967735159495,0.42667223531653,-0.975639970476043
2.10865763708321,0.526334639718535,0.450886591712359,-0.977221231430905
2.10874580440469,0.503297742336438,0.474755057623676,-0.978052799960114
2.10883397172618,0.479874725020441,0.498259324256629,-0.978134049277053
2.10892213904767,0.456083558433516,0.521381347087038,-0.97746490552057
2.10901030636915,0.431942497869281,0.544103395081767,-0.976045892951053
2.10909847369064,0.407470062511726,0.56640802688587,-0.973878089397593
2.10918664101212,0.382685029059632,0.588278139285674,-0.970963168345296
2.10929504524454,0.351811310753526,0.614547222403218,-0.966358533156749
2.10940344947695,0.320529420804857,0.64010377018416,-0.960633190988999
2.10951185370937,0.288875738020856,0.664918053588923,-0.953793791609733
2.10962025794178,0.256886994762457,0.688961283143601,-0.945848277906055
2.1097286621742,0.224600314306848,0.712205545535973,-0.936805859842805
2.10983706640661,0.192053135450621,0.734623894099647,-0.926677029550297
2.10994547063902,0.159283217867281,0.756190309511337,-0.915473527378586
2.11005387487144,0.126328556990824,0.776879793880385,-0.903208350871183
2.11016227910385,0.0932273828026766,0.796668335238713,-0.889895718041407
2.11027068333627,0.0600180744827009,0.815532997755679,-0.875551072238372
2.11037908756868,0.0267391563979811,0.833451886986596,-0.860191043384545
2.11048749180109,-0.00657078605183078,0.850404235165321,-0.843833449113477
2.11059589603351,-0.0398731124772897,0.866370366587492,-0.826497254110193
2.11066350924284,-0.0606240411162121,0.875821436813466,-0.815197395697238
2.11073112245216,-0.0813474472356746,0.884877273541999,-0.803529826306286
2.11079873566149,-0.102034073029974,0.893533836783896,-0.791499763753918
2.11086634887081,-0.122674586966358,0.901787214382299,-0.779112627415933
2.11095850817693,-0.1507168302543,0.91238066418437,-0.761663833930102
2.11105066748304,-0.178632820819625,0.922209371833697,-0.743576551014081
2.11111086733211,-0.196789068491708,0.928212935037757,-0.73142386654604
2.11117106718119,-0.214874836354279,0.933884468345833,-0.71900963199155
2.11123126703026,-0.232883712404992,0.939221968349804,-0.706338255944802
2.11129146687933,-0.250809242091966,0.9442235138439,-0.693414271751926
2.11136396714127,-0.272277576755246,0.949798508858454,-0.677520932103159
2.1114364674032,-0.293604664773313,0.954880779079706,-0.661276114306422
2.11150896766514,-0.314779454863779,0.959467701634673,-0.644688246770857
2.11158146792707,-0.335790937591029,0.963556882727935,-0.627765945136901
2.111653968189,-0.356628230991235,0.967146214847424,-0.61051798385619
2.11172646845094,-0.377280505622805,0.970233823125495,-0.592953317502663
2.11181463579412,-0.402130593861285,0.973310240438613,-0.571179646577331
2.1119028031373,-0.426672244692022,0.975639968126949,-0.548967723434884
2.11199097048049,-0.450886606843219,0.977221229019669,-0.526334622176394
2.11207913782367,-0.474755078326369,0.978052797117095,-0.503297718790729
2.11216730516685,-0.498259350334283,0.978134045632701,-0.479874695298409
2.11225547251004,-0.521381378329827,0.977464900705834,-0.45608352237601
2.11234363985322,-0.544103431267054,0.976045886598136,-0.43194245533107
2.1124318071964,-0.566408067778761,0.9738780811403,-0.407470013361528
2.11251997453959,-0.588278184639157,0.970963157819822,-0.382684973180628
2.11262837877207,-0.614547266525318,0.966358520615761,-0.351811254090416
2.11273678300456,-0.640103813019922,0.960633176441695,-0.320529363421775
2.11284518723705,-0.664918095084919,0.953793775067783,-0.288875679982848
2.11295359146953,-0.688961323247996,0.945848259383254,-0.256886936135284
2.11306199570202,-0.712205584198394,0.936805839355414,-0.224600255156968
2.11317039993451,-0.734623931271522,0.926677007116678,-0.192053075845143
2.113278804167,-0.756190345145731,0.915473503019627,-0.159283157873908
2.11338720839948,-0.776879827932045,0.903208324609887,-0.126328496677793
2.11349561263197,-0.79666836766431,0.889895689902894,-0.0932273222385495
2.11360401686446,-0.815533028513628,0.875551042250174,-0.060018013736523
2.11371242109694,-0.833451916037301,0.860191011576243,-0.026739095538913
2.11382082532943,-0.850404262471129,0.843833415516762,0.00657084695438695
2.11392922956192,-0.866370392112717,0.826497218758944,0.0398731733537687
2.11399684271029,-0.875821452862997,0.815197369629721,0.0606240832333021
2.11406445585867,-0.884877280820029,0.803529810195857,0.0813474706241764
2.11413206900705,-0.893533836005814,0.791499758259936,0.102034077745897
2.11419968215542,-0.90178720627422,0.779112633183246,0.122674573091002
2.11429184144539,-0.912380654689058,0.761663843152505,0.15071681153655
2.11438400073536,-0.922209361225096,0.743576563904864,0.178632797320258
2.11444420061431,-0.928212927772544,0.731423873693859,0.196789054078673
2.11450440049327,-0.933884464096153,0.719009633132912,0.214874830963272
2.11456460037223,-0.939221966784725,0.706338250822756,0.232883715961977
2.11462480025119,-0.944223514629672,0.69341426011625,0.250809254513421
2.1146973005108,-0.94979850921243,0.677520920793499,0.272277588418904
2.11476980077041,-0.954880779032072,0.661276103349396,0.293604675682701
2.11484230103002,-0.959467701215943,0.644688236192462,0.314779465023493
2.11491480128963,-0.963556881969107,0.62776593496236,0.335790947006775
2.11498730154924,-0.967146213779737,0.610517974109981,0.356628239669756
2.11505980180886,-0.970233821780379,0.592953308208439,0.377280513571959
2.11514796914712,-0.973310238734929,0.571179638384535,0.402130600350405
2.11523613648539,-0.97563996614746,0.548967716396204,0.426672249751274
2.11532430382366,-0.977221226847591,0.526334616341701,0.450886610505897
2.11541247116193,-0.978052794835912,0.503297714206977,0.474755080628922
2.1155006385002,-0.978134043326011,0.479874692009693,0.498259351316293
2.11558880583847,-0.977464898457295,0.456083520423359,0.521381378033943
2.11567697317673,-0.976045884491249,0.431942454752423,0.544103429738829
2.115765140515,-0.973878079258429,0.407470014191814,0.566408065066611
2.11585330785327,-0.970963156245859,0.382684975451464,0.588278180794401
2.11596171208575,-0.966358519245672,0.351811256439803,0.614547262805881
2.11607011631824,-0.960633175274487,0.320529365843143,0.640103809431361
2.11617852055072,-0.953793774102145,0.288875682469553,0.664918091632608
2.1162869247832,-0.945848258617786,0.256886938680657,0.688961319937132
2.11639532901569,-0.936805838788323,0.224600257754267,0.71220558103407
2.11650373324817,-0.926677006746128,0.192053078487559,0.734623928258592
2.11661213748065,-0.915473502843366,0.159283160554561,0.756190342288838
2.11672054171314,-0.903208324625548,0.126328499389779,0.776879825235794
2.11682894594562,-0.889895690107871,0.093227324974933,0.79666836513296
2.1169373501781,-0.875551042641643,0.0600180164903073,0.815533026151342
2.11704575441058,-0.860191012151169,0.0267390983031214,0.833451913848058
2.11715415864307,-0.843833416271901,-0.00657084418673448,0.850404260458631
2.11726256287555,-0.82649721969075,-0.0398731705897622,0.866370390280504
2.11733017602477,-0.815197370526377,-0.0606240807342378,0.875821451260639
2.11739778917399,-0.803529811046732,-0.0813474683919769,0.884877279438735
2.11746540232321,-0.791499759054589,-0.10203407578214,0.893533834836737
2.11753301547243,-0.779112633911381,-0.122674571396907,0.901787205308261
2.11762517473199,-0.761663849857798,-0.150716800630938,0.912380650488752
2.11771733399154,-0.743576577001156,-0.178632777298128,0.922209354299268
2.11777753389593,-0.731423881939236,-0.196789041797551,0.928212923736769
2.11783773380032,-0.719009636302463,-0.214874826369354,0.933884462671796
2.11789793370471,-0.706338248697259,-0.232883718993162,0.939221967690389
2.1179581336091,-0.693414252482188,-0.250809265099462,0.944223517581641
2.11803063386891,-0.677520912995768,-0.272277599016297,0.949798512012048
2.11810313412871,-0.661276095389023,-0.293604686286862,0.95488078167587
2.11817563438852,-0.644688228070551,-0.314779475629802,0.959467703700347
2.11824813464832,-0.62776592668014,-0.335790957610505,0.963556884290658
2.11832063490813,-0.610517965668847,-0.356628250266182,0.967146215935062
2.11839313516793,-0.592953299609847,-0.377280524156346,0.97023382376615
2.11848130247962,-0.57117963628744,-0.402130603400548,0.973310239687973
2.1185694697913,-0.548967721064777,-0.426672245453217,0.975639966517979
2.11865763710298,-0.526334628024655,-0.450886599062771,0.977221227087416
2.11874580441467,-0.503297733137061,-0.474755062260602,0.978052795397648
2.11883397172635,-0.479874718403429,-0.498259326258996,0.978134044662423
2.11892213903803,-0.456083554480828,-0.521381346539765,0.977464901020584
2.11901030634972,-0.431942496656709,-0.544103392075725,0.976045888732418
2.1190984736614,-0.407470064108815,-0.56640802151765,0.973878085626443
2.11918664097308,-0.382685033529589,-0.588278131657572,0.970963165187126
2.11929504520549,-0.35181131537984,-0.614547215023865,0.966358530403717
2.11940344943789,-0.320529425574472,-0.640103763064627,0.960633188639088
2.1195118536703,-0.288875742920705,-0.664918046739876,0.953793789660559
2.1196202579027,-0.25688699977927,-0.688961276575402,0.945848276354641
2.11972866213511,-0.224600319427224,-0.712205539258667,0.936805858685886
2.11983706636751,-0.192053140661027,-0.734623888122927,0.926677028783937
2.11994547059992,-0.159283223154112,-0.756190303844525,0.915473526998657
2.12005387483232,-0.126328562340351,-0.77687978853253,0.903208350872878
2.12016227906473,-0.093227388201078,-0.79666833021841,0.889895718419483
2.12027068329713,-0.0600180799161459,-0.815532993071174,0.87555107298732
2.12037908752954,-0.0267391618525349,-0.833451882645778,0.860191044498301
2.12048749176194,0.00657078059016838,-0.850404231175711,0.843833450585513
2.12059589599435,0.0398731070223681,-0.866370362956087,0.826497255933724
2.12066350920528,0.0606240361677753,-0.875821433629862,0.815197397462075
2.12073112241622,0.0813474427976346,-0.884877270789724,0.803529827992075
2.12079873562715,0.102034069105515,-0.89353383444607,0.791499765340557
2.12086634883809,0.122674583558021,-0.901787212441655,0.779112628883616
2.12095850808338,0.150716808421279,-0.912380655774891,0.761663847353614
2.12105066732868,0.178632780751916,-0.922209357973183,0.743576577221268
2.12111086722864,0.196789043915333,-0.928212926960781,0.731423883045389
2.12117106712861,0.214874827161559,-0.933884465494723,0.719009638333131
2.12123126702857,0.232883718471657,-0.939221970161491,0.706338251689774
2.12129146692854,0.25080926327749,-0.944223519750551,0.693414256473056
2.12136396719085,0.272277597961403,-0.949798514459676,0.677520916498249
2.12143646745317,0.293604685990955,-0.95488078436851,0.661276098377505
2.12150896771548,0.314779476083739,-0.959467706603972,0.644688230520225
2.1215814679778,0.33579095880394,-0.963556887371027,0.62776592856707
2.12165396824012,0.356628252187647,-0.967146219157615,0.610517966969942
2.12172646850243,0.377280526793221,-0.970233827096289,0.592953300303015
2.12181463579243,0.402130599958971,-0.973310242343306,0.571179642384342
2.12190280308243,0.426672236089162,-0.975639968866379,0.548967732777185
2.12199097037243,0.450886583946161,-0.977221229497711,0.526334645551501
2.12207913766242,0.474755041574844,-0.978052798239187,0.503297756664331
2.12216730495242,0.498259300200877,-0.978134048304663,0.479874748103796
2.12225547224242,0.521381315319093,-0.977464905832386,0.456083590513269
2.12234363953242,0.544103355914871,-0.976045895081424,0.431942539166523
2.12243180682241,0.566407980651497,-0.973878093878662,0.407470113227115
2.12251997411241,0.588278086332904,-0.970963175706192,0.38268508937326
2.12262837834474,0.614547170930057,-0.966358542936932,0.351811372006845
2.12273678257708,0.640103720256559,-0.96063320317724,0.320529482920657
2.12284518680941,0.664918005270904,-0.953793806192047,0.288875800921108
2.12295359104174,0.688961236497393,-0.945848294865618,0.256887058368209
2.12306199527408,0.712205500621778,-0.936805879160099,0.224600378538306
2.12317039950641,0.734623850975817,-0.926677051202965,0.192053200227113
2.12327880373874,0.756190268234075,-0.915473551341645,0.159283283107556
2.12338720797108,0.776879754503901,-0.903208377116867,0.126328622612952
2.12349561220341,0.796668297814914,-0.889895746539268,0.0932274487243436
2.12360401643574,0.815532962334342,-0.875551102955445,0.0600181406210901
2.12371242066807,0.833451853615161,-0.860191076285169,0.0267392226699906
2.12382082490041,0.850404203888911,-0.843833484159423,-0.00657071972952882
2.12392922913274,0.866370337448787,-0.826497291260764,-0.0398730461880192
2.12399684240459,0.875821417592082,-0.815197423511372,-0.0606239940807334
2.12406445567643,0.884877263517727,-0.803529844090681,-0.0813474194270666
2.12413206894828,0.893533835224953,-0.791499770829539,-0.102034064395458
2.12419968222012,0.901787220545778,-0.779112623118568,-0.122674597427231
2.12429184148157,0.912380665267397,-0.761663838131927,-0.150716827135516
2.12438400074302,0.922209368579945,-0.743576564329598,-0.178632804250349
2.12444420061311,0.928212934224477,-0.731423875896087,-0.196789058328441
2.12450440048319,0.933884469743192,-0.719009637189595,-0.214874832553571
2.12456460035327,0.93922197172562,-0.706338256809021,-0.232883714916625
2.12462480022335,0.944223518964054,-0.693414268105149,-0.250809250858935
2.12469730048799,0.949798514104386,-0.677520927806032,-0.272277586298387
2.12476980075262,0.954880784414312,-0.661276109334257,-0.293604675080055
2.12484230101725,0.95946770702043,-0.64468824110004,-0.314779465920418
2.12491480128188,0.963556888127309,-0.627765938744788,-0.335790949382536
2.12498730154651,0.967146220222628,-0.610517976721244,-0.356628243501412
2.12505980181115,0.970233828438545,-0.592953309604198,-0.377280518834331
2.12514796910603,0.973310244043762,-0.571179650590289,-0.402130593453465
2.12523613640092,0.975639970842561,-0.548967739835471,-0.426672231007075
2.12532430369581,0.977221231666832,-0.526334651412448,-0.450886580254385
2.1254124709907,0.97805280051829,-0.503297761281252,-0.474755039237051
2.12550063828559,0.978134050610508,-0.479874751432781,-0.498259299177701
2.12558880558047,0.977464908081713,-0.456083592513519,-0.521381315568211
2.12567697287536,0.976045897191117,-0.431942539800131,-0.544103357390968
2.12576514017025,0.973878095765763,-0.407470112459399,-0.566407983306387
2.12585330746514,0.970963177288243,-0.382685087172658,-0.588278090115597
2.12596171169747,0.966358544317839,-0.351811369729149,-0.614547174588705
2.12607011592981,0.96063320435801,-0.320529480572312,-0.640103723785736
2.12617852016214,0.953793807173977,-0.288875798508682,-0.664918008665326
2.12628692439448,0.945848295650183,-0.256887055898292,-0.688961239751893
2.12639532862682,0.93680587974895,-0.224600376017527,-0.712205503731435
2.12650373285915,0.926677051598089,-0.192053197662239,-0.734623853935858
2.12661213709149,0.915473551545167,-0.159283280505353,-0.756190271039829
2.12672054132382,0.903208377131231,-0.126328619980266,-0.776879757150993
2.12682894555616,0.889895746367031,-0.0932274460679594,-0.7966683002991
2.12693734978849,0.875551102599397,-0.0600181379478967,-0.815532964651515
2.12704575402083,0.860191075748435,-0.0267392199869316,-0.833451855761462
2.12715415825317,0.843833483445153,0.00657072241551745,-0.850404205860685
2.1272625624855,0.82649729037249,0.0398730488700652,-0.866370339242557
2.12733017575658,0.815197422646018,0.0606239965226583,-0.875821419168688
2.12739778902767,0.803529843257969,0.0813474216269519,-0.884877264884959
2.12746540229875,0.791499770039033,0.102034066351626,-0.893533836390663
2.12753301556984,0.779112622379774,0.122674599138354,-0.901787221518144
2.12762517486167,0.761663831420229,0.150716838050893,-0.91238066947111
2.1277173341535,0.743576551231446,0.178632824275037,-0.922209375506509
2.12777753399815,0.731423867649807,0.196789070610739,-0.928212938260547
2.1278377338428,0.719009634020062,0.21487483714737,-0.933884471167445
2.12789793368745,0.706338258935521,0.232883711883925,-0.939221970819459
2.12795813353209,0.693414275741268,0.250809240270066,-0.944223516011332
2.12803063379653,0.677520935605517,0.272277575698657,-0.94979851130417
2.12810313406097,0.661276117296123,0.293604664474079,-0.954880781770214
2.12817563432541,0.644688249223125,0.314779455312778,-0.959467704535943
2.12824813458985,0.627765947027892,0.33579093877793,-0.963556885805817
2.12832063485429,0.610517985162963,0.35662823290457,-0.967146218067484
2.12839313511873,0.592953318203111,0.377280508249985,-0.970233826453074
2.12848130244018,0.571179652693708,0.402130590396675,-0.973310243090364
2.12856946976163,0.548967735179432,0.426672235291964,-0.975639970471388
2.12865763708308,0.526334639748575,0.450886591677979,-0.977221231426538
2.12874580440452,0.50329774237691,0.474755057579757,-0.978052799956634
2.12883397172597,0.479874725071597,0.498259324203539,-0.978134049275144
2.12892213904742,0.456083558495614,0.52138134702521,-0.977464905520822
2.12901030636887,0.431942497942636,0.544103395011513,-0.976045892954135
2.12909847369032,0.407470062596549,0.566408026807585,-0.973878089404104
2.12918664101177,0.382685029156102,0.588278139199824,-0.970963168355937
2.12929504524419,0.351811310850558,0.614547222320349,-0.966358533170902
2.1294034494766,0.320529420902222,0.640103770104372,-0.960633191006596
2.12951185370902,0.28887573811847,0.664918053512233,-0.95379379163071
2.12962025794144,0.256886994860183,0.688961283070091,-0.945848277930284
2.12972866217386,0.224600314404545,0.712205545465645,-0.936805859870189
2.12983706640627,0.192053135548127,0.734623894032597,-0.92667702958071
2.12994547063869,0.159283217964506,0.756190309447522,-0.915473527411995
2.13005387487111,0.126328557087616,0.776879793819883,-0.903208350907474
2.13016227910353,0.0932273828988978,0.796668335181533,-0.889895718080401
2.13027068333594,0.0600180745782835,0.815532997701811,-0.87555107228009
2.13037908756836,0.0267391564927905,0.833451886936038,-0.860191043428833
2.13048749180078,-0.00657078595795463,0.850404235118156,-0.84383344916017
2.13059589603319,-0.0398731123844233,0.866370366543671,-0.826497254159227
2.13066350924261,-0.06062404105033,0.875821436783486,-0.815197395733147
2.13073112245202,-0.0813474471967809,0.884877273524797,-0.803529826328037
2.13079873566144,-0.102034073017937,0.893533836778505,-0.791499763760568
2.13086634887085,-0.12267458698107,0.901787214387676,-0.77911262740658
2.13095850817693,-0.15071683025749,0.912380664185266,-0.761663833927777
2.131050667483,-0.178632820811357,0.922209371830698,-0.743576551019341
2.13111086733208,-0.196789068485907,0.928212935035737,-0.731423866549848
2.13117106718116,-0.214874836350957,0.933884468344786,-0.719009631993791
2.13123126703025,-0.232883712404067,0.939221968349518,-0.706338255945433
2.13129146687933,-0.25080924209348,0.944223513844385,-0.693414271750907
2.13136396714127,-0.272277576758557,0.949798508859404,-0.677520932100854
2.13143646740321,-0.293604664778448,0.954880779081118,-0.661276114302676
2.13150896766515,-0.314779454870707,0.959467701636385,-0.64468824676568
2.13158146792709,-0.335790937599709,0.963556882729961,-0.627765945130184
2.13165396818903,-0.356628231001652,0.96714621484962,-0.610517983847967
2.13172646845097,-0.377280505634892,0.970233823127745,-0.59295331749283
2.13181463579413,-0.402130593866971,0.973310240439934,-0.571179646572946
2.13190280313729,-0.426672244691523,0.975639968127676,-0.54896772343617
2.13199097048045,-0.450886606836662,0.97722122902023,-0.526334622183571
2.13207913782361,-0.474755078313871,0.978052797117922,-0.503297718804014
2.13216730516677,-0.498259350316112,0.978134045634118,-0.479874695317979
2.13225547250993,-0.521381378306141,0.977464900708256,-0.456083522402061
2.13234363985309,-0.544103431238098,0.97604588660188,-0.431942455363787
2.13243180719625,-0.566408067744742,0.973878081145812,-0.407470013401059
2.13251997453941,-0.588278184600425,0.970963157827448,-0.382684973227001
2.1326283787719,-0.61454726648843,0.966358520625011,-0.351811254136556
2.13273678300439,-0.640103812984932,0.960633176452519,-0.320529363467598
2.13284518723688,-0.664918095051854,0.95379377508003,-0.28887568002816
2.13295359146937,-0.688961323216843,0.945848259396936,-0.256886936180085
2.13306199570187,-0.712205584169181,0.936805839370347,-0.224600255201132
2.13317039993436,-0.73462393124421,0.926677007132844,-0.19205307588863
2.13327880416685,-0.75619034512027,0.915473503036975,-0.159283157916683
2.13338720839934,-0.77687982790849,0.903208324628191,-0.126328496719692
2.13349561263183,-0.796668367642579,0.889895689922203,-0.0932273222795932
2.13360401686432,-0.815533028493745,0.875551042270329,-0.0600180137765554
2.13371242109681,-0.833451916019177,0.860191011597195,-0.0267390955779825
2.1338208253293,-0.850404262454756,0.843833415538381,0.00657084691639613
2.13392922956179,-0.866370392098041,0.826497218781192,0.0398731733168812
2.1339968427102,-0.875821452853152,0.815197369647637,0.0606240832055523
2.1340644558586,-0.884877280814611,0.803529810209088,0.0813474706055404
2.13413206900701,-0.89353383600456,0.791499758268138,0.102034077736408
2.13419968215542,-0.901787206276702,0.779112633186102,0.122674573090586
2.13429184144535,-0.912380654688664,0.761663843160554,0.150716811528131
2.13438400073529,-0.92220936122235,0.743576563918432,0.178632797303924
2.13444420061427,-0.928212927771937,0.731423873704009,0.19678905406792
2.13450440049325,-0.933884464097449,0.719009633139395,0.214874830958052
2.13456460037222,-0.939221966787725,0.706338250825431,0.232883715962269
2.1346248002512,-0.944223514634174,0.693414260115068,0.250809254519134
2.13469730051082,-0.949798509217242,0.677520920790939,0.272277588426327
2.13476980077043,-0.954880779037249,0.661276103345473,0.293604675691777
2.13484230103005,-0.959467701221321,0.644688236187148,0.314779465034203
2.13491480128967,-0.963556881974603,0.627765934955528,0.335790947019066
2.13498730154928,-0.967146213785238,0.610517974101632,0.356628239683634
2.1350598018089,-0.970233821785852,0.592953308198444,0.377280513587407
2.13514796914716,-0.973310238739895,0.571179638375456,0.402130600364447
2.13523613648543,-0.975639966151958,0.548967716388085,0.426672249763927
2.13532430382369,-0.977221226851747,0.526334616334509,0.450886610517236
2.13541247116196,-0.978052794839786,0.503297714200836,0.474755080638951
2.13550063850022,-0.978134043329662,0.479874692004596,0.498259351325063
2.13558880583848,-0.977464898460846,0.456083520419354,0.521381378041452
2.13567697317675,-0.976045884494702,0.431942454749601,0.544103429745096
2.13576514051501,-0.973878079261893,0.407470014190184,0.566408065071704
2.13585330785328,-0.970963156249395,0.382684975451041,0.588278180798393
2.13596171208576,-0.966358519249067,0.351811256438864,0.614547262810231
2.13607011631825,-0.960633175277712,0.320529365841614,0.640103809436087
2.13617852055073,-0.953793774105164,0.28887568246749,0.66491809163769
2.13628692478322,-0.945848258620546,0.256886938678029,0.688961319942505
2.1363953290157,-0.936805838790803,0.224600257751076,0.712205581039744
2.13650373324819,-0.926677006748299,0.192053078483834,0.734623928264475
2.13661213748067,-0.91547350284522,0.159283160550296,0.756190342294904
2.13672054171316,-0.903208324626987,0.126328499384943,0.77687982524207
2.13682894594564,-0.889895690108925,0.0932273249695364,0.796668365139418
2.13693735017812,-0.875551042642256,0.0600180164843539,0.815533026157899
2.13704575441061,-0.860191012151293,0.0267390982966084,0.833451913854696
2.13715415864309,-0.843833416271479,-0.00657084419380867,0.850404260465316
2.13726256287558,-0.826497219689821,-0.0398731705973829,0.866370390287227
2.13733017602479,-0.815197370526824,-0.0606240807391012,0.875821451265932
2.137397789174,-0.803529811048628,-0.0813474683941228,0.884877279442753
2.13746540232321,-0.791499759058047,-0.102034075781551,0.893533834839608
2.13753301547242,-0.779112633916493,-0.122674571393582,0.901787205310083
2.13762517473197,-0.761663849864145,-0.150716800625731,0.91238065048989
2.13771733399152,-0.743576577008843,-0.178632777291077,0.922209354299929
2.13777753389592,-0.731423881944905,-0.196789041793616,0.928212923738528
2.13783773380032,-0.719009636306066,-0.21487482636848,0.933884462674522
2.13789793370472,-0.706338248698662,-0.232883718995365,0.939221967693997
2.13795813360912,-0.693414252481312,-0.250809265104696,0.944223517585997
2.13803063386893,-0.677520912994446,-0.272277599021959,0.949798512016415
2.13810313412874,-0.661276095387251,-0.293604686292936,0.954880781680137
2.13817563438854,-0.644688228068262,-0.314779475636285,0.959467703704572
2.13824813464835,-0.627765926677313,-0.335790957617464,0.963556884294761
2.13832063490816,-0.610517965665469,-0.356628250273572,0.967146215939011
2.13839313516796,-0.592953299605898,-0.377280524164133,0.970233823770001
2.13848130247965,-0.57117963628253,-0.402130603409132,0.973310239691643
2.13856946979134,-0.548967721058932,-0.426672245462518,0.97563996652144
2.13865763710302,-0.526334628017775,-0.450886599072811,0.977221227090585
2.13874580441471,-0.503297733129213,-0.474755062271272,0.978052795400481
2.1388339717264,-0.479874718394574,-0.498259326270284,0.978134044664833
2.13892213903808,-0.45608355447091,-0.521381346551684,0.977464901022586
2.13901030634977,-0.431942496645735,-0.544103392088199,0.976045888733899
2.13909847366146,-0.40747006409676,-0.566408021530639,0.973878085627416
2.13918664097314,-0.382685033516494,-0.588278131671002,0.97096316518751
2.13929504520555,-0.351811315366395,-0.614547215037055,0.966358530403439
2.13940344943795,-0.32052942556066,-0.640103763077518,0.960633188638129
2.13951185367036,-0.288875742906512,-0.664918046752451,0.953793789658966
2.13962025790276,-0.256886999764777,-0.688961276587694,0.945848276352405
2.13972866213517,-0.224600319412411,-0.71220553927056,0.936805858682948
2.13983706636758,-0.192053140645957,-0.734623888134459,0.926677028780381
2.13994547059998,-0.159283223138781,-0.756190303855635,0.915473526994399
2.14005387483239,-0.126328562324758,-0.776879788543239,0.903208350867953
2.14016227906479,-0.0932273881852614,-0.796668330228662,0.889895718413911
2.1402706832972,-0.0600180799000951,-0.815532993080976,0.875551072981064
2.1403790875296,-0.0267391618363453,-0.833451882655093,0.860191044491428
2.14048749176201,0.0065707806064683,-0.850404231184462,0.843833450578012
2.14059589599441,0.0398731070388235,-0.866370362964348,0.826497255925517
2.14066350920533,0.060624036179415,-0.875821433635564,0.815197397456163
2.14073112241625,0.081347442804471,-0.884877270793128,0.803529827988628
2.14079873562717,0.102034069107553,-0.893533834447296,0.791499765339747
2.14086634883809,0.122674583555285,-0.901787212440935,0.779112628885634
2.14095850808341,0.150716808427673,-0.912380655777483,0.761663847349785
2.14105066732874,0.178632780767393,-0.922209357978578,0.743576577211173
2.14111086722869,0.196789043925495,-0.928212926964104,0.731423883038582
2.14117106712864,0.214874827166444,-0.933884465496194,0.719009638329742
2.14123126702858,0.232883718471336,-0.939221970161306,0.706338251689952
2.14129146692853,0.250809263271961,-0.944223519748901,0.693414256476928
2.14136396719082,0.272277597948141,-0.949798514456141,0.67752091650799
2.14143646745311,0.293604685970067,-0.95488078436341,0.66127609839335
2.1415089677154,0.314779476055328,-0.959467706597735,0.644688230542381
2.14158146797769,0.335790958768137,-0.963556887363953,0.62776592859579
2.14165396823998,0.356628252144633,-0.967146219150115,0.610517967005468
2.14172646850227,0.377280526743111,-0.970233827088661,0.592953300345527
2.14181463579226,0.402130599906305,-0.973310242336792,0.571179642430454
2.14190280308224,0.426672236034015,-0.975639968861045,0.548967732826988
2.14199097037223,0.450886583888672,-0.977221229493742,0.526334645605068
2.14207913766222,0.474755041515154,-0.978052798236931,0.503297756721726
2.1421673049522,0.498259300139124,-0.978134048304167,0.479874748165017
2.14225547224219,0.521381315255433,-0.97746490583388,0.456083590578428
2.14234363953218,0.544103355849441,-0.976045895085108,0.431942539235615
2.14243180682216,0.56640798058443,-0.973878093884594,0.407470113300196
2.14251997411215,0.588278086264351,-0.970963175714762,0.382685089450375
2.14262837834448,0.614547170862494,-0.966358542948383,0.351811372085855
2.14273678257681,0.640103720190072,-0.960633203191598,0.320529483001523
2.14284518680914,0.664918005205594,-0.953793806209377,0.28887580100377
2.14295359104147,0.688961236433353,-0.945848294885999,0.256887058452615
2.1430619952738,0.712205500559162,-0.936805879183524,0.22460037862433
2.14317039950613,0.734623850914716,-0.926677051229445,0.192053200314716
2.14327880373846,0.756190268174645,-0.915473551371254,0.159283283196605
2.14338720797079,0.776879754446179,-0.903208377149627,0.126328622703409
2.14349561220312,0.796668297759119,-0.889895746575201,0.0932274488160601
2.14360401643545,0.815532962280497,-0.875551102994527,0.0600181407139997
2.14371242066778,0.8334518535634,-0.860191076327451,0.0267392227640205
2.14382082490011,0.85040420383938,-0.843833484204858,-0.00657071963453141
2.14392922913244,0.866370337401596,-0.826497291309441,-0.0398730460921671
2.14399684240437,0.875821417559034,-0.815197423546306,-0.0606239940127464
2.14406445567631,0.884877263497792,-0.803529844110904,-0.0813474193868981
2.14413206894824,0.893533835217066,-0.791499770834062,-0.102034064383022
2.14419968222018,0.901787220548871,-0.779112623106404,-0.12267459744246
2.14429184148169,0.912380665276276,-0.761663838108487,-0.150716827167812
2.14438400074319,0.922209368593578,-0.743576564294083,-0.178632804299536
2.14444420061321,0.928212934230986,-0.731423875872958,-0.196789058358029
2.14450440048323,0.933884469743169,-0.719009637179435,-0.214874832563781
2.14456460035325,0.939221971719858,-0.706338256812347,-0.232883714907528
2.14462480022327,0.944223518953292,-0.693414268122538,-0.250809250830766
2.14469730048791,0.949798514095133,-0.677520927820967,-0.272277586274195
2.14476980075256,0.954880784406397,-0.661276109346615,-0.293604675059814
2.1448423010172,0.959467707013718,-0.644688241109716,-0.314779465904059
2.14491480128185,0.963556888121623,-0.627765938751619,-0.335790949370027
2.14498730154649,0.967146220217773,-0.610517976725105,-0.356628243492699
2.14505980181114,0.97023382843435,-0.592953309605069,-0.377280518829339
2.14514796910604,0.97331024404005,-0.571179650587931,-0.402130593452102
2.14523613640094,0.975639970839069,-0.548967739829804,-0.426672231009295
2.14532430369584,0.97722123166343,-0.526334651403421,-0.450886580260005
2.14541247099074,0.978052800514685,-0.503297761268701,-0.474755039246008
2.14550063828564,0.978134050606475,-0.479874751416604,-0.498259299189913
2.14558880558054,0.977464908077067,-0.456083592493557,-0.521381315583525
2.14567697287544,0.9760458971856,-0.431942539776369,-0.544103357409264
2.14576514017035,0.97387809575921,-0.407470112431714,-0.566407983327507
2.14585330746525,0.970963177280416,-0.382685087140975,-0.588278090139437
2.14596171169759,0.966358544308707,-0.351811369695991,-0.614547174612728
2.14607011592992,0.960633204347563,-0.320529480537765,-0.640103723809791
2.14617852016226,0.953793807162068,-0.288875798472706,-0.664918008689384
2.1462869243946,0.945848295636797,-0.256887055860918,-0.688961239775903
2.14639532862694,0.936805879734046,-0.22460037597881,-0.712205503755258
2.14650373285928,0.92667705158157,-0.19205319762216,-0.734623853959437
2.14661213709162,0.915473551527011,-0.159283280463951,-0.756190271063079
2.14672054132396,0.903208377111339,-0.126328619937563,-0.776879757173786
2.1468289455563,0.889895746345394,-0.0932274460240102,-0.796668300321389
2.14693734978864,0.87555110257594,-0.0600181379027729,-0.815532964673203
2.14704575402098,0.860191075723119,-0.026739219940654,-0.833451855782472
2.14715415825332,0.843833483417973,0.00657072246292373,-0.850404205880926
2.14726256248565,0.826497290343372,0.039873048918525,-0.866370339261914
2.14733017575669,0.815197422624838,0.0606239965552578,-0.875821419180083
2.14739778902772,0.803529843245291,0.081347421643673,-0.884877264888955
2.14746540229875,0.791499770035391,0.102034066352559,-0.893533836387966
2.14753301556978,0.779112622385704,0.122674599123573,-0.901787221509276
2.14762517486162,0.761663831426524,0.150716838036091,-0.912380669462642
2.14771733415345,0.743576551238219,0.178632824260194,-0.922209375498437
2.14777753399811,0.731423867653688,0.196789070600518,-0.928212938254234
2.14783773384278,0.719009634021026,0.214874837141716,-0.9338844711627
2.14789793368744,0.706338258933344,0.232883711882837,-0.939221970816171
2.1479581335321,0.693414275735836,0.250809240273509,-0.944223516009315
2.14803063379657,0.677520935594151,0.272277575709911,-0.949798511304068
2.14810313406103,0.661276117278545,0.293604664493057,-0.954880781771619
2.1481756343255,0.644688249199166,0.314779455339342,-0.95946770453854
2.14824813458996,0.627765946997283,0.335790938811927,-0.963556885809194
2.14832063485443,0.610517985125436,0.356628232945883,-0.967146218071305
2.1483931351189,0.592953318158478,0.37728050829848,-0.970233826456951
2.14848130244038,0.571179652640187,0.402130590453651,-0.973310243093835
2.14856946976186,0.548967735116697,0.426672235357179,-0.975639970473855
2.14865763708334,0.526334639676327,0.45088659175115,-0.977221231427478
2.14874580440482,0.503297742294946,0.474755057660551,-0.978052799955493
2.1488339717263,0.479874724979712,0.498259324291669,-0.978134049271372
2.14892213904778,0.456083558393608,0.521381347120259,-0.977464905513866
2.14901030636927,0.431942497830283,0.544103395113163,-0.976045892943436
2.14909847369075,0.407470062473701,0.566408026915448,-0.973878089389141
2.14918664101223,0.382685029022617,0.58827813931352,-0.970963168336106
2.14929504524465,0.351811310715475,0.614547222430899,-0.966358533146348
2.14940344947706,0.320529420765767,0.640103770211658,-0.960633190977364
2.14951185370948,0.288875737980734,0.664918053616132,-0.953793791596894
2.14962025794189,0.256886994721407,0.688961283170524,-0.945848277891891
2.14972866217431,0.22460031426483,0.712205545562451,-0.936805859827296
2.14983706640673,0.19205313540768,0.734623894125704,-0.926677029533372
2.14994547063914,0.159283217823441,0.756190309536867,-0.915473527360283
2.15005387487156,0.126328556946137,0.776879793905354,-0.903208350851469
2.15016227910398,0.0932273827571427,0.796668335263073,-0.889895718020167
2.15027068333639,0.0600180744364052,0.815532997779281,-0.875551072215698
2.15037908756881,0.0267391563509357,0.833451887009432,-0.860191043360386
2.15048749180123,-0.00657078609956565,0.850404235187377,-0.843833449087785
2.15059589603364,-0.0398731125256199,0.866370366608586,-0.826497254082974
2.15066350924292,-0.0606240411505291,0.87582143682761,-0.815197395677038
2.1507311224522,-0.0813474472559768,0.88487727354963,-0.803529826293593
2.15079873566148,-0.102034073036277,0.89353383678558,-0.791499763749261
2.15086634887077,-0.122674586958739,0.901787214378559,-0.779112627419788
2.15095850817681,-0.150716830226615,0.912380664173697,-0.761663833947055
2.15105066748286,-0.178632820772045,0.92220937181718,-0.743576551045124
2.15111086733199,-0.196789068462292,0.928212935028033,-0.731423866565723
2.15117106718112,-0.214874836342902,0.933884468342225,-0.719009631999352
2.15123126703026,-0.232883712411465,0.939221968351647,-0.706338255940164
2.15129146687939,-0.250809242116163,0.944223513850582,-0.693414271734372
2.15136396714132,-0.27227757677903,0.949798508864658,-0.677520932085596
2.15143646740326,-0.29360466479673,0.954880779085531,-0.661276114288775
2.15150896766519,-0.314779454886849,0.959467701640002,-0.644688246753146
2.15158146792712,-0.335790937613743,0.963556882732907,-0.627765945119158
2.15165396818906,-0.356628231013556,0.967146214852011,-0.610517983838445
2.15172646845099,-0.377280505644719,0.970233823129673,-0.592953317484898
2.15181463579411,-0.402130593865518,0.973310240440467,-0.571179646574927
2.15190280313723,-0.426672244679048,0.975639968127473,-0.548967723448398
2.15199097048035,-0.450886606813528,0.977221229019979,-0.526334622206453
2.15207913782347,-0.474755078280396,0.978052797118278,-0.503297718837874
2.15216730516659,-0.498259350272587,0.978134045635776,-0.479874695363183
2.15225547250971,-0.521381378253031,0.977464900711894,-0.456083522458864
2.15234363985283,-0.544103431175788,0.976045886608253,-0.431942455432437
2.15243180719595,-0.566408067673696,0.973878081155491,-0.407470013481805
2.15251997453907,-0.588278184521036,0.970963157841115,-0.382684973320085
2.15262837877156,-0.61454726641082,0.966358520642304,-0.351811254231471
2.15273678300405,-0.640103812909209,0.960633176473447,-0.320529363564206
2.15284518723654,-0.664918094978134,0.953793775104592,-0.288875680126425
2.15295359146903,-0.688961323145238,0.94584825942509,-0.256886936279838
2.15306199570152,-0.712205584099824,0.936805839402167,-0.224600255302328
2.15317039993401,-0.734623931177188,0.926677007168308,-0.192053075991097
2.1532788041665,-0.756190345055688,0.915473503076041,-0.159283158020336
2.15338720839898,-0.776879827846464,0.903208324670894,-0.126328496824422
2.15349561263147,-0.796668367583207,0.889895689968495,-0.0932273223852687
2.15360401686396,-0.815533028437117,0.875551042320232,-0.0600180138830859
2.15371242109645,-0.833451915965438,0.860191011650635,-0.026739095685191
2.15382082532894,-0.850404262403961,0.843833415595391,0.0065708468085779
2.15392922956143,-0.866370392050295,0.826497218841673,0.0398731732086104
2.15399684270995,-0.875821452822982,0.815197369690902,0.0606240831320549
2.15406445585847,-0.884877280800686,0.803529810233912,0.0813474705667657
2.15413206900699,-0.893533836005524,0.791499758273331,0.102034077732196
2.1541996821555,-0.901787206291277,0.779112633170451,0.122674573120817
2.15429184144544,-0.912380654701673,0.761663843145744,0.150716811555936
2.15438400073537,-0.922209361233861,0.743576563904551,0.178632797329327
2.15444420061431,-0.928212927780045,0.731423873696038,0.19678905408398
2.15450440049326,-0.933884464102514,0.7190096331377,0.214874830964838
2.15456460037221,-0.939221966790067,0.706338250830242,0.232883715959849
2.15462480025115,-0.944223514634131,0.693414260126546,0.250809254507638
2.15469730051079,-0.949798509219369,0.677520920797239,0.272277588422153
2.15476980077043,-0.954880779041136,0.661276103346338,0.29360467569482
2.15484230103008,-0.959467701226658,0.644688236182259,0.314779465044402
2.15491480128972,-0.96355688198109,0.627765934944805,0.335790947036286
2.15498730154936,-0.967146213792513,0.610517974084808,0.356628239707718
2.155059801809,-0.97023382179356,0.592953308175344,0.377280513618219
2.15514796914726,-0.973310238746648,0.571179638352807,0.402130600393878
2.15523613648552,-0.975639966157829,0.548967716365863,0.426672249791994
2.15532430382378,-0.977221226856753,0.526334616312844,0.450886610543918
2.15541247116204,-0.978052794844006,0.503297714179718,0.474755080664295
2.1555006385003,-0.978134043333155,0.47987469198409,0.498259351349086
2.15558880583856,-0.977464898463666,0.45608352039953,0.521381378064141
2.15567697317682,-0.976045884496965,0.431942454730451,0.544103429766523
2.15576514051508,-0.97387807926365,0.40747001417176,0.566408065091871
2.15585330785334,-0.9709631562507,0.382684975433423,0.588278180817299
2.15596171208583,-0.966358519249763,0.351811256421375,0.614547262828377
2.15607011631831,-0.960633175277804,0.320529365824428,0.640103809453382
2.15617852055079,-0.953793774104761,0.288875682450548,0.664918091654167
2.15628692478328,-0.945848258619628,0.256886938661465,0.688961319958194
2.15639532901576,-0.936805838789432,0.224600257734848,0.712205581054603
2.15650373324824,-0.926677006746535,0.192053078467987,0.734623928278535
2.15661213748072,-0.915473502843063,0.159283160534851,0.756190342308246
2.15672054171321,-0.903208324624545,0.126328499369956,0.7768798252546
2.15682894594569,-0.889895690106213,0.0932273249550173,0.796668365151226
2.15693735017817,-0.875551042639289,0.0600180164702743,0.815533026168986
2.15704575441066,-0.860191012148145,0.0267390982830663,0.833451913865077
2.15715415864314,-0.843833416268145,-0.00657084420684432,0.85040426047498
2.15726256287562,-0.826497219686407,-0.039873170609826,0.866370390296214
2.15733017602482,-0.815197370524769,-0.0606240807485914,0.875821451273358
2.15739778917402,-0.803529811048114,-0.081347468400595,0.88487727944868
2.15746540232322,-0.79149975905913,-0.102034075785075,0.8935338348442
2.15753301547242,-0.779112633919288,-0.122674571394151,0.901787205313437
2.15762517473201,-0.761663849860867,-0.150716800635854,0.912380650496702
2.15771733399159,-0.743576576999,-0.178632777310667,0.922209354309631
2.15777753389597,-0.731423881940015,-0.196789041805355,0.92821292374537
2.15783773380034,-0.719009636306333,-0.214874826372469,0.933884462678808
2.15789793370471,-0.706338248704335,-0.232883718991635,0.939221967695964
2.15795813360909,-0.693414252492681,-0.250809265093305,0.944223517585951
2.15803063386888,-0.677520913010076,-0.272277599005159,0.949798512015224
2.15810313412866,-0.661276095407358,-0.293604686270779,0.954880781678098
2.15817563438845,-0.644688228092977,-0.314779475608879,0.959467703701856
2.15824813464824,-0.627765926706887,-0.335790957584851,0.963556884291725
2.15832063490803,-0.610517965700003,-0.3566282502359,0.967146215935888
2.15839313516782,-0.592953299645543,-0.377280524121487,0.970233823767016
2.15848130247949,-0.57117963632561,-0.402130603363959,0.973310239689579
2.15856946979117,-0.548967721105509,-0.426672245414942,0.975639966520453
2.15865763710284,-0.526334628067923,-0.450886599022945,0.977221227090848
2.15874580441452,-0.503297733182954,-0.474755062219271,0.978052795402225
2.1588339717262,-0.479874718452008,-0.498259326216242,0.978134044668243
2.15892213903787,-0.456083554532031,-0.521381346495773,0.977464901027826
2.15901030634955,-0.431942496710659,-0.544103392030488,0.976045888741151
2.15909847366122,-0.407470064165462,-0.566408021471353,0.973878085636819
2.1591866409729,-0.38268503358904,-0.588278131610255,0.970963165199272
2.15929504520531,-0.351811315439978,-0.614547214977796,0.96635853041776
2.15940344943771,-0.32052942563526,-0.640103763019783,0.960633188655013
2.15951185367011,-0.288875742982052,-0.664918046696337,0.953793789678344
2.15962025790252,-0.256886999841128,-0.688961276533238,0.94584827637434
2.15972866213492,-0.224600319489561,-0.712205539217846,0.936805858707413
2.15983706636733,-0.192053140723738,-0.73462388808356,0.926677028807276
2.15994547059973,-0.159283223217182,-0.756190303806599,0.915473527023747
2.16005387483214,-0.12632856240366,-0.776879788496114,0.903208350899765
2.16016227906454,-0.093227388264615,-0.796668330183562,0.889895718448155
2.16027068329695,-0.0600180799797998,-0.81553299303792,0.87555107301771
2.16037908752935,-0.0267391619162463,-0.833451882614123,0.860191044530371
2.16048749176176,0.00657078052639476,-0.850404231145728,0.843833450619308
2.16059589599416,0.0398731069586903,-0.866370362927774,0.826497255969087
2.16066350920517,0.0606240361245688,-0.875821433611737,0.815197397487148
2.16073112241617,0.0813474427748388,-0.884877270780991,0.803529828006116
2.16079873562717,0.102034069103114,-0.893533834445948,0.791499765342814
2.16086634883817,0.12267458357592,-0.901787212449396,0.779112628873427
2.16095850808355,0.1507168084664,-0.912380655791914,0.761663847325473
2.16105066732894,0.178632780823977,-0.922209357997974,0.743576577173991
2.16111086722881,0.196789043960201,-0.928212926975416,0.731423883015231
2.16117106712869,0.214874827179414,-0.933884465500224,0.719009638320799
2.16123126702857,0.232883718462722,-0.939221970158855,0.70633825169611
2.16129146692844,0.250809263242024,-0.944223519740759,0.69341425649871
2.16136396719076,0.272277597927756,-0.949798514450932,0.677520916523135
2.16143646745309,0.293604685959187,-0.954880784360713,0.66127609840148
2.16150896771541,0.314779476053786,-0.95946770659708,0.644688230543298
2.16158146797773,0.335790958775843,-0.963556887364969,0.627765928589102
2.16165396824005,0.356628252161337,-0.967146219152323,0.610517966990949
2.16172646850237,0.377280526768689,-0.970233827091624,0.592953300322937
2.16181463579242,0.402130599947878,-0.973310242340648,0.571179642392792
2.16190280308246,0.426672236091102,-0.975639968864803,0.548967732773709
2.16199097037251,0.450886583960817,-0.977221229496478,0.526334645535616
2.16207913766255,0.474755041601802,-0.978052798237579,0.503297756635733
2.1621673049526,0.498259300239754,-0.9781340483018,0.479874748062022
2.16225547224264,0.521381315369437,-0.977464905827433,0.456083590457994
2.16234363953269,0.544103355976196,-0.976045895073601,0.43194253909738
2.16243180682273,0.56640798072331,-0.97387809386716,0.407470113143846
2.16251997411278,0.58827808641465,-0.970963175690275,0.382685089275591
2.16262837834511,0.61454717100919,-0.966358542917308,0.351811371908114
2.16273678257744,0.640103720332948,-0.960633203153961,0.320529482820989
2.16284518680977,0.664918005344491,-0.953793806165193,0.288875800820688
2.1629535910421,0.688961236568034,-0.945848294835181,0.256887058267134
2.16306199527443,0.712205500689473,-0.936805879126178,0.224600378436685
2.16317039950677,0.734623851040465,-0.926677051165591,0.192053200125098
2.1632788037391,0.756190268295582,-0.915473551300916,0.1592832830053
2.16338720797143,0.776879754562269,-0.903208377072836,0.12632862251058
2.16349561220376,0.796668297870054,-0.889895746492048,0.0932274486219324
2.16360401643609,0.815532962386215,-0.875551102905059,0.0600181405188144
2.16371242066842,0.833451853663739,-0.860191076231755,0.0267392225679889
2.16382082490076,0.850404203934123,-0.843833484103012,-0.00657071983114031
2.16392922913309,0.866370337490641,-0.826497291201469,-0.0398730462891975
2.16399684240483,0.875821417618258,-0.815197423467145,-0.0606239941511194
2.16406445567658,0.884877263529337,-0.80352984406265,-0.0813474194667283
2.16413206894832,0.893533835223199,-0.791499770818747,-0.102034064404487
2.16419968222007,0.901787220531829,-0.779112623126079,-0.12267459740576
2.16429184148156,0.912380665258011,-0.76166383813268,-0.150716827125357
2.16438400074304,0.92220936857444,-0.743576564323083,-0.17863280425139
2.16444420061312,0.928212934218511,-0.731423875890324,-0.196789058328208
2.1645044004832,0.93388446973673,-0.719009637184582,-0.214874832552154
2.16456460035328,0.939221971718752,-0.706338256804825,-0.232883714913957
2.16462480022336,0.944223518956829,-0.693414268101795,-0.250809250855081
2.164697300488,0.949798514097637,-0.677520927801037,-0.272277586296635
2.16476980075264,0.954880784407957,-0.661276109327607,-0.293604675080387
2.16484230101728,0.959467707014417,-0.64468824109166,-0.314779465922777
2.16491480128192,0.963556888121497,-0.627765938734616,-0.335790949386886
2.16498730154655,0.967146220216914,-0.610517976709177,-0.356628243507739
2.16505980181119,0.970233828432788,-0.592953309590279,-0.377280518842555
2.16514796910613,0.973310244038949,-0.57117965056528,-0.402130593473677
2.16523613640106,0.975639970837911,-0.548967739798933,-0.426672231038977
2.16532430369599,0.977221231661681,-0.526334651364095,-0.450886580297585
2.16541247099092,0.978052800511888,-0.503297761220637,-0.474755039291221
2.16550063828585,0.978134050602045,-0.479874751359604,-0.498259299242448
2.16558880558078,0.977464908070462,-0.456083592427406,-0.521381315643052
2.16567697287571,0.976045897176335,-0.431942539700805,-0.544103357475542
2.16576514017065,0.973878095746772,-0.407470112346662,-0.566407983400107
2.16585330746558,0.970963177264239,-0.382685087046228,-0.588278090218036
2.16596171169792,0.966358544289233,-0.351811369600419,-0.614547174688789
2.16607011593025,0.960633204324751,-0.32052948044146,-0.640103723883288
2.16617852016259,0.953793807136094,-0.288875798375863,-0.664918008760204
2.16628692439493,0.9458482956076,-0.256887055763614,-0.688961239844006
2.16639532862726,0.93680587970171,-0.224600375881153,-0.712205503820576
2.1665037328596,0.926677051546185,-0.1920531975243,-0.734623854021904
2.16661213709194,0.915473551488665,-0.159283280365998,-0.756190271122676
2.16672054132428,0.903208377070098,-0.126328619839666,-0.776879757230451
2.16682894555661,0.889895746301328,-0.0932274459262672,-0.796668300375043
2.16693734978895,0.875551102529204,-0.0600181378053179,-0.815532964723888
2.16704575402129,0.860191075673644,-0.026739219843591,-0.833451855830097
2.16715415825363,0.843833483365969,0.00657072255947394,-0.850404205925444
2.16726256248596,0.826497290288925,0.0398730490144492,-0.866370339303335
2.1673301757569,0.815197422584347,0.0606239966227097,-0.875821419207059
2.16739778902784,0.803529843219827,0.0813474216827801,-0.884877264902596
2.16746540229878,0.791499770025942,0.10203406636334,-0.893533836389277
2.16753301556972,0.779112622393228,0.122674599106172,-0.901787221499401
2.16762517486152,0.761663831442095,0.150716838006825,-0.91238066944893
2.16771733415331,0.743576551262309,0.178632824219227,-0.922209375481518
2.16777753399803,0.731423867667075,0.196789070576398,-0.928212938243487
2.16783773384275,0.719009634023143,0.21487483713436,-0.93388447115747
2.16789793368747,0.706338258923746,0.232883711892107,-0.939221970815854
2.16795813353218,0.693414275714124,0.250809240299172,-0.944223516013302
2.16803063379661,0.677520935580583,0.27227757572408,-0.949798511304707
2.16810313406104,0.661276117273524,0.293604664495854,-0.954880781769375
2.16817563432547,0.644688249203024,0.314779455330881,-0.95946770453392
2.16824813458989,0.627765947010317,0.335790938792445,-0.963556885802773
2.16832063485432,0.610517985148086,0.356628232915559,-0.96714621806362
2.16839313511875,0.592953318191062,0.37728050825749,-0.970233826448519
2.16848130244018,0.571179652685447,0.402130590399746,-0.973310243085179
2.16856946976161,0.548967735175103,0.426672235290725,-0.975639970465827
2.16865763708305,0.526334639748334,0.450886591672543,-0.977221231420879
2.16874580440448,0.503297742380903,0.474755057570271,-0.978052799951175
2.16883397172591,0.479874725079911,0.498259324190155,-0.978134049270073
2.16892213904735,0.456083558508418,0.52138134700802,-0.977464905516435
2.16901030636878,0.431942497960038,0.544103394990684,-0.97604589295071
2.16909847369022,0.407470062618597,0.566408026783306,-0.973878089401891
2.16918664101165,0.382685029182885,0.588278139172264,-0.970963168355147
2.16929504524407,0.351811310877768,0.614547222293622,-0.966358533171367
2.16940344947648,0.320529420929887,0.640103770078453,-0.960633191008297
2.1695118537089,0.288875738146501,0.664918053487204,-0.953793791633681
2.16962025794132,0.256886994888581,0.688961283045934,-0.945848277934493
2.16972866217374,0.224600314433218,0.712205545442414,-0.936805859875655
2.16983706640615,0.192053135577061,0.734623894010328,-0.926677029587341
2.16994547063857,0.159283217993646,0.756190309426246,-0.915473527419861
2.17005387487099,0.126328557116921,0.776879793799602,-0.903208350916502
2.1701622791034,0.0932273829283436,0.796668335162258,-0.889895718090609
2.17027068333582,0.060018074607783,0.815532997683616,-0.875551072291399
2.17037908756824,0.0267391565222977,0.833451886918948,-0.860191043441235
2.17048749180066,-0.00657078592844274,0.850404235102133,-0.843833449173679
2.17059589603307,-0.0398731123549478,0.866370366528795,-0.826497254173804
2.17066350924252,-0.0606240410297695,0.875821436773286,-0.815197395743454
2.17073112245196,-0.0813474471850756,0.884877273518886,-0.803529826333816
2.1707987356614,-0.10203407301509,0.893533836776603,-0.79149976376145
2.17086634887084,-0.122674586987064,0.901787214389338,-0.779112627402297
2.17095850817688,-0.150716830250056,0.912380664182116,-0.761663833932041
2.17105066748291,-0.178632820790653,0.922209371823452,-0.743576551032784
2.17111086733202,-0.196789068474129,0.928212935031843,-0.731423866557712
2.17117106718113,-0.214874836348,0.933884468343866,-0.719009631995831
2.17123126703024,-0.232883712409897,0.939221968351343,-0.706338255941406
2.17129146687935,-0.250809242107983,0.944223513848558,-0.693414271740529
2.17136396714128,-0.272277576769821,0.949798508862629,-0.677520932092786
2.17143646740321,-0.293604664786511,0.954880779083527,-0.661276114296991
2.17150896766514,-0.314779454875631,0.959467701638125,-0.644688246762453
2.17158146792707,-0.335790937601562,0.963556882731132,-0.627765945129571
2.171653968189,-0.356628231000439,0.967146214850476,-0.610517983849997
2.17172646845093,-0.377280505630743,0.970233823128332,-0.592953317497574
2.17181463579402,-0.402130593843587,0.973310240438758,-0.571179646595149
2.17190280313711,-0.426672244649392,0.975639968125904,-0.548967723476516
2.1719909704802,-0.450886606776299,0.977221229019011,-0.526334622242727
2.17207913782329,-0.474755078235927,0.97805279711846,-0.503297718882537
2.17216730516638,-0.498259350221152,0.978134045637581,-0.479874695416414
2.17225547250947,-0.521381378194915,0.977464900715849,-0.456083522520925
2.17234363985257,-0.544103431111313,0.976045886614806,-0.431942455503454
2.17243180719566,-0.566408067603167,0.973878081165178,-0.407470013561965
2.17251997453875,-0.588278184444776,0.970963157854433,-0.382684973409604
2.17262837877123,-0.614547266336193,0.966358520659065,-0.351811254322829
2.17273678300372,-0.640103812836304,0.9606331764937,-0.32052936365739
2.17284518723621,-0.664918094907049,0.953793775128392,-0.28887568022132
2.17295359146869,-0.688961323076083,0.945848259452416,-0.256886936376346
2.17306199570118,-0.712205584032689,0.936805839433051,-0.224600255400321
2.17317039993367,-0.734623931112235,0.926677007202735,-0.192053076090493
2.17327880416615,-0.75619034499302,0.915473503114071,-0.159283158121002
2.17338720839864,-0.776879827786197,0.903208324712495,-0.126328496926317
2.17349561263113,-0.796668367525443,0.889895690013667,-0.0932273224882056
2.17360401686361,-0.815533028381957,0.875551042368951,-0.0600180139869753
2.1737124210961,-0.833451915912996,0.860191011702913,-0.0267390957899307
2.17382082532859,-0.850404262354333,0.843833415651192,0.00657084670314434
2.17392922956107,-0.866370392003576,0.826497218900997,0.0398731731025889
2.1739968427097,-0.875821452792299,0.815197369734863,0.0606240830574524
2.17406445585832,-0.884877280784866,0.803529810261315,0.0813474705235663
2.17413206900694,-0.893533836003349,0.791499758283096,0.102034077720285
2.17419968215556,-0.901787206301532,0.779112633161509,0.122674573140055
2.17429184144546,-0.91238065470826,0.761663843141979,0.150716811566286
2.17438400073536,-0.922209361237288,0.74357656390643,0.178632797330862
2.17444420061431,-0.928212927783505,0.731423873697757,0.196789054085797
2.17450440049326,-0.933884464106109,0.719009633139211,0.214874830966927
2.17456460037221,-0.939221966793735,0.70633825083156,0.232883715962183
2.17462480025115,-0.944223514637886,0.693414260127691,0.250809254510211
2.17469730051078,-0.949798509222108,0.677520920801477,0.272277588420652
2.17476980077041,-0.954880779043027,0.661276103353727,0.293604675689322
2.17484230103003,-0.959467701227939,0.644688236192978,0.31477946503497
2.17491480128966,-0.963556881981929,0.627765934958941,0.335790947022976
2.17498730154929,-0.967146213793093,0.610517974102496,0.356628239690606
2.17505980180892,-0.970233821794044,0.592953308196715,0.377280513597372
2.17514796914714,-0.973310238746678,0.571179638384157,0.402130600362561
2.17523613648536,-0.97563996615804,0.54896771640758,0.426672249750473
2.17532430382358,-0.97722122685779,0.526334616365273,0.450886610492543
2.1754124711618,-0.978052794846555,0.503297714243227,0.47475508060334
2.17550063850003,-0.978134043337856,0.479874692058895,0.498259351278939
2.17558880583825,-0.977464898471139,0.456083520485939,0.521381377985237
2.17567697317647,-0.976045884507954,0.431942454828722,0.544103429679239
2.17576514051469,-0.973878079278674,0.407470014282117,0.566408064996599
2.17585330785291,-0.970963156270525,0.382684975556011,0.588278180714519
2.1759617120854,-0.966358519274061,0.351811256545926,0.614547262728131
2.17607011631788,-0.960633175306572,0.320529365950689,0.640103809355909
2.17617852055036,-0.953793774137949,0.288875682578417,0.664918091559568
2.17628692478284,-0.945848258657254,0.256886938790728,0.688961319866561
2.17639532901533,-0.936805838831497,0.224600257865371,0.71220558096612
2.17650373324781,-0.926677006792931,0.192053078599624,0.734623928193293
2.17661213748029,-0.915473502893815,0.159283160667518,0.756190342226295
2.17672054171277,-0.903208324679536,0.126328499503384,0.776879825176134
2.17682894594526,-0.889895690165387,0.0932273250891301,0.796668365076302
2.17693735017774,-0.875551042702657,0.0600180166049452,0.81553302609773
2.17704575441022,-0.860191012215618,0.0267390984180602,0.83345191379754
2.1771541586427,-0.843833416339669,-0.00657084407163305,0.850404260411314
2.17726256287519,-0.826497219761887,-0.0398731704745741,0.866370390236442
2.17733017602453,-0.815197370579041,-0.0606240806561117,0.875821451235147
2.17739778917387,-0.803529811079671,-0.0813474683508047,0.884877279430445
2.1774654023232,-0.791499759066421,-0.102034075777846,0.893533834844285
2.17753301547254,-0.779112633900829,-0.122674571429338,0.901787205330194
2.17762517473217,-0.761663849833513,-0.150716800683584,0.912380650517105
2.1777173339918,-0.743576576962207,-0.178632777370758,0.922209354332977
2.1777775338961,-0.731423881917533,-0.196789041842786,0.928212923760325
2.17783773380039,-0.719009636298851,-0.214874826387386,0.933884462686273
2.17789793370469,-0.706338248712492,-0.2328837189842,0.939221967696705
2.17795813360899,-0.693414252517057,-0.250809265063775,0.944223517580838
2.1780306338688,-0.677520913031233,-0.272277598980745,0.949798512011952
2.1781031341286,-0.661276095425043,-0.293604686251446,0.954880781676484
2.17817563438841,-0.644688228107141,-0.314779475594569,0.959467703701714
2.17824813464821,-0.627765926717229,-0.335790957575553,0.963556884292762
2.17832063490802,-0.610517965706417,-0.356628250231474,0.967146215937909
2.17839313516782,-0.592953299647868,-0.377280524121884,0.97023382376978
2.1784813024795,-0.571179636327767,-0.402130603364525,0.973310239692292
2.17856946979118,-0.548967721107482,-0.426672245415642,0.975639966523148
2.17865763710285,-0.526334628069754,-0.450886599023767,0.977221227093495
2.17874580441453,-0.503297733184637,-0.474755062220206,0.978052795404833
2.1788339717262,-0.479874718453485,-0.498259326217304,0.978134044670771
2.17892213903788,-0.456083554533383,-0.5213813464969,0.977464901030266
2.17901030634956,-0.431942496711827,-0.544103392031703,0.976045888743532
2.17909847366123,-0.407470064166476,-0.566408021472657,0.973878085639115
2.17918664097291,-0.382685033589846,-0.588278131611659,0.970963165201468
2.17929504520532,-0.351811315440774,-0.614547214979128,0.966358530419839
2.17940344943772,-0.320529425635985,-0.640103763021042,0.96063318865701
2.17951185367013,-0.288875742982772,-0.664918046697493,0.953793789680261
2.17962025790253,-0.256886999841847,-0.688961276534287,0.945848276376129
2.17972866213493,-0.224600319490208,-0.712205539218867,0.93680585870905
2.17983706636734,-0.192053140724398,-0.734623888084471,0.926677028808872
2.17994547059974,-0.159283223217788,-0.756190303807455,0.915473527025229
2.18005387483215,-0.126328562404285,-0.776879788496893,0.903208350901154
2.18016227906455,-0.0932273882651951,-0.796668330184263,0.889895718449453
2.18027068329696,-0.0600180799804011,-0.815532993038506,0.875551073018916
2.18037908752936,-0.0267391619168527,-0.83345188261468,0.860191044531476
2.18048749176177,0.00657078052581846,-0.850404231146166,0.843833450620291
2.18059589599417,0.0398731069580786,-0.866370362928105,0.826497255969987
2.18066350920518,0.0606240361255928,-0.875821433612735,0.815197397487099
2.18073112241619,0.0813474427774956,-0.884877270782593,0.803529828005072
2.18079873562719,0.102034069107353,-0.89353383444812,0.791499765340722
2.1808663488382,0.122674583581789,-0.901787212452021,0.779112628870184
2.18095850808363,0.150716808486656,-0.912380655799537,0.761663847312854
2.18105066732907,0.178632780858471,-0.922209358009823,0.743576577151304
2.1811108672289,0.196789043981206,-0.928212926982283,0.731423883001068
2.18117106712873,0.214874827187002,-0.933884465502566,0.719009638315527
2.18123126702856,0.232883718457022,-0.939221970157148,0.706338251700083
2.18129146692839,0.25080926322317,-0.944223519735582,0.693414256512399
2.18136396719073,0.272277597913482,-0.94979851444719,0.677520916533695
2.18143646745307,0.293604685949391,-0.954880784358224,0.66127609840884
2.1815089677154,0.314779476048456,-0.959467706595638,0.644688230547171
2.18158146797774,0.335790958774865,-0.963556887364379,0.627765928589495
2.18165396824008,0.356628252164678,-0.967146219152371,0.610517966987658
2.18172646850241,0.377280526776238,-0.970233827092101,0.592953300315843
2.1818146357925,0.402130599966275,-0.973310242341991,0.571179642375691
2.18190280308258,0.426672236120133,-0.97563996886635,0.548967732746211
2.18199097037267,0.45088658400015,-0.977221229497512,0.526334645497359
2.18207913766275,0.474755041651114,-0.978052798237455,0.503297756586323
2.18216730495283,0.498259300298663,-0.978134048299878,0.479874748001188
2.18225547224292,0.521381315437517,-0.977464905823042,0.45608359038553
2.182343639533,0.54410335605308,-0.976045895066058,0.431942539012933
2.18243180682309,0.566407980808556,-0.973878093855786,0.407470113047206
2.18251997411317,0.588278086507847,-0.970963175674414,0.382685089166561
2.1826283783455,0.614547171100114,-0.966358542897282,0.351811371797137
2.18273678257784,0.640103720421491,-0.960633203129794,0.32052948270826
2.18284518681017,0.66491800543057,-0.953793806136829,0.288875800706244
2.1829535910425,0.688961236651523,-0.945848294802673,0.256887058151138
2.18306199527484,0.712205500770259,-0.93680587908948,0.224600378319232
2.18317039950717,0.734623851118419,-0.926677051124775,0.192053200006365
2.1832788037395,0.756190268370584,-0.915473551255997,0.159283282885406
2.18338720797184,0.776879754634181,-0.903208377023836,0.126328622389656
2.18349561220417,0.796668297938839,-0.889895746438924,0.0932274485001059
2.1836040164365,0.815532962451664,-0.875551102847949,0.0600181403962258
2.18371242066883,0.833451853725796,-0.860191076170656,0.026739222444809
2.18382082490117,0.850404203992752,-0.843833484037996,-0.00657071995476907
2.1839292291335,0.866370337545646,-0.826497291132544,-0.0398730464131118
2.18399684240512,0.875821417654126,-0.815197423416718,-0.0606239942374269
2.18406445567675,0.884877263547558,-0.803529844032054,-0.0813474195155208
2.18413206894837,0.89353383522511,-0.791499770809309,-0.102034064415834
2.18419968221999,0.901787220518938,-0.779112623139119,-0.122674597379815
2.18429184148147,0.912380665244708,-0.761663838148014,-0.150716827096686
2.18438400074295,0.922209368560925,-0.743576564340927,-0.178632804220024
2.18444420061307,0.928212934209602,-0.731423875899881,-0.196789058309722
2.18450440048319,0.93388446973201,-0.719009637185623,-0.214874832546373
2.18456460035331,0.939221971717657,-0.706338256796882,-0.232883714920813
2.18462480022343,0.944223518958977,-0.693414268084578,-0.250809250874428
2.18469730048807,0.949798514098775,-0.677520927785071,-0.272277586313704
2.1847698007527,0.954880784408173,-0.661276109312945,-0.293604675095238
2.18484230101733,0.959467707013779,-0.644688241078353,-0.314779465935422
2.18491480128196,0.963556888120084,-0.627765938722759,-0.335790949397335
2.18498730154659,0.967146220214871,-0.61051797669884,-0.356628243516049
2.18505980181123,0.970233828430255,-0.592953309581525,-0.377280518848759
2.18514796910618,0.973310244036947,-0.571179650549584,-0.402130593487393
2.18523613640114,0.975639970836008,-0.54896773977607,-0.426672231059968
2.1853243036961,0.977221231659427,-0.526334651333819,-0.450886580325626
2.18541247099106,0.978052800508761,-0.50329776118269,-0.474755039326099
2.18550063828602,0.978134050597659,-0.479874751313794,-0.498259299283889
2.18558880558098,0.977464908064369,-0.456083592373535,-0.521381315690852
2.18567697287594,0.976045897168098,-0.431942539638783,-0.544103357529317
2.18576514017089,0.973878095735834,-0.407470112276226,-0.566407983459602
2.18585330746585,0.970963177250194,-0.382685086967282,-0.588278090282939
2.18596171169819,0.966358544272196,-0.351811369519644,-0.614547174752545
2.18607011593053,0.960633204304727,-0.320529480358934,-0.64010372394581
2.18617852016287,0.953793807112956,-0.288875798291629,-0.66491800882133
2.18628692439521,0.945848295581413,-0.256887055677821,-0.688961239903639
2.18639532862755,0.936805879672424,-0.22460037579379,-0.712205503878649
2.18650373285989,0.92667705151376,-0.192053197435507,-0.734623854078273
2.18661213709223,0.915473551453063,-0.159283280275842,-0.75619027117724
2.18672054132457,0.903208377031348,-0.126328619748252,-0.776879757283122
2.18682894555691,0.88989574625943,-0.0932274458337221,-0.796668300425681
2.18693734978925,0.87555110248406,-0.0600181377116787,-0.81553296477237
2.18704575402159,0.860191075625361,-0.0267392197490158,-0.833451855876362
2.18715415825393,0.843833483314463,0.00657072265491332,-0.850404205969377
2.18726256248627,0.826497290234184,0.0398730491106379,-0.86637033934484
2.18733017575711,0.815197422545199,0.0606239966876367,-0.875821419232834
2.18739778902795,0.8035298431974,0.0813474217164676,-0.884877264913864
2.18746540229879,0.791499770021287,0.102034066365926,-0.893533836387199
2.18753301556963,0.779112622407416,0.122674599077798,-0.901787221485226
2.18762517486141,0.761663831458424,0.150716837976289,-0.912380669434708
2.1877173341532,0.743576551280836,0.178632824186586,-0.922209375467433
2.18777753399796,0.731423867677629,0.196789070556363,-0.928212938233998
2.18783773384272,0.71900963402543,0.214874837126782,-0.933884471152189
2.18789793368748,0.706338258917361,0.232883711896906,-0.939221970814299
2.18795813353224,0.693414275698696,0.250809240316267,-0.944223516014992
2.18803063379669,0.677520935559667,0.272277575748065,-0.949798511307717
2.18810313406114,0.661276117246851,0.293604664526623,-0.954880781773473
2.18817563432559,0.644688249170367,0.314779455368402,-0.959467704538701
2.18824813459004,0.62776594697146,0.335790938836546,-0.963556885808026
2.18832063485449,0.610517985102841,0.356628232966083,-0.967146218068927
2.18839313511894,0.592953318139228,0.377280508314322,-0.970233826453534
2.1884813024404,0.571179652626519,0.40213059046276,-0.973310243089297
2.18856946976186,0.548967735108879,0.426672235359726,-0.975639970468597
2.18865763708332,0.526334639674632,0.450886591747271,-0.977221231421917
2.18874580440478,0.503297742299536,0.474755057650461,-0.978052799949964
2.18883397172623,0.479874724990772,0.498259324275557,-0.978134049266342
2.18892213904769,0.456083558411355,0.52138134709836,-0.977464905509692
2.18901030636915,0.431942497854861,0.544103395085688,-0.97604589294056
2.18909847369061,0.407470062505264,0.566408026882649,-0.973878089387917
2.18918664101207,0.382685029061319,0.588278139275617,-0.97096316833695
2.18929504524448,0.351811310755194,0.614547222393756,-0.966358533148963
2.1894034494769,0.320529420806406,0.640103770175359,-0.960633190981752
2.18951185370931,0.288875738022298,0.664918053580724,-0.95379379160302
2.18962025794173,0.256886994763855,0.688961283135993,-0.94584827789984
2.18972866217414,0.224600314308108,0.71220554552899,-0.936805859837084
2.18983706640656,0.192053135451709,0.734623894093268,-0.926677029544984
2.18994547063897,0.159283217868184,0.75619030950554,-0.915473527373723
2.19005387487139,0.126328556991519,0.776879793875219,-0.903208350866748
2.1901622791038,0.0932273828031612,0.796668335234147,-0.889895718037285
2.19027068333622,0.0600180744829709,0.815532997751685,-0.875551072234618
2.19037908756863,0.0267391563979824,0.833451886983187,-0.86019104338115
2.19048749180105,-0.00657078605212884,0.850404235162505,-0.843833449110379
2.19059589603346,-0.0398731124778643,0.866370366585224,-0.826497254107355
2.19066350924278,-0.0606240411133789,0.875821436809958,-0.815197395696561
2.19073112245209,-0.0813474472294866,0.884877273537395,-0.803529826307885
2.19079873566141,-0.102034073020439,0.893533836778314,-0.791499763757864
2.19086634887072,-0.122674586953484,0.901787214375862,-0.779112627422383
2.19095850817668,-0.150716830194885,0.912380664161659,-0.761663833966796
2.19105066748264,-0.178632820714115,0.922209371797316,-0.743576551083159
2.19111086733185,-0.196789068425971,0.928212935016206,-0.731423866590203
2.19117106718105,-0.21487483632804,0.933884468337718,-0.719009632009688
2.19123126703025,-0.232883712417872,0.939221968353635,-0.706338255935729
2.19129146687946,-0.250809242143657,0.944223513858271,-0.693414271714582
2.19136396714141,-0.272277576812012,0.949798508873316,-0.677520932061268
2.19143646740336,-0.2936046648351,0.954880779094821,-0.661276114259685
2.19150896766531,-0.314779454930483,0.95946770164972,-0.64468824671924
2.19158146792727,-0.335790937662567,0.963556882742752,-0.62776594508016
2.19165396818922,-0.356628231067438,0.967146214861736,-0.610517983794271
2.19172646845117,-0.377280505703595,0.970233823138959,-0.592953317435391
2.19181463579427,-0.402130593917717,0.973310240447598,-0.571179646529846
2.19190280313737,-0.426672244724679,0.975639968132773,-0.548967723408087
2.19199097048047,-0.450886606852709,0.977221229023784,-0.526334622171094
2.19207913782357,-0.474755078313281,0.978052797121014,-0.503297718807716
2.19216730516666,-0.498259350299363,0.978134045637812,-0.479874695338387
2.19225547250976,-0.521381378273844,0.977464900713581,-0.456083522439705
2.19234363985286,-0.544103431190842,0.976045886609889,-0.431942455419016
2.19243180719596,-0.566408067683141,0.973878081157539,-0.407470013474395
2.19251997453906,-0.588278184525106,0.97096315784392,-0.382684973318797
2.19262837877155,-0.614547266414796,0.966358520645278,-0.351811254230457
2.19273678300404,-0.640103812913092,0.960633176476606,-0.320529363563487
2.19284518723652,-0.664918094981974,0.953793775107985,-0.288875680126
2.19295359146901,-0.688961323148985,0.945848259428725,-0.256886936279725
2.1930619957015,-0.71220558410353,0.936805839406043,-0.2246002553025
2.19317039993399,-0.734623931180869,0.926677007172471,-0.192053075991589
2.19327880416648,-0.756190345059335,0.915473503080458,-0.159283158021096
2.19338720839896,-0.776879827850111,0.903208324675672,-0.126328496825499
2.19349561263145,-0.796668367586904,0.889895689973515,-0.0932273223866191
2.19360401686394,-0.815533028440839,0.875551042325582,-0.0600180138847379
2.19371242109643,-0.833451915969203,0.860191011656378,-0.0267390956871153
2.19382082532891,-0.850404262407826,0.843833415601421,0.00657084680642093
2.1939292295614,-0.866370392054275,0.826497218848098,0.0398731732062178
2.19399684270992,-0.875821452826288,0.815197369698445,0.060624083127857
2.19406445585843,-0.884877280803421,0.803529810242656,0.0813474705607734
2.19413206900694,-0.893533836007753,0.79149975828332,0.10203407772443
2.19419968215546,-0.90178720629303,0.779112633181749,0.122674573111289
2.19429184144533,-0.912380654697654,0.761663843168128,0.150716811529538
2.19438400073521,-0.922209361225027,0.743576563938723,0.17863279728627
2.19444420061421,-0.928212927777426,0.731423873719606,0.196789054057829
2.19450440049321,-0.933884464105577,0.719009633150115,0.214874830955486
2.19456460037221,-0.939221966798175,0.706338250831046,0.232883715967133
2.19462480025121,-0.944223514646628,0.693414260115295,0.250809254531378
2.19469730051083,-0.949798509229396,0.677520920791888,0.272277588437528
2.19476980077044,-0.954880779049048,0.66127610334714,0.293604675701942
2.19484230103005,-0.959467701232883,0.644688236189533,0.314779465043359
2.19491480128967,-0.963556881985949,0.627765934958753,0.335790947027218
2.19498730154928,-0.967146213796429,0.610517974105686,0.356628239690763
2.19505980180889,-0.97023382179691,0.592953308203404,0.377280513593555
2.19514796914709,-0.97331023874908,0.571179638396276,0.402130600352834
2.19523613648529,-0.97563996616036,0.54896771642537,0.426672249735012
2.1953243038235,-0.977221226860363,0.526334616388919,0.450886610471464
2.1954124711617,-0.978052794849781,0.503297714272868,0.47475508057691
2.1955006384999,-0.978134043342059,0.479874692094705,0.498259351247334
2.1955888058381,-0.977464898476698,0.456083520528087,0.521381377948648
2.1956769731763,-0.976045884515205,0.431942454877341,0.544103429637874
2.1957651405145,-0.973878079288038,0.407470014337268,0.56640806495078
2.1958533078527,-0.970963156282316,0.38268497561791,0.588278180664414
2.19596171208518,-0.966358519288106,0.351811256609017,0.614547262679127
2.19607011631766,-0.960633175322949,0.320529366014914,0.640103809308039
2.19617852055014,-0.953793774156623,0.288875682643757,0.664918091512897
2.19628692478262,-0.945848258678297,0.256886938857074,0.688961319821207
2.1963953290151,-0.936805838854827,0.2246002579327,0.71220558092214
2.19650373324759,-0.926677006818573,0.192053078667847,0.734623928150761
2.19661213748007,-0.915473502921829,0.159283160736515,0.756190342185325
2.19672054171255,-0.903208324709861,0.126328499573138,0.776879825136741
2.19682894594503,-0.889895690198098,0.0932273251595771,0.796668365038519
2.19693735017751,-0.875551042737622,0.0600180166759556,0.815533026061682
2.19704575440999,-0.860191012252914,0.0267390984896176,0.833451913763332
2.19715415864247,-0.843833416379291,-0.00657084399965613,0.850404260378958
2.19726256287495,-0.826497219803768,-0.0398731704022818,0.866370390206062
2.19733017602436,-0.815197370611479,-0.0606240806032256,0.875821451214733
2.19739778917376,-0.80352981110198,-0.081347468317298,0.88487727941928
2.19746540232316,-0.791499759077951,-0.102034075763659,0.893533834841602
2.19753301547256,-0.77911263390086,-0.122674571434388,0.901787205335222
2.1976251747322,-0.761663849830922,-0.15071680069248,0.912380650523376
2.19771733399184,-0.743576576956841,-0.178632777383474,0.922209354340297
2.19777753389612,-0.731423881915492,-0.196789041850226,0.928212923765732
2.19783773380041,-0.719009636300305,-0.214874826389571,0.933884462689899
2.19789793370469,-0.706338248717641,-0.232883718981177,0.939221967698805
2.19795813360897,-0.693414252525964,-0.2508092650556,0.944223517581581
2.19803063386879,-0.677520913037712,-0.27227759897598,0.949798512013721
2.1981031341286,-0.661276095429034,-0.293604686250043,0.95488078167904
2.19817563438842,-0.644688228108502,-0.314779475596458,0.959467703704972
2.19824813464823,-0.627765926715949,-0.335790957580596,0.963556884296584
2.19832063490805,-0.610517965702393,-0.356628250239679,0.96714621594208
2.19839313516787,-0.592953299640966,-0.377280524133195,0.970233823774185
2.19848130247959,-0.571179636310046,-0.402130603387595,0.973310239697641
2.1985694697913,-0.548967721078523,-0.426672245450153,0.975639966528683
2.19865763710302,-0.526334628029126,-0.450886599069415,0.977221227098548
2.19874580441474,-0.50329773313205,-0.474755062276563,0.97805279540858
2.19883397172646,-0.479874718388578,-0.498259326284017,0.97813404467257
2.19892213903818,-0.456083554455805,-0.52138134657358,0.977464901029401
2.1990103063499,-0.431942496621366,-0.544103392117881,0.976045888739237
2.19909847366162,-0.407470064062832,-0.566408021567847,0.973878085630687
2.19918664097334,-0.382685033472877,-0.588278131715346,0.970963165188234
2.19929504520574,-0.351811315322496,-0.614547215079739,0.966358530402219
2.19940344943814,-0.320529425516594,-0.640103763118483,0.96063318863507
2.19951185367055,-0.28887574286237,-0.664918046791704,0.953793789654067
2.19962025790295,-0.256886999720596,-0.688961276625168,0.945848276345768
2.19972866213535,-0.224600319368316,-0.712205539306265,0.936805858674557
2.19983706636776,-0.192053140601949,-0.734623888168358,0.926677028770308
2.19994547060016,-0.159283223094966,-0.756190303887747,0.915473526982677
2.20005387483257,-0.126328562281245,-0.77687978857347,0.903208350854695
2.20016227906497,-0.0932273881421196,-0.796668330257069,0.889895718399173
2.20027068329737,-0.0600180798573789,-0.815532993107523,0.875551072964871
2.20037908752978,-0.0267391617940471,-0.833451882679829,0.860191044473869
2.20048749176218,0.00657078064824507,-0.850404231207361,0.843833450559086
2.20059589599458,0.0398731070800076,-0.866370362985405,0.826497255905378
2.20066350920547,0.0606240362109194,-0.875821433651356,0.8151973974404
2.20073112241636,0.0813474428262551,-0.884877270803942,0.803529827977663
2.20079873562725,0.102034069119694,-0.893533834453567,0.791499765333858
2.20086634883813,0.122674583557804,-0.901787212442995,0.779112628885187
2.20095850808358,0.15071680846681,-0.912380655792559,0.761663847325732
2.20105066732903,0.178632780842733,-0.922209358004624,0.743576577161865
2.20111086722888,0.196789043971527,-0.928212926979252,0.731423883007706
2.20117106712873,0.214874827183329,-0.933884465501468,0.719009638318116
2.20123126702858,0.23288371845934,-0.939221970157817,0.706338251698439
2.20129146692843,0.250809263231363,-0.944223519737714,0.693414256506293
2.20136396719075,0.272277597915308,-0.949798514447477,0.677520916532132
2.20143646745306,0.293604685944933,-0.954880784356959,0.661276098412008
2.20150896771538,0.314779476037773,-0.959467706593154,0.64468823055536
2.20158146797769,0.335790958758103,-0.963556887360907,0.627765928602747
2.20165396824001,0.356628252141921,-0.967146219148169,0.610517967006284
2.20172646850232,0.377280526747641,-0.970233827087559,0.592953300339902
2.20181463579242,0.40213059994071,-0.973310242338505,0.571179642397743
2.20190280308251,0.426672236097538,-0.97563996886374,0.548967732766222
2.20199097037261,0.450886583980446,-0.977221229495634,0.526334645515172
2.2020791376627,0.47475504163426,-0.978052798236111,0.503297756601837
2.2021673049528,0.498259300284572,-0.978134048298892,0.479874748014296
2.20225547224289,0.521381315426176,-0.977464905822268,0.456083590396059
2.20234363953298,0.544103356044348,-0.976045895065341,0.431942539020986
2.20243180682308,0.566407980802347,-0.973878093854986,0.407470113052605
2.20251997411317,0.588278086504075,-0.970963175673321,0.382685089169229
2.20262837834551,0.614547171096935,-0.966358542896078,0.351811371799121
2.20273678257784,0.640103720418899,-0.960633203128379,0.320529482709497
2.20284518681018,0.664918005428426,-0.953793806135239,0.288875800706797
2.20295359104251,0.68896123664988,-0.945848294800858,0.256887058150983
2.20306199527485,0.712205500769003,-0.936805879087401,0.224600378318368
2.20317039950718,0.734623851117549,-0.926677051122346,0.192053200004764
2.20327880373952,0.756190268370056,-0.915473551253182,0.15928328288312
2.20338720797185,0.776879754633934,-0.903208377020619,0.126328622386655
2.20349561220419,0.796668297938849,-0.889895746435299,0.0932274484964185
2.20360401643652,0.815532962451925,-0.875551102843739,0.0600181403918287
2.20371242066886,0.833451853726214,-0.860191076165886,0.0267392224396897
2.20382082490119,0.850404203993265,-0.843833484032678,-0.00657071996061274
2.20392922913353,0.866370337546247,-0.826497291126615,-0.0398730464196254
2.20399684240515,0.875821417653983,-0.815197423411297,-0.0606239942427152
2.20406445567677,0.88487726354674,-0.803529844027193,-0.0813474195195636
2.20413206894839,0.893533835223665,-0.791499770805104,-0.102034064418599
2.20419968222001,0.901787220516906,-0.77911262313556,-0.12267459738138
2.20429184148154,0.912380665248482,-0.761663838134104,-0.150716827114378
2.20438400074307,0.922209368569564,-0.743576564315905,-0.178632804253671
2.20444420061315,0.928212934213237,-0.731423875883564,-0.196789058329683
2.20450440048322,0.933884469731065,-0.719009637178317,-0.214874832552782
2.2045646003533,0.939221971712775,-0.706338256798999,-0.232883714913775
2.20462480022337,0.944223518950547,-0.693414268096485,-0.250809250854071
2.20469730048801,0.949798514091185,-0.677520927795922,-0.272277586295295
2.20476980075265,0.954880784401313,-0.66127610932264,-0.293604675078703
2.20484230101729,0.959467707007617,-0.644688241086841,-0.314779465920771
2.20491480128193,0.96355688811457,-0.627765938729931,-0.335790949384615
2.20498730154656,0.967146220209838,-0.610517976704713,-0.356628243505139
2.2050598018112,0.970233828425667,-0.592953309586,-0.377280518839681
2.20514796910618,0.973310244033139,-0.571179650549515,-0.40213059348364
2.20523613640116,0.975639970832655,-0.548967739771241,-0.426672231061424
2.20532430369613,0.977221231656157,-0.526334651324025,-0.450886580332145
2.20541247099111,0.978052800505325,-0.503297761167876,-0.474755039337501
2.20550063828609,0.978134050593731,-0.47987475129372,-0.498259299300036
2.20558880558107,0.977464908059612,-0.456083592348162,-0.521381315711487
2.20567697287604,0.97604589716214,-0.431942539607895,-0.544103357554274
2.20576514017102,0.973878095728501,-0.407470112239742,-0.566407983488759
2.205853307466,0.9709631772411,-0.382685086925087,-0.588278090316048
2.20596171169834,0.966358544261673,-0.351811369477248,-0.614547174784403
2.20607011593068,0.960633204292771,-0.320529480316397,-0.640103723976388
2.20617852016301,0.953793807099643,-0.288875798249045,-0.664918008850624
2.20628692439535,0.94584829556678,-0.256887055635186,-0.688961239931592
2.20639532862769,0.936805879656488,-0.224600375751201,-0.712205503905307
2.20650373286003,0.926677051496561,-0.192053197392971,-0.734623854103578
2.20661213709237,0.915473551434683,-0.1592832802335,-0.756190271201199
2.20672054132471,0.903208377011777,-0.126328619706091,-0.776879757305662
2.20682894555705,0.889895746238665,-0.0932274457917767,-0.796668300446899
2.20693734978939,0.875551102462256,-0.0600181376700348,-0.815532964792197
2.20704575402172,0.860191075602521,-0.0267392197077275,-0.833451855894784
2.20715415825406,0.843833483290657,0.00657072269578531,-0.850404205986438
2.2072625624864,0.826497290209447,0.0398730491510886,-0.866370339360528
2.2073301757572,0.815197422526556,0.06062399671575,-0.87582141924232
2.207397789028,0.803529843185261,0.0813474217322808,-0.884877264917539
2.2074654022988,0.791499770016188,0.10203406636946,-0.893533836385607
2.20753301556959,0.779112622409673,0.122674599069126,-0.901787221478795
2.20762517486137,0.761663831463813,0.150716837963041,-0.912380669426864
2.20771733415314,0.743576551289607,0.1786328241688,-0.922209375458393
2.20777753399792,0.731423867682063,0.196789070545464,-0.928212938227523
2.2078377338427,0.719009634025283,0.214874837122727,-0.933884471147987
2.20789793368748,0.706338258912512,0.232883711899589,-0.939221970812114
2.20795813353227,0.693414275688918,0.250809240325655,-0.944223516014599
2.20803063379673,0.677520935547926,0.272277575759835,-0.949798511307737
2.20810313406118,0.661276117233085,0.293604664540716,-0.954880781773798
2.20817563432564,0.644688249154512,0.314779455384761,-0.959467704539234
2.2082481345901,0.627765946953474,0.335790938855117,-0.963556885808558
2.20832063485456,0.610517985082627,0.356628232986846,-0.967146218069468
2.20839313511902,0.592953318116742,0.377280508337212,-0.970233826453948
2.20848130244049,0.571179652600504,0.40213059048895,-0.973310243089397
2.20856946976196,0.548967735079164,0.426672235389062,-0.975639970468276
2.20865763708343,0.526334639641101,0.450886591779757,-0.977221231420854
2.2087458044049,0.503297742262118,0.474755057685945,-0.978052799948054
2.20883397172637,0.479874724949377,0.498259324313865,-0.978134049263217
2.20892213904785,0.45608355836587,0.521381347139392,-0.977464905505227
2.20901030636932,0.431942497805278,0.544103395129268,-0.976045892934509
2.20909847369079,0.40747006245148,0.566408026928629,-0.973878089380137
2.20918664101226,0.382685029003279,0.588278139323883,-0.970963168327136
2.20929504524468,0.351811310695724,0.614547222441329,-0.966358533137064
2.20940344947709,0.32052942074561,0.640103770222104,-0.960633190967699
2.20951185370951,0.288875737960218,0.664918053626613,-0.953793791586826
2.20962025794193,0.256886994700539,0.688961283180922,-0.945848277881457
2.20972866217434,0.224600314243629,0.712205545572838,-0.936805859816466
2.20983706640676,0.192053135386113,0.734623894136027,-0.926677029522127
2.20994547063918,0.15928321780156,0.756190309547065,-0.915473527348617
2.2100538748716,0.126328556923899,0.776879793915442,-0.903208350839356
2.21016227910401,0.0932273827346015,0.796668335273013,-0.889895718007601
2.21027068333643,0.0600180744135365,0.81553299778909,-0.875551072202609
2.21037908756885,0.0267391563277818,0.833451887019084,-0.860191043346839
2.21048749180127,-0.0065707861230312,0.850404235196759,-0.843833449073739
2.21059589603368,-0.0398731125493887,0.866370366617832,-0.826497254068404
2.21066350924293,-0.0606240411629554,0.875821436831488,-0.81519739566856
2.21073112245217,-0.0813474472571174,0.884877273548678,-0.803529826291554
2.21079873566141,-0.102034073026173,0.893533836780241,-0.791499763754026
2.21086634887066,-0.122674586937496,0.90178721436926,-0.779112627431757
2.21095850817661,-0.150716830176393,0.912380664154664,-0.761663833978266
2.21105066748256,-0.17863282069317,0.922209371790003,-0.743576551096841
2.21111086733179,-0.196789068413931,0.928212935012233,-0.731423866598285
2.21117106718103,-0.214874836324838,0.933884468336685,-0.71900963201186
2.21123126703026,-0.232883712423493,0.939221968355271,-0.706338255931746
2.21129146687949,-0.250809242157975,0.944223513862233,-0.693414271704234
2.21136396714143,-0.272277576821304,0.949798508875775,-0.677520932054455
2.21143646740336,-0.293604664839405,0.954880779096069,-0.661276114256639
2.2115089676653,-0.314779454929923,0.959467701649969,-0.644688246720021
2.21158146792723,-0.335790937657171,0.96355688274219,-0.627765945084984
2.21165396818917,-0.356628231057275,0.96714621486064,-0.610517983803321
2.2117264684511,-0.377280505688779,0.970233823137561,-0.592953317448763
2.21181463579416,-0.402130593890313,0.973310240445294,-0.571179646554982
2.21190280313721,-0.426672244685017,0.975639968130416,-0.548967723445362
2.21199097048026,-0.450886606801142,0.977221229022163,-0.526334622220999
2.21207913782332,-0.474755078250231,0.978052797120834,-0.503297718870593
2.21216730516637,-0.498259350225287,0.978134045639892,-0.47987469541458
2.21225547250942,-0.521381378189152,0.977464900718721,-0.456083522529557
2.21234363985248,-0.544103431096012,0.97604588661888,-0.431942455522846
2.21243180719553,-0.566408067578747,0.973878081171107,-0.407470013592339
2.21251997453858,-0.588278184411629,0.970963157862805,-0.382684973451182
2.21262837877107,-0.614547266304464,0.96635852066915,-0.351811254364653
2.21273678300356,-0.640103812806031,0.96063317650534,-0.320529363699313
2.21284518723605,-0.664918094878298,0.953793775141571,-0.288875680263224
2.21295359146854,-0.688961323048862,0.945848259467148,-0.256886936418257
2.21306199570102,-0.712205584007021,0.936805839449182,-0.224600255442149
2.21317039993351,-0.734623931088131,0.926677007220296,-0.192053076132142
2.213278804166,-0.756190344970482,0.915473503132943,-0.159283158162431
2.21338720839849,-0.776879827765231,0.903208324732698,-0.126328496967433
2.21349561263098,-0.796668367506059,0.889895690035074,-0.0932273225290103
2.21360401686347,-0.815533028364174,0.875551042391527,-0.0600180140273473
2.21371242109595,-0.833451915896755,0.860191011726621,-0.0267390958298277
2.21382082532844,-0.850404262339713,0.843833415676002,0.00657084666372427
2.21392922956093,-0.866370391990545,0.826497218926775,0.0398731730637846
2.21399684270959,-0.87582145278519,0.815197369755048,0.0606240830301665
2.21406445585825,-0.884877280783267,0.803529810275559,0.0813474705077293
2.21413206900691,-0.893533836006853,0.791499758290969,0.102034077715893
2.21419968215557,-0.901787206309667,0.779112633162571,0.122674573147113
2.21429184144547,-0.912380654716602,0.76166384314255,0.150716811574052
2.21438400073537,-0.9222093612458,0.743576563906474,0.178632797339307
2.21444420061431,-0.92821292779092,0.731423873700033,0.196789054090913
2.21450440049325,-0.933884464112535,0.71900963314381,0.214874830968745
2.21456460037218,-0.939221966799278,0.706338250838531,0.232883715960752
2.21462480025112,-0.944223514642692,0.693414260137172,0.25080925450553
2.21469730051074,-0.949798509226662,0.677520920812372,0.272277588414359
2.21476980077036,-0.954880779047473,0.661276103366087,0.29360467568141
2.21484230102998,-0.959467701232383,0.644688236206956,0.314779465025427
2.21491480128961,-0.963556881986346,0.627765934974511,0.335790947011887
2.21498730154923,-0.967146213797661,0.610517974119663,0.356628239678007
2.21505980180885,-0.970233821798861,0.592953308215543,0.377280513583325
2.21514796914701,-0.973310238750265,0.571179638418143,0.402130600332143
2.21523613648517,-0.975639966161387,0.548967716457235,0.426672249704193
2.21532430382334,-0.977221226861921,0.526334616431093,0.45088661043086
2.2154124711615,-0.978052794852418,0.503297714325659,0.474755080526798
2.21550063849966,-0.978134043346541,0.479874692158472,0.498259351188078
2.21558880583782,-0.977464898483619,0.456083520603069,0.521381377880591
2.21567697317599,-0.976045884525222,0.431942454963786,0.54410342956146
2.21576514051415,-0.973878079301789,0.407470014435406,0.566408064866368
2.21585330785231,-0.970963156300374,0.382684975727877,0.588278180572493
2.2159617120848,-0.966358519310114,0.351811256720219,0.614547262589923
2.21607011631728,-0.960633175348878,0.320529366127291,0.640103809221601
2.21617852054976,-0.953793774186446,0.288875682757085,0.664918091429359
2.21628692478224,-0.945848258711903,0.256886938971282,0.688961319740609
2.21639532901472,-0.93680583889223,0.224600258047635,0.712205580844571
2.21650373324721,-0.926677006859673,0.192053078783361,0.734623928076353
2.21661213747969,-0.915473502966556,0.159283160852494,0.756190342114068
2.21672054171217,-0.903208324758218,0.126328499689451,0.77687982506877
2.21682894594465,-0.88989569024988,0.0932273252759875,0.796668364973916
2.21693735017713,-0.875551042792902,0.0600180167924075,0.815533026000489
2.21704575440962,-0.860191012311539,0.026739098605956,0.833451913705582
2.2171541586421,-0.843833416441212,-0.00657084388354451,0.850404260324774
2.21726256287458,-0.826497219868865,-0.0398731702865202,0.866370390155404
2.2173301760241,-0.815197370658588,-0.0606240805238516,0.875821451182421
2.21739778917362,-0.803529811129708,-0.0813474682742848,0.884877279403981
2.21746540232314,-0.791499759085036,-0.102034075756901,0.89353383484192
2.21753301547266,-0.779112633886091,-0.122674571463687,0.901787205349783
2.21762517473231,-0.761663849814298,-0.150716800723491,0.912380650537796
2.21771733399195,-0.74357657693828,-0.178632777416173,0.922209354354436
2.2177775338962,-0.731423881904233,-0.19678904187131,0.928212923775543
2.21783773380044,-0.719009636296669,-0.214874826399113,0.93388446269576
2.21789793370468,-0.706338248721965,-0.232883718979288,0.939221967701232
2.21795813360893,-0.693414252538569,-0.250809265042352,0.944223517580906
2.21803063386875,-0.677520913049967,-0.272277598963556,0.94979851201352
2.21810313412857,-0.661276095440908,-0.29360468623843,0.954880781679317
2.21817563438838,-0.644688228119996,-0.314779475585632,0.959467703705624
2.2182481346482,-0.627765926726965,-0.335790957570605,0.963556884297548
2.21832063490802,-0.610517965712895,-0.356628250230477,0.967146215943386
2.21839313516784,-0.592953299650985,-0.377280524124785,0.970233823775763
2.21848130247955,-0.571179636322475,-0.402130603376695,0.973310239699185
2.21856946979126,-0.548967721093451,-0.426672245436869,0.97563996653031
2.21865763710297,-0.526334628046625,-0.450886599053762,0.977221227100405
2.21874580441468,-0.503297733152204,-0.474755062258684,0.978052795410863
2.21883397172639,-0.479874718411527,-0.498259326263918,0.978134044675444
2.2189221390381,-0.456083554481594,-0.52138134655139,0.977464901032974
2.21901030634981,-0.431942496649986,-0.544103392093735,0.976045888743716
2.21909847366152,-0.407470064094428,-0.566408021541808,0.973878085636213
2.21918664097323,-0.3826850335074,-0.588278131687547,0.970963165194894
2.21929504520563,-0.351811315357072,-0.614547215052961,0.966358530410007
2.21940344943804,-0.320529425551157,-0.640103763092736,0.960633188643877
2.21951185367044,-0.288875742896899,-0.664918046766988,0.953793789663876
2.21962025790285,-0.256886999755044,-0.688961276601481,0.945848276356526
2.21972866213525,-0.224600319402588,-0.712205539283647,0.936805858686231
2.21983706636766,-0.192053140636071,-0.734623888146821,0.926677028782878
2.21994547060006,-0.15928322312887,-0.756190303867287,0.915473526996142
2.22005387483247,-0.126328562314884,-0.776879788554078,0.903208350868932
2.22016227906487,-0.0932273881754364,-0.796668330238744,0.889895718414163
2.22027068329728,-0.0600180798903718,-0.81553299309027,0.875551072980615
2.22037908752968,-0.026739161826669,-0.833451882663615,0.86019104449029
2.22048749176209,0.00657078061602944,-0.85040423119222,0.843833450576163
2.22059589599449,0.0398731070482103,-0.866370362971295,0.82649725592304
2.22066350920542,0.0606240361902479,-0.875821433642737,0.815197397452425
2.22073112241634,0.0813474428167092,-0.884877270800364,0.803529827983637
2.22079873562726,0.102034069121214,-0.893533834454656,0.791499765333391
2.22086634883819,0.122674583570335,-0.901787212448251,0.779112628877901
2.22095850808366,0.150716808486061,-0.912380655799855,0.761663847313767
2.22105066732912,0.178632780868596,-0.922209358013549,0.743576577144951
2.22111086722894,0.196789043986449,-0.928212926984161,0.731423882997693
2.22117106712876,0.21487482718741,-0.933884465502748,0.719009638315326
2.22123126702857,0.232883718452628,-0.939221970155844,0.706338251703191
2.22129146692839,0.250809263213976,-0.944223519732883,0.693414256518885
2.2213639671907,0.272277597897079,-0.949798514442724,0.677520916545661
2.22143646745301,0.293604685925912,-0.954880784352359,0.661276098426451
2.22150896771532,0.314779476017978,-0.95946770658873,0.644688230570693
2.22158146797764,0.335790958737499,-0.963556887356684,0.627765928619161
2.22165396823995,0.356628252120581,-0.967146219144236,0.610517967023642
2.22172646850226,0.377280526725571,-0.970233827083933,0.592953300358304
2.22181463579239,0.402130599928354,-0.973310242336395,0.571179642408061
2.22190280308252,0.426672236094665,-0.975639968862705,0.548967732768
2.22199097037264,0.450886583986814,-0.977221229495014,0.526334645508186
2.22207913766277,0.474755041649546,-0.978052798235396,0.50329775658579
2.2221673049529,0.498259300308502,-0.97813404829746,0.479874747988918
2.22225547224303,0.521381315458468,-0.977464905819545,0.456083590361048
2.22234363953316,0.544103356084688,-0.976045895060767,0.431942538976059
2.22243180682328,0.566407980850306,-0.973878093847957,0.40747011299761
2.22251997411341,0.588278086559302,-0.970963175663257,0.382685089103949
2.22262837834574,0.614547171149733,-0.966358542883739,0.351811371733974
2.22273678257807,0.640103720469244,-0.960633203113866,0.3205294826446
2.22284518681041,0.664918005476323,-0.953793806118538,0.288875800642197
2.22295359104274,0.688961236695317,-0.945848294782148,0.256887058086807
2.22306199527507,0.712205500811976,-0.936805879066716,0.224600378254711
2.2231703995074,0.734623851158073,-0.926677051099822,0.192053199941706
2.22327880373973,0.756190268408142,-0.915473551228858,0.159283282820698
2.22338720797206,0.776879754669628,-0.903208376994618,0.126328622324963
2.2234956122044,0.796668297972102,-0.889895746407674,0.0932274484355529
2.22360401643673,0.815532962482784,-0.875551102814748,0.0600181403318924
2.22371242066906,0.833451853754708,-0.860191076135493,0.0267392223807642
2.22382082490139,0.850404204019415,-0.84383348400097,-0.00657072001843056
2.22392922913372,0.866370337570076,-0.826497291093812,-0.0398730464762997
2.22399684240529,0.875821417669262,-0.815197423386589,-0.0606239942826857
2.22406445567685,0.884877263554102,-0.803529844011249,-0.081347419542867
2.22413206894842,0.893533835223763,-0.791499770798454,-0.102034064425321
2.22419968221998,0.901787220510379,-0.779112623138847,-0.12267459737155
2.22429184148152,0.91238066524266,-0.761663838136633,-0.150716827106037
2.22438400074306,0.922209368564408,-0.743576564317565,-0.178632804246854
2.22444420061314,0.928212934209309,-0.731423875882808,-0.196789058326499
2.22450440048323,0.933884469728282,-0.719009637175033,-0.214874832553244
2.22456460035332,0.939221971710947,-0.706338256793129,-0.23288371491782
2.22462480022341,0.944223518949552,-0.693414268087944,-0.25080925086165
2.22469730048802,0.949798514087946,-0.677520927793371,-0.272277586294569
2.22476980075263,0.954880784396182,-0.661276109326364,-0.293604675069839
2.22484230101724,0.959467707000943,-0.644688241097144,-0.31477946590384
2.22491480128185,0.963556888106758,-0.627765938747063,-0.335790949359703
2.22498730154646,0.967146220201292,-0.610517976728873,-0.356628243472458
2.22505980181107,0.970233828416783,-0.592953309617417,-0.377280518799363
2.22514796910606,0.973310244025743,-0.571179650578381,-0.402130593447366
2.22523613640105,0.975639970826599,-0.548967739797429,-0.426672231029156
2.22532430369604,0.977221231651206,-0.526334651347398,-0.450886580303812
2.22541247099103,0.978052800501262,-0.503297761188246,-0.474755039313023
2.22550063828602,0.978134050590328,-0.479874751311041,-0.498259299279297
2.22558880558101,0.97746490805659,-0.456083592362179,-0.521381315694437
2.225676972876,0.976045897159347,-0.431942539618603,-0.544103357540806
2.22576514017099,0.973878095725691,-0.407470112246965,-0.56640798347875
2.22585330746598,0.97096317723812,-0.382685086928791,-0.588278090309304
2.22596171169832,0.966358544258874,-0.351811369481292,-0.614547174777569
2.22607011593066,0.960633204290207,-0.32052948032079,-0.640103723969463
2.22617852016299,0.953793807097328,-0.288875798253726,-0.664918008843595
2.22628692439533,0.94584829556472,-0.256887055640172,-0.688961239924553
2.22639532862767,0.936805879654737,-0.224600375756548,-0.712205503898238
2.22650373286001,0.926677051495113,-0.192053197398667,-0.734623854096436
2.22661213709235,0.915473551433545,-0.159283280239505,-0.756190271194058
2.22672054132468,0.90320837701096,-0.126328619712381,-0.776879757298599
2.22682894555702,0.889895746238249,-0.0932274457983819,-0.796668300439859
2.22693734978936,0.875551102462164,-0.0600181376769618,-0.815532964785249
2.2270457540217,0.860191075602845,-0.0267392197149304,-0.833451855887908
2.22715415825403,0.843833483291337,0.0065707226883307,-0.850404205979671
2.22726256248637,0.82649729021053,0.0398730491433448,-0.86637033935387
2.22733017575718,0.815197422526741,0.0606239967099515,-0.875821419236682
2.22739778902798,0.803529843184438,0.0813474217283889,-0.884877264912836
2.22746540229879,0.791499770014288,0.102034066367478,-0.893533836381808
2.22753301556959,0.779112622406739,0.122674599069027,-0.901787221475761
2.22762517486135,0.761663831462852,0.150716837959896,-0.912380669422756
2.22771733415311,0.743576551290758,0.178632824162624,-0.922209375453379
2.2277775339979,0.731423867681861,0.196789070541461,-0.928212938223333
2.22783773384269,0.71900963402366,0.214874837120893,-0.933884471144551
2.22789793368748,0.706338258909438,0.232883711899934,-0.939221970809394
2.22795813353227,0.693414275684314,0.250809240328125,-0.944223516012467
2.22803063379672,0.677520935546373,0.272277575758169,-0.949798511304538
2.22810313406116,0.661276117234706,0.293604664534987,-0.954880781769666
2.22817563432561,0.644688249159452,0.314779455375053,-0.959467704534504
2.22824813459005,0.62776594696189,0.335790938841493,-0.963556885803361
2.2283206348545,0.610517985094561,0.35662823296939,-0.967146218063951
2.22839313511894,0.592953318132323,0.377280508316004,-0.970233826448319
2.22848130244039,0.571179652620993,0.402130590462897,-0.97331024308389
2.22856946976185,0.548967735104788,0.426672235358366,-0.975639970463156
2.2286576370833,0.526334639671987,0.450886591744476,-0.977221231416443
2.22874580440475,0.503297742298395,0.474755057646286,-0.978052799944689
2.2288339717262,0.479874724991176,0.498259324270048,-0.978134049261214
2.22892213904766,0.456083558413359,0.521381347091545,-0.977464905504885
2.22901030636911,0.431942497858491,0.544103395077673,-0.976045892936171
2.22909847369056,0.407470062510524,0.566408026873471,-0.973878089384002
2.22918664101201,0.382685029068254,0.588278139265367,-0.970963168333619
2.22929504524443,0.35181131076218,0.614547222383965,-0.966358533146106
2.22940344947685,0.32052942081345,0.640103770165963,-0.960633190979415
2.22951185370926,0.288875738029382,0.664918053571812,-0.953793791601166
2.22962025794168,0.256886994770898,0.688961283127556,-0.945848277898468
2.22972866217409,0.224600314315151,0.712205545520971,-0.936805859836112
2.22983706640651,0.192053135458706,0.734623894085761,-0.926677029544498
2.22994547063892,0.159283217875153,0.756190309498501,-0.915473527373648
2.23005387487134,0.126328556998433,0.776879793868647,-0.903208350867072
2.23016227910375,0.0932273828099693,0.796668335228031,-0.889895718038009
2.23027068333617,0.0600180744896717,0.815532997746098,-0.875551072235708
2.23037908756859,0.0267391564045757,0.833451886978053,-0.860191043382579
2.230487491801,-0.00657078604565356,0.850404235157863,-0.843833449112193
2.23059589603342,-0.0398731124715357,0.866370366581049,-0.82649725410952
2.23066350924274,-0.0606240411087282,0.875821436806794,-0.815197395698031
2.23073112245206,-0.0813474472264644,0.884877273535114,-0.803529826308615
2.23079873566138,-0.102034073019015,0.893533836776919,-0.791499763757877
2.2308663488707,-0.122674586953735,0.901787214375293,-0.77911262742153
2.23095850817662,-0.150716830183299,0.912380664156952,-0.761663833973673
2.23105066748254,-0.178632820690822,0.922209371789099,-0.743576551098254
2.23111086733178,-0.196789068412264,0.928212935011608,-0.731423866599319
2.23117106718101,-0.214874836323891,0.933884468336408,-0.719009632012516
2.23123126703025,-0.232883712423192,0.93922196835523,-0.706338255932032
2.23129146687948,-0.250809242158345,0.944223513862444,-0.693414271704103
2.2313639671414,-0.272277576817362,0.949798508874991,-0.677520932057626
2.23143646740332,-0.2936046648312,0.954880779094445,-0.661276114263249
2.23150896766524,-0.314779454917529,0.959467701647746,-0.644688246730195
2.23158146792716,-0.335790937640663,0.963556882739612,-0.627765945098903
2.23165396818909,-0.356628231036783,0.967146214857831,-0.610517983821006
2.23172646845101,-0.377280505664333,0.970233823134796,-0.592953317470423
2.23181463579401,-0.402130593851538,0.973310240441756,-0.571179646590201
2.23190280313701,-0.426672244632308,0.975639968126998,-0.54896772349465
2.23199097048001,-0.450886606734941,0.977221229019723,-0.526334622284794
2.23207913782301,-0.474755078171014,0.978052797120364,-0.503297718949325
2.23216730516601,-0.49825935013351,0.978134045642205,-0.479874695508682
2.23225547250901,-0.521381378085377,0.977464900724721,-0.456083522639332
2.23234363985201,-0.544103430980776,0.976045886629487,-0.431942455648674
2.23243180719501,-0.566408067452615,0.973878081187152,-0.407470013734504
2.23251997453801,-0.588278184275245,0.970963157885251,-0.382684973609965
2.2326283787705,-0.614547266171771,0.966358520697438,-0.351811254525638
2.23273678300299,-0.640103812677238,0.960633176539542,-0.320529363862296
2.23284518723548,-0.664918094753511,0.953793775181578,-0.288875680428087
2.23295359146797,-0.688961322928197,0.945848259512986,-0.256886936584759
2.23306199570045,-0.712205583890718,0.936805839500738,-0.224600255610053
2.23317039993294,-0.734623930976202,0.926677007277549,-0.192053076301354
2.23327880416543,-0.756190344863112,0.915473503195814,-0.159283158332698
2.23338720839792,-0.776879827662526,0.903208324801113,-0.126328497138571
2.23349561263041,-0.796668367408216,0.889895690108982,-0.0932273227007669
2.2336040168629,-0.815533028271222,0.87555104247079,-0.0600180141995838
2.23371242109538,-0.833451915808873,0.860191011811221,-0.0267390960023273
2.23382082532787,-0.850404262256956,0.843833415765751,0.00657084649122523
2.23392922956036,-0.866370391913026,0.826497219021658,0.0398731728913978
2.23399684270918,-0.875821452733326,0.815197369825344,0.0606240829079657
2.234064455858,-0.884877280755111,0.803529810319515,0.081347470435613
2.23413206900682,-0.893533836000516,0.791499758306769,0.102034077693756
2.23419968215565,-0.9017872063232,0.779112633148586,0.12267457317466
2.23429184144551,-0.912380654724634,0.761663843136362,0.150716811588301
2.23438400073537,-0.922209361249061,0.743576563908705,0.178632797340358
2.2344442006143,-0.928212927793708,0.731423873703418,0.196789054090318
2.23450440049323,-0.933884464114845,0.719009633148307,0.214874830966564
2.23456460037216,-0.939221966801241,0.706338250844244,0.232883715956991
2.23462480025109,-0.944223514644341,0.693414260144131,0.250809254500229
2.23469730051072,-0.949798509228729,0.677520920818813,0.27227758840992
2.23476980077034,-0.954880779049889,0.661276103372007,0.293604675677893
2.23484230102997,-0.959467701235077,0.644688236212265,0.314779465022837
2.23491480128959,-0.963556881989378,0.627765934979146,0.335790947010223
2.23498730154922,-0.967146213800921,0.61051797412368,0.356628239677235
2.23505980180884,-0.970233821802297,0.592953308218849,0.377280513583433
2.23514796914698,-0.973310238752953,0.571179638427778,0.402130600325219
2.23523613648511,-0.975639966163829,0.548967716473422,0.426672249690397
2.23532430382325,-0.977221226864505,0.526334616454129,0.450886610410401
2.23541247116139,-0.978052794855615,0.503297714355761,0.474755080499877
2.23550063849953,-0.978134043350735,0.479874692195808,0.498259351154921
2.23558880583766,-0.977464898489282,0.456083520647848,0.52138137784142
2.2356769731758,-0.97604588453273,0.431942455016134,0.544103429516578
2.23576514051394,-0.973878079311588,0.407470014495535,0.566408064816061
2.23585330785208,-0.970963156312925,0.382684975795905,0.588278180517038
2.23596171208456,-0.966358519325155,0.351811256789137,0.614547262536008
2.23607011631704,-0.960633175366314,0.320529366197015,0.640103809169317
2.23617852054952,-0.953793774206288,0.288875682827553,0.664918091378746
2.23628692478201,-0.945848258734165,0.256886939042422,0.688961319691726
2.23639532901449,-0.936805838916854,0.224600258119329,0.712205580797496
2.23650373324697,-0.926677006886644,0.192053078855525,0.734623928031123
2.23661213747945,-0.915473502995828,0.159283160925084,0.75619034207077
2.23672054171193,-0.903208324789771,0.12632849976237,0.776879825027401
2.23682894594442,-0.889895690283755,0.093227325349228,0.796668364934559
2.2369373501769,-0.875551042828996,0.060018016865848,0.815533025963151
2.23704575440938,-0.860191012349827,0.0267390986794954,0.833451913670345
2.23715415864186,-0.843833416481618,-0.00657084380999333,0.850404260291626
2.23726256287434,-0.826497219911401,-0.0398731702130342,0.86637039012445
2.23733017602394,-0.815197370689726,-0.060624080473285,0.875821451163027
2.23739778917354,-0.803529811148703,-0.0813474682465779,0.884877279395267
2.23746540232313,-0.79149975909101,-0.102034075751996,0.893533834843017
2.23753301547273,-0.779112633878342,-0.122674571481488,0.901787205359816
2.2376251747324,-0.761663849801114,-0.150716800749043,0.91238065055016
2.23771733399207,-0.743576576919316,-0.178632777449421,0.922209354368723
2.23777753389627,-0.731423881894049,-0.196789041890754,0.92821292378481
2.23783773380046,-0.71900963629567,-0.214874826404873,0.933884462700542
2.23789793370466,-0.706338248730469,-0.232883718971494,0.939221967701945
2.23795813360886,-0.693414252557002,-0.250809265021134,0.944223517578121
2.23803063386868,-0.67752091306852,-0.272277598942761,0.949798512011268
2.2381031341285,-0.661276095459561,-0.29360468621805,0.954880781677604
2.23817563438832,-0.644688228138657,-0.314779475565709,0.9594677037044
2.23824813464814,-0.627765926745708,-0.335790957551139,0.963556884296836
2.23832063490796,-0.610517965731726,-0.356628250211445,0.967146215943151
2.23839313516778,-0.592953299669819,-0.377280524106205,0.970233823776013
2.23848130247949,-0.571179636340657,-0.402130603359382,0.973310239700067
2.23856946979121,-0.548967721110891,-0.426672245420868,0.975639966531772
2.23865763710292,-0.526334628063402,-0.450886599038992,0.977221227102375
2.23874580441463,-0.503297733168159,-0.474755062245151,0.978052795413319
2.23883397172635,-0.479874718426579,-0.49825932625165,0.978134044678229
2.23892213903806,-0.456083554495738,-0.521381346540323,0.977464901036089
2.23901030634977,-0.431942496663196,-0.544103392083845,0.976045888747025
2.23909847366149,-0.407470064106618,-0.566408021533093,0.973878085639703
2.2391866409732,-0.382685033518585,-0.588278131679952,0.970963165198507
2.23929504520561,-0.351811315368509,-0.614547215045378,0.966358530413915
2.23940344943801,-0.320529425562897,-0.640103763085218,0.960633188648087
2.23951185367042,-0.288875742908817,-0.664918046759562,0.953793789668381
2.23962025790282,-0.256886999767195,-0.68896127659413,0.945848276361328
2.23972866213522,-0.224600319415023,-0.712205539276417,0.936805858691407
2.23983706636763,-0.192053140648676,-0.734623888139695,0.926677028788363
2.23994547060003,-0.159283223141684,-0.756190303860278,0.91547352700194
2.24005387483244,-0.126328562327891,-0.776879788547222,0.903208350875105
2.24016227906484,-0.0932273881886032,-0.796668330232089,0.88989571842071
2.24027068329725,-0.0600180799037077,-0.815532993083793,0.87555107298748
2.24037908752965,-0.0267391618402034,-0.833451882657298,0.860191044497518
2.24048749176205,0.00657078060236501,-0.850404231186142,0.843833450583723
2.24059589599446,0.0398731070344166,-0.866370362965401,0.826497255930967
2.24066350920539,0.0606240361785453,-0.875821433637969,0.815197397459395
2.24073112241632,0.0813474428070862,-0.884877270796641,0.803529827989538
2.24079873562725,0.102034069113698,-0.893533834451907,0.791499765338203
2.24086634883818,0.122674583564923,-0.90178721244642,0.779112628881493
2.2409585080837,0.15071680849559,-0.912380655803497,0.761663847307884
2.24105066732922,0.178632780892927,-0.922209358021892,0.743576577128982
2.24111086722901,0.196789044002613,-0.928212926989433,0.731423882986733
2.24117106712879,0.214874827195515,-0.933884465505176,0.719009638309638
2.24123126702858,0.232883718452694,-0.939221970155768,0.70633825170302
2.24129146692837,0.250809263206123,-0.944223519730602,0.693414256524441
2.24136396719069,0.272277597889522,-0.949798514440607,0.677520916551058
2.241436467453,0.293604685918614,-0.95488078435036,0.661276098431741
2.24150896771531,0.31477947601094,-0.959467706586847,0.64468823057587
2.24158146797763,0.335790958730802,-0.963556887354916,0.627765928624099
2.24165396823994,0.356628252114157,-0.967146219142644,0.610517967028444
2.24172646850225,0.377280526719376,-0.970233827082377,0.592953300362955
2.24181463579239,0.402130599923737,-0.973310242335169,0.571179642411395
2.24190280308252,0.426672236091568,-0.975639968861545,0.548967732769952
2.24199097037265,0.450886583985191,-0.977221229493946,0.526334645508723
2.24207913766279,0.474755041649322,-0.978052798234235,0.503297756584914
2.24216730495292,0.498259300309647,-0.978134048296188,0.479874747986526
2.24225547224305,0.521381315460906,-0.977464905818083,0.456083590357161
2.24234363953318,0.544103356088354,-0.97604589505898,0.431942538970614
2.24243180682332,0.566407980855216,-0.97387809384577,0.407470112990522
2.24251997411345,0.588278086565358,-0.97096317566063,0.382685089095246
2.24262837834578,0.61454717115573,-0.96635854288061,0.351811371724858
2.24273678257812,0.640103720475196,-0.960633203110278,0.320529482635049
2.24284518681045,0.664918005482206,-0.953793806114503,0.288875800632254
2.24295359104278,0.688961236701093,-0.945848294777558,0.256887058076452
2.24306199527511,0.71220550081764,-0.936805879061597,0.224600378243977
2.24317039950745,0.734623851163571,-0.926677051094162,0.192053199930596
2.24327880373978,0.756190268413444,-0.915473551222697,0.159283282809243
2.24338720797211,0.776879754674707,-0.903208376987905,0.126328622313196
2.24349561220444,0.796668297976938,-0.889895746400435,0.0932274484234778
2.24360401643678,0.815532962487359,-0.875551102806883,0.0600181403194964
2.24371242066911,0.833451853758998,-0.86019107612709,0.0267392223680822
2.24382082490144,0.850404204023398,-0.843833483992006,-0.00657072003140957
2.24392922913377,0.866370337573697,-0.826497291084167,-0.0398730464895736
2.24399684240532,0.875821417670433,-0.815197423379411,-0.0606239942910152
2.24406445567687,0.884877263552972,-0.803529844006692,-0.0813474195462799
2.24413206894842,0.893533835220518,-0.791499770796681,-0.102034064423835
2.24419968221997,0.901787220505179,-0.779112623139989,-0.122674597365203
2.24429184148154,0.912380665241077,-0.761663838131819,-0.150716827109282
2.24438400074311,0.922209368565881,-0.743576564306307,-0.178632804259592
2.24444420061318,0.928212934208847,-0.7314238758748,-0.196789058334113
2.24450440048325,0.933884469726128,-0.719009637170442,-0.21487483255571
2.24456460035332,0.939221971707213,-0.706338256792026,-0.232883714915208
2.24462480022339,0.944223518944515,-0.693414268090474,-0.250809250854052
2.24469730048803,0.949798514085395,-0.677520927788727,-0.272277586296683
2.24476980075268,0.954880784395721,-0.66127610931419,-0.293604675081517
2.24484230101732,0.959467707002084,-0.644688241077187,-0.314779465924945
2.24491480128196,0.963556888109075,-0.627765938719011,-0.33579094939011
2.24498730154661,0.96714622020432,-0.610517976692421,-0.35662824351195
2.24505980181125,0.970233828420049,-0.592953309572314,-0.377280518847766
2.24514796910628,0.973310244028677,-0.571179650522848,-0.402130593505879
2.24523613640131,0.97563997082856,-0.548967739731125,-0.426672231097437
2.24532430369633,0.977221231651488,-0.526334651269956,-0.450886580381538
2.24541247099136,0.978052800499249,-0.503297761099441,-0.474755039399796
2.24550063828639,0.978134050585346,-0.479874751210546,-0.498259299374789
2.24558880558142,0.977464908048007,-0.456083592249808,-0.521381315798232
2.24567697287645,0.976045897146532,-0.431942539494063,-0.544103357652475
2.24576514017148,0.97387809570792,-0.407470112110163,-0.566407983597793
2.2458533074665,0.970963177214818,-0.382685086779476,-0.588278090435314
2.24596171169884,0.966358544230114,-0.351811369329884,-0.614547174900266
2.24607011593118,0.960633204256028,-0.320529480167357,-0.640103724088674
2.24617852016352,0.953793807057759,-0.288875798098505,-0.664918008959258
2.24628692439586,0.945848295519777,-0.256887055483304,-0.688961240036489
2.2463953286282,0.936805879604465,-0.224600375598207,-0.712205504006292
2.24650373286053,0.926677051439547,-0.192053197239016,-0.734623854200555
2.24661213709287,0.915473551372776,-0.159283280078737,-0.756190271294024
2.24672054132521,0.903208376944991,-0.126328619550699,-0.776879757394283
2.24682894555755,0.889895746167142,-0.0932274456359709,-0.796668300531219
2.24693734978989,0.875551102386031,-0.0600181375139712,-0.815532964872061
2.24704575402223,0.860191075521737,-0.026739219551571,-0.833451855970201
2.24715415825456,0.843833483205348,0.0065707228518664,-0.850404206057275
2.2472625624869,0.826497290119764,0.0398730493068708,-0.866370339426615
2.24733017575755,0.815197422460003,0.0606239968246625,-0.87582141928467
2.24739778902819,0.80352984314348,0.081347421794391,-0.884877264937878
2.24746540229884,0.791499770000861,0.10203406638489,-0.893533836385747
2.24753301556949,0.779112622422459,0.122674599038084,-0.901787221460554
2.24762517486122,0.761663831484457,0.150716837921009,-0.912380669405437
2.24771733415295,0.743576551318519,0.178632824115903,-0.922209375434456
2.24777753399781,0.731423867697878,0.196789070513318,-0.928212938211208
2.24783773384266,0.719009634027349,0.214874837111193,-0.933884471138563
2.24789793368751,0.706338258900267,0.232883711908506,-0.93922197080878
2.24795813353236,0.693414275661781,0.250809240354854,-0.944223516016642
2.2480306337968,0.677520935524152,0.272277575783728,-0.94979851130792
2.24810313406124,0.661276117212908,0.293604664559359,-0.954880781772259
2.24817563432568,0.644688249138093,0.314779455398202,-0.959467704536325
2.24824813459012,0.627765946941004,0.335790938863463,-0.96355688580447
2.24832063485457,0.610517985074194,0.356628232990174,-0.967146218064371
2.24839313511901,0.592953318112505,0.377280508335624,-0.970233826448133
2.24848130244046,0.57117965260165,0.402130590481429,-0.973310243083065
2.24856946976191,0.548967735085912,0.426672235375843,-0.975639970461755
2.24865763708336,0.526334639653625,0.450886591760883,-0.977221231414531
2.24874580440481,0.503297742280633,0.474755057661627,-0.978052799942237
2.24883397172626,0.479874724973974,0.498259324284363,-0.978134049258317
2.2489221390477,0.456083558396795,0.521381347104843,-0.977464905501613
2.24901030636915,0.43194249784259,0.54410339508995,-0.976045892932557
2.2490984736906,0.407470062495317,0.566408026884776,-0.973878089380104
2.24918664101205,0.382685029053833,0.588278139275676,-0.970963168329523
2.24929504524447,0.351811310747733,0.614547222393937,-0.966358533141652
2.24940344947688,0.32052942079897,0.640103770175599,-0.96063319097457
2.2495118537093,0.288875738014881,0.664918053581102,-0.953793791595968
2.24962025794171,0.256886994756418,0.688961283136532,-0.94584827789291
2.24972866217413,0.224600314300721,0.712205545529592,-0.936805859830291
2.24983706640654,0.192053135444364,0.734623894093954,-0.92667702953834
2.24994547063896,0.159283217860854,0.756190309506364,-0.915473527367183
2.25005387487137,0.126328556984203,0.776879793876145,-0.903208350860345
2.25016227910379,0.0932273827958203,0.796668335235181,-0.889895718030988
2.2502706833362,0.0600180744756462,0.815532997752807,-0.87555107222847
2.25037908756862,0.0267391563906825,0.833451886984413,-0.860191043375113
2.25048749180103,-0.006570786059436,0.850404235163914,-0.843833449104435
2.25059589603345,-0.0398731124851765,0.866370366586758,-0.826497254101552
2.25066350924275,-0.0606240411168258,0.875821436809801,-0.815197395692963
2.25073112245205,-0.0813474472290375,0.884877273535714,-0.803529826306676
2.25079873566136,-0.102034073016091,0.893533836775324,-0.791499763759199
2.25086634887066,-0.122674586945303,0.901787214371655,-0.779112627426306
2.25095850817654,-0.1507168301619,0.912380664148886,-0.761663833987014
2.25105066748241,-0.178632820656627,0.922209371777319,-0.743576551120695
2.2511108673317,-0.196789068391996,0.928212935004982,-0.731423866612991
2.25117106718098,-0.214874836317377,0.933884468334383,-0.719009632017002
2.25123126703026,-0.232883712430391,0.939221968357311,-0.706338255926933
2.25129146687954,-0.250809242179142,0.944223513868145,-0.693414271689019
2.2513639671415,-0.272277576850004,0.949798508883295,-0.677520932033274
2.25143646740346,-0.293604664875524,0.954880779104797,-0.66127611422929
2.25150896766542,-0.314779454973327,0.959467701659556,-0.644688246686264
2.25158146792738,-0.33579093770772,0.963556882752319,-0.627765945044584
2.25165396818934,-0.356628231114867,0.967146214870946,-0.610517983756048
2.25172646845131,-0.377280505753264,0.970233823147686,-0.592953317394405
2.25181463579434,-0.402130593947721,0.973310240453001,-0.571179646505304
2.25190280313737,-0.426672244735484,0.975639968136109,-0.548967723400621
2.2519909704804,-0.450886606844858,0.977221229026217,-0.526334622181334
2.25207913782343,-0.474755078287304,0.978052797123688,-0.503297718836337
2.25216730516646,-0.498259350255879,0.978134045641823,-0.479874695385944
2.25225547250949,-0.521381378213447,0.977464900720166,-0.456083522506693
2.25234363985252,-0.544103431114229,0.976045886620242,-0.431942455505986
2.25243180719555,-0.566408067591044,0.973878081172771,-0.407470013581707
2.25251997453858,-0.588278184418295,0.970963157865185,-0.382684973446879
2.25262837877107,-0.614547266311587,0.966358520671411,-0.351811254359806
2.25273678300356,-0.64010381281362,0.960633176507562,-0.320529363693934
2.25284518723605,-0.664918094886241,0.953793775143666,-0.288875680257365
2.25295359146854,-0.688961323057205,0.945848259469032,-0.256886936411795
2.25306199570103,-0.71220558401576,0.936805839450902,-0.224600255435124
2.25317039993352,-0.734623931097138,0.926677007221764,-0.192053076124597
2.25327880416601,-0.756190344979782,0.915473503134134,-0.159283158154331
2.2533872083985,-0.776879827774812,0.903208324733596,-0.126328496958783
2.25349561263099,-0.796668367515874,0.889895690035657,-0.0932273225197855
2.25360401686348,-0.815533028374186,0.875551042391703,-0.0600180140175577
2.25371242109597,-0.833451915906949,0.860191011726436,-0.026739095819474
2.25382082532846,-0.85040426234997,0.843833415675329,0.00657084667464068
2.25392922956095,-0.866370392000886,0.826497218925722,0.0398731730752042
2.25399684270959,-0.875821452793355,0.815197369756438,0.0606240830369094
2.25406445585824,-0.884877280789383,0.803529810279603,0.081347470509794
2.25413206900688,-0.893533836011148,0.791499758297803,0.102034077713342
2.25419968215552,-0.901787206312263,0.779112633172411,0.122674573139885
2.25429184144534,-0.912380654710055,0.761663843169171,0.150716811540911
2.25438400073516,-0.922209361231509,0.743576563951038,0.17863279728048
2.25444420061417,-0.928212927784753,0.731423873730917,0.196789054053808
2.25450440049318,-0.933884464113662,0.7190096331604,0.214874830953266
2.25456460037219,-0.939221966806907,0.706338250840239,0.232883715966687
2.25462480025119,-0.944223514656039,0.693414260123361,0.250809254532688
2.2546973005108,-0.949798509238164,0.67752092080238,0.272277588435816
2.2547698007704,-0.954880779057388,0.661276103360073,0.293604675697293
2.25484230103,-0.959467701240848,0.644688236205039,0.314779465035819
2.2549148012896,-0.963556881993755,0.627765934976889,0.335790947016856
2.25498730154921,-0.967146213804215,0.610517974126605,0.356628239677599
2.25505980180881,-0.970233821804763,0.592953308227118,0.377280513577681
2.25514796914693,-0.973310238755088,0.571179638441304,0.402130600313803
2.25523613648504,-0.975639966165904,0.548967716492475,0.426672249673454
2.25532430382316,-0.977221226866919,0.526334616478805,0.450886610388104
2.25541247116128,-0.978052794858687,0.503297714386217,0.474755080472476
2.2555006384994,-0.978134043354788,0.479874692232261,0.498259351122575
2.25558880583751,-0.977464898494702,0.456083520690365,0.521381377804357
2.25567697317563,-0.976045884539866,0.43194245506489,0.544103429474972
2.25576514051375,-0.973878079320762,0.407470014550634,0.566408064770146
2.25585330785186,-0.970963156324528,0.382684975857462,0.588278180467058
2.25596171208435,-0.966358519338935,0.351811256851372,0.614547262487547
2.25607011631683,-0.96063317538229,0.32052936625989,0.640103809122427
2.25617852054931,-0.953793774224402,0.288875682891008,0.664918091333413
2.25628692478179,-0.94584825875438,0.256886939106319,0.688961319648076
2.25639532901428,-0.936805838939165,0.224600258183674,0.712205580755509
2.25650373324676,-0.926677006911055,0.192053078920238,0.734623927990806
2.25661213747924,-0.915473503022258,0.159283160990034,0.756190342032229
2.25672054171172,-0.9032083248182,0.126328499827503,0.776879824990699
2.25682894594421,-0.88989569031414,0.0932273254144836,0.7966683648997
2.25693735017669,-0.875551042861308,0.0600180169311428,0.815533025930176
2.25704575440917,-0.860191012383978,0.0267390987447208,0.833451913639279
2.25715415864165,-0.843833416517652,-0.00657084374487536,0.850404260262523
2.25726256287414,-0.82649721994924,-0.0398731701480897,0.866370390097305
2.2573301760238,-0.815197370716824,-0.0606240804298306,0.875821451146678
2.25739778917347,-0.803529811164268,-0.0813474682245846,0.884877279388862
2.25746540232313,-0.791499759094384,-0.102034075751353,0.893533834845749
2.2575330154728,-0.779112633868713,-0.12267457150212,0.90178720537082
2.25762517473249,-0.761663849787541,-0.150716800775034,0.91238065056255
2.25771733399217,-0.743576576901589,-0.178632777480667,0.922209354382253
2.25777753389633,-0.73142388188401,-0.196789041909872,0.928212923793906
2.25783773380049,-0.719009636293633,-0.214874826411964,0.933884462705592
2.25789793370465,-0.706338248736776,-0.232883718966664,0.939221967703436
2.25795813360881,-0.693414252572044,-0.250809265004459,0.944223517576502
2.25803063386861,-0.677520913087217,-0.272277598921652,0.949798512008889
2.25810313412842,-0.661276095482037,-0.293604686192617,0.954880781674633
2.25817563438822,-0.644688228165075,-0.314779475536017,0.959467703701099
2.25824813464803,-0.627765926776102,-0.335790957517284,0.963556884293387
2.25832063490783,-0.610517965766285,-0.356628250173528,0.9671462159398
2.25839313516764,-0.592953299708667,-0.377280524064329,0.97023382377294
2.25848130247933,-0.571179636384234,-0.402130603313501,0.973310239697705
2.25856946979103,-0.548967721159325,-0.426672245371109,0.975639966530426
2.25865763710273,-0.526334628116729,-0.45088659898559,0.977221227102314
2.25874580441443,-0.503297733226597,-0.474755062188207,0.978052795414789
2.25883397172612,-0.479874718490168,-0.49825932619135,0.978134044681537
2.25892213903782,-0.456083554564602,-0.521381346476872,0.977464901041473
2.25901030634952,-0.431942496737427,-0.544103392017383,0.976045888754783
2.25909847366122,-0.407470064186262,-0.566408021463843,0.973878085650125
2.25918664097291,-0.382685033603669,-0.588278131608166,0.970963165211821
2.25929504520532,-0.35181131545394,-0.614547214976094,0.96635853043003
2.25940344943773,-0.320529425648525,-0.640103763018511,0.960633188666986
2.25951185367014,-0.28887574299461,-0.664918046695387,0.953793789690001
2.25962025790254,-0.256886999852981,-0.68896127653263,0.94584827638556
2.25972866213495,-0.224600319500697,-0.712205539217524,0.936805858718191
2.25983706636736,-0.192053140734171,-0.734623888083466,0.926677028817651
2.25994547059976,-0.159283223226864,-0.756190303806756,0.915473527033579
2.26005387483217,-0.12632856241266,-0.776879788496443,0.903208350909083
2.26016227906458,-0.0932273882728852,-0.796668330184006,0.88989571845686
2.26027068329699,-0.0600180799873505,-0.815532993038446,0.875551073025802
2.26037908752939,-0.0267391619231099,-0.833451882614722,0.86019104453781
2.2604874917618,0.00657078052020135,-0.850404231146249,0.843833450626017
2.26059589599421,0.0398731069531567,-0.866370362928269,0.826497255975084
2.26066350920523,0.0606240361255466,-0.875821433614883,0.815197397489321
2.26073112241625,0.0813474427823371,-0.884877270786573,0.803529828004178
2.26079873562728,0.102034069117047,-0.893533834453672,0.791499765336621
2.2608663488383,0.122674583596252,-0.901787212459002,0.779112628862721
2.26095850808385,0.150716808536941,-0.912380655818829,0.76166384728188
2.2610506673294,0.178632780944147,-0.922209358039424,0.743576577095263
2.26111086722912,0.196789044033509,-0.92821292699947,0.731423882965932
2.26117106712884,0.214874827206179,-0.933884465508486,0.719009638302265
2.26123126702856,0.23288371844333,-0.939221970153045,0.7063382517097
2.26129146692829,0.250809263176923,-0.944223519722655,0.693414256545677
2.26136396719062,0.272277597866077,-0.949798514434629,0.677520916568524
2.26143646745295,0.293604685900888,-0.954880784346104,0.6612760984452
2.26150896771528,0.314779475998894,-0.959467706584074,0.644688230585132
2.26158146797762,0.335790958724262,-0.963556887353333,0.627765928629019
2.26165396823995,0.356628252113116,-0.967146219141987,0.610517967028831
2.26172646850228,0.377280526723738,-0.970233827082402,0.592953300358652
2.26181463579247,0.402130599942478,-0.973310242336527,0.571179642394028
2.26190280308265,0.426672236124351,-0.975639968863382,0.548967732739038
2.26199097037284,0.450886584031628,-0.977221229495388,0.526334645463728
2.26207913766302,0.474755041708987,-0.978052798234382,0.503297756525396
2.26216730495321,0.498259300382069,-0.978134048294159,0.479874747912056
2.26225547224339,0.52138131554551,-0.97746490581297,0.456083590267431
2.26234363953358,0.544103356184643,-0.976045895049928,0.431942538865266
2.26243180682376,0.566407980962607,-0.973878093831884,0.407470112869263
2.26251997411395,0.588278086683261,-0.970963175641053,0.38268508895778
2.26262837834628,0.614547171270548,-0.966358542855913,0.351811371585338
2.26273678257861,0.640103720586745,-0.960633203080403,0.320529482493616
2.26284518681095,0.664918005590397,-0.953793806079495,0.288875800489076
2.26295359104328,0.688961236805736,-0.945848294737512,0.256887057931732
2.26306199527561,0.712205500918624,-0.936805879016493,0.224600378097862
2.26317039950794,0.734623851260789,-0.926677051044038,0.192053199783242
2.26327880374028,0.756190268506776,-0.915473551167627,0.159283282660804
2.26338720797261,0.776879754764033,-0.903208376927929,0.126328622163902
2.26349561220494,0.79666829806214,-0.889895746335616,0.0932274482734579
2.26360401643728,0.815532962568325,-0.875551102737302,0.0600181401689437
2.26371242066961,0.833451853835629,-0.860191076052765,0.0267392222171349
2.26382082490194,0.850404204095535,-0.843833483913049,-0.00657072018250034
2.26392922913427,0.866370337641312,-0.826497291000692,-0.0398730466406316
2.26399684240569,0.875821417716486,-0.815197423316376,-0.0606239944001403
2.2640644556771,0.884877263579032,-0.803529843965545,-0.0813474196135291
2.26413206894851,0.893533835228191,-0.791499770778926,-0.1020340644493
2.26419968221993,0.9017872204961,-0.779112623147074,-0.122674597349032
2.26429184148149,0.912380665232079,-0.761663838139645,-0.150716827092415
2.26438400074306,0.922209368557022,-0.743576564315046,-0.178632804241986
2.26444420061315,0.928212934202374,-0.731423875879326,-0.196789058323051
2.26450440048324,0.933884469721738,-0.719009637170556,-0.214874832551185
2.26456460035334,0.939221971704749,-0.706338256787625,-0.232883714917132
2.26462480022343,0.944223518943673,-0.693414268081288,-0.250809250862361
2.26469730048805,0.949798514082433,-0.677520927784968,-0.272277586297493
2.26476980075266,0.954880784390964,-0.661276109316134,-0.293604675074879
2.26484230101728,0.959467706995987,-0.644688241084941,-0.314779465911029
2.2649148012819,0.963556888101883,-0.627765938732863,-0.335790949368974
2.26498730154652,0.967146220196391,-0.610517976712674,-0.35662824348377
2.26505980181114,0.970233828411741,-0.592953309599147,-0.37728051881262
2.26514796910617,0.973310244021656,-0.571179650547894,-0.402130593473772
2.26523613640121,0.975639970822595,-0.5489677397543,-0.426672231068312
2.26532430369625,0.977221231646483,-0.526334651291215,-0.450886580355282
2.26541247099129,0.978052800495024,-0.503297761118628,-0.47475503937641
2.26550063828632,0.978134050581746,-0.479874751227548,-0.498259299354212
2.26558880558136,0.977464908044911,-0.456083592264555,-0.521381315780365
2.2656769728764,0.976045897143732,-0.43194253950648,-0.544103357637256
2.26576514017144,0.973878095705264,-0.407470112120116,-0.566407983585149
2.26585330746647,0.970963177212137,-0.382685086786926,-0.588278090425204
2.26596171169881,0.966358544227755,-0.351811369337423,-0.614547174890335
2.26607011593115,0.960633204254044,-0.320529480174993,-0.640103724079027
2.26617852016349,0.95379380705607,-0.288875798106225,-0.664918008949814
2.26628692439583,0.945848295518362,-0.256887055491104,-0.688961240027285
2.26639532862817,0.936805879603368,-0.224600375606078,-0.712205503997277
2.2665037328605,0.92667705143875,-0.192053197246943,-0.734623854191788
2.26661213709284,0.915473551372259,-0.159283280086723,-0.756190271285562
2.26672054132518,0.90320837694482,-0.126328619558727,-0.776879757386059
2.26682894555752,0.889895746167251,-0.0932274456440174,-0.796668300523229
2.26693734978986,0.875551102386419,-0.0600181375220369,-0.815532964864385
2.2670457540222,0.860191075522368,-0.0267392195596475,-0.83345185596274
2.26715415825453,0.843833483206321,0.00657072284375286,-0.850404206050037
2.26726256248687,0.826497290120943,0.0398730492987951,-0.866370339419751
2.26733017575752,0.815197422460146,0.0606239968187883,-0.875821419278926
2.26739778902818,0.803529843142513,0.0813474217907363,-0.884877264933266
2.26746540229883,0.791499769998689,0.102034066383418,-0.893533836382099
2.26753301556948,0.779112622419006,0.122674599038805,-0.901787221457791
2.26762517486121,0.761663831483068,0.150716837918462,-0.912380669401503
2.26771733415293,0.743576551319372,0.17863282411013,-0.922209375429517
2.26777753399779,0.731423867697531,0.196789070509443,-0.928212938207012
2.26783773384265,0.719009634025801,0.214874837109238,-0.933884471135034
2.2678979336875,0.706338258897425,0.232883711908444,-0.939221970805872
2.26795813353236,0.693414275657584,0.250809240356648,-0.944223516014255
2.2680306337968,0.677520935521163,0.272277575783914,-0.949798511305081
2.26810313406123,0.661276117211102,0.293604664558003,-0.954880781769124
2.26817563432567,0.644688249137617,0.314779455395312,-0.959467704532905
2.26824813459011,0.627765946941775,0.335790938859074,-0.963556885800851
2.26832063485454,0.610517985076396,0.35662823298429,-0.967146218060653
2.26839313511898,0.592953318116138,0.377280508328238,-0.970233826444358
2.26848130244041,0.571179652610529,0.402130590468444,-0.973310243078948
2.26856946976184,0.548967735100241,0.426672235357364,-0.975639970457605
2.26865763708326,0.526334639673564,0.45088659173712,-0.977221231410665
2.26874580440469,0.503297742306336,0.474755057632766,-0.978052799939062
2.26883397172612,0.479874725005662,0.498259324250556,-0.978134049256208
2.26892213904755,0.456083558434561,0.521381347066308,-0.977464905500853
2.26901030636898,0.431942497886594,0.544103395046895,-0.976045892933521
2.26909847369041,0.407470062545666,0.566408026837468,-0.973878089383114
2.26918664101184,0.382685029110569,0.588278139224337,-0.970963168334874
2.26929504524425,0.351811310805323,0.614547222343962,-0.966358533149226
2.26940344947667,0.320529420857323,0.64010377012707,-0.960633190984376
2.26951185370908,0.288875738073947,0.664918053534024,-0.953793791607978
2.2696202579415,0.256886994816155,0.688961283090984,-0.945848277907105
2.26972866217391,0.224600314360993,0.71220554548562,-0.936805859846606
2.26983706640633,0.192053135505091,0.734623894051722,-0.926677029556755
2.26994547063874,0.159283217921988,0.756190309465761,-0.915473527387745
2.27005387487116,0.126328557045654,0.776879793837335,-0.903208350882968
2.27016227910357,0.0932273828575769,0.79666833519816,-0.889895718055707
2.27027068333599,0.0600180745375616,0.815532997717655,-0.875551072255201
2.27037908756841,0.026739156452681,0.833451886951147,-0.860191043403842
2.27048749180082,-0.00657078599741513,0.850404235132499,-0.843833449135064
2.27059589603324,-0.0398731124232089,0.866370366557332,-0.826497254134118
2.27066350924259,-0.0606240410722321,0.875821436789377,-0.815197395717127
2.27073112245195,-0.0813474472017943,0.884877273523573,-0.803529826321773
2.27079873566131,-0.102034073006156,0.893533836770826,-0.791499763764647
2.27086634887067,-0.122674586952604,0.901787214374118,-0.77911262742151
2.27095850817652,-0.150716830160032,0.912380664147968,-0.761663833987901
2.27105066748237,-0.178632820645647,0.922209371773469,-0.743576551127793
2.27111086733166,-0.196789068385207,0.928212935002761,-0.73142386661752
2.27117106718096,-0.214874836314787,0.933884468333599,-0.719009632018777
2.27123126703025,-0.232883712431934,0.939221968357854,-0.706338255925915
2.27129146687955,-0.250809242184721,0.94422351386978,-0.693414271685042
2.27136396714147,-0.272277576844027,0.949798508882012,-0.677520932037961
2.27143646740339,-0.293604664858197,0.954880779101145,-0.661276114242934
2.27150896766531,-0.314779454944786,0.959467701654072,-0.644688246709254
2.27158146792723,-0.33579093766817,0.963556882745529,-0.627765945077322
2.27165396818916,-0.35662823106451,0.967146214863356,-0.61051798379882
2.27172646845108,-0.377280505692265,0.970233823139873,-0.592953317447577
2.27181463579403,-0.402130593864881,0.97331024044465,-0.571179646579747
2.27190280313698,-0.426672244631461,0.975639968128581,-0.548967723497125
2.27199097047993,-0.450886606720263,0.977221229020921,-0.526334622300648
2.27207913782288,-0.474755078142901,0.978052797121934,-0.50329771897901
2.27216730516583,-0.498259350092434,0.978134045645067,-0.479874695552609
2.27225547250877,-0.521381378031814,0.977464900729725,-0.456083522697913
2.27234363985172,-0.544103430915259,0.97604588663754,-0.431942455722235
2.27243180719467,-0.566408067375685,0.973878081199141,-0.407470013823392
2.27251997453762,-0.588278184187456,0.970963157901952,-0.382684973714466
2.27262837877011,-0.614547266086487,0.966358520718181,-0.351811254631662
2.2727367830026,-0.640103812594557,0.960633176564261,-0.320529363969724
2.27284518723509,-0.664918094673501,0.953793775210285,-0.288875680536777
2.27295359146758,-0.68896132285101,0.945848259545601,-0.256886936694592
2.27306199570007,-0.712205583816409,0.936805839537307,-0.224600255720915
2.27317039993255,-0.734623930904897,0.926677007317984,-0.192053076413076
2.27327880416504,-0.756190344794887,0.915473503240066,-0.159283158445154
2.27338720839753,-0.776879827597518,0.903208324849142,-0.126328497251618
2.27349561263002,-0.796668367346428,0.889895690160738,-0.0932273228142755
2.27360401686251,-0.815533028212803,0.87555104252623,-0.060018014313415
2.273712421095,-0.833451915753894,0.860191011870236,-0.0267390961163471
2.27382082532748,-0.850404262205458,0.84383341582834,0.00657084637711161
2.27392922955997,-0.866370391865074,0.826497219087686,0.039873172777413
2.27399684270891,-0.875821452703283,0.815197369874092,0.060624082829215
2.27406445585784,-0.884877280741691,0.803529810349619,0.0813474703920667
2.27413206900678,-0.893533836002367,0.791499758317039,0.102034077685329
2.27419968215572,-0.901787206338976,0.779112633137769,0.122674573201201
2.27429184144555,-0.912380654736275,0.761663843131264,0.15071681160503
2.27438400073538,-0.922209361257092,0.743576563909755,0.178632797347336
2.2744442006143,-0.928212927800891,0.731423873706071,0.196789054094827
2.27450440049322,-0.933884464121278,0.719009633152731,0.214874830968553
2.27456460037214,-0.939221966807005,0.706338250850515,0.232883715956509
2.27462480025106,-0.944223514649522,0.693414260152281,0.25080925449726
2.2746973005107,-0.949798509235085,0.67752092082425,0.272277588410846
2.27476980077034,-0.954880779057242,0.661276103374558,0.29360467568266
2.27484230102998,-0.959467701243179,0.644688236211848,0.314779465031366
2.27491480128961,-0.963556881998056,0.627765934975626,0.335790947022456
2.27498730154925,-0.967146213810036,0.610517974116977,0.356628239693089
2.27505980180889,-0.970233821811688,0.592953308208855,0.377280513602886
2.27514796914699,-0.973310238760927,0.571179638425674,0.402130600335286
2.2752361364851,-0.975639966170889,0.548967716479711,0.426672249691236
2.2753243038232,-0.977221226871296,0.526334616468994,0.450886610402305
2.27541247116131,-0.978052794862617,0.503297714379528,0.47475508048313
2.27550063849941,-0.978134043358551,0.479874692228747,0.498259351129816
2.27558880583752,-0.977464898498458,0.456083520690201,0.521381377808295
2.27567697317562,-0.976045884543851,0.431942455068146,0.544103429475714
2.27576514051373,-0.973878079325149,0.407470014557354,0.566408064767833
2.27585330785183,-0.970963156329544,0.382684975867737,0.588278180461791
2.27596171208431,-0.966358519344296,0.351811256861954,0.61454726248236
2.2760701163168,-0.960633175388005,0.320529366270742,0.640103809117319
2.27617852054928,-0.953793774230493,0.288875682902089,0.664918091328417
2.27628692478176,-0.945848258760834,0.256886939117688,0.688961319643185
2.27639532901424,-0.936805838946041,0.224600258195273,0.712205580750771
2.27650373324672,-0.926677006918337,0.192053078932057,0.734623927986295
2.27661213747921,-0.91547350302995,0.159283161002087,0.756190342027867
2.27672054171169,-0.903208324826287,0.126328499839766,0.776879824986519
2.27682894594417,-0.889895690322608,0.0932273254268908,0.796668364895743
2.27693735017665,-0.875551042870162,0.0600180169436859,0.815533025926491
2.27704575440913,-0.860191012393261,0.0267390987574538,0.833451913635836
2.27715415864162,-0.843833416527317,-0.00657084373200297,0.850404260259322
2.2772625628741,-0.826497219959317,-0.0398731701350973,0.866370390094396
2.27733017602377,-0.815197370725706,-0.0606240804194326,0.875821451145141
2.27739778917345,-0.803529811171807,-0.0813474682168235,0.884877279388642
2.27746540232312,-0.791499759100543,-0.102034075746199,0.893533834846736
2.27753301547279,-0.779112633873313,-0.122674571499581,0.901787205372903
2.27762517473248,-0.761663849791459,-0.150716800773669,0.912380650565116
2.27771733399218,-0.743576576904727,-0.178632777480465,0.922209354385179
2.27777753389634,-0.731423881886874,-0.196789041910054,0.928212923796971
2.2778377338005,-0.719009636296215,-0.214874826412479,0.933884462708697
2.27789793370466,-0.706338248739083,-0.232883718967561,0.939221967706637
2.27795813360882,-0.69341425257405,-0.250809265005721,0.944223517579736
2.27803063386864,-0.677520913085814,-0.272277598927366,0.94979851201317
2.27810313412846,-0.661276095477036,-0.293604686202742,0.954880781679776
2.27817563438828,-0.644688228156396,-0.314779475550495,0.959467703706881
2.27824813464809,-0.627765926763657,-0.335790957535953,0.963556884299645
2.27832063490791,-0.610517965749841,-0.356628250196412,0.967146215946224
2.27839313516773,-0.592953299688162,-0.377280524091267,0.97023382377942
2.27848130247947,-0.571179636354508,-0.402130603349923,0.97331023970445
2.2785694697912,-0.548967721120041,-0.426672245416717,0.97563996653676
2.27865763710293,-0.526334628067589,-0.450886599040089,0.977221227107692
2.27874580441467,-0.503297733167273,-0.474755062251314,0.978052795418593
2.2788339717264,-0.479874718420476,-0.498259326262735,0.978134044683193
2.27892213903813,-0.456083554484269,-0.521381346556124,0.977464901040393
2.27901030634986,-0.431942496646203,-0.544103392104183,0.976045888750365
2.2790984736616,-0.407470064083971,-0.566408021557777,0.973878085641702
2.27918664097333,-0.382685033490189,-0.58827813170877,0.970963165198937
2.27929504520573,-0.351811315339934,-0.614547215073118,0.966358530413023
2.27940344943814,-0.320529425534157,-0.64010376311184,0.960633188645995
2.27951185367054,-0.288875742880095,-0.664918046785013,0.953793789665107
2.27962025790294,-0.256886999738491,-0.688961276618453,0.945848276356909
2.27972866213534,-0.224600319386335,-0.712205539299556,0.936805858685883
2.27983706636775,-0.19205314062015,-0.734623888161621,0.926677028781763
2.27994547060015,-0.159283223113311,-0.756190303881006,0.915473526994339
2.28005387483255,-0.126328562299697,-0.776879788566812,0.903208350866476
2.28016227906496,-0.0932273881607188,-0.796668330250426,0.889895718411138
2.28027068329736,-0.0600180798760989,-0.815532993100901,0.875551072976981
2.28037908752976,-0.0267391618129573,-0.833451882673232,0.860191044486187
2.28048749176217,0.00657078062920729,-0.85040423120083,0.843833450571619
2.28059589599457,0.0398731070608526,-0.866370362978917,0.826497255918037
2.28066350920548,0.0606240361974641,-0.875821433647524,0.815197397450025
2.28073112241638,0.0813474428184588,-0.884877270802484,0.803529827983994
2.28079873562729,0.102034069117527,-0.893533834454292,0.791499765336747
2.2808663488382,0.122674583561274,-0.901787212445653,0.7791126288844
2.28095850808379,0.15071680851649,-0.912380655811636,0.761663847295141
2.28105066732939,0.178632780938145,-0.922209358037537,0.743576577099367
2.28111086722912,0.196789044030029,-0.928212926998397,0.731423882968359
2.28117106712885,0.214874827205203,-0.933884465508159,0.719009638302968
2.28123126702858,0.232883718444879,-0.939221970153434,0.706338251708533
2.28129146692831,0.25080926318089,-0.944223519723568,0.693414256542667
2.28136396719063,0.272277597867029,-0.949798514434686,0.677520916567628
2.28143646745296,0.293604685898866,-0.954880784345347,0.661276098446506
2.28150896771528,0.314779475993912,-0.959467706582643,0.644688230588747
2.2815814679776,0.335790958716367,-0.96355688735146,0.62776592863507
2.28165396823992,0.356628252102356,-0.967146219139759,0.610517967037376
2.28172646850225,0.377280526710178,-0.970233827079956,0.592953300369749
2.28181463579247,0.402130599939966,-0.973310242335549,0.571179642395584
2.28190280308269,0.42667223613264,-0.975639968863284,0.548967732730601
2.28199097037292,0.450886584050375,-0.977221229495384,0.526334645445022
2.28207913766314,0.474755041737912,-0.978052798233888,0.503297756495976
2.28216730495337,0.49825930042079,-0.978134048292504,0.479874747871727
2.28225547224359,0.52138131559365,-0.977464905809539,0.456083590215837
2.28234363953381,0.544103356241852,-0.976045895043981,0.431942538802085
2.28243180682404,0.566407981028443,-0.973878093822788,0.407470112794321
2.28251997411426,0.588278086757323,-0.970963175628129,0.382685088870819
2.28262837834659,0.614547171342264,-0.96635854283975,0.351811371497471
2.28273678257893,0.640103720656051,-0.960633203061092,0.320529482405009
2.28284518681126,0.664918005657172,-0.953793806057051,0.288875800399844
2.28295359104359,0.68896123687001,-0.945848294711974,0.256887057841963
2.28306199527592,0.712205500980287,-0.936805878987994,0.224600378007668
2.28317039950825,0.734623851319799,-0.926677051012565,0.192053199692761
2.28327880374058,0.756190268563062,-0.915473551133228,0.159283282570161
2.28338720797292,0.776879754817534,-0.903208376890708,0.126328622073169
2.28349561220525,0.796668298112832,-0.889895746295619,0.0932274481827788
2.28360401643758,0.815532962616168,-0.875551102694612,0.0600181400784293
2.28371242066991,0.833451853880544,-0.860191076007482,0.0267392221269153
2.28382082490224,0.850404204137584,-0.843833483865188,-0.00657072027241869
2.28392922913457,0.866370337680411,-0.826497290950378,-0.0398730467300881
2.28399684240589,0.875821417740172,-0.815197423281309,-0.060623994458844
2.2840644556772,0.884877263588461,-0.803529843946964,-0.0813474196415051
2.28413206894851,0.89353383522449,-0.791499770777858,-0.102034064446666
2.28419968221983,0.901787220480517,-0.779112623164601,-0.122674597315933
2.28429184148141,0.912380665219321,-0.761663838154416,-0.150716827064938
2.28438400074299,0.922209368546835,-0.743576564326688,-0.17863280422017
2.28444420061312,0.928212934195408,-0.731423875885125,-0.196789058310275
2.28450440048324,0.933884469717695,-0.719009637170344,-0.214874832547364
2.28456460035336,0.939221971703258,-0.706338256781068,-0.232883714922226
2.28462480022348,0.944223518944426,-0.693414268068164,-0.25080925087627
2.2846973004881,0.949798514082554,-0.67752092777246,-0.272277586310114
2.28476980075271,0.954880784390532,-0.661276109304272,-0.293604675086242
2.28484230101733,0.959467706994899,-0.644688241073851,-0.314779465921078
2.28491480128194,0.963556888100301,-0.627765938722521,-0.335790949377795
2.28498730154655,0.967146220194382,-0.610517976703089,-0.35662824349132
2.28505980181117,0.970233828409297,-0.592953309590367,-0.377280518818978
2.28514796910622,0.973310244019608,-0.571179650533829,-0.402130593485806
2.28523613640128,0.975639970820547,-0.548967739734678,-0.426672231085872
2.28532430369634,0.977221231644093,-0.526334651265853,-0.450886580378267
2.2854124709914,0.978052800491924,-0.503297761087347,-0.474755039404589
2.28550063828646,0.978134050577561,-0.479874751190206,-0.498259299387402
2.28558880558152,0.977464908039334,-0.456083592221029,-0.521381315818335
2.28567697287658,0.976045897136434,-0.431942539456607,-0.544103357679841
2.28576514017163,0.973878095695881,-0.407470112063794,-0.566407983632079
2.28585330746669,0.97096317720026,-0.382685086724042,-0.588278090476207
2.28596171169903,0.966358544213634,-0.351811369273752,-0.6145471749399
2.28607011593137,0.96063320423765,-0.320529480110692,-0.640103724126971
2.28617852016371,0.953793807037469,-0.288875798041268,-0.664918008996212
2.28628692439604,0.945848295497646,-0.256887055425653,-0.688961240071972
2.28639532862838,0.936805879580482,-0.224600375540174,-0.712205504040309
2.28650373286072,0.926677051413765,-0.192053197180718,-0.734623854233071
2.28661213709306,0.915473551345166,-0.159283280020165,-0.756190271324978
2.2867205413254,0.903208376915637,-0.126328619491988,-0.77687975742369
2.28682894555773,0.889895746136103,-0.093227445577154,-0.796668300558956
2.28693734979007,0.87555110235333,-0.0600181374551702,-0.815532964898183
2.28704575402241,0.860191075487323,-0.0267392194927535,-0.833451855994552
2.28715415825475,0.843833483169346,0.00657072291055984,-0.850404206079919
2.28726256248709,0.826497290082213,0.0398730493653877,-0.866370339447571
2.28733017575768,0.815197422430508,0.0606239968666862,-0.875821419297245
2.28739778902827,0.803529843122761,0.0813474218198945,-0.884877264942656
2.28746540229886,0.791499769989419,0.102034066393919,-0.893533836383355
2.28753301556945,0.779112622420895,0.12267459903073,-0.901787221451606
2.28762517486118,0.761663831484509,0.15071683791147,-0.912380669395962
2.28771733415291,0.743576551320302,0.178632824104248,-0.922209375424551
2.28777753399778,0.731423867696484,0.196789070506667,-0.928212938203151
2.28783773384264,0.719009634022638,0.21487483710953,-0.933884471132161
2.28789793368751,0.706338258892139,0.232883711911774,-0.939221970803865
2.28795813353238,0.693414275650066,0.250809240362979,-0.944223516013016
2.28803063379681,0.677520935513846,0.272277575789836,-0.949798511303673
2.28810313406125,0.661276117204022,0.293604664563476,-0.954880781767511
2.28817563432568,0.644688249130731,0.314779455400341,-0.959467704531067
2.28824813459012,0.627765946935203,0.335790938863666,-0.963556885798861
2.28832063485455,0.610517985070087,0.356628232988462,-0.967146218058545
2.28839313511899,0.592953318110075,0.37728050833206,-0.970233826442129
2.28848130244041,0.571179652606118,0.402130590470306,-0.973310243076412
2.28856946976183,0.548967735097647,0.426672235357271,-0.975639970454897
2.28865763708325,0.526334639672761,0.450886591735164,-0.977221231407903
2.28874580440468,0.503297742307445,0.474755057628958,-0.978052799936365
2.2888339717261,0.479874725008737,0.498259324244955,-0.978134049253711
2.28892213904752,0.456083558439632,0.521381347059038,-0.977464905498653
2.28901030636894,0.431942497893738,0.544103395037979,-0.976045892931699
2.28909847369036,0.407470062554949,0.566408026826965,-0.973878089381896
2.28918664101178,0.382685029121988,0.588278139212361,-0.970963168334342
2.2892950452442,0.351811310816257,0.614547222332868,-0.966358533149136
2.28940344947662,0.320529420867774,0.640103770116853,-0.960633190984605
2.28951185370904,0.288875738083844,0.664918053524709,-0.953793791608542
2.28962025794146,0.25688699482541,0.688961283082534,-0.945848277907938
2.28972866217387,0.224600314369563,0.712205545478086,-0.936805859847636
2.28983706640629,0.192053135512985,0.734623894044971,-0.926677029557959
2.28994547063871,0.159283217929205,0.756190309459853,-0.915473527389007
2.29005387487113,0.126328557052168,0.776879793832148,-0.90320835088425
2.29016227910354,0.093227382863308,0.796668335193702,-0.889895718057012
2.29027068333596,0.0600180745425255,0.815532997713893,-0.875551072256433
2.29037908756838,0.0267391564568441,0.833451886948044,-0.860191043404913
2.2904874918008,-0.00657078599404931,0.850404235130064,-0.843833449135973
2.29059589603322,-0.039873112420626,0.866370366555426,-0.826497254134773
2.29066350924258,-0.0606240410704738,0.875821436787965,-0.815197395717475
2.29073112245194,-0.0813474472008918,0.884877273522645,-0.803529826321752
2.2907987356613,-0.102034073006086,0.893533836770313,-0.791499763764199
2.29086634887066,-0.122674586953347,0.901787214374029,-0.779112627420647
2.29095850817646,-0.150716830146764,0.912380664142771,-0.761663833996017
2.29105066748226,-0.178632820618531,0.922209371764045,-0.743576551145486
2.29111086733159,-0.196789068368266,0.928212934997095,-0.731423866628813
2.29117106718092,-0.21487483630797,0.933884468331415,-0.719009632023434
2.29123126703025,-0.23288371243515,0.93922196835878,-0.706338255923547
2.29129146687958,-0.250809242197915,0.944223513873428,-0.693414271675463
2.29136396714151,-0.272277576860152,0.949798508886151,-0.677520932025986
2.29143646740344,-0.293604664877195,0.95488077910568,-0.661276114228443
2.29150896766537,-0.31477945496662,0.959467701658856,-0.644688246692182
2.29158146792731,-0.335790937692782,0.963556882750416,-0.627765945057608
2.29165396818924,-0.356628231091874,0.967146214868205,-0.610517983776313
2.29172646845117,-0.377280505722323,0.970233823144548,-0.592953317422207
2.2918146357941,-0.402130593889176,0.973310240447982,-0.571179646558746
2.29190280313703,-0.426672244650112,0.975639968130858,-0.548967723480712
2.29199097047996,-0.4508866067334,0.977221229022449,-0.52633462228904
2.29207913782289,-0.474755078150673,0.978052797123105,-0.503297718972406
2.29216730516582,-0.498259350095004,0.978134045646158,-0.479874695551148
2.29225547250875,-0.52138137802933,0.977464900731104,-0.456083522701768
2.29234363985168,-0.544103430907903,0.976045886639504,-0.431942455731579
2.29243180719461,-0.566408067363643,0.973878081202011,-0.407470013838351
2.29251997453754,-0.588278184170951,0.970963157906112,-0.382684973735152
2.29262837877003,-0.614547266070387,0.966358520723233,-0.351811254652821
2.29273678300252,-0.64010381257884,0.960633176570253,-0.320529363991346
2.292845187235,-0.664918094658295,0.953793775217132,-0.288875680558833
2.29295359146749,-0.688961322836303,0.945848259553316,-0.256886936717012
2.29306199569998,-0.712205583802202,0.936805839545944,-0.224600255743709
2.29317039993247,-0.734623930891288,0.92667700732752,-0.192053076436193
2.29327880416496,-0.756190344781867,0.915473503250494,-0.159283158468581
2.29338720839744,-0.776879827585146,0.903208324860437,-0.126328497275267
2.29349561262993,-0.796668367334704,0.889895690172874,-0.0932273228381673
2.29360401686242,-0.81553302820169,0.875551042539265,-0.0600180143375189
2.29371242109491,-0.833451915743486,0.860191011884138,-0.0267390961406165
2.2938208253274,-0.850404262195794,0.843833415843074,0.00657084635270517
2.29392922955988,-0.866370391856152,0.82649721910328,0.0398731727528568
2.29399684270884,-0.875821452697905,0.815197369886422,0.0606240828114979
2.2940644558578,-0.884877280739639,0.803529810358458,0.0813474703812186
2.29413206900676,-0.893533836003367,0.791499758322058,0.102034077681299
2.29419968215572,-0.901787206342713,0.779112633138788,0.122674573203965
2.29429184144551,-0.91238065473638,0.761663843138606,0.150716811597795
2.29438400073531,-0.922209361254107,0.743576563923876,0.178632797330254
2.29444420061426,-0.928212927800564,0.731423873715603,0.196789054084986
2.2945044004932,-0.933884464123398,0.719009633157459,0.214874830965955
2.29456460037215,-0.939221966811245,0.706338250850271,0.232883715961022
2.29462480025109,-0.944223514655662,0.693414260146807,0.250809254508885
2.29469730051073,-0.949798509240999,0.677520920818665,0.272277588422332
2.29476980077037,-0.954880779062903,0.66127610336899,0.293604675693945
2.29484230103001,-0.959467701248658,0.644688236206152,0.314779465042522
2.29491480128964,-0.963556882003336,0.627765934969943,0.33579094703341
2.29498730154928,-0.967146213815053,0.610517974111223,0.356628239703876
2.29505980180892,-0.970233821816518,0.592953308203087,0.37728051361345
2.29514796914701,-0.973310238765133,0.571179638422997,0.402130600342135
2.2952361364851,-0.975639966174673,0.548967716480205,0.426672249694494
2.29532430382319,-0.977221226874868,0.52633461647287,0.450886610402007
2.29541247116128,-0.978052794866238,0.503297714386842,0.474755080479403
2.29550063849938,-0.978134043362388,0.479874692239627,0.498259351122759
2.29558880583747,-0.97746489850275,0.456083520704729,0.521381377798041
2.29567697317556,-0.976045884548798,0.431942455086403,0.5441034294624
2.29576514051365,-0.973878079331047,0.407470014579445,0.566408064751598
2.29585330785174,-0.970963156336505,0.382684975893747,0.588278180442769
2.29596171208422,-0.966358519352281,0.35181125688906,0.614547262463249
2.2960701163167,-0.960633175397147,0.320529366298967,0.64010380909817
2.29617852054918,-0.953793774240716,0.288875682931397,0.664918091309363
2.29628692478166,-0.945848258772282,0.256886939148052,0.688961319624271
2.29639532901414,-0.936805838958687,0.224600258226658,0.712205580732056
2.29650373324662,-0.926677006932273,0.19205307896449,0.734623927967796
2.2966121374791,-0.915473503045169,0.159283161035512,0.756190342009674
2.29672054171158,-0.903208324842848,0.126328499874144,0.776879824968732
2.29682894594406,-0.889895690340604,0.0932273254622119,0.796668364878398
2.29693735017654,-0.875551042889586,0.060018016979961,0.815533025909627
2.29704575440902,-0.860191012414147,0.026739098794601,0.833451913619531
2.2971541586415,-0.843833416549672,-0.00657084369404454,0.85040426024371
2.29726256287398,-0.826497219983177,-0.0398731700963277,0.86637039007953
2.29733017602369,-0.815197370743452,-0.0606240803929549,0.875821451136437
2.2973977891734,-0.803529811183025,-0.0813474682025956,0.884877279385624
2.29746540232312,-0.791499759104757,-0.102034075744208,0.893533834848958
2.29753301547283,-0.779112633870164,-0.122674571509765,0.901787205379913
2.29762517473254,-0.761663849783905,-0.150716800790305,0.912380650574224
2.29771733399226,-0.743576576892467,-0.178632777503497,0.922209354395963
2.29777753389639,-0.731423881880287,-0.196789041924139,0.928212923804408
2.29783773380052,-0.71900963629553,-0.21487482641772,0.933884462713241
2.29789793370465,-0.706338248744523,-0.232883718964008,0.939221967708525
2.29795813360878,-0.693414252585851,-0.250809264993472,0.944223517579315
2.2980306338686,-0.67752091309739,-0.272277598915765,0.949798512013158
2.29810313412842,-0.661276095488411,-0.293604686191719,0.95488078168013
2.29817563438824,-0.644688228167519,-0.314779475540055,0.959467703707565
2.29824813464806,-0.627765926774477,-0.33579095752613,0.963556884300638
2.29832063490789,-0.610517965760397,-0.356628250187143,0.967146215947536
2.29839313516771,-0.59295329969843,-0.377280524082573,0.970233823781015
2.29848130247943,-0.571179636366748,-0.402130603339235,0.97331023970598
2.29856946979116,-0.548967721134312,-0.42667224540411,0.975639966538481
2.29865763710288,-0.526334628084051,-0.450886599025571,0.977221227109637
2.29874580441461,-0.503297733185919,-0.47475506223501,0.97805279542092
2.29883397172633,-0.479874718441361,-0.498259326244654,0.978134044686044
2.29892213903806,-0.456083554507447,-0.521381346536405,0.977464901043829
2.29901030634978,-0.431942496671709,-0.544103392082897,0.976045888754618
2.29909847366151,-0.407470064111932,-0.566408021534954,0.97387808564687
2.29918664097323,-0.382685033520549,-0.588278131684539,0.970963165205064
2.29929504520564,-0.351811315370523,-0.614547215049609,0.966358530420146
2.29940344943804,-0.320529425564963,-0.640103763089087,0.960633188654046
2.29951185367045,-0.288875742911042,-0.664918046763046,0.953793789674102
2.29962025790285,-0.256886999769572,-0.688961276597263,0.94584827636681
2.29972866213525,-0.224600319417551,-0.712205539279126,0.936805858696651
2.29983706636766,-0.192053140651429,-0.734623888142036,0.926677028793437
2.29994547060006,-0.159283223144626,-0.756190303862221,0.91547352700684
2.30005387483246,-0.126328562331021,-0.776879788548845,0.903208350879819
2.30016227906487,-0.0932273881919563,-0.796668330233338,0.889895718425292
2.30027068329727,-0.0600180799072889,-0.815532993084642,0.875551072991952
2.30037908752967,-0.0267391618439938,-0.833451882657865,0.860191044501872
2.30048749176208,0.00657078059829689,-0.85040423118636,0.843833450588031
2.30059589599448,0.0398731070300971,-0.866370362965296,0.826497255935207
2.30066350920543,0.0606240361796458,-0.87582143364019,0.815197397460509
2.30073112241638,0.0813474428135851,-0.884877270800944,0.803529827987361
2.30079873562733,0.102034069125568,-0.893533834458067,0.791499765332466
2.30086634883828,0.122674583582127,-0.901787212454221,0.779112628872065
2.3009585080839,0.150716808544759,-0.91238065582226,0.761663847277487
2.30105066732952,0.178632780973717,-0.922209358049829,0.743576577076061
2.30111086722921,0.196789044051943,-0.928212927005605,0.731423882953647
2.30117106712889,0.214874827213545,-0.933884465510821,0.719009638297253
2.30123126702858,0.232883718439728,-0.93922197015194,0.706338251712222
2.30129146692826,0.250809263162408,-0.944223519718511,0.693414256556085
2.30136396719059,0.272277597850076,-0.949798514430287,0.677520916580224
2.30143646745292,0.293604685883467,-0.95488078434164,0.661276098458187
2.30150896771524,0.314779475980011,-0.959467706579531,0.644688230599495
2.30158146797757,0.335790958703979,-0.963556887348794,0.627765928644809
2.3016539682399,0.356628252091403,-0.967146219137494,0.610517967046096
2.30172646850222,0.377280526700719,-0.970233827078091,0.592953300377361
2.30181463579248,0.402130599938562,-0.973310242334757,0.571179642396164
2.30190280308273,0.426672236139073,-0.975639968863005,0.548967732723931
2.30199097037298,0.450886584064448,-0.977221229495235,0.526334645430777
2.30207913766324,0.474755041759323,-0.978052798233327,0.503297756473985
2.30216730495349,0.498259300449316,-0.978134048291047,0.479874747841725
2.30225547224374,0.521381315629078,-0.977464905806656,0.456083590177564
2.30234363953399,0.544103356283843,-0.976045895039252,0.431942538755418
2.30243180682425,0.566407981076679,-0.973878093815773,0.407470112739038
2.3025199741145,0.588278086811466,-0.970963175618304,0.382685088806802
2.30262837834683,0.614547171395139,-0.966358542827443,0.351811371432274
2.30273678257916,0.640103720707527,-0.960633203046274,0.320529482338736
2.3028451868115,0.664918005707192,-0.953793806039754,0.288875800332515
2.30295359104383,0.688961236918477,-0.945848294692215,0.256887057773687
2.30306199527616,0.712205501027183,-0.936805878965657,0.224600377938495
2.30317039950849,0.734623851364977,-0.926677050987767,0.192053199622809
2.30327880374083,0.756190268606544,-0.915473551105983,0.159283282499455
2.30338720797316,0.776879754859155,-0.903208376860975,0.126328622001848
2.30349561220549,0.796668298152582,-0.889895746263499,0.0932274481108777
2.30360401643782,0.815532962653964,-0.875551102660012,0.0600181400060279
2.30371242067016,0.833451853916362,-0.860191075970473,0.026739222054131
2.30382082490249,0.850404204171268,-0.843833483825836,-0.00657072034548153
2.30392922913482,0.866370337711971,-0.826497290908669,-0.0398730468033276
2.30399684240607,0.875821417761152,-0.815197423249636,-0.0606239945115613
2.30406445567731,0.88487726359966,-0.803529843925931,-0.0813474196737339
2.30413206894856,0.893533835226711,-0.791499770768255,-0.102034064458466
2.30419968221981,0.901787220474514,-0.77911262316712,-0.122674597307388
2.30429184148141,0.912380665215504,-0.761663838153602,-0.150716827061894
2.30438400074301,0.922209368544831,-0.743576564322235,-0.178632804222616
2.30444420061313,0.928212934193055,-0.731423875881235,-0.196789058311819
2.30450440048325,0.933884469714967,-0.719009637167001,-0.214874832547991
2.30456460035337,0.939221971700261,-0.706338256778295,-0.232883714921983
2.30462480022349,0.944223518941127,-0.693414268066022,-0.250809250875108
2.3046973004881,0.949798514078724,-0.677520927771847,-0.272277586306875
2.3047698007527,0.954880784386217,-0.661276109305277,-0.293604675080933
2.30484230101731,0.95946770699026,-0.644688241076526,-0.314779465913735
2.30491480128192,0.963556888095378,-0.627765938726962,-0.335790949368444
2.30498730154652,0.967146220189316,-0.610517976709336,-0.356628243479999
2.30505980181113,0.970233828404232,-0.592953309598473,-0.377280518805747
2.3051479691062,0.973310244015297,-0.571179650538148,-0.402130593477146
2.30523613640128,0.975639970816778,-0.548967739735076,-0.426672231081717
2.30532430369635,0.977221231640617,-0.526334651262112,-0.450886580378516
2.30541247099143,0.978052800488431,-0.503297761079312,-0.474755039409116
2.3055006382865,0.978134050573823,-0.479874751177818,-0.498259299396006
2.30558880558158,0.977464908035028,-0.456083592204098,-0.521381315830928
2.30567697287665,0.976045897131277,-0.431942539435046,-0.544103357696225
2.30576514017172,0.97387809568965,-0.407470112037498,-0.566407983652122
2.3058533074668,0.970963177192687,-0.382685086692928,-0.588278090499721
2.30596171169914,0.966358544204956,-0.35181136924225,-0.614547174962707
2.30607011593147,0.960633204227839,-0.320529480078786,-0.640103724149099
2.30617852016381,0.953793807026596,-0.288875798009064,-0.664918009017547
2.30628692439615,0.945848295485685,-0.256887055393182,-0.688961240092509
2.30639532862849,0.936805879567442,-0.224600375507444,-0.712205504060033
2.30650373286083,0.926677051399665,-0.192053197147709,-0.734623854251955
2.30661213709316,0.915473551330061,-0.159283279986998,-0.75619027134306
2.3067205413255,0.903208376899491,-0.126328619458661,-0.77687975744084
2.30682894555784,0.889895746118908,-0.0932274455436797,-0.796668300575241
2.30693734979018,0.875551102335126,-0.0600181374215888,-0.815532964913553
2.30704575402252,0.860191075468193,-0.0267392194591737,-0.833451856009006
2.30715415825485,0.843833483149253,0.00657072294413374,-0.850404206093371
2.30726256248719,0.826497290061092,0.0398730493989709,-0.866370339460068
2.30733017575774,0.815197422415667,0.0606239968879223,-0.875821419303605
2.3073977890283,0.803529843114591,0.0813474218287895,-0.884877264943397
2.30746540229885,0.791499769988359,0.102034066390566,-0.893533836378893
2.3075330155694,0.779112622427352,0.122674599015157,-0.901787221442488
2.30762517486112,0.761663831493278,0.150716837892854,-0.912380669386157
2.30771733415283,0.743576551331657,0.178632824082557,-0.922209375414197
2.30777753399772,0.731423867703886,0.196789070491357,-0.928212938195221
2.30783773384261,0.719009634025907,0.214874837100594,-0.933884471126463
2.3078979336875,0.70633825889105,0.232883711909156,-0.939221970800209
2.30795813353239,0.693414275644526,0.250809240366618,-0.944223516011103
2.30803063379683,0.677520935507116,0.27227757579495,-0.949798511302083
2.30810313406127,0.661276117196145,0.293604664570008,-0.954880781766123
2.30817563432571,0.644688249121618,0.314779455408311,-0.959467704529929
2.30824813459015,0.627765946924785,0.335790938873055,-0.96355688579783
2.30832063485459,0.610517985058325,0.356628232999198,-0.967146218057546
2.30839313511902,0.592953318097039,0.3772805083441,-0.97023382644112
2.30848130244045,0.571179652593076,0.402130590481986,-0.973310243075034
2.30856946976187,0.548967735084527,0.426672235368652,-0.97563997045319
2.30865763708329,0.52633463965967,0.450886591746185,-0.977221231405881
2.30874580440471,0.503297742294371,0.474755057639681,-0.978052799934054
2.30883397172613,0.47987472499562,0.498259324255427,-0.978134049251026
2.30892213904755,0.456083558426493,0.521381347069171,-0.97746490549566
2.30901030636898,0.43194249788064,0.544103395047811,-0.976045892928465
2.3090984736904,0.407470062541861,0.566408026836475,-0.973878089378327
2.30918664101182,0.382685029108958,0.58827813922155,-0.970963168330482
2.30929504524423,0.351811310803587,0.614547222341483,-0.966358533145031
2.30940344947665,0.320529420855449,0.640103770124867,-0.96063319098034
2.30951185370907,0.288875738071912,0.664918053532151,-0.953793791604035
2.30962025794148,0.256886994813911,0.6889612830894,-0.945848277903273
2.3097286621739,0.224600314358555,0.712205545484338,-0.936805859842875
2.30983706640631,0.192053135502432,0.734623894050708,-0.9266770295531
2.30994547063873,0.159283217919119,0.756190309465059,-0.915473527384152
2.31005387487115,0.126328557042586,0.776879793836862,-0.903208350879441
2.31016227910356,0.0932273828542464,0.796668335197963,-0.889895718052172
2.31027068333598,0.0600180745339579,0.815532997717699,-0.875551072251644
2.31037908756839,0.0267391564488367,0.833451886951454,-0.86019104340025
2.31048749180081,-0.00657078600148691,0.850404235133039,-0.843833449131519
2.31059589603323,-0.0398731124275188,0.866370366558076,-0.826497254130499
2.31066350924258,-0.0606240410762838,0.875821436790012,-0.815197395713718
2.31073112245194,-0.0813474472055551,0.884877273524165,-0.80352982631862
2.3107987356613,-0.102034073009663,0.893533836771382,-0.7914997637617
2.31086634887066,-0.122674586955874,0.901787214374688,-0.779112627418803
2.31095850817646,-0.150716830150547,0.912380664143948,-0.761663833993414
2.31105066748227,-0.178632820623573,0.922209371765611,-0.743576551142012
2.31111086733159,-0.196789068372081,0.928212934998254,-0.73142386662617
2.31117106718092,-0.214874836310538,0.93388446833223,-0.719009632021647
2.31123126703024,-0.232883712436495,0.93922196835918,-0.706338255922676
2.31129146687957,-0.25080924219808,0.944223513873587,-0.693414271675494
2.31136396714151,-0.272277576864221,0.94979850888738,-0.677520932023125
2.31143646740346,-0.293604664885118,0.954880779107789,-0.661276114222625
2.3115089676654,-0.314779454978384,0.959467701661571,-0.644688246683216
2.31158146792735,-0.335790937708322,0.963556882753659,-0.627765945045317
2.31165396818929,-0.356628231111077,0.967146214871786,-0.610517983760681
2.31172646845124,-0.377280505745135,0.970233823148287,-0.592953317403121
2.31181463579416,-0.402130593908367,0.973310240450762,-0.571179646542361
2.31190280313707,-0.426672244665714,0.975639968132875,-0.548967723467145
2.31199097047999,-0.450886606745563,0.977221229023949,-0.526334622278346
2.31207913782291,-0.474755078159475,0.978052797124234,-0.503297718964729
2.31216730516583,-0.498259350100501,0.978134045647155,-0.479874695546638
2.31225547250875,-0.521381378031647,0.977464900732184,-0.456083522700521
2.31234363985166,-0.54410343090716,0.976045886640844,-0.431942455733682
2.31243180719458,-0.566408067359986,0.973878081203853,-0.407470013843871
2.3125199745375,-0.588278184164493,0.970963157908641,-0.382684973744164
2.31262837876999,-0.614547266064541,0.966358520726117,-0.351811254661553
2.31273678300248,-0.640103812573581,0.960633176573461,-0.320529363999848
2.31284518723497,-0.664918094653557,0.953793775220632,-0.288875680567054
2.31295359146746,-0.688961322832152,0.9458482595571,-0.256886936724932
2.31306199569995,-0.712205583798643,0.936805839549938,-0.224600255751298
2.31317039993244,-0.734623930888229,0.926677007331733,-0.192053076443486
2.31327880416493,-0.756190344779317,0.915473503254837,-0.159283158475498
2.31338720839741,-0.776879827583086,0.903208324864988,-0.126328497281865
2.3134956126299,-0.796668367333122,0.88989569017757,-0.0932273228443973
2.31360401686239,-0.815533028200643,0.87555104254404,-0.0600180143433885
2.31371242109488,-0.83345191574288,0.860191011888951,-0.0267390961460808
2.31382082532737,-0.850404262195572,0.843833415847955,0.00657084634766531
2.31392922955986,-0.866370391856369,0.826497219108178,0.0398731727482087
2.31399684270882,-0.875821452699011,0.815197369890493,0.0606240828085432
2.31406445585779,-0.884877280741545,0.803529810361701,0.0813474703798967
2.31413206900675,-0.893533836006015,0.791499758324424,0.102034077681617
2.31419968215572,-0.90178720634606,0.779112633140164,0.122674573205925
2.3142918414455,-0.912380654738785,0.761663843141709,0.150716811597065
2.31438400073529,-0.922209361255674,0.743576563928819,0.178632797326875
2.31444420061424,-0.928212927802629,0.731423873719881,0.196789054082788
2.31450440049319,-0.933884464125922,0.719009633160961,0.214874830964954
2.31456460037214,-0.939221966814168,0.706338250852942,0.232883715961257
2.31462480025109,-0.94422351465895,0.693414260148659,0.250809254510325
2.31469730051073,-0.949798509244611,0.677520920819642,0.272277588424969
2.31476980077037,-0.954880779066785,0.661276103369007,0.293604675697775
2.31484230103002,-0.959467701252748,0.644688236205283,0.314779465047478
2.31491480128966,-0.963556882007568,0.627765934968064,0.335790947039538
2.3149873015493,-0.967146213819436,0.610517974108329,0.356628239711121
2.31505980180894,-0.970233821820893,0.592953308199141,0.377280513621781
2.315147969147,-0.973310238768529,0.571179638425937,0.402130600342586
2.31523613648507,-0.975639966177518,0.548967716490254,0.426672249687264
2.31532430382313,-0.977221226877604,0.526334616490289,0.450886610387325
2.31541247116119,-0.978052794869361,0.503297714411909,0.474755080457491
2.31550063849926,-0.978134043366407,0.479874692272532,0.498259351093889
2.31558880583732,-0.977464898508158,0.456083520745745,0.521381377762409
2.31567697317538,-0.976045884556048,0.431942455135719,0.544103429420305
2.31576514051345,-0.973878079340555,0.40747001463722,0.566408064703345
2.31585330785151,-0.970963156348801,0.382684975960108,0.588278180388699
2.31596171208399,-0.966358519366862,0.351811256955459,0.614547262411394
2.31607011631648,-0.960633175413826,0.320529366365228,0.640103809048586
2.31617852054896,-0.953793774259541,0.288875682997469,0.664918091262045
2.31628692478144,-0.945848258793105,0.256886939213881,0.688961319579211
2.31639532901392,-0.936805838981394,0.224600258292118,0.712205580689302
2.31650373324641,-0.926677006956817,0.192053079029484,0.734623927927356
2.31661213747889,-0.915473503071523,0.159283161099973,0.756190341971572
2.31672054171137,-0.903208324870842,0.126328499937976,0.776879824932896
2.31682894594386,-0.889895690370196,0.0932273255253651,0.796668364844824
2.31693735017634,-0.875551042920656,0.0600180170423021,0.815533025878369
2.31704575440882,-0.860191012446634,0.0267390988560457,0.833451913590547
2.3171541586413,-0.84383341658342,-0.00657084363350548,0.850404260216964
2.31726256287379,-0.826497220018199,-0.0398731700368035,0.866370390054958
2.31733017602357,-0.815197370768052,-0.060624080354177,0.875821451122218
2.31739778917335,-0.803529811196471,-0.0813474681844957,0.884877279380973
2.31746540232313,-0.791499759106349,-0.102034075746713,0.893533834853079
2.31753301547291,-0.779112633859126,-0.122674571532828,0.901787205391931
2.31762517473266,-0.761663849764378,-0.150716800825731,0.912380650590135
2.31771733399242,-0.743576576864021,-0.178632777551077,0.922209354415106
2.31777753389649,-0.731423881863504,-0.196789041953258,0.928212923816748
2.31783773380056,-0.719009636290988,-0.214874826428488,0.933884462719461
2.31789793370463,-0.706338248752772,-0.232883718956528,0.939221967709282
2.3179581336087,-0.693414252607384,-0.250809264967949,0.944223517575338
2.31803063386853,-0.67752091311618,-0.272277598894578,0.949798512010758
2.31810313412837,-0.661276095504289,-0.293604686174858,0.954880781679123
2.3181756343882,-0.644688228180351,-0.314779475527456,0.959467703707829
2.31824813464804,-0.62776592678417,-0.335790957517716,0.963556884301879
2.31832063490788,-0.610517965766785,-0.356628250182851,0.96714621594964
2.31839313516771,-0.592953299701349,-0.377280524082374,0.970233823783714
2.31848130247946,-0.571179636363574,-0.402130603345861,0.973310239709398
2.31856946979121,-0.548967721124804,-0.426672245417417,0.975639966542205
2.31865763710296,-0.526334628067922,-0.450886599045369,0.977221227113265
2.31874580441471,-0.503297733163019,-0.474755062261027,0.978052795424038
2.31883397172646,-0.479874718411515,-0.498259326276723,0.978134044688223
2.31892213903821,-0.456083554470434,-0.521381346574282,0.977464901044679
2.31901030634996,-0.43194249662739,-0.544103392126294,0.976045888753677
2.31909847366171,-0.407470064060109,-0.566408021583634,0.973878085643765
2.31918664097346,-0.382685033461171,-0.588278131738232,0.970963165199349
2.31929504520586,-0.351811315310198,-0.614547215101945,0.966358530412114
2.31940344943827,-0.320529425503685,-0.64010376314,0.960633188643704
2.31951185367067,-0.288875742848927,-0.664918046812491,0.953793789661406
2.31962025790307,-0.256886999706674,-0.688961276645138,0.945848276351815
2.31972866213548,-0.224600319353946,-0.712205539325424,0.936805858679342
2.31983706636788,-0.192053140587174,-0.734623888186671,0.926677028773823
2.31994547060029,-0.159283223079849,-0.756190303905135,0.915473526984965
2.32005387483269,-0.126328562265787,-0.776879788589944,0.903208350855736
2.32016227906509,-0.093227388126357,-0.79666833027262,0.889895718398941
2.3202706832975,-0.0600180798413273,-0.815532993122076,0.875551072963447
2.3203790875299,-0.0267391617778035,-0.833451882693338,0.860191044471137
2.32048749176231,0.00657078066463308,-0.850404231219835,0.843833450555181
2.32059589599471,0.0398731070964887,-0.866370362996748,0.826497255900257
2.32066350920559,0.060624036226533,-0.875821433661627,0.815197397435043
2.32073112241648,0.0813474428410079,-0.884877270813133,0.80352982797208
2.32079873562737,0.102034069133496,-0.893533834461675,0.791499765328203
2.32086634883825,0.122674583570685,-0.901787212450065,0.779112628879346
2.3209585080839,0.150716808541128,-0.912380655821172,0.761663847280028
2.32105066732955,0.178632780977877,-0.922209358051369,0.743576577073466
2.32111086722923,0.196789044054791,-0.928212927006622,0.731423882951785
2.32117106712891,0.214874827215078,-0.933884465511295,0.719009638296173
2.32123126702859,0.232883718439946,-0.939221970151932,0.706338251711996
2.32129146692827,0.250809263161354,-0.944223519718118,0.693414256556738
2.3213639671906,0.272277597849564,-0.949798514430006,0.677520916580388
2.32143646745293,0.293604685883408,-0.954880784341374,0.661276098457952
2.32150896771526,0.31477947598046,-0.959467706579255,0.644688230598797
2.32158146797759,0.335790958704911,-0.963556887348561,0.627765928643657
2.32165396823992,0.356628252092845,-0.967146219137244,0.610517967044345
2.32172646850224,0.377280526702596,-0.970233827077767,0.592953300375173
2.32181463579252,0.402130599947323,-0.97331024233501,0.571179642387678
2.3219028030828,0.426672236154537,-0.975639968863454,0.548967732708917
2.32199097037308,0.450886584086437,-0.977221229495456,0.526334645408977
2.32207913766335,0.474755041787626,-0.978052798232904,0.503297756445251
2.32216730495363,0.498259300483694,-0.978134048289481,0.47987474780578
2.32225547224391,0.521381315669288,-0.977464905803572,0.456083590134278
2.32234363953419,0.54410335632959,-0.976045895034277,0.431942538704646
2.32243180682446,0.566407981127754,-0.973878093808383,0.407470112680602
2.32251997411474,0.58827808686755,-0.970963175608123,0.382685088740559
2.32262837834708,0.614547171450274,-0.966358542814612,0.351811371364361
2.32273678257941,0.64010372076159,-0.960633203030832,0.320529482269188
2.32284518681175,0.664918005760108,-0.953793806021546,0.288875800261423
2.32295359104408,0.68896123697013,-0.945848294671214,0.256887057701053
2.32306199527642,0.712205501077471,-0.936805878941928,0.224600377864433
2.32317039950875,0.734623851413839,-0.926677050961204,0.192053199547358
2.32327880374109,0.756190268653825,-0.915473551076561,0.159283282422729
2.32338720797342,0.776879754904815,-0.903208376828741,0.126328621923871
2.32349561220576,0.796668298196486,-0.889895746228309,0.0932274480318085
2.32360401643809,0.815532962696015,-0.875551102621994,0.0600181399259352
2.32371242067043,0.833451853956459,-0.860191075929533,0.0267392219730773
2.32382082490276,0.850404204209337,-0.84383348378195,-0.00657072042737504
2.3239292291351,0.866370337747845,-0.826497290861956,-0.0398730468859408
2.32399684240627,0.875821417784639,-0.815197423214776,-0.0606239945698667
2.32406445567743,0.884877263611597,-0.803529843903831,-0.0813474197077571
2.3241320689486,0.893533835228074,-0.791499770759794,-0.102034064468247
2.32419968221977,0.90178722046621,-0.779112623173184,-0.122674597293047
2.32429184148139,0.912380665209282,-0.761663838156796,-0.15071682705251
2.324384000743,0.922209368540468,-0.743576564322405,-0.178632804218072
2.32444420061313,0.928212934189242,-0.731423875880292,-0.196789058309002
2.32450440048325,0.933884469711726,-0.719009637164887,-0.214874832546883
2.32456460035338,0.939221971697475,-0.706338256774923,-0.232883714922515
2.32462480022351,0.944223518938725,-0.693414268061407,-0.250809250877358
2.32469730048814,0.949798514078015,-0.677520927761588,-0.272277586316484
2.32476980075277,0.954880784386922,-0.661276109289047,-0.293604675097853
2.3248423010174,0.959467706992001,-0.64468824105416,-0.314779465937847
2.32491480128203,0.963556888097823,-0.627765938698237,-0.335790949399594
2.32498730154666,0.967146220192144,-0.610517976674015,-0.356628243518105
2.3250598018113,0.970233828406991,-0.592953309556422,-0.377280518850599
2.32514796910643,0.973310244018301,-0.571179650481549,-0.402130593536772
2.32523613640155,0.975639970819104,-0.5489677396635,-0.426672231155649
2.32532430369668,0.977221231641363,-0.526334651175091,-0.45088658046626
2.32541247099181,0.978052800486629,-0.503297760976418,-0.47475503951022
2.32550063828694,0.978134050568563,-0.479874751058639,-0.498259299509922
2.32558880558207,0.97746490802535,-0.456083592068273,-0.521381315957099
2.3256769728772,0.976045897116282,-0.431942539282226,-0.544103357834064
2.32576514017233,0.973878095668395,-0.407470111867427,-0.566407983800969
2.32585330746746,0.970963177164285,-0.382685086505332,-0.588278090658963
2.3259617116998,0.966358544169645,-0.351811369051652,-0.614547175117996
2.32607011593214,0.960633204185669,-0.320529479885453,-0.640103724300236
2.32617852016448,0.953793806977575,-0.288875797813183,-0.66491800916435
2.32628692439682,0.945848295429768,-0.256887055194956,-0.688961240234821
2.32639532862915,0.936805879504713,-0.224600375307095,-0.712205504197638
2.32650373286149,0.926677051330165,-0.192053196945499,-0.734623854384682
2.32661213709383,0.915473551253836,-0.159283279783129,-0.756190271470704
2.32672054132617,0.903208376816619,-0.126328619253361,-0.77687975756326
2.32682894555851,0.889895746029461,-0.093227445337249,-0.796668300692221
2.32693734979085,0.875551102239174,-0.0600181372142218,-0.81553296502494
2.32704575402319,0.860191075365778,-0.0267392192510866,-0.833451856114725
2.32715415825553,0.843833483040478,0.00657072315271122,-0.850404206193211
2.32726256248787,0.826497289946114,0.0398730496077601,-0.866370339553862
2.32733017575821,0.81519742233193,0.0606239970333426,-0.875821419365266
2.32739778902856,0.803529843064378,0.081347421910964,-0.88487726497533
2.32746540229891,0.791499769973922,0.102034066409661,-0.893533836383576
2.32753301556925,0.779112622450894,0.122674598971403,-0.901787221422291
2.3276251748609,0.761663831530642,0.150716837829174,-0.91238066935982
2.32771733415255,0.74357655138369,0.178632823999208,-0.922209375382901
2.32777753399755,0.731423867735014,0.19678907044094,-0.928212938175986
2.32783773384255,0.719009634035222,0.214874837082855,-0.933884471118096
2.32789793368754,0.706338258877594,0.232883711923847,-0.939221970801458
2.32795813353254,0.693414275607384,0.250809240413412,-0.944223516020803
2.32803063379696,0.677520935473829,0.272277575835393,-0.949798511309216
2.32810313406138,0.661276117166811,0.293604664604215,-0.954880781771024
2.3281756343258,0.644688249096474,0.314779455436328,-0.959467704532789
2.32824813459022,0.627765946904053,0.335790938894945,-0.963556885799008
2.32832063485464,0.610517985042194,0.356628233015077,-0.967146218057232
2.32839313511906,0.592953318085619,0.377280508354018,-0.970233826439628
2.32848130244047,0.571179652584091,0.402130590488894,-0.973310243072987
2.32856946976188,0.548967735078128,0.42667223537259,-0.975639970450684
2.32865763708329,0.526334639655996,0.45088659174723,-0.977221231403253
2.3287458044047,0.503297742293434,0.474755057637911,-0.978052799931342
2.32883397172611,0.479874724997592,0.498259324250884,-0.978134049248455
2.32892213904752,0.456083558431481,0.521381347061975,-0.977464905493437
2.32901030636893,0.431942497888643,0.544103395038068,-0.976045892926723
2.32909847369034,0.407470062552961,0.566408026824313,-0.973878089377278
2.32918664101175,0.382685029123247,0.588278139207042,-0.970963168330293
2.32929504524417,0.351811310818894,0.61454722232674,-0.96635853314564
2.32940344947658,0.320529420871784,0.64010377010998,-0.960633190981765
2.32951185370899,0.288875738089229,0.664918053517151,-0.953793791606402
2.32962025794141,0.256886994832217,0.688961283074359,-0.945848277906545
2.32972866217382,0.224600314377826,0.712205545469307,-0.936805859847135
2.32983706640623,0.192053135522684,0.734623894035748,-0.926677029558397
2.32994547063865,0.159283217940339,0.756190309450206,-0.915473527390533
2.33005387487106,0.126328557064754,0.77687979382218,-0.903208350886901
2.33016227910347,0.0932273828773098,0.796668335183527,-0.889895718060815
2.33027068333589,0.0600180745579334,0.815532997703576,-0.875551072261516
2.3303790875683,0.0267391564736601,0.833451886937736,-0.860191043411366
2.33048749180071,-0.00657078597585849,0.850404235119763,-0.843833449143874
2.33059589603313,-0.039873112401122,0.866370366545261,-0.826497254144128
2.33066350924251,-0.0606240410564083,0.875821436780718,-0.815197395724294
2.33073112245189,-0.0813474471922718,0.884877273518117,-0.803529826325846
2.33079873566126,-0.102034073002886,0.893533836768294,-0.791499763765397
2.33086634887064,-0.122674586955606,0.901787214374334,-0.779112627418731
2.3309585081764,-0.150716830133935,0.912380664137736,-0.761663834003772
2.33105066748215,-0.178632820590738,0.922209371754411,-0.743576551163638
2.33111086733151,-0.196789068351186,0.928212934991574,-0.731423866640335
2.33117106718087,-0.21487483630151,0.933884468329495,-0.719009632027982
2.33123126703024,-0.232883712439183,0.939221968360099,-0.706338255920885
2.3312914668796,-0.250809242212384,0.944223513877641,-0.693414271665226
2.33136396714154,-0.272277576877179,0.94979850889087,-0.677520932013665
2.33143646740348,-0.29360466489671,0.954880779110753,-0.661276114214019
2.33150896766542,-0.314779454988609,0.959467701664148,-0.64468824667554
2.33158146792736,-0.335790937717227,0.963556882755832,-0.627765945038583
2.33165396818931,-0.356628231118689,0.967146214873618,-0.610517983754913
2.33172646845125,-0.377280505751461,0.970233823149813,-0.592953317398348
2.33181463579412,-0.402130593903338,0.973310240451,-0.571179646547626
2.331902803137,-0.426672244649659,0.975639968132492,-0.548967723482815
2.33199097047988,-0.450886606718729,0.977221229023594,-0.526334622304869
2.33207913782276,-0.474755078122249,0.978052797124658,-0.503297719002418
2.33216730516564,-0.498259350053241,0.978134045649041,-0.479874695595772
2.33225547250851,-0.521381377974748,0.977464900736181,-0.456083522761405
2.33234363985139,-0.544103430841019,0.976045886647653,-0.431942455806589
2.33243180719427,-0.566408067285029,0.973878081214147,-0.407470013929096
2.33251997453715,-0.588278184081183,0.970963157923079,-0.38268497384191
2.33262837876963,-0.614547265983181,0.966358520744282,-0.351811254761108
2.33273678300212,-0.640103812494321,0.960633176595359,-0.32052936410103
2.33284518723461,-0.664918094576536,0.953793775246341,-0.288875680669739
2.3329535914671,-0.688961322757453,0.945848259586522,-0.25688693682906
2.33306199569959,-0.712205583726327,0.936805839583121,-0.224600255856773
2.33317039993207,-0.734623930818474,0.926677007368623,-0.192053076550124
2.33327880416456,-0.756190344712198,0.915473503295457,-0.159283158583237
2.33338720839705,-0.776879827518719,0.903208324909262,-0.126328497390557
2.33349561262954,-0.796668367271592,0.889895690225543,-0.0932273229539497
2.33360401686202,-0.815533028142041,0.875551042595653,-0.0600180144536184
2.33371242109451,-0.833451915687275,0.860191011944205,-0.0267390962568992
2.333820825327,-0.850404262143142,0.843833415906751,0.00657084623638358
2.33392922955949,-0.866370391807155,0.826497219170531,0.0398731726366368
2.33399684270856,-0.875821452666509,0.815197369936761,0.0606240827297596
2.33406445585763,-0.884877280724549,0.803529810390694,0.081347470333883
2.3341320690067,-0.893533836003329,0.791499758335069,0.102034077668273
2.33419968215577,-0.901787206356371,0.779112633131269,0.122674573225126
2.33429184144555,-0.912380654747325,0.761663843134715,0.150716811612633
2.33438400073532,-0.922209361262692,0.74357656392383,0.178632797338859
2.33444420061426,-0.928212927808096,0.731423873717625,0.196789054090457
2.33450440049319,-0.933884464129921,0.719009633161653,0.214874830968305
2.33456460037213,-0.939221966816992,0.706338250856617,0.232883715960358
2.33462480025107,-0.944223514660676,0.693414260155503,0.250809254505171
2.33469730051071,-0.949798509246614,0.677520920826165,0.272277588420443
2.33476980077035,-0.954880779069118,0.661276103375255,0.293604675693853
2.33484230102999,-0.959467701255335,0.644688236211187,0.314779465044138
2.33491480128964,-0.963556882010366,0.627765934973652,0.335790947036736
2.33498730154928,-0.967146213822441,0.61051797411359,0.356628239708867
2.33505980180892,-0.97023382182408,0.592953308203963,0.377280513620133
2.33514796914697,-0.973310238771377,0.571179638434541,0.402130600336844
2.33523613648502,-0.975639966180295,0.548967716502772,0.426672249677533
2.33532430382307,-0.977221226880616,0.526334616506815,0.450886610373773
2.33541247116112,-0.978052794872801,0.503297714432591,0.4747550804402
2.33550063849917,-0.978134043370494,0.47987469229749,0.498259351072994
2.33558880583722,-0.977464898513152,0.456083520775004,0.521381377738143
2.33567697317527,-0.97604588456219,0.431942455169423,0.544103429392769
2.33576514051332,-0.973878079348151,0.407470014675477,0.566408064672659
2.33585330785136,-0.970963156358018,0.382684976002976,0.588278180355085
2.33596171208385,-0.966358519377503,0.351811256998241,0.614547262379283
2.33607011631633,-0.960633175425854,0.320529366407856,0.640103809018002
2.33617852054882,-0.953793774272883,0.28887568303991,0.664918091232959
2.3362869247813,-0.945848258807703,0.256886939256017,0.688961319551673
2.33639532901379,-0.936805838997234,0.224600258333965,0.712205580663245
2.33650373324627,-0.92667700697377,0.192053079070914,0.734623927902812
2.33661213747876,-0.915473503089534,0.159283161140981,0.756190341948529
2.33672054171124,-0.903208324889872,0.126328499978488,0.776879824911388
2.33682894594373,-0.889895690390172,0.0932273255653379,0.796668364824812
2.33693735017621,-0.87555104294152,0.0600180170817203,0.815533025859811
2.3370457544087,-0.860191012468297,0.0267390988948383,0.833451913573495
2.33715415864118,-0.843833416605926,-0.00657084359537942,0.850404260201303
2.33726256287367,-0.826497220041372,-0.0398731699994264,0.86637039004076
2.33733017602348,-0.815197370786692,-0.0606240803262311,0.875821451112916
2.33739778917329,-0.803529811210223,-0.0813474681659831,0.884877279376205
2.3374654023231,-0.791499759114809,-0.102034075737628,0.893533834852426
2.33753301547291,-0.779112633862084,-0.122674571533079,0.901787205395138
2.33762517473266,-0.7616638497693,-0.150716800822853,0.91238065059214
2.3377173339924,-0.74357657687097,-0.178632777545114,0.922209354416089
2.33777753389648,-0.731423881869408,-0.196789041949022,0.928212923818402
2.33783773380055,-0.719009636295696,-0.21487482642601,0.933884462721722
2.33789793370463,-0.706338248756264,-0.232883718955789,0.939221967712048
2.3379581336087,-0.69341425260963,-0.250809264968932,0.944223517578556
2.33803063386851,-0.677520913124256,-0.272277598887714,0.949798512011943
2.33810313412832,-0.661276095518477,-0.293604686160222,0.954880781678722
2.33817563438813,-0.644688228200941,-0.314779475505157,0.959467703706127
2.33824813464794,-0.627765926811328,-0.335790957487964,0.963556884299302
2.33832063490775,-0.61051796580078,-0.356628250145755,0.967146215946524
2.33839313516756,-0.592953299742388,-0.377280524038041,0.970233823780417
2.33848130247927,-0.571179636415895,-0.402130603290242,0.973310239706119
2.33856946979097,-0.548967721188856,-0.426672245350765,0.975639966539613
2.33865763710268,-0.526334628144027,-0.450886598968131,0.977221227112126
2.33874580441439,-0.503297733251472,-0.47475506217359,0.978052795425084
2.33883397172609,-0.479874718512649,-0.498259326179461,0.978134044692112
2.3389221390378,-0.456083554584538,-0.521381346467648,0.977464901052174
2.33901030634951,-0.431942496754695,-0.544103392010795,0.976045888765431
2.33909847366122,-0.407470064200852,-0.566408021459715,0.97387808566052
2.33918664097292,-0.382685033615505,-0.588278131606415,0.970963165221921
2.33929504520533,-0.351811315466224,-0.614547214973883,0.966358530440097
2.33940344943774,-0.320529425661266,-0.640103763015826,0.960633188677059
2.33951185367014,-0.288875743007859,-0.664918046692294,0.953793789700131
2.33962025790255,-0.256886999866765,-0.688961276529055,0.945848276395824
2.33972866213495,-0.224600319514977,-0.712205539213555,0.936805858728568
2.33983706636736,-0.192053140748959,-0.734623888079168,0.926677028828134
2.33994547059976,-0.15928322324219,-0.756190303802116,0.915473527044248
2.34005387483217,-0.126328562428526,-0.776879788491467,0.903208350919969
2.34016227906457,-0.0932273882893013,-0.79666833017874,0.889895718467999
2.34027068329698,-0.0600180800043308,-0.815532993032895,0.875551073037207
2.34037908752938,-0.0267391619406338,-0.833451882608975,0.860191044549579
2.34048749176179,0.00657078050217365,-0.850404231140337,0.843833450638116
2.34059589599419,0.0398731069345549,-0.866370362922198,0.826497255987594
2.34066350920524,0.0606240361143534,-0.87582143361216,0.81519739749778
2.34073112241629,0.081347442778465,-0.884877270786941,0.803529828008411
2.34079873562733,0.102034069120509,-0.893533834456827,0.791499765336271
2.34086634883838,0.122674583606995,-0.901787212464647,0.779112628857637
2.34095850808409,0.150716808595122,-0.912380655841181,0.761663847246003
2.3410506673298,0.178632781049343,-0.922209358075784,0.743576577026406
2.34111086722938,0.19678904409834,-0.928212927020778,0.731423882922424
2.34117106712897,0.214874827230963,-0.933884465516229,0.719009638285228
2.34123126702856,0.232883718428371,-0.939221970148642,0.706338251720242
2.34129146692815,0.250809263122595,-0.944223519707569,0.693414256584973
2.34136396719046,0.272277597805208,-0.949798514418776,0.677520916613574
2.34143646745277,0.293604685833581,-0.954880784329776,0.661276098496179
2.34150896771508,0.314779475925235,-0.959467706567588,0.644688230642311
2.34158146797739,0.33579095864443,-0.963556887337026,0.627765928692564
2.3416539682397,0.35662825202722,-0.967146219126121,0.610517967098888
2.34172646850201,0.377280526631963,-0.970233827067401,0.592953300435406
2.34181463579227,0.402130599874187,-0.973310242326286,0.571179642452071
2.34190280308254,0.426672236079006,-0.975639968856548,0.548967732777525
2.34199097037281,0.450886584008598,-0.977221229490601,0.526334645481925
2.34207913766307,0.474755041707716,-0.978052798230255,0.503297756522522
2.34216730495334,0.498259300401804,-0.978134048289324,0.479874747887483
2.3422554722436,0.521381315585599,-0.977464905806071,0.456083590220455
2.34234363953387,0.544103356244285,-0.976045895039625,0.4319425387953
2.34243180682413,0.566407981040982,-0.973878093816792,0.407470112775772
2.3425199741144,0.588278086779535,-0.970963175619765,0.382685088840234
2.34262837834673,0.614547171364228,-0.966358542829872,0.351811371465614
2.34273678257907,0.640103720677677,-0.960633203049619,0.320529482371915
2.3428451868114,0.664918005678481,-0.953793806043964,0.28887580036547
2.34295359104374,0.688961236890828,-0.94584829469726,0.256887057806399
2.34306199527607,0.71220550100058,-0.936805878971494,0.224600377970894
2.3431703995084,0.73462385133947,-0.926677050994336,0.192053199654863
2.34327880374074,0.756190268582064,-0.915473551113224,0.159283282531136
2.34338720797307,0.77687975483576,-0.903208376868879,0.126328622033102
2.34349561220541,0.796668298130221,-0.889895746271915,0.0932274481416812
2.34360401643774,0.81553296263263,-0.875551102669056,0.0600181400363867
2.34371242067008,0.83345185389602,-0.860191075980022,0.0267392220839959
2.34382082490241,0.850404204151948,-0.843833483835796,-0.00657072031615886
2.34392922913474,0.866370337693636,-0.826497290919076,-0.039873046774571
2.34399684240602,0.875821417747745,-0.815197423254862,-0.0606239944929455
2.3440644556773,0.884877263590826,-0.803529843925604,-0.0813474196652336
2.34413206894858,0.893533835222061,-0.791499770762037,-0.102034064460045
2.34419968221986,0.901787220473653,-0.77911262315467,-0.122674597319003
2.34429184148152,0.912380665220266,-0.761663838130142,-0.150716827090162
2.34438400074317,0.92220936855437,-0.743576564287079,-0.17863280426729
2.34444420061324,0.928212934196258,-0.731423875856743,-0.196789058339526
2.3445044004833,0.933884469712494,-0.719009637153618,-0.214874832558871
2.34456460035337,0.939221971692641,-0.706338256776503,-0.232883714916153
2.34462480022343,0.944223518929061,-0.69341426807634,-0.250809250852763
2.34469730048804,0.949798514067069,-0.67752092778233,-0.272277586284761
2.34476980075265,0.954880784374975,-0.661276109315897,-0.293604675059081
2.34484230101725,0.959467706979422,-0.64468824108733,-0.314779465892124
2.34491480128186,0.963556888084982,-0.627765938737904,-0.33579094934709
2.34498730154647,0.967146220179319,-0.610517976720386,-0.356628243458944
2.34505980181107,0.970233828394606,-0.592953309609703,-0.377280518784905
2.34514796910618,0.973310244007027,-0.571179650542358,-0.402130593464673
2.34523613640128,0.975639970809364,-0.548967739732058,-0.426672231077342
2.34532430369638,0.977221231633603,-0.526334651251579,-0.450886580382031
2.34541247099149,0.978052800481286,-0.503297761061043,-0.474755039420266
2.34550063828659,0.978134050566053,-0.479874751151508,-0.498259299414592
2.34558880558169,0.977464908026176,-0.456083592169593,-0.521381315856624
2.3456769728768,0.976045897120822,-0.431942539392075,-0.544103357728778
2.3457651401719,0.973878095677107,-0.407470111985934,-0.566407983691204
2.345853307467,0.970963177177605,-0.382685086632547,-0.588278090545038
2.34596171169934,0.966358544187716,-0.351811369180865,-0.614547175006839
2.34607011593168,0.960633204208432,-0.320529480016432,-0.640103724192033
2.34617852016402,0.953793807004987,-0.288875797945782,-0.664918009059229
2.34628692439636,0.945848295461916,-0.256887055329035,-0.688961240132875
2.3463953286287,0.936805879541513,-0.224600375442499,-0.712205504098981
2.34650373286104,0.926677051371532,-0.19205319708206,-0.734623854289489
2.34661213709338,0.915473551299719,-0.159283279920677,-0.756190271379078
2.34672054132571,0.903208376867052,-0.126328619391779,-0.776879757475277
2.34682894555805,0.889895746084323,-0.0932274454763,-0.796668300608033
2.34693734979039,0.875551102298394,-0.060018137353759,-0.815532964944619
2.34704575402273,0.860191075429318,-0.0267392193910059,-0.833451856038318
2.34715415825507,0.843833483108286,0.00657072301260801,-0.850404206120888
2.34726256248741,0.826497290018104,0.0398730494676483,-0.866370339485738
2.34733017575789,0.815197422383054,0.0606239969355928,-0.875821419318644
2.34739778902838,0.803529843093133,0.0813474218555416,-0.884877264948675
2.34746540229886,0.791499769978761,0.102034066396417,-0.89353383637518
2.34753301556934,0.779112622430405,0.122674599000185,-0.90178722143057
2.34762517486101,0.761663831506501,0.150716837862592,-0.912380669369108
2.34771733415268,0.74357655135562,0.178632824037242,-0.922209375392884
2.34777753399763,0.73142386771585,0.196789070464957,-0.928212938180812
2.34783773384258,0.719009634025364,0.214874837092923,-0.9338844711183
2.34789793368753,0.7063382588774,0.232883711920119,-0.939221970797548
2.34795813353248,0.693414275617269,0.250809240396001,-0.944223516013287
2.3480306337969,0.677520935483637,0.27227757581859,-0.949798511302196
2.34810313406132,0.661276117176545,0.293604664587975,-0.954880781764522
2.34817563432574,0.644688249106097,0.314779455420704,-0.959467704526803
2.34824813459016,0.627765946913525,0.335790938879931,-0.963556885793466
2.34832063485458,0.610517985051539,0.356628233000645,-0.967146218052191
2.348393135119,0.592953318094764,0.37728050834024,-0.970233826435003
2.34848130244041,0.571179652595874,0.402130590472656,-0.973310243068504
2.34856946976181,0.54896773509254,0.426672235353993,-0.975639970446528
2.34865763708321,0.526334639673167,0.450886591726361,-0.977221231399503
2.34874580440461,0.503297742313406,0.474755057614837,-0.978052799928266
2.34883397172601,0.479874725020485,0.498259324225671,-0.97813404924616
2.34892213904741,0.456083558457335,0.521381347034752,-0.977464905492089
2.34901030636882,0.431942497917478,0.544103395008961,-0.97604589292647
2.34909847369022,0.407470062584865,0.566408026793452,-0.97387808937829
2.34918664101162,0.382685029158213,0.588278139174537,-0.97096316833275
2.34929504524403,0.351811310853755,0.614547222295627,-0.966358533149369
2.34940344947645,0.320529420906482,0.640103770080281,-0.96063319098678
2.34951185370886,0.288875738123718,0.664918053488848,-0.953793791612561
2.34962025794128,0.256886994866434,0.68896128304748,-0.945848277913909
2.3497286621737,0.224600314411738,0.71220554544386,-0.936805859855587
2.34983706640611,0.192053135556223,0.734623894011675,-0.926677029567895
2.34994547063853,0.159283217973429,0.756190309427567,-0.91547352740099
2.35005387487094,0.12632855709733,0.776879793800967,-0.903208350898288
2.35016227910336,0.0932273829093453,0.796668335163705,-0.889895718073053
2.35027068333577,0.0600180745893942,0.815532997685146,-0.875551072274532
2.35037908756819,0.0267391565044974,0.833451886920622,-0.860191043425117
2.3504874918006,-0.00657078594567965,0.850404235103997,-0.843833449158311
2.35059589603302,-0.0398731123716375,0.866370366530854,-0.826497254159199
2.35066350924242,-0.0606240410343878,0.875821436770228,-0.81519739573582
2.35073112245183,-0.0813474471776732,0.884877273511264,-0.803529826333621
2.35079873566123,-0.102034072995724,0.893533836764843,-0.791499763769112
2.35086634887063,-0.122674586955758,0.901787214373981,-0.779112627418211
2.35095850817632,-0.150716830115294,0.912380664130628,-0.76166383401529
2.35105066748201,-0.178632820553468,0.922209371741548,-0.743576551188082
2.35111086733142,-0.196789068327806,0.928212934983869,-0.731423866656033
2.35117106718083,-0.21487483629193,0.933884468326465,-0.719009632034525
2.35123126703024,-0.232883712443362,0.939221968361238,-0.706338255917888
2.35129146687965,-0.250809242230148,0.944223513882475,-0.6934142716523
2.35136396714159,-0.272277576896588,0.949798508895821,-0.677520931999227
2.35143646740354,-0.293604664917712,0.954880779115725,-0.661276114197988
2.35150896766549,-0.314779455011175,0.959467701669081,-0.644688246657902
2.35158146792744,-0.335790937741341,0.963556882760648,-0.62776594501927
2.35165396818938,-0.356628231144274,0.967146214878247,-0.610517983733902
2.35172646845133,-0.377280505778504,0.970233823154113,-0.592953317375612
2.35181463579419,-0.402130593925605,0.9733102404541,-0.571179646528473
2.35190280313705,-0.426672244667279,0.975639968134682,-0.548967723467383
2.35199097047991,-0.4508866067318,0.977221229025182,-0.526334622293355
2.35207913782278,-0.474755078130837,0.978052797125834,-0.503297718994982
2.35216730516564,-0.498259350057545,0.978134045650094,-0.479874695592556
2.3522554725085,-0.521381377974879,0.97746490073742,-0.456083522762524
2.35234363985136,-0.544103430837139,0.976045886649306,-0.431942455812161
2.35243180719422,-0.566408067277292,0.973878081216555,-0.407470013939237
2.35251997453708,-0.588278184069734,0.970963157926495,-0.382684973856732
2.35262837876957,-0.614547265972245,0.966358520748331,-0.351811254776034
2.35273678300206,-0.640103812483933,0.960633176599964,-0.320529364116036
2.35284518723455,-0.664918094566685,0.953793775251525,-0.288875680684856
2.35295359146704,-0.68896132274805,0.945848259592315,-0.25688693684424
2.35306199569953,-0.712205583717505,0.936805839589509,-0.224600255871968
2.35317039993201,-0.7346239308102,0.926677007375512,-0.192053076565305
2.3532788041645,-0.756190344704513,0.915473503302904,-0.159283158598382
2.35338720839699,-0.776879827511566,0.903208324917223,-0.126328497405673
2.35349561262948,-0.796668367265032,0.889895690234012,-0.0932273229689575
2.35360401686197,-0.815533028136036,0.875551042604605,-0.0600180144685448
2.35371242109446,-0.833451915681882,0.860191011953616,-0.026739096271713
2.35382082532694,-0.850404262138298,0.843833415916622,0.0065708462216799
2.35392922955943,-0.866370391802886,0.826497219180798,0.0398731726221204
2.35399684270852,-0.875821452664563,0.8151973699449,0.0606240827196808
2.3540644558576,-0.884877280724756,0.803529810396533,0.0813474703282508
2.35413206900669,-0.893533836005482,0.791499758338391,0.10203407766709
2.35419968215577,-0.901787206360333,0.779112633131954,0.122674573228372
2.35429184144552,-0.912380654748364,0.761663843140462,0.150716811607893
2.35438400073527,-0.922209361261213,0.743576563935014,0.178632797326152
2.35444420061422,-0.928212927808177,0.731423873726311,0.196789054081874
2.35450440049317,-0.933884464131505,0.719009633167663,0.214874830963822
2.35456460037212,-0.939221966819815,0.706338250859904,0.232883715959926
2.35462480025107,-0.944223514664662,0.693414260155906,0.250809254508757
2.35469730051071,-0.949798509250298,0.677520920827499,0.272277588422793
2.35476980077035,-0.954880779072508,0.661276103377504,0.293604675695003
2.35484230102999,-0.959467701258496,0.644688236214413,0.314779465044117
2.35491480128962,-0.963556882013426,0.627765934977796,0.335790947035611
2.35498730154926,-0.967146213825408,0.610517974118746,0.356628239706646
2.3550598018089,-0.97023382182704,0.592953308210254,0.377280513616786
2.35514796914691,-0.97331023877312,0.571179638451846,0.40213060032128
2.35523613648491,-0.97563996618166,0.54896771653155,0.426672249650087
2.35532430382292,-0.977221226882242,0.526334616547506,0.450886610334732
2.35541247116092,-0.978052794875526,0.503297714485555,0.474755080389981
2.35550063849893,-0.978134043375054,0.479874692363058,0.498259351011982
2.35558880583693,-0.977464898520269,0.456083520853504,0.52138137766677
2.35567697317494,-0.976045884572647,0.431942455261133,0.544103429311503
2.35576514051294,-0.973878079362599,0.407470014780631,0.566408064582004
2.35585330785095,-0.970963156377317,0.382684976121856,0.588278180255498
2.35596171208343,-0.966358519401331,0.351811257119924,0.614547262281401
2.35607011631591,-0.960633175454273,0.320529366532253,0.640103808921982
2.35617852054839,-0.953793774305891,0.288875683166896,0.664918091139011
2.35628692478087,-0.945848258845357,0.256886939385486,0.688961319459896
2.35639532901335,-0.936805839039585,0.22460025846572,0.712205580573877
2.35650373324583,-0.926677007020902,0.192053079204903,0.734623927815988
2.35661213747831,-0.915473503141411,0.159283161276979,0.756190341864457
2.35672054171079,-0.903208324946606,0.126328500116429,0.776879824830167
2.35682894594327,-0.889895690451707,0.093227325705047,0.796668364746666
2.35693735017576,-0.875551043007866,0.0600180172229833,0.815533025784894
2.35704575440824,-0.86019101253951,0.0267390990375838,0.833451913501945
2.35715415864072,-0.843833416681912,-0.00657084345138997,0.850404260133339
2.3572625628732,-0.826497220122157,-0.0398731698542992,0.866370389976456
2.35733017602315,-0.815197370845794,-0.0606240802251099,0.875821451070888
2.35739778917311,-0.803529811245963,-0.0813474681088532,0.884877279354807
2.35746540232306,-0.791499759125716,-0.10203407572432,0.893533834850072
2.35753301547302,-0.779112633846622,-0.122674571563403,0.90178720541002
2.35762517473277,-0.761663849751971,-0.150716800854887,0.912380650606833
2.35771733399252,-0.743576576851647,-0.17863277757886,0.922209354430517
2.35777753389655,-0.731423881858056,-0.196789041970102,0.928212923828157
2.35783773380058,-0.719009636292721,-0.214874826434509,0.933884462727187
2.35789793370462,-0.706338248762003,-0.232883718951823,0.939221967713829
2.35795813360865,-0.693414252624445,-0.250809264952612,0.94422351757702
2.35803063386848,-0.677520913134485,-0.272277598877953,0.949798512012399
2.35810313412831,-0.661276095523848,-0.293604686156981,0.954880781680838
2.35817563438815,-0.644688228201257,-0.314779475508341,0.959467703709604
2.35824813464798,-0.627765926806362,-0.335790957497469,0.9635568843038
2.35832063490781,-0.610517965790341,-0.356628250161433,0.967146215951766
2.35839313516764,-0.592953299726289,-0.377280524059849,0.970233823786102
2.35848130247938,-0.571179636389943,-0.402130603322383,0.973310239712329
2.35856946979113,-0.548967721152698,-0.42667224539297,0.975639966545669
2.35865763710287,-0.526334628097311,-0.45088659902005,0.97722122711733
2.35874580441462,-0.503297733193962,-0.474755062234877,0.978052795428837
2.35883397172637,-0.479874718443983,-0.498259326249771,0.978134044693741
2.35892213903811,-0.456083554504516,-0.521381346546568,0.97746490105107
2.35901030634986,-0.43194249666307,-0.544103392097913,0.976045888760968
2.3590984736616,-0.407470064097406,-0.566408021554664,0.973878085652047
2.35918664097335,-0.382685033500059,-0.588278131708716,0.970963165208735
2.35929504520575,-0.35181131534929,-0.614547215073316,0.966358530422622
2.35940344943816,-0.320529425542976,-0.64010376311231,0.96063318865526
2.35951185367056,-0.28887574288832,-0.664918046785737,0.953793789674026
2.35962025790297,-0.256886999746147,-0.688961276619367,0.945848276365453
2.35972866213537,-0.224600319393426,-0.712205539300611,0.936805858694067
2.35983706636778,-0.192053140626657,-0.734623888162848,0.926677028789494
2.35994547060018,-0.159283223119246,-0.756190303882362,0.915473527001591
2.36005387483259,-0.126328562305092,-0.776879788568186,0.903208350873269
2.36016227906499,-0.093227388165507,-0.796668330251847,0.889895718417337
2.36027068329739,-0.060018079880319,-0.815532993102379,0.875551072982659
2.3603790875298,-0.0267391618166083,-0.833451882674662,0.860191044491286
2.3604874917622,0.00657078062609637,-0.850404231202185,0.843833450576068
2.36059589599461,0.0398731070582257,-0.866370362980139,0.826497255921913
2.36066350920554,0.0606240362013945,-0.875821433651488,0.815197397450045
2.36073112241647,0.0813474428289646,-0.884877270808875,0.803529827979885
2.36079873562739,0.1020340691345,-0.893533834462864,0.791499765328345
2.36086634883832,0.122674583584683,-0.901787212456149,0.779112628871455
2.36095850808404,0.150716808577743,-0.912380655834971,0.761663847257198
2.36105066732977,0.178632781036847,-0.922209358071624,0.743576577034765
2.36111086722937,0.196789044090746,-0.928212927018322,0.731423882927547
2.36117106712898,0.214874827228226,-0.933884465515291,0.719009638287042
2.36123126702858,0.232883718430445,-0.939221970149119,0.706338251718658
2.36129146692819,0.250809263129394,-0.944223519709228,0.693414256579801
2.3613639671905,0.272277597813532,-0.949798514420609,0.677520916607049
2.36143646745282,0.293604685843388,-0.954880784331684,0.661276098488293
2.36150896771513,0.314779475936535,-0.959467706569472,0.64468823063293
2.36158146797745,0.335790958657165,-0.963556887338858,0.62776592868168
2.36165396823976,0.356628252041357,-0.967146219127869,0.610517967086518
2.36172646850208,0.377280526647454,-0.970233827068906,0.592953300421412
2.36181463579239,0.402130599902063,-0.973310242328596,0.571179642426498
2.3619028030827,0.426672236118973,-0.975639968858905,0.548967732739911
2.36199097037301,0.450886584060303,-0.977221229492166,0.526334645431866
2.36207913766332,0.474755041770713,-0.978052798230386,0.503297756459632
2.36216730495363,0.498259300475747,-0.978134048287159,0.479874747811426
2.36225547224394,0.521381315669964,-0.977464905800874,0.456083590130876
2.36234363953425,0.544103356338645,-0.976045895030603,0.431942538691952
2.36243180682456,0.566407981144828,-0.973878093803221,0.407470112658377
2.36251997411487,0.588278086892313,-0.970963175600899,0.382685088708577
2.36262837834721,0.614547171474249,-0.966358542806055,0.351811371331756
2.36273678257954,0.64010372078476,-0.96063320302081,0.320529482236032
2.36284518681188,0.664918005782427,-0.953793806010236,0.28887580022776
2.36295359104421,0.688961236991523,-0.945848294658579,0.256887057667001
2.36306199527655,0.712205501097884,-0.936805878927944,0.224600377830029
2.36317039950888,0.734623851433249,-0.926677050945903,0.192053199512636
2.36327880374122,0.75619026867222,-0.915473551059958,0.159283282387745
2.36338720797356,0.776879754922131,-0.903208376810821,0.126328621888655
2.36349561220589,0.796668298212729,-0.889895746209158,0.0932274479964079
2.36360401643823,0.815532962711108,-0.875551102601541,0.060018139890414
2.36371242067056,0.833451853970397,-0.860191075907855,0.0267392219374739
2.3638208249029,0.850404204222103,-0.843833483759113,-0.00657072046300644
2.36392922913523,0.866370337759438,-0.826497290837875,-0.0398730469215988
2.36399684240636,0.875821417790348,-0.815197423196255,-0.0606239945940916
2.36406445567749,0.884877263611906,-0.803529843891355,-0.0813474197205975
2.36413206894862,0.893533835223435,-0.791499770753692,-0.102034064469784
2.36419968221975,0.901787220457021,-0.779112623173756,-0.122674597283281
2.3642918414814,0.912380665203247,-0.761663838152226,-0.150716827051001
2.36438400074304,0.922209368537086,-0.743576564312331,-0.178632804224731
2.36444420061315,0.928212934184426,-0.731423875872681,-0.196789058311754
2.36450440048327,0.933884469705557,-0.719009637159843,-0.214874832545736
2.36456460035338,0.939221971690106,-0.706338256772582,-0.232883714917543
2.36462480022349,0.944223518930355,-0.693414268061851,-0.250809250868542
2.36469730048812,0.949798514069311,-0.677520927763358,-0.272277586305993
2.36476980075275,0.954880784377933,-0.661276109292259,-0.293604675085703
2.36484230101737,0.959467706982854,-0.644688241058813,-0.314779465924056
2.364914801282,0.963556888088617,-0.627765938704339,-0.335790949384258
2.36498730154662,0.967146220182842,-0.610517976681695,-0.356628243501165
2.36505980181125,0.970233828397753,-0.592953309565615,-0.377280518832166
2.36514796910642,0.973310244010616,-0.57117965048181,-0.402130593528819
2.36523613640158,0.975639970812341,-0.54896773965443,-0.426672231157942
2.36532430369675,0.97722123163484,-0.526334651156335,-0.450886580478506
2.36541247099191,0.978052800479753,-0.503297760947667,-0.474755039532107
2.36550063828708,0.978134050560726,-0.479874751019578,-0.498259299541142
2.36558880558225,0.977464908015909,-0.456083592018628,-0.521381315997306
2.36567697287741,0.976045897104612,-0.431942539221775,-0.544103357882844
2.36576514017258,0.973878095653888,-0.407470111795862,-0.566407983858013
2.36585330746774,0.970963177146302,-0.382685086422512,-0.588278090723803
2.36596171170008,0.966358544148732,-0.351811368967974,-0.61454717518077
2.36607011593242,0.960633204161893,-0.320529479801039,-0.640103724360877
2.36617852016476,0.953793806950962,-0.288875797728109,-0.664918009222817
2.3662869243971,0.945848295400386,-0.256887055109319,-0.688961240291074
2.36639532862944,0.936805879472573,-0.224600375221,-0.712205504251569
2.36650373286177,0.926677051295306,-0.192053196859068,-0.734623854436231
2.36661213709411,0.915473551216286,-0.159283279696435,-0.756190271519861
2.36672054132645,0.903208376776509,-0.126328619166529,-0.776879757609978
2.36682894555879,0.889895745986757,-0.0932274452503171,-0.79666830073644
2.36693734979113,0.87555110219397,-0.0600181371273297,-0.815532965066602
2.36704575402346,0.860191075318156,-0.0267392191643783,-0.833451856153765
2.3671541582558,0.843833482990501,0.00657072323919384,-0.850404206229686
2.36726256248814,0.826497289893811,0.0398730496938734,-0.866370339587681
2.3673301757584,0.815197422293063,0.0606239970924185,-0.875821419385496
2.36739778902866,0.803529843039892,0.0813474219430766,-0.884877264982988
2.36746540229892,0.791499769964767,0.102034066414827,-0.893533836379641
2.36753301556917,0.77911262245805,0.122674598949793,-0.901787221407822
2.3676251748608,0.761663831542991,0.15071683780034,-0.912380669343331
2.36771733415243,0.74357655140152,0.178632823963257,-0.922209375364776
2.36777753399747,0.731423867743711,0.196789070419449,-0.928212938163165
2.36783773384251,0.71900963403441,0.214874837075673,-0.933884471110059
2.36789793368756,0.706338258866828,0.232883711930893,-0.939221970797699
2.3679581335326,0.69341427558622,0.250809240434566,-0.944223516020776
2.36803063379704,0.677520935448005,0.272277575862191,-0.949798511310148
2.36810313406148,0.661276117136144,0.293604664636556,-0.954880781772735
2.36817563432592,0.644688249060826,0.314779455474147,-0.959467704534955
2.36824813459036,0.627765946863258,0.335790938938115,-0.963556885801354
2.3683206348548,0.610517984996038,0.356628233063495,-0.967146218059537
2.36839313511924,0.592953318034042,0.377280508407536,-0.970233826441593
2.36848130244066,0.571179652528553,0.402130590545248,-0.973310243073818
2.36856946976208,0.548967735018451,0.426672235431656,-0.975639970450129
2.36865763708351,0.526334639592136,0.450886591808915,-0.977221231401072
2.36874580440493,0.503297742225338,0.474755057702026,-0.978052799927351
2.36883397172635,0.479874724925195,0.498259324317282,-0.978134049242476
2.36892213904778,0.456083558354715,0.521381347130527,-0.977464905485244
2.3690103063692,0.431942497807484,0.544103395108623,-0.976045892916094
2.36909847369062,0.407470062467319,0.566408026896696,-0.973878089363996
2.36918664101205,0.382685029033095,0.588278139281101,-0.970963168314178
2.36929504524446,0.351811310726484,0.614547222399837,-0.966358533126308
2.36940344947688,0.320529420777181,0.640103770182001,-0.960633190959158
2.3695118537093,0.288875737992491,0.664918053587973,-0.953793791580452
2.36962025794172,0.256886994733414,0.688961283143812,-0.945848277877201
2.36972866217413,0.224600314277029,0.712205545537299,-0.936805859814314
2.36983706640655,0.192053135419994,0.734623894102074,-0.926677029522091
2.36994547063897,0.159283217835852,0.756190309514812,-0.915473527350651
2.37005387487139,0.12632855695852,0.776879793884944,-0.903208350843448
2.3701622791038,0.0932273827694807,0.796668335244284,-0.889895718013729
2.37027068333622,0.0600180744485974,0.815532997762176,-0.875551072210742
2.37037908756864,0.0267391563629426,0.833451886993997,-0.860191043356926
2.37048749180105,-0.00657078608785085,0.850404235173601,-0.843833449085749
2.37059589603347,-0.039873112514241,0.866370366596568,-0.826497254082321
2.37066350924273,-0.0606240411332069,0.875821436813858,-0.815197395680651
2.37073112245199,-0.0813474472327717,0.88487727353443,-0.803529826301623
2.37079873566126,-0.102034073007241,0.893533836769233,-0.791499763761939
2.37086634887052,-0.122674586923937,0.901787214361267,-0.779112627437271
2.37095850817618,-0.150716830076414,0.912380664116189,-0.761663834039778
2.37105066748185,-0.178632820507662,0.922209371725928,-0.743576551218218
2.37111086733132,-0.196789068301142,0.928212934975245,-0.731423866674044
2.37117106718079,-0.214874836284234,0.933884468324125,-0.719009632039869
2.37123126703026,-0.232883712454493,0.939221968364513,-0.706338255910006
2.37129146687974,-0.250809242259916,0.944223513890635,-0.693414271630685
2.37136396714167,-0.272277576921347,0.949798508902201,-0.677520931980793
2.3714364674036,-0.293604664937504,0.954880779120482,-0.66127611418296
2.37150896766553,-0.314779455026094,0.959467701672486,-0.644688246646378
2.37158146792746,-0.335790937751378,0.963556882762861,-0.62776594501148
2.37165396818939,-0.356628231149533,0.967146214879585,-0.610517983729989
2.37172646845132,-0.377280505779091,0.970233823154754,-0.592953317375632
2.37181463579416,-0.402130593921383,0.973310240454312,-0.571179646532918
2.37190280313701,-0.426672244658352,0.97563996813471,-0.548967723476378
2.37199097047985,-0.45088660671831,0.977221229025354,-0.526334622307018
2.3720791378227,-0.474755078113002,0.978052797126482,-0.50329771901346
2.37216730516554,-0.498259350035426,0.978134045651484,-0.47987469561604
2.37225547250838,-0.521381377948722,0.977464900739816,-0.456083522791095
2.37234363985123,-0.544103430807081,0.976045886653061,-0.431942455845984
2.37243180719407,-0.566408067243532,0.973878081221877,-0.407470013978364
2.37251997453692,-0.588278184032459,0.970963157933738,-0.382684973901262
2.37262837876941,-0.614547265935922,0.966358520757304,-0.351811254821354
2.37273678300189,-0.64010381244862,0.960633176610731,-0.320529364162092
2.37284518723438,-0.664918094532385,0.953793775264022,-0.288875680731609
2.37295359146687,-0.688961322714956,0.94584825960655,-0.256886936891547
2.37306199569936,-0.712205583685586,0.93680583960543,-0.22460025591982
2.37317039993185,-0.734623930779472,0.926677007393215,-0.192053076613695
2.37327880416433,-0.756190344675049,0.91547350332232,-0.159283158647232
2.37338720839682,-0.776879827483376,0.903208324938305,-0.126328497454919
2.37349561262931,-0.796668367238203,0.889895690256807,-0.0932273230185494
2.3736040168618,-0.815533028110623,0.875551042629059,-0.0600180145184258
2.37371242109429,-0.833451915657932,0.860191011979719,-0.0267390963218009
2.37382082532677,-0.85040426211579,0.843833415944365,0.0065708461714541
2.37392922955926,-0.866370391781911,0.826497219210166,0.0398731725717646
2.37399684270839,-0.875821452651194,0.81519736996706,0.0606240826841357
2.37406445585753,-0.884877280718392,0.803529810410917,0.0813474703074887
2.37413206900666,-0.893533836005553,0.791499758344515,0.102034077661037
2.37419968215579,-0.901787206366286,0.779112633129305,0.122674573236984
2.37429184144553,-0.912380654752721,0.761663843140224,0.150716811612522
2.37438400073527,-0.922209361264139,0.74357656393735,0.178632797326818
2.37444420061421,-0.928212927811154,0.731423873728726,0.196789054082451
2.37450440049316,-0.933884464134442,0.719009633170201,0.214874830964302
2.37456460037211,-0.939221966822789,0.706338250862534,0.232883715960284
2.37462480025106,-0.944223514667674,0.693414260158666,0.250809254509022
2.37469730051071,-0.949798509253785,0.677520920828921,0.272277588424889
2.37476980077035,-0.954880779076418,0.661276103377525,0.293604675698902
2.37484230103,-0.959467701262761,0.644688236212988,0.314779465049784
2.37491480128964,-0.96355688201793,0.627765934974927,0.335790947043029
2.37498730154929,-0.967146213830081,0.610517974114304,0.356628239715784
2.37505980180893,-0.970233821831771,0.592953308204188,0.377280513627592
2.37514796914692,-0.973310238777171,0.571179638449231,0.402130600327994
2.37523613648491,-0.975639966185247,0.548967716532467,0.426672249652808
2.3753243038229,-0.977221226885664,0.526334616552121,0.450886610333546
2.3754124711609,-0.978052794878976,0.503297714493936,0.474755080385052
2.37550063849889,-0.978134043378773,0.479874692375393,0.498259351003386
2.37558880583688,-0.977464898524499,0.45608352086987,0.521381377654674
2.37567697317487,-0.976045884577649,0.431942455281632,0.544103429296046
2.37576514051286,-0.973878079368646,0.407470014805387,0.56640806456327
2.37585330785085,-0.97096315638461,0.38268497615091,0.588278180233712
2.37596171208333,-0.966358519409559,0.351811257149109,0.614547262260483
2.37607011631581,-0.960633175463441,0.320529366561574,0.640103808901902
2.37617852054829,-0.953793774316024,0.288875683196266,0.66491809111978
2.37628692478078,-0.945848258856412,0.256886939414838,0.6889613194416
2.37639532901326,-0.936805839051534,0.224600258495076,0.712205580556481
2.37650373324574,-0.926677007033645,0.192053079234166,0.734623927799513
2.37661213747822,-0.915473503155011,0.159283161306172,0.75619034184887
2.3767205417107,-0.903208324960979,0.126328500145467,0.776879824815542
2.37682894594318,-0.889895690466832,0.0932273257339013,0.796668364732952
2.37693735017567,-0.875551043023808,0.0600180172516906,0.815533025772101
2.37704575440815,-0.860191012556123,0.0267390990660547,0.833451913490076
2.37715415864063,-0.843833416699228,-0.00657084342315907,0.850404260122409
2.37726256287311,-0.826497220140095,-0.0398731698263718,0.866370389966499
2.3773301760231,-0.815197370858974,-0.0606240802066342,0.875821451065625
2.37739778917308,-0.803529811254114,-0.0813474680997577,0.884877279353897
2.37746540232307,-0.791499759128509,-0.102034075724622,0.893533834853133
2.37753301547305,-0.779112633843651,-0.122674571573056,0.901787205416699
2.37762517473284,-0.761663849740831,-0.150716800876923,0.91238065061775
2.37771733399263,-0.743576576831882,-0.178632777613106,0.922209354444978
2.37777753389663,-0.731423881846528,-0.196789041991283,0.928212923837813
2.37783773380062,-0.719009636289892,-0.214874826442662,0.93388446273253
2.37789793370461,-0.70633824876822,-0.232883718947046,0.939221967715281
2.3779581336086,-0.693414252640042,-0.250809264935043,0.944223517575085
2.37803063386844,-0.677520913148832,-0.272277598862487,0.949798512011295
2.37810313412827,-0.661276095536964,-0.293604686143583,0.95488078168052
2.37817563438811,-0.644688228212965,-0.314779475496999,0.959467703709978
2.37824813464795,-0.627765926816675,-0.335790957488129,0.963556884304825
2.37832063490779,-0.610517965799175,-0.356628250154128,0.967146215953261
2.37839313516762,-0.592953299733563,-0.377280524054485,0.970233823788043
2.37848130247938,-0.57117963639583,-0.402130603318713,0.973310239714506
2.37856946979113,-0.548967721157152,-0.426672245390946,0.975639966548068
2.37865763710288,-0.526334628100306,-0.450886599019588,0.977221227119907
2.37874580441463,-0.503297733195436,-0.474755062235969,0.978052795431376
2.37883397172638,-0.479874718443886,-0.498259326252383,0.978134044696249
2.37892213903813,-0.456083554502776,-0.521381346550617,0.977464901053404
2.37901030634988,-0.431942496659625,-0.544103392103375,0.976045888763008
2.37909847366163,-0.407470064092254,-0.566408021561449,0.973878085653675
2.37918664097338,-0.382685033493155,-0.588278131716751,0.970963165209908
2.37929504520579,-0.351811315342209,-0.614547215081173,0.966358530423386
2.37940344943819,-0.320529425535778,-0.64010376311992,0.960633188655654
2.3795118536706,-0.288875742880998,-0.664918046793057,0.953793789674049
2.379620257903,-0.256886999738737,-0.688961276626426,0.945848276365139
2.37972866213541,-0.224600319385905,-0.712205539307405,0.936805858693282
2.37983706636781,-0.192053140619006,-0.734623888169369,0.926677028788382
2.37994547060022,-0.159283223111554,-0.756190303888564,0.915473527000121
2.38005387483262,-0.126328562297306,-0.776879788574121,0.903208350871408
2.38016227906503,-0.0932273881577004,-0.796668330257466,0.889895718415143
2.38027068329743,-0.0600180798724907,-0.815532993107674,0.875551072980144
2.38037908752984,-0.0267391618087602,-0.833451882679652,0.860191044488385
2.38048749176224,0.00657078063394614,-0.850404231206827,0.843833450572893
2.38059589599465,0.0398731070661274,-0.866370362984481,0.826497255918348
2.38066350920556,0.0606240362051118,-0.875821433653698,0.815197397448558
2.38073112241648,0.0813474428285419,-0.884877270809195,0.803529827980647
2.38079873562739,0.102034069129994,-0.893533834461456,0.791499765331428
2.38086634883831,0.122674583576098,-0.901787212453198,0.779112628877052
2.38095850808406,0.15071680857783,-0.912380655835246,0.76166384725743
2.38105066732981,0.178632781045546,-0.922209358074738,0.743576577029175
2.3811108672294,0.19678904409576,-0.928212927020032,0.731423882924267
2.38117106712899,0.21487482722958,-0.933884465515762,0.719009638286155
2.38123126702859,0.232883718428175,-0.939221970148395,0.706338251720214
2.38129146692818,0.250809263123559,-0.944223519707555,0.693414256583966
2.38136396719049,0.272277597806495,-0.949798514418696,0.677520916612169
2.3814364674528,0.293604685835203,-0.954880784329561,0.661276098494348
2.38150896771511,0.314779475927215,-0.959467706567235,0.644688230640015
2.38158146797742,0.335790958646736,-0.963556887336503,0.62776592868978
2.38165396823974,0.356628252029849,-0.967146219125498,0.610517967095633
2.38172646850205,0.377280526634875,-0.970233827066532,0.592953300431682
2.38181463579238,0.402130599897208,-0.973310242327347,0.571179642430115
2.38190280308272,0.426672236121635,-0.975639968858281,0.548967732736666
2.38199097037306,0.450886584070287,-0.977221229491748,0.526334645421453
2.3820791376634,0.474755041787796,-0.97805279822965,0.503297756441856
2.38216730495374,0.498259300499667,-0.978134048285735,0.479874747786024
2.38225547224407,0.521381315700474,-0.977464905798241,0.456083590097736
2.38234363953441,0.544103356375494,-0.976045895026274,0.431942538650776
2.38243180682475,0.56640798118766,-0.973878093796751,0.40747011260907
2.38251997411509,0.588278086940884,-0.970963175591875,0.382685088650976
2.38262837834742,0.614547171520996,-0.966358542794872,0.351811371273874
2.38273678257975,0.640103720829674,-0.960633203007562,0.320529482177876
2.38284518681209,0.664918005825476,-0.953793805994978,0.288875800169467
2.38295359104442,0.688961237032679,-0.945848294641329,0.256887057608624
2.38306199527675,0.712205501137135,-0.93680587890879,0.22460037777164
2.38317039950909,0.734623851470546,-0.926677050924921,0.192053199454326
2.38327880374142,0.756190268707575,-0.915473551037169,0.159283282329583
2.38338720797375,0.776879754955485,-0.903208376786254,0.12632862183076
2.38349561220609,0.796668298244085,-0.889895746182898,0.0932274479388149
2.38360401643842,0.815532962740482,-0.875551102573757,0.060018139833224
2.38371242067075,0.83345185399773,-0.860191075878538,0.026739221880751
2.38382082490309,0.850404204247469,-0.843833483728282,-0.00657072051919115
2.38392922913542,0.866370337782792,-0.826497290805601,-0.0398730469772018
2.3839968424065,0.875821417805517,-0.815197423171808,-0.0606239946337073
2.38406445567758,0.884877263619453,-0.803529843875208,-0.0813474197442381
2.38413206894866,0.893533835223933,-0.791499770746465,-0.10203406447747
2.38419968221973,0.901787220451148,-0.779112623175998,-0.122674597275123
2.38429184148142,0.912380665201734,-0.761663838147228,-0.150716827054512
2.3843840007431,0.922209368539365,-0.743576564299516,-0.178632804239856
2.3844442006132,0.928212934184913,-0.731423875862719,-0.196789058322195
2.3845044004833,0.933884469704445,-0.719009637152809,-0.214874832551592
2.38456460035339,0.939221971687487,-0.706338256768683,-0.232883714918804
2.38462480022349,0.944223518926417,-0.693414268061161,-0.250809250865267
2.38469730048809,0.9497985140637,-0.67752092776778,-0.272277586295942
2.3847698007527,0.954880784370964,-0.661276109302005,-0.293604675068948
2.3848423010173,0.959467706974819,-0.644688241074149,-0.3147794659007
2.3849148012819,0.963556888079785,-0.627765938725447,-0.335790949354375
2.38498730154651,0.967146220173631,-0.610517976708719,-0.356628243464958
2.38505980181111,0.970233828388479,-0.592953309598818,-0.37728051878968
2.38514796910626,0.973310244002175,-0.571179650518898,-0.402130593483261
2.38523613640142,0.975639970804897,-0.5489677396955,-0.426672231109407
2.38532430369657,0.97722123162859,-0.526334651201513,-0.450886580427125
2.38541247099172,0.978052800475025,-0.503297760997024,-0.474755039478006
2.38550063828688,0.978134050557649,-0.479874751073173,-0.498259299484493
2.38558880558203,0.977464908014773,-0.456083592076553,-0.521381315938213
2.38567697287718,0.976045897105534,-0.431942539284041,-0.544103357821524
2.38576514017233,0.973878095657113,-0.407470111862562,-0.566407983794587
2.38585330746749,0.970963177152088,-0.382685086493668,-0.588278090658392
2.38596171169982,0.966358544157307,-0.351811369040536,-0.614547175116723
2.38607011593216,0.960633204173144,-0.320529479874863,-0.640103724298289
2.3861785201645,0.953793806964901,-0.288875797803133,-0.664918009161785
2.38628692439684,0.945848295417077,-0.25688705518544,-0.688961240231644
2.38639532862917,0.936805879492058,-0.224600375298224,-0.712205504193816
2.38650373286151,0.926677051317534,-0.192053196937262,-0.734623854380291
2.38661213709385,0.915473551241292,-0.159283279775518,-0.756190271465772
2.38672054132618,0.903208376804197,-0.126328619246374,-0.776879757557802
2.38682894555852,0.889895746017176,-0.0932274453308737,-0.796668300686289
2.38693734979086,0.875551102227095,-0.0600181372084745,-0.815532965018585
2.38704575402319,0.860191075353914,-0.0267392192460344,-0.833451856107915
2.38715415825553,0.843833483028943,0.0065707231570895,-0.85040420618603
2.38726256248787,0.826497289934898,0.0398730496114748,-0.866370339546383
2.38733017575821,0.815197422321883,0.0606239970349993,-0.875821419356878
2.38739778902855,0.803529843055519,0.0813474219105888,-0.884877264966105
2.38746540229889,0.791499769966323,0.102034066407233,-0.893533836373535
2.38753301556923,0.779112622444606,0.12267459896697,-0.901787221411594
2.38762517486085,0.761663831528783,0.150716837818122,-0.912380669346884
2.38771733415248,0.743576551386516,0.178632823981604,-0.922209375368094
2.3877775339975,0.731423867733586,0.196789070430173,-0.928212938163764
2.38783773384252,0.719009634029304,0.214874837078882,-0.933884471108187
2.38789793368754,0.706338258867002,0.23288371192662,-0.939221970793623
2.38795813353256,0.693414275591884,0.250809240422891,-0.944223516014817
2.38803063379698,0.677520935458151,0.272277575844875,-0.94979851130302
2.3881031340614,0.661276117151071,0.293604664613638,-0.954880781764677
2.38817563432582,0.644688249080631,0.314779455445714,-0.959467704526345
2.38824813459024,0.627765946888124,0.335790938904274,-0.963556885792391
2.38832063485466,0.610517985026144,0.356628233024351,-0.967146218050496
2.38839313511908,0.592953318069485,0.377280508363275,-0.970233826432762
2.38848130244048,0.571179652570579,0.402130590495027,-0.973310243065606
2.38856946976188,0.548967735067293,0.426672235375691,-0.975639970443002
2.38865763708328,0.52633463964793,0.450886591747395,-0.977221231395331
2.38874580440468,0.503297742288259,0.474755057635227,-0.978052799923459
2.38883397172608,0.479874724995355,0.49825932424547,-0.978134049240803
2.38892213904748,0.456083558432287,0.521381347053921,-0.977464905486192
2.38901030636888,0.431942497892587,0.544103395027463,-0.976045892920036
2.38909847369028,0.407470062560119,0.566408026811254,-0.973878089371362
2.38918664101168,0.382685029133634,0.588278139191698,-0.97096316832535
2.38929504524409,0.351811310828768,0.614547222312574,-0.966358533141322
2.38940344947651,0.320529420881116,0.640103770096963,-0.960633190978046
2.38951185370893,0.288875738098024,0.664918053505208,-0.953793791603199
2.38962025794134,0.256886994840406,0.688961283063458,-0.945848277903843
2.38972866217376,0.22460031438536,0.712205545459516,-0.936805859844851
2.38983706640617,0.192053135529551,0.734623894026967,-0.926677029556512
2.38994547063859,0.159283217946506,0.756190309442431,-0.915473527388941
2.39005387487101,0.126328557070173,0.776879793815385,-0.903208350885551
2.39016227910342,0.0932273828819354,0.796668335177677,-0.88989571805959
2.39027068333584,0.0600180745617692,0.815532997698639,-0.875551072260391
2.39037908756825,0.0267391564767053,0.833451886933608,-0.860191043410294
2.39048749180067,-0.00657078597360576,0.850404235116465,-0.84383344914285
2.39059589603309,-0.0398731123997276,0.866370366542765,-0.826497254143044
2.39066350924246,-0.0606240410531966,0.875821436777626,-0.815197395724416
2.39073112245183,-0.0813474471872652,0.884877273514529,-0.803529826327252
2.39079873566121,-0.102034072996106,0.893533836764264,-0.791499763768171
2.39086634887058,-0.122674586947075,0.901787214369962,-0.779112627422852
2.39095850817623,-0.150716830093863,0.912380664122373,-0.761663834028436
2.39105066748188,-0.178632820519402,0.922209371729786,-0.743576551210329
2.39111086733133,-0.196789068307007,0.928212934977026,-0.731423866669973
2.39117106718078,-0.214874836284261,0.933884468324131,-0.719009632039861
2.39123126703023,-0.232883712448715,0.939221968362932,-0.70633825591418
2.39129146687968,-0.250809242248404,0.944223513887642,-0.693414271639244
2.39136396714163,-0.272277576914125,0.949798508900561,-0.677520931986446
2.39143646740357,-0.293604664934575,0.954880779120098,-0.661276114185489
2.39150896766552,-0.314779455027314,0.95946770167311,-0.644688246645786
2.39158146792746,-0.335790937756743,0.963556882764308,-0.627765945007581
2.39165396818941,-0.356628231158988,0.96714621488162,-0.610517983722576
2.39172646845135,-0.377280505792498,0.97023382315724,-0.592953317364723
2.39181463579415,-0.402130593920273,0.973310240454922,-0.571179646534663
2.39190280313694,-0.426672244643072,0.97563996813436,-0.548967723491285
2.39199097047973,-0.45088660668928,0.977221229024885,-0.526334622335564
2.39207913782252,-0.474755078070605,0.978052797126762,-0.503297719056143
2.39216730516532,-0.49825934998017,0.978134045653404,-0.479874695673204
2.39225547250811,-0.521381377881056,0.977464900744258,-0.456083522863227
2.3923436398509,-0.54410343072754,0.976045886660897,-0.431942455933338
2.3924318071937,-0.566408067152651,0.973878081233974,-0.407470014081323
2.39251997453649,-0.588278183930877,0.970963157950933,-0.382684974020049
2.39262837876898,-0.614547265837525,0.966358520778871,-0.351811254941316
2.39273678300147,-0.640103812353476,0.96063317663657,-0.320529364283093
2.39284518723396,-0.664918094440628,0.953793775294133,-0.288875680853477
2.39295359146645,-0.688961322626581,0.945848259640841,-0.256886937014221
2.39306199569894,-0.71220558360072,0.936805839643824,-0.224600256043102
2.39317039993143,-0.734623930698235,0.926677007435626,-0.192053076737373
2.39327880416392,-0.756190344597469,0.915473503368664,-0.15928315877117
2.39338720839641,-0.776879827409591,0.90320832498857,-0.126328497578951
2.3934956126289,-0.796668367168212,0.889895690310762,-0.0932273231425423
2.39360401686139,-0.815533028044453,0.875551042686685,-0.0600180146422067
2.39371242109387,-0.833451915595682,0.860191012040934,-0.0267390964452378
2.39382082532636,-0.850404262057552,0.843833416009047,0.0065708460485162
2.39392922955885,-0.866370391727613,0.826497219278191,0.0398731724494798
2.39399684270811,-0.875821452615803,0.815197370016771,0.0606240825990516
2.39406445585736,-0.884877280700549,0.803529810441018,0.0813474702595415
2.39413206900662,-0.893533836003758,0.79149975835369,0.102034077650087
2.39419968215587,-0.901787206379144,0.779112633116279,0.122674573262899
2.3942918414456,-0.912380654764792,0.761663843126869,0.15071681163797
2.39438400073534,-0.922209361275467,0.743576563923728,0.17863279735177
2.39444420061426,-0.92821292781899,0.731423873721226,0.196789054097787
2.39450440049317,-0.933884464139191,0.719009633169092,0.214874830970104
2.39456460037209,-0.939221966824725,0.706338250868106,0.232883715956635
2.39462480025101,-0.944223514667135,0.693414260171166,0.250809254496018
2.39469730051066,-0.94979850925378,0.677520920841326,0.272277588412476
2.3947698007703,-0.954880779076842,0.661276103389786,0.293604675687105
2.39484230102995,-0.959467701263643,0.644688236225004,0.314779465038647
2.3949148012896,-0.963556882019253,0.627765934986762,0.335790947032488
2.39498730154924,-0.967146213831761,0.610517974125906,0.356628239705839
2.39505980180889,-0.970233821833829,0.592953308215595,0.377280513618293
2.39514796914686,-0.973310238779084,0.571179638465181,0.402130600313904
2.39523613648484,-0.97563996618725,0.54896771655326,0.426672249634037
2.39532430382281,-0.977221226888049,0.526334616577796,0.450886610310283
2.39541247116078,-0.978052794882108,0.503297714524736,0.474755080357391
2.39550063849876,-0.978134043382961,0.479874692411386,0.498259350971563
2.39558880583673,-0.97746489853001,0.456083520911213,0.521381377618793
2.3956769731747,-0.976045884584731,0.43194245532844,0.544103429256332
2.39576514051267,-0.97387807937771,0.407470014857746,0.566408064519959
2.39585330785065,-0.970963156395876,0.382684976208914,0.58827818018696
2.39596171208313,-0.966358519422961,0.35181125720807,0.614547262214869
2.39607011631561,-0.960633175478905,0.320529366621388,0.640103808857555
2.39617852054809,-0.953793774333608,0.288875683256834,0.66491809107675
2.39628692478057,-0.945848258876087,0.256886939476172,0.688961319399911
2.39639532901305,-0.936805839073264,0.22460025855708,0.71220558051623
2.39650373324554,-0.926677007057486,0.192053079296753,0.734623927760747
2.39661213747802,-0.915473503180962,0.15928316136931,0.756190341811628
2.3967205417105,-0.903208324988958,0.126328500209066,0.776879824779886
2.39682894594298,-0.88989569049681,0.0932273257978474,0.796668364698973
2.39693735017546,-0.875551043055777,0.0600180173159479,0.815533025739818
2.39704575440794,-0.860191012590055,0.0267390991305267,0.833451913459539
2.39715415864042,-0.843833416735106,-0.00657084335854178,0.850404260093649
2.3972625628729,-0.826497220177909,-0.0398731697616437,0.866370389939547
2.39733017602295,-0.815197370886971,-0.060624080161738,0.875821451048723
2.397397789173,-0.803529811271595,-0.0813474680746691,0.884877279346283
2.39746540232305,-0.791499759134723,-0.102034075719264,0.893533834853986
2.3975330154731,-0.779112633838026,-0.122674571587363,0.901787205425351
2.39762517473291,-0.761663849731747,-0.150716800896068,0.912380650627816
2.39771733399272,-0.743576576819115,-0.178632777637017,0.922209354456121
2.39777753389668,-0.731423881839587,-0.196789042006022,0.928212923845572
2.39783773380064,-0.719009636288974,-0.214874826448295,0.933884462737242
2.3978979337046,-0.706338248773629,-0.232883718943645,0.939221967717259
2.39795813360856,-0.693414252651995,-0.250809264922706,0.944223517574722
2.39803063386841,-0.677520913157573,-0.272277598854778,0.949798512012359
2.39810313412827,-0.661276095542292,-0.293604686140474,0.954880781682718
2.39817563438812,-0.644688228214738,-0.314779475498426,0.959467703713156
2.39824813464797,-0.627765926814749,-0.335790957494025,0.963556884308772
2.39832063490783,-0.610517965793424,-0.356628250164384,0.96714621595776
2.39839313516768,-0.592953299723839,-0.377280524069057,0.970233823792886
2.39848130247945,-0.571179636381682,-0.402130603337763,0.973310239719432
2.39856946979121,-0.548967721138365,-0.426672245414382,0.975639966552738
2.39865763710298,-0.52633462807668,-0.450886599047306,0.977221227124023
2.39874580441475,-0.503297733166921,-0.474755062267783,0.978052795434675
2.39883397172652,-0.479874718410318,-0.498259326288129,0.978134044698457
2.39892213903829,-0.456083554464085,-0.521381346590109,0.977464901054197
2.39901030635005,-0.431942496615706,-0.544103392146412,0.976045888762134
2.39909847366182,-0.407470064043024,-0.566408021607841,0.973878085650902
2.39918664097359,-0.382685033438497,-0.588278131766339,0.970963165204872
2.399295045206,-0.351811315286646,-0.614547215129513,0.966358530416153
2.3994034494384,-0.320529425479336,-0.64010376316696,0.960633188646279
2.39951185367081,-0.288875742823807,-0.664918046838708,0.953793789662526
2.39962025790321,-0.256886999680787,-0.688961276670664,0.945848276351434
2.39972866213562,-0.224600319327298,-0.712205539350171,0.936805858677476
2.39983706636802,-0.192053140559837,-0.73462388821062,0.926677028770432
2.39994547060043,-0.159283223051828,-0.756190303928228,0.915473526980051
2.40005387483283,-0.126328562237173,-0.776879788612122,0.903208350849278
2.40016227906524,-0.093227388097181,-0.796668330293809,0.889895718390962
2.40027068329764,-0.0600180798116815,-0.815532993142235,0.875551072953863
2.40037908753005,-0.0267391617476802,-0.833451882712395,0.860191044460057
2.40048749176245,0.0065707806951859,-0.850404231237791,0.843833450542565
2.40059589599486,0.0398731071273847,-0.866370363013496,0.826497255886112
2.40066350920572,0.060624036250013,-0.875821433674221,0.815197397424198
2.40073112241658,0.0813474428570858,-0.884877270821842,0.803529827964742
2.40079873562744,0.102034069142181,-0.893533834466814,0.791499765324589
2.4008663488383,0.122674583572014,-0.901787212451874,0.779112628879837
2.40095850808409,0.150716808584253,-0.912380655837783,0.761663847253519
2.40105066732988,0.178632781062338,-0.922209358080511,0.743576577018155
2.40111086722945,0.196789044106128,-0.92821292702344,0.731423882917246
2.40117106712902,0.214874827233497,-0.933884465516936,0.71900963828341
2.40123126702859,0.232883718425743,-0.939221970147634,0.706338251721876
2.40129146692817,0.250809263114773,-0.944223519705051,0.693414256590244
2.40136396719047,0.272277597797171,-0.949798514416139,0.677520916618943
2.40143646745278,0.293604685825334,-0.954880784327043,0.661276098501696
2.40150896771509,0.314779475916739,-0.959467706564709,0.644688230647963
2.4015814679774,0.3357909586357,-0.963556887334063,0.627765928698356
2.40165396823971,0.356628252018254,-0.967146219123118,0.610517967104818
2.40172646850202,0.37728052662276,-0.970233827064305,0.592953300441514
2.40181463579238,0.402130599892163,-0.973310242326081,0.571179642433886
2.40190280308274,0.426672236123462,-0.975639968857663,0.548967732734165
2.4019909703731,0.450886584078826,-0.977221229491294,0.526334645412442
2.40207913766347,0.474755041802839,-0.978052798228982,0.503297756426083
2.40216730495383,0.498259300520964,-0.978134048284362,0.479874747763358
2.40225547224419,0.521381315727809,-0.977464905795735,0.456083590067899
2.40234363953455,0.544103356408641,-0.976045895022253,0.431942538613593
2.40243180682492,0.566407981226372,-0.973878093790783,0.407470112564402
2.40251997411528,0.588278086984798,-0.970963175583523,0.382685088598745
2.40262837834761,0.614547171563349,-0.966358542784606,0.351811371221231
2.40273678257994,0.64010372087041,-0.960633202995425,0.320529482124971
2.40284518681228,0.664918005864561,-0.95379380598096,0.288875800116354
2.40295359104461,0.688961237070092,-0.945848294625521,0.256887057555364
2.40306199527694,0.71220550117287,-0.936805878891144,0.224600377718275
2.40317039950927,0.734623851504571,-0.926677050905577,0.192053199400969
2.4032788037416,0.756190268739808,-0.915473551016156,0.15928328227631
2.40338720797394,0.776879754985995,-0.903208376763586,0.126328621777589
2.40349561220627,0.796668298272794,-0.889895746158665,0.0932274478858484
2.4036040164386,0.815532962767405,-0.875551102547954,0.0600181397805316
2.40371242067093,0.833451854022864,-0.860191075851249,0.0267392218283676
2.40382082490326,0.850404204270727,-0.843833483699563,-0.00657072057118375
2.4039292291356,0.866370337804232,-0.826497290775543,-0.0398730470287124
2.40399684240663,0.87582141781995,-0.815197423148206,-0.0606239946717438
2.40406445567767,0.884877263627412,-0.803529843858568,-0.0813474197688162
2.4041320689487,0.893533835225832,-0.791499770737305,-0.102034064488578
2.40419968221973,0.901787220447587,-0.779112623174758,-0.122674597272837
2.40429184148144,0.912380665200857,-0.76166383814137,-0.150716827059511
2.40438400074315,0.922209368540754,-0.743576564288703,-0.17863280425207
2.40444420061323,0.928212934184747,-0.731423875854313,-0.196789058330404
2.40450440048332,0.933884469702811,-0.719009637147069,-0.214874832555771
2.4045646003534,0.939221971684612,-0.706338256765633,-0.232883714919005
2.40462480022349,0.944223518922466,-0.693414268060981,-0.250809250861502
2.40469730048809,0.949798514059763,-0.677520927767633,-0.272277586292158
2.40476980075269,0.954880784367042,-0.661276109301928,-0.293604675065123
2.4048423010173,0.959467706970936,-0.644688241074043,-0.314779465896897
2.4049148012819,0.963556888075956,-0.627765938725404,-0.335790949350585
2.4049873015465,0.967146220169799,-0.610517976708721,-0.356628243461139
2.4050598018111,0.97023382838474,-0.592953309598837,-0.377280518785894
2.40514796910629,0.973310243999541,-0.57117965050989,-0.402130593489623
2.40523613640148,0.975639970802784,-0.548967739677096,-0.426672231125702
2.40532430369667,0.97722123162643,-0.526334651173356,-0.450886580453084
2.40541247099186,0.97805280047208,-0.503297760958839,-0.474755039513297
2.40550063828705,0.978134050553412,-0.479874751024617,-0.498259299528801
2.40558880558224,0.977464908008563,-0.456083592017413,-0.521381315991161
2.40567697287743,0.976045897096796,-0.431942539214049,-0.544103357882749
2.40576514017262,0.973878095645169,-0.407470111781518,-0.566407983863674
2.40585330746781,0.970963177136351,-0.382685086401336,-0.58827809073504
2.40596171170015,0.966358544138169,-0.351811368946714,-0.614547175191489
2.40607011593249,0.960633204150678,-0.320529479779646,-0.640103724371013
2.40617852016482,0.953793806939039,-0.288875797706616,-0.66491800923244
2.40628692439716,0.945848295387862,-0.256887055087775,-0.688961240300085
2.4063953286295,0.936805879459444,-0.224600375199437,-0.712205504259996
2.40650373286184,0.926677051281588,-0.192053196837519,-0.734623854444073
2.40661213709418,0.915473551201974,-0.159283279674893,-0.756190271527101
2.40672054132651,0.903208376761637,-0.12632861914501,-0.776879757616594
2.40682894555885,0.889895745971347,-0.0932274452288939,-0.796668300742445
2.40693734979119,0.875551102177963,-0.0600181371059553,-0.815532965072037
2.40704575402353,0.860191075301617,-0.0267392191430674,-0.833451856158558
2.40715415825586,0.843833482973462,0.00657072326034061,-0.850404206233816
2.4072625624882,0.826497289876347,0.0398730497148782,-0.866370339591222
2.40733017575844,0.815197422278075,0.0606239971083377,-0.875821419386419
2.40739778902869,0.803529843027506,0.081347421953942,-0.884877264981472
2.40746540229893,0.791499769955242,0.102034066420674,-0.893533836375895
2.40753301556917,0.779112622451443,0.122674598950606,-0.901787221402066
2.40762517486076,0.761663831542562,0.15071683779154,-0.912380669334118
2.40771733415236,0.743576551407618,0.178632823944959,-0.922209375352599
2.40777753399743,0.731423867745236,0.196789070408441,-0.928212938153711
2.4078377338425,0.719009634031075,0.214874837071946,-0.933884471103036
2.40789793368756,0.706338258858478,0.232883711934362,-0.939221970792839
2.40795813353263,0.693414275572629,0.250809240445145,-0.9442235160178
2.40803063379705,0.677520935439765,0.272277575865426,-0.949798511305218
2.40810313406146,0.661276117133542,0.293604664632518,-0.954880781766075
2.40817563432587,0.644688249064031,0.31477945546292,-0.959467704526984
2.40824813459029,0.627765946872561,0.335790938919811,-0.963556885792371
2.4083206348547,0.610517985011653,0.356628233038253,-0.967146218049886
2.40839313511912,0.592953318056104,0.377280508375543,-0.970233826431637
2.40848130244051,0.571179652557956,0.402130590506073,-0.973310243064056
2.40856946976191,0.548967735055549,0.426672235385501,-0.975639970441037
2.40865763708331,0.526334639636996,0.450886591756074,-0.977221231393069
2.4087458044047,0.503297742278231,0.474755057642722,-0.978052799920934
2.4088339717261,0.479874724986327,0.498259324251801,-0.978134049238126
2.40892213904749,0.456083558424273,0.521381347059122,-0.977464905483383
2.40901030636889,0.431942497885615,0.544103395031595,-0.97604589291719
2.40909847369029,0.4074700625542,0.566408026814335,-0.973878089368498
2.40918664101168,0.382685029128834,0.588278139193776,-0.970963168322563
2.4092950452441,0.351811310824049,0.614547222314499,-0.966358533138576
2.40940344947651,0.320529420876525,0.640103770098752,-0.960633190975263
2.40951185370893,0.288875738093548,0.664918053506886,-0.953793791600403
2.40962025794134,0.256886994836036,0.688961283065071,-0.945848277901076
2.40972866217376,0.22460031438115,0.712205545460968,-0.936805859842103
2.40983706640618,0.192053135525485,0.7346238940283,-0.926677029553756
2.40994547063859,0.159283217942566,0.75619030944366,-0.91547352738624
2.41005387487101,0.126328557066357,0.776879793816553,-0.903208350882912
2.41016227910342,0.0932273828782836,0.796668335178753,-0.88989571805704
2.41027068333584,0.060018074558268,0.815532997699622,-0.875551072257897
2.41037908756825,0.026739156473328,0.833451886934533,-0.86019104340788
2.41048749180067,-0.006570785976866,0.850404235117371,-0.843833449140472
2.41059589603308,-0.0398731124028087,0.866370366543613,-0.826497254140783
2.41066350924245,-0.0606240410554096,0.875821436778078,-0.815197395722683
2.41073112245182,-0.0813474471885679,0.884877273514616,-0.803529826326055
2.4107987356612,-0.102034072996534,0.89353383676407,-0.791499763767497
2.41086634887057,-0.122674586946548,0.901787214369445,-0.779112627422879
2.41095850817616,-0.150716830076351,0.91238066411578,-0.76166383403939
2.41105066748175,-0.178632820485117,0.92220937171803,-0.743576551232916
2.41111086733124,-0.196789068285919,0.928212934970184,-0.731423866684247
2.41117106718074,-0.214874836276285,0.933884468321763,-0.719009632045436
2.41123126703024,-0.232883712453754,0.939221968364458,-0.706338255910676
2.41129146687973,-0.250809242266366,0.944223513892675,-0.693414271626266
2.41136396714168,-0.272277576931818,0.949798508905232,-0.67752093197338
2.41143646740362,-0.29360466495202,0.954880779124381,-0.661276114172365
2.41150896766556,-0.314779455044503,0.959467701677015,-0.644688246632496
2.41158146792751,-0.335790937773692,0.963556882767859,-0.627765944994164
2.41165396818945,-0.356628231175664,0.967146214884845,-0.610517983709139
2.4117264684514,-0.37728050580891,0.970233823160161,-0.592953317351241
2.41181463579417,-0.402130593930677,0.973310240456781,-0.571179646526074
2.41190280313694,-0.426672244647583,0.975639968135564,-0.54896772348794
2.41199097047971,-0.450886606688075,0.977221229025729,-0.526334622337668
2.41207913782249,-0.474755078063824,0.978052797127651,-0.503297719063814
2.41216730516526,-0.498259349968041,0.978134045654695,-0.479874695686646
2.41225547250803,-0.521381377863736,0.977464900746325,-0.456083522882557
2.4123436398508,-0.544103430705275,0.976045886664049,-0.431942455958731
2.41243180719357,-0.566408067125608,0.973878081238574,-0.407470014112957
2.41251997453635,-0.588278183899314,0.970963157957353,-0.38268497405802
2.41262837876883,-0.614547265806517,0.966358520786846,-0.351811254980303
2.41273678300132,-0.64010381232304,0.960633176646183,-0.320529364323089
2.41284518723381,-0.664918094410863,0.95379377530534,-0.288875680894442
2.4129535914663,-0.68896132259757,0.945848259653627,-0.256886937056092
2.41306199569878,-0.712205583572435,0.936805839658313,-0.224600256085845
2.41317039993127,-0.734623930670804,0.926677007451811,-0.192053076780995
2.41327880416376,-0.756190344570918,0.915473503386567,-0.159283158815596
2.41338720839625,-0.776879827383986,0.903208325008141,-0.12632849762415
2.41349561262874,-0.796668367143635,0.889895690332095,-0.0932273231884521
2.41360401686122,-0.815533028021026,0.875551042709777,-0.0600180146887753
2.41371242109371,-0.833451915573337,0.860191012065747,-0.0267390964924229
2.4138208253262,-0.850404262036373,0.843833416035648,0.00657084600077136
2.41392922955869,-0.86637039170774,0.826497219306538,0.0398731724012309
2.41399684270799,-0.875821452603252,0.815197370038104,0.0606240825651682
2.41406445585729,-0.884877280694782,0.803529810454808,0.0813474702400094
2.41413206900659,-0.89353383600431,0.791499758359461,0.102034077644857
2.41419968215589,-0.901787206385399,0.779112633113505,0.12267457327192
2.4142918414456,-0.912380654768668,0.761663843127785,0.150716811640873
2.41438400073532,-0.922209361277279,0.743576563928678,0.17863279734864
2.41444420061424,-0.928212927821489,0.731423873725055,0.196789054096451
2.41450440049317,-0.933884464142281,0.719009633171764,0.214874830970542
2.41456460037209,-0.939221966828386,0.706338250869583,0.232883715958821
2.41462480025101,-0.944223514671322,0.693414260171378,0.250809254499938
2.41469730051066,-0.949798509257876,0.677520920841484,0.272277588416414
2.41476980077031,-0.954880779080951,0.661276103389884,0.293604675691062
2.41484230102995,-0.959467701267711,0.644688236225142,0.314779465042619
2.4149148012896,-0.963556882023279,0.627765934986844,0.335790947036463
2.41498730154925,-0.967146213835796,0.610517974125973,0.356628239709842
2.41505980180889,-0.970233821837872,0.592953308215586,0.377280513622266
2.41514796914684,-0.973310238782197,0.571179638472272,0.402130600309865
2.41523613648478,-0.97563996618992,0.548967716567706,0.42667224962222
2.41532430382273,-0.977221226890782,0.526334616599903,0.450886610290895
2.41541247116067,-0.978052794885402,0.50329771455466,0.474755080330703
2.41550063849862,-0.978134043387207,0.479874692449426,0.498259350937817
2.41558880583656,-0.9774648985358,0.456083520957536,0.521381377578277
2.41567697317451,-0.976045884592524,0.431942455383248,0.544103429209288
2.41576514051245,-0.973878079387922,0.407470014921215,0.566408064466744
2.4158533078504,-0.970963156409083,0.382684976281181,0.588278180127867
2.41596171208288,-0.966358519438706,0.351811257281188,0.61454726215752
2.41607011631536,-0.960633175497257,0.320529366695272,0.640103808801988
2.41617852054784,-0.953793774354465,0.288875683331426,0.664918091023042
2.41628692478032,-0.945848258899481,0.256886939551354,0.688961319348127
2.4163953290128,-0.936805839099143,0.224600258632794,0.712205580466369
2.41650373324529,-0.926677007085811,0.192053079372929,0.734623927712879
2.41661213747777,-0.915473503211631,0.159283161445779,0.756190341765868
2.41672054171025,-0.903208325022021,0.126328500285802,0.776879824736241
2.41682894594273,-0.889895690532207,0.0932273258747613,0.79666836465744
2.41693735017521,-0.87555104309342,0.0600180173928922,0.815533025700519
2.41704575440769,-0.860191012629949,0.0267390992074458,0.833451913422504
2.41715415864018,-0.843833416777165,-0.00657084328172794,0.850404260058915
2.41726256287266,-0.826497220222114,-0.0398731696850121,0.866370389907107
2.41733017602278,-0.815197370919661,-0.0606240801084594,0.875821451028073
2.41739778917291,-0.803529811291886,-0.0813474680447124,0.884877279336584
2.41746540232303,-0.791499759141844,-0.102034075712534,0.893533834854371
2.41753301547316,-0.779112633831098,-0.122674571603772,0.901787205434867
2.41762517473298,-0.761663849721288,-0.150716800917351,0.912380650638637
2.41771733399281,-0.74357657680485,-0.178632777663134,0.922209354468006
2.41777753389673,-0.731423881832403,-0.196789042020999,0.928212923853393
2.41783773380066,-0.719009636289183,-0.214874826452252,0.933884462741452
2.41789793370458,-0.70633824878149,-0.232883718936714,0.939221967718206
2.4179581336085,-0.693414252667899,-0.250809264904918,0.944223517572785
2.41803063386833,-0.677520913180561,-0.272277598828003,0.949798512008559
2.41810313412815,-0.661276095572684,-0.293604686104805,0.954880781677495
2.41817563438797,-0.644688228252878,-0.314779475454013,0.959467703706859
2.41824813464779,-0.627765926860846,-0.335790957441002,0.963556884301833
2.41832063490761,-0.610517965847738,-0.356628250102953,0.967146215950681
2.41839313516744,-0.592953299786689,-0.377280523999363,0.970233823786039
2.41848130247918,-0.571179636452634,-0.402130603261155,0.973310239713765
2.41856946979092,-0.548967721217683,-0.426672245331102,0.975639966548769
2.41865763710266,-0.526334628164589,-0.450886598957607,0.977221227122166
2.4187458044144,-0.503297733263526,-0.474755062171954,0.978052795435478
2.41883397172614,-0.479874718515834,-0.498259326186498,0.978134044702312
2.41892213903788,-0.456083554578616,-0.521381346482992,0.977464901061601
2.41901030634962,-0.431942496739422,-0.54410339203415,0.97604588877356
2.41909847366136,-0.407470064176025,-0.566408021490773,0.973878085666761
2.4191866409731,-0.382685033580879,-0.588278131644826,0.97096316522569
2.41929504520551,-0.351811315430966,-0.61454721501113,0.966358530442068
2.41940344943791,-0.320529425625393,-0.640103763051846,0.960633188677262
2.41951185367032,-0.288875742971415,-0.664918046727092,0.95379378969848
2.41962025790272,-0.256886999829803,-0.688961276562625,0.945848276392401
2.41972866213513,-0.22460031947756,-0.712205539245827,0.936805858723385
2.41983706636753,-0.19205314071121,-0.734623888110014,0.926677028821204
2.41994547059994,-0.159283223204131,-0.756190303831551,0.915473527035674
2.42005387483234,-0.126328562390184,-0.776879788519471,0.903208350909643
2.42016227906475,-0.09322738825074,-0.796668330205293,0.889895718456028
2.42027068329715,-0.0600180799656249,-0.815532993057973,0.875551073023582
2.42037908752956,-0.0267391619018965,-0.833451882632445,0.860191044534343
2.42048749176196,0.00657078054090224,-0.850404231162216,0.843833450621314
2.42059589599437,0.0398731069732653,-0.866370362942476,0.8264972559692
2.42066350920539,0.0606240361439978,-0.875821433627428,0.815197397483399
2.4207311224164,0.0813474427990474,-0.884877270797493,0.803529827998407
2.42079873562742,0.102034069132045,-0.893533834463033,0.79149976533095
2.42086634883844,0.122674583609513,-0.901787212466823,0.779112628857278
2.42095850808428,0.150716808638612,-0.912380655857875,0.761663847219233
2.42105066733012,0.178632781133353,-0.922209358104735,0.743576576971359
2.42111086722961,0.19678904414984,-0.928212927037541,0.731423882887652
2.42117106712909,0.214874827250124,-0.933884465522001,0.719009638271879
2.42123126702857,0.2328837184155,-0.93922197014464,0.706338251729106
2.42129146692805,0.250809263077913,-0.944223519694957,0.693414256617036
2.42136396719038,0.272277597764858,-0.949798514407886,0.677520916642993
2.4214364674527,0.293604685797487,-0.954880784320428,0.661276098522897
2.42150896771502,0.314779475893365,-0.959467706559571,0.644688230666133
2.42158146797735,0.335790958616706,-0.963556887330153,0.627765928713411
2.42165396823967,0.356628252003597,-0.967146219120238,0.6105179671166
2.42172646850199,0.377280526612357,-0.970233827062229,0.592953300449876
2.42181463579239,0.402130599890849,-0.973310242325227,0.57117964243437
2.42190280308278,0.426672236130984,-0.975639968857445,0.548967732726446
2.42199097037318,0.450886584094905,-0.977221229491182,0.526334645396257
2.42207913766357,0.474755041827236,-0.978052798228384,0.503297756401139
2.42216730495397,0.498259300553405,-0.978134048282766,0.479874747729349
2.42225547224436,0.521381315768025,-0.977464905792658,0.456083590024613
2.42234363953476,0.544103356456189,-0.976045895017097,0.431942538560894
2.42243180682515,0.566407981280996,-0.973878093783042,0.407470112502019
2.42251997411554,0.588278087046122,-0.970963175572621,0.382685088526462
2.42262837834788,0.614547171623582,-0.966358542770821,0.351811371147233
2.42273678258021,0.640103720929429,-0.960633202978725,0.320529482049266
2.42284518681255,0.664918005922333,-0.953793805961274,0.288875800038947
2.42295359104488,0.688961237126403,-0.945848294602857,0.256887057476402
2.42306199527722,0.712205501227665,-0.936805878865554,0.224600377637843
2.42317039950955,0.734623851557752,-0.926677050876883,0.192053199319091
2.42327880374189,0.756190268791305,-0.915473550984446,0.159283282193125
2.42338720797422,0.776879755035666,-0.903208376728824,0.126328621693185
2.42349561220656,0.796668298320538,-0.889895746120812,0.093227447800276
2.42360401643889,0.81553296281305,-0.875551102507007,0.0600181396939188
2.42371242067123,0.833451854066382,-0.860191075807223,0.0267392217408192
2.42382082490356,0.850404204312008,-0.843833483652454,-0.00657072065958128
2.4239292291359,0.86637033784318,-0.826497290725354,-0.0398730471178493
2.42399684240684,0.875821417844643,-0.815197423111859,-0.0606239947327996
2.42406445567778,0.884877263638935,-0.803529843837074,-0.0813474198018802
2.42413206894873,0.893533835225325,-0.791499770731632,-0.102034064493739
2.42419968221967,0.901787220436058,-0.779112623185858,-0.122674597250202
2.42429184148137,0.912380665188952,-0.761663838154476,-0.150716827034464
2.42438400074307,0.922209368528607,-0.743576564303982,-0.178632804224627
2.42444420061318,0.92821293417585,-0.731423875864085,-0.196789058311808
2.42450440048329,0.933884469696923,-0.719009637150938,-0.214874832545989
2.42456460035341,0.939221971681382,-0.706338256763433,-0.232883714917963
2.42462480022352,0.944223518921534,-0.693414268052402,-0.250809250869142
2.42469730048812,0.949798514058517,-0.677520927759112,-0.27227758629937
2.42476980075273,0.954880784365455,-0.661276109293554,-0.293604675071931
2.42484230101733,0.959467706969058,-0.644688241065805,-0.31477946590326
2.42491480128193,0.963556888073799,-0.627765938717302,-0.335790949356504
2.42498730154653,0.967146220167418,-0.610517976700807,-0.35662824346663
2.42505980181113,0.970233828382018,-0.592953309591144,-0.377280518790939
2.42514796910635,0.973310243997468,-0.571179650495313,-0.402130593502182
2.42523613640157,0.975639970800874,-0.548967739655323,-0.426672231145545
2.42532430369678,0.977221231624168,-0.526334651144211,-0.450886580479977
2.425412470992,0.978052800469097,-0.503297760922057,-0.474755039547051
2.42550063828722,0.978134050549174,-0.479874750980032,-0.498259299569138
2.42558880558243,0.977464908002632,-0.45608359196481,-0.521381316037823
2.42567697287765,0.976045897088697,-0.431942539153262,-0.544103357935459
2.42576514017287,0.973878095634472,-0.407470111712347,-0.566407983922144
2.42585330746808,0.970963177122553,-0.38268508632364,-0.58827809079893
2.42596171170042,0.966358544121476,-0.35181136886742,-0.614547175254055
2.42607011593276,0.960633204131086,-0.320529479698849,-0.640103724432201
2.4261785201651,0.953793806916489,-0.288875797624446,-0.664918009292087
2.42628692439744,0.945848295362385,-0.256887055004247,-0.688961240358113
2.42639532862978,0.936805879430951,-0.22460037511463,-0.712205504316355
2.42650373286212,0.926677051250178,-0.192053196751512,-0.734623854498685
2.42661213709446,0.915473551167624,-0.159283279587844,-0.756190271579775
2.4267205413268,0.903208376724254,-0.12632861905699,-0.776879757667275
2.42682894555914,0.889895745931016,-0.0932274451399806,-0.796668300791042
2.42693734979148,0.875551102134748,-0.0600181370163046,-0.81553296511844
2.42704575402382,0.860191075255435,-0.0267392190527062,-0.833451856202763
2.42715415825616,0.843833482924332,0.00657072335130748,-0.850404206275667
2.4272625624885,0.826497289824279,0.0398730498063246,-0.866370339630599
2.42733017575864,0.815197422240641,0.0606239971703671,-0.875821419411033
2.42739778902879,0.803529843005808,0.0813474219865615,-0.884877264992374
2.42746540229894,0.791499769950188,0.102034066424042,-0.893533836374262
2.42753301556908,0.779112622464165,0.122674598924836,-0.901787221389001
2.42762517486067,0.761663831557655,0.150716837763085,-0.912380669320738
2.42771733415225,0.74357655142524,0.178632823913846,-0.9222093753391
2.42777753399736,0.731423867754987,0.196789070389706,-0.928212938144699
2.42783773384247,0.719009634032673,0.214874837065465,-0.9338844710981
2.42789793368758,0.706338258851495,0.232883711940068,-0.93922197079154
2.42795813353269,0.6934142755568,0.250809240462917,-0.944223516019704
2.4280306337971,0.677520935423338,0.272277575883475,-0.949798511306787
2.42810313406152,0.661276117116539,0.293604664650812,-0.954880781767372
2.42817563432593,0.644688249046488,0.31477945548146,-0.959467704527924
2.42824813459035,0.627765946854393,0.335790938938597,-0.96355688579299
2.42832063485477,0.610517984992877,0.356628233057256,-0.967146218050132
2.42839313511918,0.592953318036764,0.377280508394744,-0.970233826431463
2.42848130244057,0.57117965254033,0.402130590522783,-0.973310243063107
2.42856946976196,0.548967735039605,0.426672235399832,-0.975639970439419
2.42865763708335,0.526334639622953,0.450886591767982,-0.977221231390936
2.42874580440473,0.503297742266122,0.474755057652316,-0.978052799918424
2.42883397172612,0.479874724976224,0.498259324259113,-0.978134049235341
2.42892213904751,0.456083558416251,0.521381347064264,-0.97746490548048
2.4290103063689,0.431942497879717,0.54410339503461,-0.976045892914322
2.42909847369029,0.407470062550519,0.56640802681531,-0.973878089365833
2.42918664101167,0.382685029127408,0.588278139192766,-0.970963168320182
2.42929504524409,0.351811310822427,0.614547222313773,-0.96635853313619
2.42940344947651,0.320529420874679,0.640103770098261,-0.960633190972922
2.42951185370892,0.288875738091445,0.664918053506614,-0.953793791598069
2.42962025794134,0.256886994833726,0.688961283065008,-0.945848277898738
2.42972866217376,0.22460031437862,0.71220554546112,-0.936805859839727
2.42983706640617,0.192053135522678,0.734623894028696,-0.926677029551342
2.42994547063859,0.159283217939498,0.75619030944425,-0.915473527383744
2.43005387487101,0.126328557063003,0.776879793817296,-0.903208350880313
2.43016227910342,0.0932273828746925,0.796668335179686,-0.889895718054346
2.43027068333584,0.0600180745543838,0.815532997700714,-0.875551072255076
2.43037908756826,0.0267391564691924,0.833451886935756,-0.860191043404959
2.43048749180067,-0.00657078598128687,0.85040423511864,-0.843833449137361
2.43059589603309,-0.0398731124074945,0.866370366545036,-0.826497254137532
2.43066350924245,-0.0606240410574812,0.875821436778303,-0.815197395720846
2.43073112245181,-0.0813474471880476,0.88487727351379,-0.80352982632576
2.43079873566117,-0.102034072993394,0.893533836762214,-0.79149976376881
2.43086634887054,-0.122674586940881,0.901787214366726,-0.779112627425861
2.43095850817611,-0.150716830065875,0.912380664111535,-0.761663834045648
2.43105066748169,-0.17863282046989,0.922209371712567,-0.743576551242642
2.4311108673312,-0.196789068277322,0.928212934967158,-0.73142386668986
2.43117106718072,-0.214874836274273,0.933884468320942,-0.719009632046632
2.43123126703024,-0.232883712458256,0.939221968365647,-0.706338255907355
2.43129146687976,-0.250809242277331,0.944223513895578,-0.693414271618201
2.43136396714172,-0.272277576947489,0.949798508909122,-0.677520931961618
2.43143646740368,-0.293604664972252,0.954880779129085,-0.661276114156848
2.43150896766564,-0.314779455069295,0.959467701682306,-0.644688246613009
2.4315814679276,-0.335790937802929,0.963556882773521,-0.627765944970572
2.43165396818956,-0.356628231209249,0.967146214890574,-0.61051798368132
2.43172646845152,-0.377280505846782,0.97023382316579,-0.592953317319012
2.43181463579429,-0.402130593966922,0.97331024046131,-0.571179646494386
2.43190280313705,-0.426672244682193,0.975639968138979,-0.548967723456765
2.43199097047982,-0.450886606721085,0.977221229028138,-0.526334622307068
2.43207913782259,-0.474755078095253,0.978052797129113,-0.503297719033862
2.43216730516536,-0.498259349997838,0.978134045655337,-0.479874695657482
2.43225547250812,-0.521381377891946,0.977464900746123,-0.456083522854175
2.43234363985089,-0.544103430731921,0.976045886663188,-0.431942455931246
2.43243180719366,-0.56640806715077,0.97387808123707,-0.407470014086298
2.43251997453643,-0.588278183922938,0.970963157955303,-0.382684974032357
2.43262837876891,-0.614547265829632,0.966358520783979,-0.351811254954306
2.4327367830014,-0.640103812345625,0.960633176642436,-0.320529364296778
2.43284518723389,-0.664918094432911,0.953793775300776,-0.288875680867851
2.43295359146638,-0.688961322619011,0.945848259648287,-0.256886937029241
2.43306199569887,-0.712205583593326,0.936805839652115,-0.224600256058794
2.43317039993135,-0.734623930691034,0.926677007444802,-0.19205307675373
2.43327880416384,-0.756190344590525,0.915473503378757,-0.159283158788185
2.43338720839633,-0.776879827402951,0.903208324999552,-0.126328497596587
2.43349561262882,-0.796668367161889,0.8898956903227,-0.093227323160798
2.43360401686131,-0.81553302803854,0.875551042699588,-0.0600180146610573
2.43371242109379,-0.833451915590192,0.860191012054849,-0.0267390964646574
2.43382082532628,-0.850404262052503,0.843833416023937,0.00657084602856128
2.43392922955877,-0.866370391723127,0.826497219294121,0.0398731724289964
2.43399684270805,-0.875821452614744,0.81519737002952,0.0606240825852589
2.43406445585732,-0.884877280702675,0.803529810450268,0.0813474702524264
2.4341320690066,-0.893533836008871,0.791499758359224,0.102034077649672
2.43419968215587,-0.901787206386973,0.779112633117845,0.122674573269137
2.43429184144556,-0.912380654767644,0.761663843137112,0.150716811630519
2.43438400073525,-0.922209361274038,0.743576563943249,0.178632797330816
2.4344442006142,-0.928212927820896,0.731423873735073,0.19678905408586
2.43450440049315,-0.933884464144123,0.719009633177,0.214874830967119
2.43456460037209,-0.939221966832353,0.706338250869831,0.232883715962533
2.43462480025104,-0.944223514677166,0.69341426016643,0.250809254510748
2.43469730051071,-0.949798509264863,0.677520920832492,0.272277588432392
2.43476980077037,-0.954880779088774,0.661276103376679,0.293604675712097
2.43484230103003,-0.959467701276162,0.6446882362075,0.314779465068664
2.4349148012897,-0.963556882032071,0.627765934964694,0.335790947067409
2.43498730154936,-0.967146213844726,0.610517974099141,0.356628239745591
2.43505980180903,-0.970233821846649,0.592953308183887,0.37728051366277
2.43514796914699,-0.973310238790375,0.571179638435278,0.402130600355134
2.43523613648496,-0.975639966197271,0.548967716525171,0.426672249672125
2.43532430382292,-0.977221226896946,0.526334616551744,0.450886610345216
2.43541247116088,-0.978052794889998,0.503297714500726,0.474755080389268
2.43550063849885,-0.978134043390033,0.479874692389596,0.498259351000425
2.43558880583681,-0.97746489853641,0.456083520891713,0.521381377644712
2.43567697317477,-0.976045884590694,0.431942455311342,0.544103429279342
2.43576514051274,-0.973878079383287,0.407470014843118,0.566408064540178
2.4358533078507,-0.970963156401324,0.382684976196866,0.588278180204469
2.43596171208318,-0.966358519427862,0.351811257195633,0.614547262232223
2.43607011631566,-0.960633175483292,0.320529366608592,0.640103808874707
2.43617852054814,-0.953793774337409,0.288875683243734,0.664918091093654
2.43628692478063,-0.945848258879332,0.256886939462752,0.688961319416569
2.43639532901311,-0.93680583907595,0.224600258543354,0.712205580532585
2.43650373324559,-0.926677007059613,0.192053079282824,0.73462392777681
2.43661213747807,-0.915473503182456,0.159283161355106,0.756190341827359
2.43672054171055,-0.903208324989907,0.126328500194643,0.776879824795267
2.43682894594303,-0.889895690497186,0.0932273257832356,0.796668364713954
2.43693735017552,-0.875551043055517,0.0600180173011005,0.815533025754401
2.437045754408,-0.860191012589254,0.0267390991155164,0.83345191347373
2.43715415864048,-0.843833416733752,-0.0065708433737048,0.850404260107447
2.43726256287296,-0.826497220175947,-0.0398731697769691,0.866370389952896
2.43733017602299,-0.815197370888035,-0.0606240801710336,0.875821451059053
2.43739778917302,-0.803529811275892,-0.0813474680779511,0.884877279353854
2.43746540232305,-0.791499759142465,-0.102034075716574,0.89353383485903
2.43753301547308,-0.779112633849336,-0.122674571578719,0.901787205428091
2.43762517473291,-0.761663849739348,-0.150716800893583,0.912380650632955
2.43771733399274,-0.743576576822665,-0.17863277764062,0.922209354463306
2.43777753389669,-0.73142388184413,-0.196789042007983,0.92821292385211
2.43783773380065,-0.719009636294603,-0.214874826448648,0.933884462743224
2.4378979337046,-0.706338248780354,-0.232883718942376,0.939221967722702
2.43795813360856,-0.693414252659885,-0.250809264919838,0.944223517579715
2.43803063386839,-0.677520913170938,-0.272277598844664,0.949798512015559
2.43810313412821,-0.661276095561378,-0.293604686123151,0.954880781684508
2.43817563438804,-0.644688228239805,-0.314779475474015,0.959467703713815
2.43824813464787,-0.627765926845949,-0.33579095746265,0.963556884308637
2.4383206349077,-0.610517965831008,-0.356628250126204,0.967146215957218
2.43839313516753,-0.592953299768078,-0.377280524024132,0.970233823792218
2.43848130247928,-0.571179636430938,-0.402130603288588,0.973310239719501
2.43856946979103,-0.548967721192754,-0.4266722453611,0.975639966553857
2.43865763710278,-0.526334628136366,-0.450886598990106,0.977221227126452
2.43874580441453,-0.503297733231964,-0.474755062206806,0.978052795438767
2.43883397172628,-0.479874718480824,-0.498259326223602,0.978134044704435
2.43892213903803,-0.456083554540181,-0.521381346522206,0.977464901062384
2.43901030634978,-0.431942496697462,-0.544103392075362,0.97604588877282
2.43909847366154,-0.40747006413046,-0.566408021533857,0.973878085664301
2.43918664097329,-0.382685033531733,-0.588278131689628,0.970963165221345
2.43929504520569,-0.351811315380771,-0.614547215054978,0.966358530435716
2.4394034494381,-0.320529425574272,-0.640103763094656,0.960633188668926
2.43951185367051,-0.288875742919449,-0.664918046768754,0.953793789688181
2.43962025790291,-0.256886999777048,-0.68896127660309,0.945848276380107
2.43972866213532,-0.224600319424033,-0.712205539285035,0.936805858709061
2.43983706636772,-0.192053140656962,-0.734623888147979,0.926677028804926
2.43994547060013,-0.159283223149267,-0.756190303868129,0.915473527017379
2.44005387483254,-0.126328562334777,-0.776879788554597,0.903208350889382
2.44016227906494,-0.0932273881948295,-0.796668330238948,0.889895718433796
2.44027068329735,-0.0600180799092971,-0.8155329930901,0.875551072999383
2.44037908752976,-0.0267391618451943,-0.83345188266302,0.860191044508175
2.44048749176216,0.00657078059789246,-0.85040423119113,0.843833450593216
2.44059589599457,0.0398731070304898,-0.866370362969693,0.826497255939206
2.44066350920553,0.0606240361842429,-0.875821433645969,0.815197397461703
2.44073112241649,0.0813474428223606,-0.884877270807956,0.803529827985572
2.44079873562745,0.102034069138493,-0.893533834466098,0.791499765327594
2.44086634883842,0.122674583599148,-0.901787212463141,0.77911262886399
2.44095850808428,0.150716808633531,-0.912380655856272,0.761663847222738
2.44105066733014,0.178632781133516,-0.92220935810495,0.743576576971412
2.44111086722962,0.196789044149322,-0.928212927037511,0.731423882888164
2.4411710671291,0.21487482724892,-0.933884465521687,0.719009638272741
2.44123126702858,0.232883718413646,-0.939221970144099,0.7063382517304
2.44129146692806,0.250809263075398,-0.944223519694177,0.693414256618779
2.44136396719038,0.272277597761345,-0.94979851440686,0.677520916645481
2.4414364674527,0.293604685793038,-0.954880784319157,0.661276098526105
2.44150896771502,0.314779475887956,-0.959467706558077,0.644688230670115
2.44158146797734,0.335790958610394,-0.963556887328589,0.62776592871815
2.44165396823966,0.356628251996402,-0.967146219118529,0.610517967122157
2.44172646850198,0.377280526604256,-0.970233827060511,0.592953300456253
2.44181463579239,0.402130599887103,-0.97331024232414,0.571179642436979
2.4419028030828,0.426672236131537,-0.975639968856646,0.548967732725121
2.44199097037321,0.450886584099592,-0.977221229490447,0.526334645390854
2.44207913766362,0.474755041835943,-0.978052798227471,0.503297756391495
2.44216730495403,0.498259300565989,-0.978134048281414,0.479874747715373
2.44225547224444,0.521381315784334,-0.977464905790565,0.45608359000618
2.44234363953485,0.544103356476132,-0.976045895014008,0.431942538537856
2.44243180682526,0.56640798130434,-0.973878093778699,0.407470112474328
2.44251997411567,0.588278087072734,-0.970963175566797,0.382685088494035
2.442628378348,0.614547171648993,-0.966358542763809,0.351811371114788
2.44273678258034,0.640103720953638,-0.960633202970519,0.320529482016857
2.44284518681267,0.664918005945308,-0.953793805951968,0.288875800006656
2.442953591045,0.688961237148221,-0.945848294592439,0.256887057444232
2.44306199527733,0.712205501248214,-0.936805878854133,0.224600377605867
2.44317039950967,0.734623851577045,-0.926677050864512,0.192053199287424
2.443278803742,0.756190268809331,-0.915473550971079,0.15928328216174
2.44338720797433,0.776879755052475,-0.903208376714634,0.126328621662147
2.44349561220667,0.796668298336083,-0.889895746105771,0.0932274477696459
2.443604016439,0.815532962827419,-0.875551102491198,0.0600181396637397
2.44371242067133,0.833451854079511,-0.860191075790688,0.0267392217111414
2.44382082490366,0.850404204323951,-0.843833483635235,-0.00657072068873749
2.443929229136,0.866370337853918,-0.826497290707456,-0.0398730471464657
2.44399684240691,0.875821417850624,-0.815197423098618,-0.0606239947520268
2.44406445567782,0.884877263640481,-0.803529843828848,-0.0813474198116691
2.44413206894874,0.893533835222834,-0.791499770728658,-0.102034064494184
2.44419968221965,0.901787220429872,-0.779112623188584,-0.1226745972413
2.44429184148137,0.912380665185826,-0.761663838152236,-0.150716827033617
2.4443840007431,0.922209368528145,-0.743576564296451,-0.178632804231756
2.44444420061321,0.928212934174746,-0.731423875857474,-0.196789058317261
2.44450440048332,0.933884469695115,-0.719009637145418,-0.214874832549743
2.44456460035342,0.939221971678984,-0.706338256758973,-0.232883714920015
2.44462480022353,0.944223518918617,-0.693414268049135,-0.250809250869491
2.44469730048813,0.94979851405554,-0.677520927755684,-0.272277586299881
2.44476980075274,0.954880784362504,-0.661276109289946,-0.29360467507258
2.44484230101734,0.959467706966088,-0.644688241062038,-0.314779465904036
2.44491480128194,0.963556888070763,-0.627765938713409,-0.335790949357377
2.44498730154654,0.967146220164308,-0.610517976696715,-0.35662824346761
2.44505980181114,0.970233828378921,-0.59295330958689,-0.37728051879203
2.44514796910638,0.973310243994918,-0.571179650485356,-0.402130593509556
2.44523613640162,0.975639970798501,-0.548967739639495,-0.426672231159025
2.44532430369686,0.977221231621658,-0.52633465112225,-0.450886580499422
2.4454124709921,0.978052800466015,-0.503297760893798,-0.474755039572251
2.44550063828734,0.978134050545104,-0.479874750945287,-0.498259299599857
2.44558880558258,0.977464907997243,-0.456083591923353,-0.521381316073894
2.44567697287782,0.976045897081599,-0.431942539104987,-0.544103357976607
2.44576514017306,0.97387809562526,-0.407470111657135,-0.566407983968158
2.4458533074683,0.970963177110875,-0.382685086261394,-0.588278090849495
2.44596171170064,0.966358544107642,-0.351811368804794,-0.614547175302842
2.44607011593297,0.960633204115108,-0.320529479635977,-0.640103724479141
2.44617852016531,0.953793806898514,-0.288875797561391,-0.664918009337115
2.44628692439765,0.945848295342379,-0.256887054941131,-0.688961240401195
2.44639532862999,0.936805879409024,-0.224600375051517,-0.712205504357497
2.44650373286232,0.92667705122631,-0.192053196688493,-0.734623854537825
2.44661213709466,0.91547355114193,-0.159283279524976,-0.756190271616955
2.446720541327,0.90320837669681,-0.126328618994381,-0.776879757702437
2.44682894555934,0.889895745901862,-0.0932274450776359,-0.796668300824228
2.44693734979168,0.875551102103884,-0.0600181369543281,-0.81553296514958
2.44704575402401,0.860191075223052,-0.0267392189912329,-0.833451856231797
2.44715415825635,0.843833482890433,0.00657072341228002,-0.850404206302736
2.44726256248869,0.826497289788931,0.0398730498667123,-0.866370339655639
2.44733017575877,0.815197422215738,0.0606239972098681,-0.875821419425637
2.44739778902885,0.803529842992127,0.0813474220052568,-0.884877264997375
2.44746540229892,0.791499769948483,0.102034066421915,-0.893533836370402
2.447533015569,0.779112622475121,0.122674598902049,-0.901787221377159
2.44762517486057,0.761663831572216,0.150716837735527,-0.912380669307742
2.44771733415214,0.74357655144368,0.178632823881601,-0.922209375325271
2.44777753399729,0.731423867765952,0.196789070369345,-0.928212938135319
2.44783773384244,0.719009634035724,0.214874837056956,-0.93388447109267
2.44789793368759,0.706338258846406,0.232883711943272,-0.939221970789672
2.44795813353273,0.693414275543185,0.250809240477726,-0.944223516020917
2.44803063379713,0.677520935414063,0.27227757589216,-0.949798511306201
2.44810313406152,0.661276117111742,0.293604664653463,-0.954880781765225
2.44817563432592,0.644688249046382,0.314779455478142,-0.95946770452454
2.44824813459031,0.627765946859182,0.335790938929427,-0.963556885788582
2.44832063485471,0.61051798500278,0.3566282330423,-0.96714621804505
2.4483931351191,0.592953318051837,0.377280508374139,-0.970233826425976
2.44848130244046,0.571179652563209,0.402130590494127,-0.973310243057295
2.44856946976182,0.548967735070618,0.426672235363319,-0.975639970433935
2.44865763708318,0.526334639662331,0.450886591723863,-0.977221231386177
2.44874580440454,0.503297742314054,0.474755057600885,-0.97805279991494
2.4488339717259,0.479874725032987,0.498259324200627,-0.97813404923362
2.44892213904725,0.456083558482016,0.521381346999023,-0.977464905481012
2.44901030636861,0.431942497954682,0.544103394962959,-0.976045892917633
2.44909847368997,0.407470062634807,0.566408026737598,-0.973878089372413
2.44918664101133,0.382685029221204,0.588278139109342,-0.970963168330567
2.44929504524375,0.351811310917347,0.614547222232734,-0.966358533150113
2.44940344947616,0.32052942097058,0.6401037700197,-0.960633190990266
2.44951185370858,0.288875738188242,0.664918053430681,-0.953793791618911
2.449620257941,0.256886994931247,0.688961282991723,-0.945848277922983
2.44972866217342,0.224600314476768,0.712205545390572,-0.936805859867321
2.44983706640583,0.192053135621336,0.734623893960915,-0.926677029582236
2.44994547063825,0.159283218038547,0.756190309379353,-0.915473527417887
2.45005387487067,0.126328557162315,0.776879793755375,-0.903208350917644
2.45016227910309,0.0932273829741124,0.796668335120706,-0.88989571809482
2.4502706833355,0.060018074653818,0.815532997644825,-0.875551072298605
2.45037908756792,0.0267391565684992,0.833451886882964,-0.860191043451448
2.45048749180034,-0.00657078588219825,0.850404235069005,-0.843833449186793
2.45059589603275,-0.0398731123087692,0.866370366498585,-0.826497254189808
2.45066350924221,-0.0606240409879491,0.875821436746778,-0.815197395758819
2.45073112245167,-0.0813474471476325,0.884877273496073,-0.803529826348438
2.45079873566112,-0.102034072982049,0.893533836757249,-0.791499763775154
2.45086634887058,-0.122674586958437,0.901787214373302,-0.779112627414878
2.45095850817613,-0.150716830076504,0.912380664115229,-0.761663834038707
2.45105066748169,-0.178632820473678,0.922209371713753,-0.743576551240036
2.4511108673312,-0.196789068279633,0.928212934967887,-0.731423866688245
2.45117106718071,-0.214874836275137,0.933884468321262,-0.71900963204608
2.45123126703023,-0.232883712457711,0.939221968365606,-0.706338255907872
2.45129146687974,-0.250809242275338,0.944223513895205,-0.693414271619877
2.45136396714169,-0.272277576942377,0.949798508908129,-0.677520931965744
2.45143646740364,-0.293604664964144,0.954880779127599,-0.661276114163427
2.45150896766559,-0.314779455058182,0.95946770168043,-0.64468824662224
2.45158146792754,-0.335790937788856,0.963556882771494,-0.62776594498258
2.45165396818949,-0.356628231192303,0.967146214888482,-0.610517983696143
2.45172646845144,-0.377280505826999,0.970233823163768,-0.592953317336782
2.45181463579416,-0.402130593936326,0.973310240458758,-0.571179646522448
2.45190280313689,-0.426672244641114,0.975639968136599,-0.548967723495465
2.45199097047962,-0.450886606669791,0.977221229026597,-0.526334622356808
2.45207913782235,-0.474755078034158,0.978052797129132,-0.503297719094977
2.45216730516508,-0.498259349927328,0.978134045657478,-0.479874695730163
2.4522554725078,-0.521381377812394,0.977464900751164,-0.45608352293876
2.45234363985053,-0.544103430643764,0.976045886671712,-0.431942456027937
2.45243180719326,-0.566408067054421,0.973878081249828,-0.407470014195401
2.45251997453599,-0.588278183818895,0.970963157972906,-0.382684974153981
2.45262837876848,-0.614547265728372,0.966358520806098,-0.351811255077705
2.45273678300096,-0.640103812247265,0.960633176669106,-0.320529364421811
2.45284518723345,-0.664918094337591,0.953793775331918,-0.288875680994332
2.45295359146594,-0.688961322526876,0.945848259683929,-0.256886937157037
2.45306199569843,-0.712205583504457,0.936805839692199,-0.224600256187721
2.45317039993091,-0.734623930605568,0.926677007489252,-0.192053076883672
2.4532788041634,-0.756190344508555,0.915473503427531,-0.159283158918955
2.45338720839589,-0.776879827324559,0.903208325052584,-0.126328497727997
2.45349561262838,-0.796668367087199,0.889895690379963,-0.093227323292724
2.45360401686087,-0.815533027967647,0.875551042760993,-0.0600180147933366
2.45371242109335,-0.833451915523102,0.860191012120324,-0.0267390965971465
2.45382082532584,-0.850404261989418,0.843833416093431,0.00657084589600427
2.45392922955833,-0.86637039166406,0.826497219367527,0.0398731722965585
2.45399684270773,-0.875821452575407,0.815197370084002,0.0606240824914
2.45406445585713,-0.88487728068157,0.803529810484466,0.0813474701971029
2.45413206900653,-0.89353383600459,0.79149975837183,0.102034077632759
2.45419968215593,-0.901787206397989,0.779112633107615,0.122674573290418
2.45429184144558,-0.912380654773615,0.761663843134195,0.150716811639446
2.45438400073523,-0.922209361275735,0.743576563948232,0.178632797327501
2.45444420061418,-0.928212927822956,0.731423873739628,0.196789054083365
2.45450440049313,-0.933884464146483,0.719009633181057,0.214874830965441
2.45456460037208,-0.939221966835045,0.70633825087339,0.232883715961679
2.45462480025103,-0.944223514680143,0.693414260169512,0.250809254510655
2.45469730051068,-0.949798509266699,0.677520920839137,0.272277588427601
2.45476980077033,-0.954880779089758,0.661276103387003,0.29360467570275
2.45484230102998,-0.959467701276462,0.644688236221739,0.31477946505473
2.45491480128963,-0.96355688203195,0.627765934982933,0.335790947049008
2.45498730154927,-0.967146213844358,0.610517974121528,0.356628239722816
2.45505980180892,-0.970233821846264,0.592953308210621,0.377280513635671
2.45514796914683,-0.9733102387891,0.571179638477088,0.402130600312045
2.45523613648473,-0.975639966196084,0.548967716582685,0.426672249613391
2.45532430382264,-0.977221226896811,0.52633461662543,0.450886610271406
2.45541247116054,-0.978052794891943,0.503297714591129,0.474755080300824
2.45550063849845,-0.978134043395063,0.479874692497127,0.498259350897943
2.45558880583635,-0.977464898545555,0.456083521016807,0.521381377528774
2.45567697317426,-0.976045884604888,0.431942455454317,0.544103429150595
2.45576514051216,-0.973878079403597,0.407470015004364,0.566408064399235
2.45585330785007,-0.970963156428666,0.382684976376629,0.588278180052028
2.45596171208255,-0.966358519461707,0.351811257377945,0.61454726208378
2.45607011631503,-0.960633175523663,0.320529366793211,0.640103808730469
2.45617852054751,-0.953793774384259,0.288875683430465,0.664918090953804
2.45628692477999,-0.945848258932616,0.256886939651405,0.688961319281227
2.45639532901247,-0.936805839135613,0.224600258733676,0.712205580401948
2.45650373324496,-0.926677007125585,0.192053079474545,0.734623927651036
2.45661213747744,-0.915473503254667,0.159283161548027,0.756190341706617
2.45672054170992,-0.903208325068238,0.126328500388543,0.776879824679676
2.4568289459424,-0.889895690581622,0.0932273259779147,0.796668364603703
2.45693735017488,-0.875551043145939,0.0600180174963155,0.815533025649623
2.45704575440736,-0.860191012685516,0.026739099311037,0.833451913374487
2.45715415863985,-0.843833416835802,-0.00657084317804791,0.850404260013838
2.45726256287233,-0.826497220283693,-0.0398731695814434,0.866370389865145
2.45733017602256,-0.815197370964421,-0.0606240800385742,0.875821451003015
2.4573977891728,-0.803529811318686,-0.0813474680084093,0.884877279327118
2.45746540232303,-0.791499759149472,-0.102034075709755,0.893533834859231
2.45753301547327,-0.779112633818441,-0.122674571634351,0.901787205452775
2.45762517473314,-0.761663849698685,-0.15071680096225,0.912380650660934
2.45771733399301,-0.743576576771707,-0.178632777722166,0.922209354493865
2.45777753389686,-0.73142388181329,-0.196789042057798,0.928212923871072
2.45783773380071,-0.71900963628478,-0.214874826466957,0.933884462751722
2.45789793370456,-0.706338248792426,-0.232883718929466,0.939221967721913
2.45795813360841,-0.693414252694758,-0.250809264876013,0.944223517570766
2.45803063386827,-0.677520913199211,-0.272277598810761,0.949798512009985
2.45810313412814,-0.66127609558274,-0.293604686099113,0.954880781681876
2.458175634388,-0.644688228253947,-0.314779475459702,0.959467703713658
2.45824813464786,-0.627765926852601,-0.335790957457903,0.963556884310506
2.45832063490772,-0.610517965829833,-0.356628250130878,0.967146215960716
2.45839313516758,-0.592953299758787,-0.377280524038109,0.970233823796856
2.45848130247937,-0.571179636412223,-0.40213060331262,0.973310239724833
2.45856946979116,-0.548967721164379,-0.42667224539489,0.975639966559239
2.45865763710294,-0.526334628097943,-0.45088659903335,0.977221227131311
2.45874580441473,-0.503297733183146,-0.474755062259235,0.978052795442396
2.45883397172652,-0.47987471842146,-0.49825932628479,0.97813404470623
2.45892213903831,-0.456083554469862,-0.521381346591891,0.977464901061771
2.45901030635009,-0.431942496616053,-0.544103392153068,0.976045888769138
2.45909847366188,-0.407470064037758,-0.56640802161924,0.973878085656969
2.45918664097367,-0.382685033427528,-0.588278131782208,0.970963165209733
2.45929504520607,-0.351811315275443,-0.614547215144804,0.966358530420237
2.45940344943848,-0.320529425467911,-0.64010376318168,0.960633188649574
2.45951185367088,-0.288875742812228,-0.664918046852868,0.953793789665069
2.45962025790329,-0.256886999669064,-0.688961276684161,0.945848276353208
2.45972866213569,-0.224600319315535,-0.712205539363021,0.936805858678568
2.4598370663681,-0.192053140547996,-0.734623888222797,0.926677028770794
2.4599454706005,-0.159283223039987,-0.75619030393975,0.915473526979724
2.46005387483291,-0.126328562225303,-0.776879788622967,0.903208350848254
2.46016227906531,-0.0932273880853074,-0.796668330303951,0.889895718389239
2.46027068329772,-0.0600180797998849,-0.815532993151644,0.875551072951554
2.46037908753012,-0.0267391617359798,-0.83345188272112,0.860191044457102
2.46048749176253,0.00657078070674505,-0.850404231245735,0.84383345053899
2.46059589599493,0.0398731071388401,-0.866370363020797,0.826497255881945
2.46066350920579,0.0606240362592013,-0.87582143368009,0.815197397420863
2.46073112241664,0.081347442863993,-0.88487727082632,0.803529827962348
2.46079873562749,0.102034069146869,-0.893533834470039,0.791499765323173
2.46086634883835,0.122674583574451,-0.901787212453954,0.77911262887948
2.46095850808423,0.150716808616686,-0.912380655850483,0.761663847233764
2.46105066733012,0.178632781124416,-0.922209358102102,0.743576576977687
2.46111086722961,0.196789044143834,-0.928212927035862,0.731423882892041
2.4611710671291,0.21487482724705,-0.933884465521212,0.719009638274135
2.46123126702859,0.232883718415278,-0.939221970144575,0.706338251729279
2.46129146692809,0.250809263080567,-0.94422351969554,0.693414256614959
2.4613639671904,0.272277597765002,-0.949798514407613,0.677520916642629
2.46143646745272,0.29360468579518,-0.954880784319449,0.661276098524223
2.46150896771503,0.314779475888647,-0.959467706557931,0.644688230669274
2.46158146797735,0.335790958609658,-0.963556887328052,0.627765928718364
2.46165396823966,0.356628251994209,-0.967146219117739,0.610517967123509
2.46172646850198,0.377280526600685,-0.970233827059485,0.592953300458772
2.46181463579242,0.402130599892725,-0.973310242324058,0.571179642431314
2.46190280308286,0.426672236146113,-0.97563996885704,0.54896773271093
2.46199097037331,0.450886584122884,-0.977221229490737,0.526334645367821
2.46207913766375,0.47475504186765,-0.978052798227055,0.503297756359417
2.46216730495419,0.498259300605848,-0.978134048279753,0.479874747673893
2.46225547224464,0.521381315832003,-0.977464905787138,0.456083589955116
2.46234363953508,0.544103356531272,-0.976045895008255,0.431942538476957
2.46243180682552,0.566407981366579,-0.973878093770022,0.407470112403425
2.46251997411597,0.588278087141723,-0.970963175554665,0.382685088412928
2.4626283783483,0.614547171715791,-0.966358542748645,0.351811371032828
2.46273678258063,0.640103721018192,-0.960633202952434,0.320529481934204
2.46284518681296,0.664918006007488,-0.953793805930956,0.288875799923431
2.46295359104529,0.688961237208006,-0.94584829456859,0.256887057360553
2.46306199527762,0.712205501305533,-0.936805878827399,0.224600377521858
2.46317039950996,0.734623851631868,-0.926677050835039,0.192053199203132
2.46327880374229,0.756190268861615,-0.91547355093895,0.159283282077313
2.46338720797462,0.776879755102133,-0.903208376679842,0.126328621577708
2.46349561220695,0.796668298383129,-0.88989574606842,0.0932274476852974
2.46360401643928,0.815532962871777,-0.875551102451308,0.0600181395795274
2.46371242067161,0.83345185412117,-0.860191075748366,0.0267392216272126
2.46382082490394,0.850404204362837,-0.843833483590581,-0.00657072077226935
2.46392922913628,0.866370337890084,-0.826497290660534,-0.0398730472295504
2.46399684240711,0.875821417874575,-0.815197423063329,-0.0606239948112956
2.46406445567795,0.884877263653109,-0.803529843805958,-0.0813474198471863
2.46413206894878,0.893533835225059,-0.7914997707191,-0.102034064505997
2.46419968221962,0.901787220422619,-0.779112623193109,-0.122674597229534
2.46429184148137,0.91238066518151,-0.761663838152412,-0.150716827029092
2.46438400074312,0.922209368526274,-0.743576564291935,-0.178632804234384
2.46444420061322,0.928212934172254,-0.731423875853898,-0.196789058318374
2.46450440048332,0.933884469692196,-0.719009637142773,-0.214874832549389
2.46456460035343,0.939221971675559,-0.706338256757361,-0.232883714918226
2.46462480022353,0.94422351891477,-0.693414268048548,-0.25080925086625
2.46469730048811,0.949798514050418,-0.677520927759165,-0.272277586291271
2.4647698007527,0.954880784356294,-0.661276109297558,-0.293604675058727
2.46484230101728,0.959467706959038,-0.644688241073979,-0.314779465885071
2.46491480128187,0.963556888063155,-0.627765938729766,-0.335790949333397
2.46498730154645,0.967146220156402,-0.610517976717717,-0.356628243438695
2.46505980181103,0.970233828370909,-0.592953309612636,-0.377280518758288
2.46514796910628,0.973310243987968,-0.5711796505104,-0.402130593477562
2.46523613640152,0.975639970792574,-0.548967739663787,-0.426672231128808
2.46532430369677,0.977221231616646,-0.526334651145737,-0.450886580470928
2.46541247099201,0.97805280046181,-0.503297760916386,-0.474755039545445
2.46550063828726,0.978134050541704,-0.479874750966941,-0.498259299574736
2.4655888055825,0.977464907994448,-0.456083591944025,-0.521381316050433
2.46567697287774,0.976045897079412,-0.431942539124651,-0.544103357954772
2.46576514017299,0.973878095623587,-0.407470111675686,-0.566407983947913
2.46585330746823,0.970963177109588,-0.382685086278785,-0.588278090830796
2.46596171170057,0.966358544107,-0.351811368822169,-0.614547175284815
2.46607011593291,0.960633204115073,-0.320529479653279,-0.640103724461804
2.46617852016525,0.95379380689907,-0.288875797578622,-0.664918009320467
2.46628692439759,0.945848295343471,-0.256887054958226,-0.688961240385268
2.46639532862993,0.936805879410682,-0.224600375068502,-0.71220550434219
2.46650373286226,0.92667705122849,-0.192053196705333,-0.734623854523165
2.4666121370946,0.915473551144592,-0.159283279541638,-0.756190271602955
2.46672054132694,0.903208376699942,-0.126328619010795,-0.776879757689167
2.46682894555928,0.889895745905437,-0.0932274450938502,-0.796668300811564
2.46693734979162,0.875551102107904,-0.0600181369703261,-0.815532965137617
2.46704575402396,0.860191075227439,-0.0267392190069505,-0.833451856220467
2.4671541582563,0.843833482895175,0.00657072339683258,-0.85040420629202
2.46726256248864,0.826497289793985,0.0398730498515797,-0.866370339645533
2.46733017575873,0.815197422218493,0.0606239971994784,-0.875821419417972
2.46739778902882,0.803529842992378,0.0813474219995664,-0.884877264991931
2.46746540229892,0.791499769946051,0.102034066420997,-0.893533836367055
2.46753301556901,0.779112622469851,0.122674598905809,-0.90178722137565
2.46762517486056,0.761663831570159,0.150716837734136,-0.912380669304335
2.46771733415212,0.74357655144507,0.178632823875088,-0.922209375320148
2.46777753399727,0.731423867765901,0.19678907036514,-0.928212938131061
2.46783773384243,0.719009634034181,0.21487483705505,-0.933884471089222
2.46789793368758,0.706338258843271,0.232883711943626,-0.939221970786919
2.46795813353274,0.693414275538411,0.250809240480338,-0.944223516018744
2.46803063379713,0.677520935409795,0.272277575894078,-0.949798511303854
2.46810313406152,0.661276117107983,0.293604664654711,-0.9548807817627
2.46817563432592,0.644688249043136,0.314779455478777,-0.959467704521895
2.46824813459031,0.627765946856428,0.335790938929389,-0.963556885785846
2.4683206348547,0.610517985000588,0.356628233041643,-0.967146218042235
2.4683931351191,0.59295331805024,0.37728050837288,-0.970233826423106
2.46848130244045,0.571179652561519,0.402130590493034,-0.973310243054559
2.46856946976181,0.548967735068834,0.426672235362383,-0.975639970431158
2.46865763708317,0.526334639660458,0.450886591723094,-0.977221231383551
2.46874580440453,0.503297742312098,0.474755057600277,-0.978052799912371
2.46883397172589,0.479874725030919,0.498259324200207,-0.978134049231094
2.46892213904725,0.456083558479781,0.521381346998789,-0.97746490547854
2.46901030636861,0.431942497952307,0.544103394962893,-0.976045892915195
2.46909847368997,0.407470062632343,0.566408026737663,-0.973878089370033
2.46918664101133,0.382685029218622,0.588278139109551,-0.97096316832816
2.46929504524374,0.351811310915274,0.614547222232543,-0.966358533147831
2.46940344947616,0.32052942096904,0.640103770019169,-0.960633190988209
2.46951185370857,0.288875738187217,0.664918053429799,-0.953793791617001
2.46962025794099,0.25688699493074,0.68896128299055,-0.945848277921303
2.4697286621734,0.224600314476785,0.712205545389171,-0.936805859865916
2.46983706640582,0.192053135621904,0.73462389395927,-0.926677029581127
2.46994547063823,0.159283218039654,0.75619030937749,-0.9154735274171
2.47005387487065,0.126328557163987,0.776879793753279,-0.903208350917257
2.47016227910307,0.09322738297634,0.796668335118485,-0.8898957180948
2.47027068333548,0.0600180746566046,0.815532997642466,-0.875551072299032
2.4703790875679,0.0267391565718337,0.833451886880512,-0.860191043452308
2.47048749180031,-0.00657078587832951,0.850404235066512,-0.84383344918816
2.47059589603273,-0.0398731123043601,0.866370366496059,-0.82649725419168
2.47066350924219,-0.0606240409844229,0.875821436744781,-0.815197395760363
2.47073112245165,-0.0813474471449831,0.884877273494564,-0.80352982634959
2.47079873566111,-0.102034072980316,0.893533836756221,-0.791499763775891
2.47086634887057,-0.122674586957591,0.901787214372761,-0.779112627415168
2.47095850817607,-0.150716830062169,0.912380664109859,-0.761663834047648
2.47105066748158,-0.178632820445986,0.9222093717043,-0.743576551258317
2.47111086733113,-0.19678906826171,0.928212934962139,-0.73142386670037
2.47117106718067,-0.214874836266895,0.933884468318758,-0.719009632051881
2.47123126703022,-0.232883712459066,0.939221968366084,-0.706338255907018
2.47129146687976,-0.250809242286222,0.944223513898315,-0.693414271612059
2.47136396714173,-0.272277576957412,0.949798508912108,-0.677520931954706
2.47143646740369,-0.293604664983251,0.954880779132255,-0.661276114148984
2.47150896766565,-0.314779455081294,0.95946770168565,-0.644688246604304
2.47158146792762,-0.33579093781589,0.963556882776905,-0.627765944961014
2.47165396818958,-0.356628231223223,0.96714621489399,-0.610517983670769
2.47172646845154,-0.37728050586168,0.970233823169194,-0.592953317307506
2.47181463579425,-0.402130593963838,0.973310240462488,-0.571179646498644
2.47190280313695,-0.426672244661565,0.975639968139118,-0.548967723477506
2.47199097047966,-0.450886606683401,0.977221229028265,-0.526334622344847
2.47207913782236,-0.474755078041026,0.978052797130318,-0.503297719089269
2.47216730516506,-0.498259349927709,0.978134045658705,-0.479874695730955
2.47225547250777,-0.521381377806495,0.977464900752769,-0.456083522946251
2.47234363985047,-0.544103430631807,0.976045886674089,-0.431942456042276
2.47243180719317,-0.566408067036652,0.973878081253456,-0.407470014216776
2.47251997453588,-0.588278183795574,0.970963157978147,-0.382684974182567
2.47262837876836,-0.614547265705737,0.966358520812504,-0.351811255106743
2.47273678300085,-0.640103812225387,0.960633176676644,-0.320529364451263
2.47284518723334,-0.664918094316456,0.95379377534063,-0.288875681024135
2.47295359146583,-0.688961322506524,0.945848259693717,-0.256886937187174
2.47306199569832,-0.712205583484897,0.936805839703089,-0.224600256218167
2.4731703999308,-0.734623930586874,0.926677007501265,-0.192053076914359
2.47327880416329,-0.756190344490746,0.915473503440584,-0.159283158949858
2.47338720839578,-0.776879827307631,0.903208325066772,-0.12632849775913
2.47349561262827,-0.796668367071204,0.889895690395213,-0.0932273233240042
2.47360401686076,-0.815533027952571,0.875551042777313,-0.0600180148247287
2.47371242109324,-0.833451915509031,0.860191012137667,-0.0267390966285943
2.47382082532573,-0.850404261976313,0.843833416111758,0.00657084586454512
2.47392922955822,-0.866370391651995,0.826497219386875,0.0398731722651219
2.47399684270765,-0.875821452568439,0.815197370098396,0.0606240824700417
2.47406445585709,-0.884877280679376,0.803529810493569,0.0813474701858202
2.47413206900652,-0.893533836006707,0.791499758375237,0.102034077631518
2.47419968215595,-0.901787206404105,0.779112633104919,0.122674573299206
2.47429184144559,-0.912380654778375,0.761663843133369,0.150716811645019
2.47438400073523,-0.922209361279316,0.743576563949501,0.178632797329833
2.47444420061418,-0.928212927826214,0.731423873741633,0.196789054084567
2.47450440049312,-0.933884464149401,0.719009633183937,0.214874830965505
2.47456460037207,-0.939221966837696,0.706338250877099,0.232883715960605
2.47462480025102,-0.94422351468251,0.693414260174093,0.250809254508456
2.47469730051067,-0.949798509269487,0.677520920843023,0.272277588426474
2.47476980077032,-0.954880779092849,0.661276103390189,0.293604675702666
2.47484230102997,-0.95946770127983,0.644688236224148,0.314779465055684
2.47491480128962,-0.963556882035519,0.627765934984497,0.335790947051022
2.47498730154928,-0.967146213848117,0.610517974122256,0.356628239725848
2.47505980180893,-0.970233821850175,0.59295330821044,0.377280513639732
2.47514796914681,-0.973310238792289,0.571179638482509,0.402130600309781
2.47523613648469,-0.975639966198915,0.548967716593859,0.426672249605048
2.47532430382258,-0.977221226899677,0.526334616642587,0.450886610257091
2.47541247116046,-0.978052794895233,0.50329771461439,0.474755080280825
2.47550063849834,-0.97813404339911,0.479874692526712,0.49825935087239
2.47558880583622,-0.977464898550774,0.456083521052868,0.521381377497902
2.47567697317411,-0.976045884611612,0.431942455497036,0.54410342911461
2.47576514051199,-0.973878079412254,0.407470015053843,0.566408064358393
2.47585330784987,-0.97096315643958,0.382684976433011,0.58827818000658
2.47596171208235,-0.966358519474718,0.351811257435185,0.614547262039523
2.47607011631483,-0.960633175538683,0.320529366851222,0.640103808687469
2.47617852054732,-0.953793774401361,0.288875683489241,0.664918090912083
2.4762869247798,-0.945848258951712,0.256886939710821,0.68896131924087
2.47639532901228,-0.936805839156736,0.224600258793701,0.712205580363032
2.47650373324476,-0.926677007148681,0.192053079535145,0.734623927613554
2.47661213747724,-0.915473503279772,0.159283161609116,0.756190341670664
2.47672054170972,-0.903208325095302,0.126328500450043,0.776879824645285
2.4768289459422,-0.889895690610664,0.0932273260397884,0.796668364570906
2.47693735017468,-0.875551043176896,0.0600180175584736,0.815533025618465
2.47704575440717,-0.860191012718407,0.0267390993734003,0.833451913345002
2.47715415863965,-0.843833416870553,-0.0065708431155477,0.850404259986144
2.47726256287213,-0.826497220320299,-0.0398731695188784,0.866370389839177
2.47733017602243,-0.815197370991303,-0.0606240799956261,0.875821450986935
2.47739778917272,-0.803529811335153,-0.0813474679850864,0.884877279320253
2.47746540232302,-0.791499759154751,-0.102034075706014,0.893533834860764
2.47753301547332,-0.779112633811891,-0.12267457165007,0.90178720546198
2.4776251747332,-0.761663849691173,-0.150716800978831,0.91238065066999
2.47771733399307,-0.743576576763218,-0.178632777739568,0.922209354502759
2.4777775338969,-0.731423881808957,-0.196789042068563,0.928212923877527
2.47783773380073,-0.719009636284814,-0.214874826471133,0.933884462755931
2.47789793370456,-0.706338248797016,-0.232883718927127,0.939221967724148
2.47795813360839,-0.693414252704057,-0.250809264867212,0.944223517571276
2.47803063386825,-0.677520913208272,-0.272277598802521,0.949798512010773
2.47810313412811,-0.661276095591508,-0.29360468609144,0.954880781682944
2.47817563438798,-0.644688228262424,-0.314779475452585,0.959467703714999
2.47824813464784,-0.627765926860758,-0.335790957451359,0.963556884312105
2.4783206349077,-0.610517965837602,-0.356628250124881,0.967146215962513
2.47839313516757,-0.592953299766195,-0.377280524032639,0.970233823798835
2.47848130247936,-0.571179636419173,-0.402130603307816,0.973310239726993
2.47856946979115,-0.548967721170856,-0.426672245390722,0.975639966561564
2.47865763710293,-0.526334628103893,-0.450886599029829,0.977221227133738
2.47874580441472,-0.503297733188602,-0.474755062256345,0.978052795444904
2.47883397172651,-0.479874718426314,-0.498259326282495,0.978134044708786
2.4789221390383,-0.456083554474165,-0.521381346590153,0.977464901064342
2.47901030635009,-0.431942496619746,-0.544103392151949,0.976045888771687
2.47909847366188,-0.407470064040819,-0.56640802161864,0.973878085659449
2.47918664097367,-0.382685033429971,-0.588278131782152,0.970963165212134
2.47929504520608,-0.351811315278117,-0.614547215144509,0.966358530422633
2.47940344943848,-0.320529425470893,-0.640103763181119,0.960633188651994
2.47951185367088,-0.288875742815385,-0.664918046852096,0.953793789667487
2.47962025790329,-0.256886999672492,-0.688961276683225,0.945848276355718
2.47972866213569,-0.224600319319191,-0.712205539361897,0.936805858681041
2.4798370663681,-0.192053140551957,-0.734623888221476,0.926677028773391
2.4799454706005,-0.159283223044208,-0.756190303938254,0.915473526982421
2.4800538748329,-0.126328562229805,-0.77687978862129,0.903208350851071
2.48016227906531,-0.0932273880901199,-0.796668330302118,0.889895718392228
2.48027068329771,-0.0600180798049712,-0.815532993149714,0.875551072954689
2.48037908753012,-0.026739161741361,-0.833451882719085,0.860191044460447
2.48048749176252,0.00657078070113886,-0.850404231243674,0.8438334505425
2.48059589599492,0.0398731071329643,-0.866370363018616,0.82649725588563
2.48066350920578,0.0606240362552344,-0.875821433678788,0.815197397423539
2.48073112241665,0.0813474428619429,-0.884877270825882,0.803529827963905
2.48079873562751,0.102034069146711,-0.893533834470356,0.79149976532361
2.48086634883837,0.122674583576171,-0.901787212454892,0.779112628878745
2.48095850808428,0.150716808625979,-0.91238065585407,0.761663847228025
2.48105066733019,0.178632781141195,-0.92220935810793,0.743576576966722
2.48111086722966,0.196789044154251,-0.928212927039322,0.731423882885035
2.48117106712913,0.214874827251146,-0.933884465522439,0.719009638271296
2.4812312670286,0.232883718413133,-0.939221970143899,0.706338251730736
2.48129146692807,0.250809263072218,-0.944223519693148,0.693414256620913
2.48136396719038,0.272277597753982,-0.949798514404652,0.677520916650676
2.48143646745268,0.293604685781507,-0.954880784316034,0.661276098534522
2.48150896771499,0.314779475872321,-0.95946770655423,0.644688230681885
2.48158146797729,0.335790958590752,-0.963556887324149,0.627765928733342
2.4816539682396,0.356628251972772,-0.967146219113766,0.610517967140982
2.48172646850191,0.377280526576795,-0.970233827055591,0.592953300478767
2.48181463579238,0.402130599876555,-0.973310242321577,0.571179642445034
2.48190280308285,0.426672236137463,-0.975639968855548,0.548967732718036
2.48199097037332,0.450886584121599,-0.977221229489748,0.526334645368156
2.48207913766378,0.474755041873495,-0.978052798226158,0.503297756352644
2.48216730495425,0.4982593006186,-0.978134048278479,0.479874747659841
2.48225547224472,0.521381315851404,-0.977464905784974,0.456083589933575
2.48234363953519,0.544103356557051,-0.976045895004799,0.431942538447735
2.48243180682566,0.566407981398501,-0.97387809376486,0.407470112366309
2.48251997411613,0.588278087179479,-0.970963175547299,0.382685088367789
2.48262837834847,0.614547171752841,-0.966358542739445,0.351811370986593
2.4827367825808,0.640103721054478,-0.960633202941363,0.320529481886877
2.48284518681313,0.664918006042952,-0.953793805918001,0.288875799875034
2.48295359104547,0.68896123724256,-0.945848294553744,0.256887057311144
2.4830619952778,0.712205501339144,-0.936805878810653,0.22460037747148
2.48317039951013,0.734623851664463,-0.926677050816317,0.19205319915184
2.48327880374247,0.756190268893126,-0.915473550918285,0.159283282025159
2.4833872079748,0.776879755132465,-0.903208376657218,0.126328621524718
2.48349561220713,0.796668298412253,-0.889895746043839,0.0932274476315742
2.48360401643947,0.815532962899584,-0.875551102424724,0.0600181395251151
2.4837124206718,0.833451854147629,-0.860191075719822,0.0267392215721651
2.48382082490413,0.850404204387899,-0.843833483560024,-0.00657072082788232
2.48392922913647,0.866370337913607,-0.826497290627983,-0.039873047285621
2.48399684240725,0.875821417889733,-0.815197423038779,-0.0606239948509752
2.48406445567803,0.884877263660461,-0.803529843789952,-0.0813474198705014
2.48413206894881,0.893533835225273,-0.791499770712262,-0.102034064512998
2.4841996822196,0.901787220416287,-0.779112623196052,-0.12267459722024
2.48429184148134,0.912380665175124,-0.761663838155889,-0.150716827019255
2.48438400074309,0.922209368519923,-0.743576564295871,-0.178632804224068
2.48444420061321,0.928212934167289,-0.731423875855399,-0.196789058311898
2.48450440048332,0.933884469688384,-0.719009637141697,-0.214874832546715
2.48456460035344,0.939221971672906,-0.706338256753551,-0.232883714919352
2.48462480022356,0.944223518913059,-0.693414268041886,-0.250809250871152
2.48469730048815,0.949798514049087,-0.677520927750625,-0.272277586298475
2.48476980075274,0.954880784355265,-0.661276109287132,-0.293604675068152
2.48484230101733,0.959467706958184,-0.644688241061575,-0.314779465896636
2.48491480128192,0.963556888062391,-0.627765938715364,-0.33579094934707
2.48498730154651,0.967146220155633,-0.610517976701217,-0.356628243454453
2.48505980181111,0.970233828369991,-0.592953309593966,-0.377280518776046
2.48514796910638,0.973310243987454,-0.571179650483179,-0.402130593504307
2.48523613640166,0.97563997079193,-0.548967739627726,-0.426672231164239
2.48532430369694,0.9772212316153,-0.526334651100505,-0.450886580514785
2.48541247099221,0.978052800459195,-0.503297760861732,-0.474755039597481
2.48550063828749,0.97813405053722,-0.479874750902566,-0.498259299634631
2.48558880558277,0.977464907987606,-0.456083591869815,-0.521381316117805
2.48567697287805,0.976045897069619,-0.431942539040257,-0.544103358029322
2.48576514017332,0.973878095610281,-0.407470111581043,-0.566407984029249
2.4858533074686,0.970963177092237,-0.382685086173711,-0.588278090918552
2.48596171170094,0.966358544085948,-0.351811368716477,-0.61454717536945
2.48607011593327,0.960633204090421,-0.320529479547125,-0.640103724543318
2.48617852016561,0.953793806870871,-0.288875797472102,-0.664918009398776
2.48628692439794,0.945848295311867,-0.256887054851482,-0.688961240460388
2.48639532863028,0.936805879375707,-0.224600374961681,-0.712205504414061
2.48650373286262,0.926677051190278,-0.192053196598558,-0.734623854591734
2.48661213709495,0.915473551103228,-0.159283279435017,-0.756190271668196
2.48672054132729,0.903208376655487,-0.126328618904496,-0.776879757750993
2.48682894555962,0.889895745857999,-0.0932274449880178,-0.796668300869994
2.48693734979196,0.875551102057633,-0.060018136865007,-0.815532965192583
2.4870457540243,0.860191075174394,-0.0267392189023287,-0.833451856272048
2.48715415825663,0.843833482839447,0.00657072350066539,-0.850404206340133
2.48726256248897,0.826497289735711,0.0398730499544651,-0.866370339690186
2.48733017575896,0.81519742217588,0.0606239972707327,-0.875821419446599
2.48739778902895,0.803529842966581,0.0813474220391914,-0.884877265005744
2.48746540229894,0.791499769938131,0.102034066429079,-0.893533836367233
2.48753301556893,0.779112622480941,0.122674598882513,-0.901787221363473
2.48762517486048,0.761663831581856,0.150716837710941,-0.912380669292796
2.48771733415204,0.743576551457248,0.17863282385207,-0.922209375309317
2.48777753399722,0.731423867772127,0.196789070351495,-0.928212938123614
2.48783773384241,0.719009634034222,0.214874837050659,-0.933884471084872
2.4878979336876,0.7063382588369,0.232883711948412,-0.939221970785287
2.48795813353278,0.693414275525371,0.250809240494229,-0.944223516019603
2.4880306337972,0.677520935391779,0.272277575914172,-0.949798511305941
2.48810313406161,0.661276117084863,0.29360466468094,-0.95488078176579
2.48817563432602,0.644688249014648,0.314779455511028,-0.959467704525675
2.48824813459044,0.627765946822468,0.335790938967564,-0.963556885790006
2.48832063485485,0.610517984960908,0.35662823308561,-0.967146218046516
2.48839313511927,0.592953318004709,0.377280508422496,-0.970233826427194
2.48848130244065,0.571179652508588,0.402130590549391,-0.973310243057982
2.48856946976204,0.548967735008292,0.42667223542529,-0.97563997043356
2.48865763708342,0.526334639592081,0.450886591792278,-0.977221231384344
2.48874580440481,0.503297742235712,0.474755057675483,-0.978052799911162
2.48883397172619,0.479874724946341,0.498259324281157,-0.978134049227493
2.48892213904758,0.456083558386873,0.521381347085191,-0.977464905472075
2.48901030636896,0.431942497850944,0.544103395054436,-0.976045892905383
2.48909847369035,0.407470062522355,0.566408026834077,-0.973878089356409
2.48918664101173,0.382685029099929,0.588278139210476,-0.970963168310372
2.48929504524415,0.351811310794711,0.614547222331075,-0.966358533125788
2.48940344947657,0.320529420846778,0.640103770115154,-0.96063319096191
2.48951185370898,0.288875738063349,0.664918053523146,-0.953793791586468
2.4896202579414,0.256886994805459,0.688961283081094,-0.945848277886539
2.48972866217381,0.224600314350154,0.712205545476829,-0.936805859826966
2.48983706640623,0.192053135494089,0.734623894043924,-0.926677029537962
2.48994547063865,0.159283217910829,0.756190309459018,-0.915473527369836
2.49005387487106,0.126328557034251,0.77687979383159,-0.903208350865821
2.49016227910348,0.0932273828458599,0.796668335193449,-0.889895718039314
2.4902706833359,0.0600180745255042,0.815532997713994,-0.87555107223949
2.49037908756831,0.0267391564402836,0.833451886948518,-0.860191043388788
2.49048749180073,-0.0065707860102045,0.850404235130932,-0.843833449120693
2.49059589603315,-0.0398731124364024,0.866370366556741,-0.826497254120342
2.49066350924247,-0.0606240410754973,0.87582143678484,-0.815197395709348
2.4907311224518,-0.0813474471951522,0.884877273515517,-0.803529826320341
2.49079873566113,-0.102034072989702,0.893533836759622,-0.79149976376991
2.49086634887045,-0.122674586926376,0.901787214360178,-0.779112627433814
2.49095850817592,-0.150716830017826,0.912380664093399,-0.761663834075531
2.49105066748138,-0.178632820388702,0.922209371684657,-0.743576551295965
2.491110867331,-0.196789068227502,0.928212934951,-0.731423866723444
2.49117106718062,-0.214874836255668,0.933884468315301,-0.719009632059638
2.49123126703024,-0.232883712470586,0.939221968369412,-0.706338255898819
2.49129146687986,-0.250809242320263,0.944223513907602,-0.693414271587314
2.49136396714178,-0.272277576977834,0.949798508917366,-0.677520931939507
2.4914364674037,-0.293604664990251,0.95488077913407,-0.661276114143814
2.49150896766562,-0.314779455075069,0.959467701684646,-0.644688246609557
2.49158146792754,-0.335790937796662,0.963556882773771,-0.627765944977087
2.49165396818946,-0.356628231191223,0.967146214889334,-0.610517983698083
2.49172646845137,-0.377280505817148,0.970233823163631,-0.592953317346394
2.49181463579402,-0.402130593902928,0.973310240456512,-0.571179646553568
2.49190280313666,-0.426672244584803,0.975639968133728,-0.548967723548895
2.4919909704793,-0.450886606591274,0.977221229024497,-0.526334622433221
2.49207913782195,-0.474755077934084,0.978052797129252,-0.503297719195132
2.49216730516459,-0.49825934980652,0.978134045661293,-0.479874695854763
2.49225547250723,-0.521381377671694,0.97746490076011,-0.456083523088384
2.49234363984988,-0.544103430484052,0.976045886687218,-0.431942456203158
2.49243180719252,-0.566408066876618,0.973878081273313,-0.40747001439666
2.49251997453516,-0.588278183623975,0.970963158005783,-0.382684974381799
2.49262837876765,-0.614547265538306,0.966358520847643,-0.351811255309322
2.49273678300014,-0.640103812062309,0.960633176719263,-0.320529364656929
2.49284518723262,-0.664918094158027,0.953793775390702,-0.288875681232649
2.49295359146511,-0.688961322352875,0.945848259751246,-0.25688693739832
2.49306199569759,-0.712205583336292,0.936805839767996,-0.224600256431678
2.49317039993008,-0.734623930443519,0.92667700757354,-0.192053077130027
2.49327880416257,-0.756190344352793,0.915473503520244,-0.159283159167436
2.49338720839505,-0.776879827175275,0.903208325153673,-0.12632849797838
2.49349561262754,-0.796668366944673,0.889895690489341,-0.0932273235446594
2.49360401686002,-0.815533027832053,0.875551042878563,-0.0600180150464934
2.49371242109251,-0.833451915394668,0.860191012245936,-0.0267390968512304
2.493820825325,-0.850404261868295,0.843833416227029,0.00657084564127863
2.49392922955748,-0.866370391550452,0.826497219508963,0.0398731720414864
2.49399684270713,-0.875821452500997,0.815197370187569,0.0606240823134439
2.49406445585679,-0.884877280643506,0.803529810547389,0.0813474700961371
2.49413206900644,-0.893533835999857,0.791499758391359,0.102034077608552
2.49419968215609,-0.901787206423679,0.779112633081003,0.122674573342685
2.49429184144573,-0.912380654797781,0.761663843107029,0.150716811690786
2.49438400073538,-0.922209361298351,0.743576563920591,0.178632797377808
2.49444420061427,-0.928212927838438,0.731423873724568,0.196789054113903
2.49450440049315,-0.9338844641556,0.719009633179218,0.214874830976405
2.49456460037204,-0.939221966838469,0.706338250885307,0.232883715953163
2.49462480025092,-0.94422351467854,0.693414260195714,0.250809254482884
2.49469730051057,-0.949798509266214,0.677520920864907,0.272277588401315
2.49476980077023,-0.954880779090267,0.661276103412358,0.29360467567795
2.49484230102988,-0.959467701277952,0.644688236246545,0.314779465031411
2.49491480128953,-0.963556882034314,0.627765935007187,0.335790947027174
2.49498730154919,-0.96714621384758,0.610517974145106,0.356628239702496
2.49505980180884,-0.970233821850291,0.59295330823349,0.377280513616827
2.49514796914668,-0.973310238791943,0.571179638516024,0.40213060027592
2.49523613648452,-0.975639966198771,0.548967716638295,0.426672249560461
2.49532430382237,-0.977221226900418,0.526334616698271,0.450886610202171
2.49541247116021,-0.978052794897584,0.503297714681718,0.474755080215854
2.49550063849805,-0.978134043403709,0.479874692605922,0.498259350797801
2.49558880583589,-0.977464898558338,0.456083521144243,0.521381377414121
2.49567697317373,-0.976045884622895,0.431942455600824,0.54410342902205
2.49576514051158,-0.973878079427778,0.40747001517027,0.566408064257544
2.49585330784942,-0.970963156460155,0.382684976562277,0.588278179897888
2.4959617120819,-0.966358519499958,0.351811257566135,0.614547261933839
2.49607011631438,-0.960633175568559,0.320529366983771,0.640103808584798
2.49617852054686,-0.953793774435823,0.288875683623158,0.664918090812704
2.49628692477934,-0.945848258990791,0.256886939845936,0.688961319144851
2.49639532901183,-0.936805839200299,0.224600258929875,0.712205580270434
2.49650373324431,-0.926677007196698,0.19205307967217,0.734623927524549
2.49661213747679,-0.915473503332178,0.159283161746873,0.756190341585304
2.49672054170927,-0.903208325152081,0.126328500588389,0.776879824563707
2.49682894594175,-0.889895690671681,0.0932273261785013,0.796668364493179
2.49693735017423,-0.875551043242146,0.0600180176974857,0.815533025544661
2.49704575440672,-0.860191012787756,0.0267390995125225,0.83345191327526
2.4971541586392,-0.843833416943966,-0.00657084297652759,0.850404259920468
2.49726256287168,-0.826497220397599,-0.0398731693800922,0.866370389777721
2.49733017602211,-0.815197371048606,-0.0606240798975086,0.875821450946126
2.49739778917254,-0.803529811371044,-0.081347467927573,0.884877279298614
2.49746540232297,-0.791499759167853,-0.102034075688896,0.893533834856735
2.4975330154734,-0.779112633800726,-0.122674571673235,0.901787205473936
2.49762517473331,-0.761663849673408,-0.150716801011371,0.912380650684775
2.49771733399321,-0.743576576738454,-0.178632777781364,0.922209354519824
2.49777753389699,-0.731423881794446,-0.196789042094208,0.928212923888636
2.49783773380076,-0.719009636281014,-0.214874826480747,0.933884462761735
2.49789793370454,-0.706338248804374,-0.232883718920826,0.939221967725173
2.49795813360832,-0.693414252723071,-0.250809264845076,0.94422351756812
2.49803063386815,-0.677520913233522,-0.272277598772673,0.949798512006187
2.49810313412799,-0.661276095623281,-0.293604686053962,0.954880781677209
2.49817563438783,-0.64468822830094,-0.314779475407609,0.959467703708531
2.49824813464766,-0.627765926906267,-0.335790957398995,0.963556884305241
2.4983206349075,-0.610517965890298,-0.356628250065346,0.967146215955653
2.49839313516734,-0.592953299826284,-0.377280523966076,0.970233823792352
2.49848130247909,-0.571179636488077,-0.402130603233501,0.973310239721562
2.49856946979085,-0.548967721248736,-0.426672245308922,0.975639966557628
2.49865763710261,-0.526334628191094,-0.450886598940795,0.977221227131888
2.49874580441437,-0.503297733285293,-0.474755062160389,0.97805279544567
2.49883397172613,-0.479874718532707,-0.498259326180007,0.978134044712707
2.49892213903789,-0.456083554590447,-0.52138134648141,0.977464901071827
2.49901030634965,-0.431942496746058,-0.544103392037281,0.976045888783349
2.49909847366141,-0.407470064177298,-0.566408021498491,0.973878085675791
2.49918664097317,-0.382685033576744,-0.588278131656889,0.970963165233656
2.49929504520557,-0.351811315426928,-0.61454721502245,0.966358530449372
2.49940344943797,-0.320529425621535,-0.640103763062436,0.96063318868397
2.49951185367038,-0.288875742967696,-0.664918046736936,0.953793789704649
2.49962025790278,-0.25688699982631,-0.688961276571705,0.945848276397988
2.49972866213519,-0.224600319474329,-0.712205539254184,0.936805858728463
2.49983706636759,-0.192053140708221,-0.734623888117661,0.92667702882585
2.49994547059999,-0.159283223201436,-0.756190303838439,0.915473527039846
2.5000538748324,-0.126328562387818,-0.776879788525647,0.903208350913495
2.5001622790648,-0.0932273882487445,-0.796668330210745,0.889895718459499
2.50027068329721,-0.0600180799640081,-0.815532993062769,0.875551073026756
2.50037908752961,-0.0267391619006037,-0.833451882636531,0.860191044537109
2.50048749176201,0.00657078054180441,-0.850404231165662,0.843833450623852
2.50059589599442,0.0398731069737451,-0.866370362945261,0.826497255971497
2.50066350920544,0.0606240361471783,-0.875821433631122,0.815197397483913
2.50073112241647,0.0813474428049384,-0.884877270801996,0.803529827997048
2.5007987356275,0.102034069140605,-0.893533834468304,0.791499765327631
2.50086634883852,0.122674583620738,-0.901787212472686,0.779112628851936
2.5009585080845,0.15071680869022,-0.912380655877795,0.76166384718755
2.50105066733047,0.178632781224981,-0.922209358136509,0.743576576911532
2.50111086722984,0.196789044206072,-0.928212927056121,0.731423882850021
2.50117106712921,0.214874827271213,-0.933884465528633,0.719009638257424
2.50123126702857,0.2328837184017,-0.939221970140617,0.706338251738869
2.50129146692794,0.250809263029569,-0.944223519681561,0.693414256651988
2.50136396719026,0.27227759771602,-0.94979851439512,0.677520916679059
2.50143646745258,0.293604685748226,-0.954880784308244,0.661276098560002
2.5015089677149,0.314779475843688,-0.959467706548091,0.644688230704348
2.50158146797722,0.335790958566651,-0.963556887319351,0.627765928752701
2.50165396823954,0.356628251953234,-0.967146219110164,0.610517967156945
2.50172646850186,0.377280526561676,-0.970233827052984,0.592953300491295
2.50181463579235,0.402130599867155,-0.973310242319981,0.571179642452789
2.50190280308284,0.426672236133638,-0.975639968854509,0.548967732720856
2.50199097037333,0.450886584123193,-0.977221229489011,0.526334645365794
2.50207913766382,0.474755041880409,-0.978052798225363,0.503297756344922
2.50216730495431,0.498259300630615,-0.978134048277243,0.479874747646606
2.5022554722448,0.521381315868333,-0.977464905783032,0.456083589914665
2.50234363953529,0.544103356578718,-0.976045895001795,0.431942538423061
2.50243180682578,0.566407981424709,-0.973878093760399,0.407470112335658
2.50251997411627,0.588278087210007,-0.970963175541089,0.382685088331077
2.50262837834861,0.614547171782522,-0.966358542731792,0.351811370949248
2.50273678258094,0.640103721083297,-0.960633202932236,0.320529481848929
2.50284518681327,0.6649180060709,-0.953793805907448,0.28887579983652
2.50295359104561,0.688961237269605,-0.94584829454168,0.256887057272094
2.50306199527794,0.712205501365218,-0.936805878797181,0.22460037743195
2.50317039951028,0.734623851689481,-0.926677050801395,0.192053199111889
2.50327880374261,0.756190268917076,-0.915473550901894,0.159283281984827
2.50338720797494,0.776879755155349,-0.903208376639382,0.126328621484024
2.50349561220728,0.796668298434005,-0.889895746024576,0.0932274475905801
2.50360401643961,0.815532962920198,-0.875551102404115,0.0600181394838929
2.50371242067194,0.833451854166989,-0.860191075697779,0.0267392215307596
2.50382082490428,0.85040420440602,-0.843833483536597,-0.00657072086946362
2.50392922913661,0.866370337930489,-0.826497290603213,-0.0398730473272955
2.50399684240735,0.875821417899274,-0.815197423021218,-0.0606239948780522
2.50406445567808,0.884877263663254,-0.803529843780288,-0.0813474198829691
2.50413206894882,0.893533835221792,-0.791499770710885,-0.102034064510919
2.50419968221955,0.901787220407171,-0.779112623203469,-0.122674597203709
2.50429184148134,0.91238066517107,-0.761663838155482,-0.150716827015583
2.50438400074313,0.922209368520243,-0.743576564287071,-0.178632804233189
2.50444420061324,0.928212934166518,-0.731423875848249,-0.196789058318287
2.50450440048334,0.933884469686668,-0.719009637136241,-0.214874832550431
2.50456460035345,0.939221971670269,-0.706338256749903,-0.232883714920391
2.50462480022356,0.944223518909664,-0.693414268040117,-0.250809250869557
2.50469730048814,0.949798514045157,-0.677520927750384,-0.27227758629479
2.50476980075273,0.954880784350877,-0.661276109288521,-0.29360467506239
2.50484230101731,0.95946770695346,-0.644688241064642,-0.314779465888853
2.5049148012819,0.963556888057441,-0.627765938720189,-0.335790949337276
2.50498730154648,0.96714622015048,-0.610517976707829,-0.356628243442676
2.50505980181107,0.97023382836481,-0.592953309602451,-0.377280518762356
2.50514796910637,0.973310243983436,-0.571179650485228,-0.402130593498208
2.50523613640167,0.975639970788581,-0.548967739623085,-0.426672231165512
2.50532430369698,0.977221231612232,-0.526334651088926,-0.450886580523267
2.50541247099228,0.978052800455909,-0.503297760842975,-0.474755039612899
2.50550063828759,0.978134050533242,-0.479874750876437,-0.498259299656816
2.50558880558289,0.977464907982504,-0.456083591836009,-0.521381316146508
2.50567697287819,0.976045897062943,-0.431942538998723,-0.544103358064234
2.5057651401735,0.973878095601596,-0.407470111531514,-0.566407984070104
2.5058533074688,0.970963177081074,-0.382685086116015,-0.588278090965073
2.50596171170114,0.96635854407257,-0.351811368657189,-0.614547175415414
2.50607011593348,0.960633204074861,-0.32052947948633,-0.640103724588518
2.50617852016582,0.953793806853006,-0.28887579740983,-0.664918009443206
2.50628692439815,0.945848295291653,-0.256887054787775,-0.688961240503836
2.50639532863049,0.936805879353164,-0.224600374896585,-0.712205504456557
2.50650373286283,0.926677051165296,-0.192053196532176,-0.734623854633141
2.50661213709517,0.915473551075795,-0.159283279367428,-0.756190271708378
2.50672054132751,0.903208376625633,-0.126328618835729,-0.776879757789894
2.50682894555985,0.889895745825676,-0.0932274449181676,-0.796668300907512
2.50693734979219,0.875551102022803,-0.0600181367941577,-0.815532965228619
2.50704575402453,0.86019107513706,-0.026739218830523,-0.833451856306518
2.50715415825686,0.843833482799628,0.00657072357331463,-0.85040420637295
2.5072625624892,0.826497289693383,0.039873050027866,-0.866370339721267
2.50733017575912,0.815197422144206,0.0606239973224659,-0.875821419466675
2.50739778902904,0.803529842946316,0.0813474220693526,-0.884877265015643
2.50746540229897,0.791499769930088,0.102034066437699,-0.893533836367779
2.50753301556889,0.779112622485815,0.12267459886969,-0.901787221355484
2.5076251748604,0.761663831593959,0.150716837687244,-0.912380669281182
2.50771733415192,0.743576551477088,0.178632823817585,-0.922209375294673
2.50777753399715,0.731423867783792,0.196789070330074,-0.92821293811382
2.50783773384238,0.719009634037215,0.214874837042213,-0.933884471079434
2.50789793368761,0.706338258830836,0.232883711952874,-0.93922197078371
2.50795813353284,0.693414275509892,0.250809240511457,-0.944223516021353
2.50803063379725,0.677520935377209,0.27227757592978,-0.949798511306955
2.50810313406165,0.66127611707123,0.293604664694883,-0.954880781766133
2.50817563432606,0.644688249002051,0.31477945552334,-0.959467704525392
2.50824813459047,0.627765946810949,0.33579093897826,-0.963556885789209
2.50832063485488,0.610517984950526,0.356628233094697,-0.967146218045216
2.50839313511929,0.592953317995494,0.377280508430012,-0.970233826425491
2.50848130244068,0.571179652497858,0.40213059055841,-0.973310243056254
2.50856946976207,0.548967734995971,0.426672235435725,-0.975639970431685
2.50865763708346,0.526334639578152,0.450886591804154,-0.977221231382282
2.50874580440485,0.503297742220104,0.474755057688726,-0.978052799908778
2.50883397172624,0.479874724928988,0.498259324295735,-0.978134049224691
2.50892213904763,0.456083558367786,0.521381347100997,-0.977464905468736
2.50901030636903,0.431942497830034,0.54410339507146,-0.976045892901486
2.50909847369042,0.407470062499632,0.566408026852206,-0.973878089351845
2.50918664101181,0.382685029075311,0.588278139229693,-0.970963168305022
2.50929504524422,0.351811310770226,0.614547222349508,-0.966358533119677
2.50940344947664,0.320529420822357,0.640103770132799,-0.960633190955138
2.50951185370905,0.288875738039082,0.66491805354001,-0.953793791579072
2.50962025794147,0.256886994781339,0.688961283097182,-0.945848277878524
2.50972866217388,0.224600314326249,0.712205545492089,-0.936805859818363
2.5098370664063,0.192053135470469,0.734623894058375,-0.926677029528854
2.50994547063871,0.159283217887441,0.756190309472751,-0.915473527360201
2.51005387487113,0.126328557011171,0.776879793844536,-0.903208350855664
2.51016227910354,0.093227382823074,0.796668335205655,-0.889895718028707
2.51027068333596,0.0600180745031259,0.815532997725394,-0.87555107222853
2.51037908756837,0.0267391564182656,0.833451886959184,-0.860191043377448
2.51048749180079,-0.00657078603181997,0.850404235140863,-0.843833449109013
2.5105958960332,-0.0398731124576238,0.866370366565968,-0.826497254108313
2.5106635092425,-0.0606240410890318,0.875821436790307,-0.815197395701253
2.51073112245181,-0.0813474472010294,0.884877273517525,-0.80352982631645
2.51079873566111,-0.10203407298794,0.893533836758424,-0.791499763770478
2.51086634887041,-0.122674586917051,0.901787214356141,-0.779112627439073
2.51095850817585,-0.150716830000172,0.91238066408665,-0.761663834086473
2.51105066748128,-0.17863282036275,0.922209371675703,-0.743576551312937
2.51111086733093,-0.19678906821082,0.928212934945485,-0.731423866734648
2.51117106718059,-0.214874836248182,0.93388446831298,-0.719009632064781
2.51123126703024,-0.232883712472254,0.939221968369878,-0.706338255897608
2.51129146687989,-0.250809242331022,0.944223513910589,-0.693414271579545
2.51136396714183,-0.272277576993821,0.949798508921471,-0.677520931927628
2.51143646740376,-0.29360466501139,0.954880779139127,-0.661276114127727
2.5115089676657,-0.31477945510126,0.959467701690341,-0.644688246589043
2.51158146792763,-0.335790937827812,0.963556882779861,-0.627765944952056
2.51165396818957,-0.356628231227216,0.967146214895581,-0.610517983668365
2.51172646845151,-0.377280505857894,0.970233823169768,-0.59295331731186
2.51181463579415,-0.402130593942279,0.973310240461461,-0.571179646519158
2.51190280313679,-0.426672244622727,0.975639968137516,-0.548967723514768
2.51199097047942,-0.450886606627723,0.977221229027201,-0.526334622399476
2.51207913782206,-0.474755077969125,0.978052797130902,-0.50329771916177
2.5121673051647,-0.498259349840138,0.978134045662022,-0.479874695821857
2.51225547250734,-0.521381377703906,0.977464900759875,-0.45608352305597
2.51234363984998,-0.544103430514815,0.976045886686128,-0.431942456171305
2.51243180719262,-0.566408066905992,0.973878081271442,-0.407470014365427
2.51251997453526,-0.588278183651993,0.970963158003203,-0.382684974351196
2.51262837876775,-0.6145472655662,0.966358520843915,-0.351811255277686
2.51273678300024,-0.640103812090084,0.960633176714348,-0.320529364624244
2.51284518723273,-0.6649180941855,0.953793775384543,-0.288875681199026
2.51295359146522,-0.688961322380117,0.94584825974387,-0.25688693736373
2.5130619956977,-0.712205583363161,0.936805839759402,-0.224600256396191
2.51317039993019,-0.734623930469973,0.926677007563601,-0.192053077093599
2.51327880416268,-0.756190344378797,0.915473503508934,-0.159283159130122
2.51338720839517,-0.776879827200773,0.903208325141003,-0.126328497940209
2.51349561262766,-0.796668366969564,0.8898956904752,-0.0932273235056388
2.51360401686015,-0.815533027856299,0.875551042863035,-0.0600180150067218
2.51371242109263,-0.833451915418221,0.860191012228983,-0.0267390968107528
2.51382082532512,-0.850404261891044,0.843833416208593,0.00657084568244247
2.51392922955761,-0.866370391572348,0.826497219489081,0.0398731720833136
2.51399684270722,-0.875821452516042,0.815197370174509,0.0606240823415656
2.51406445585682,-0.884877280652225,0.80352981054168,0.0813474701105676
2.51413206900643,-0.893533836002821,0.791499758393451,0.102034077609385
2.51419968215604,-0.901787206421372,0.779112633091419,0.122674573329954
2.51429184144565,-0.912380654792409,0.761663843123734,0.150716811668677
2.51438400073527,-0.922209361290441,0.743576563944072,0.17863279734642
2.51444420061419,-0.928212927835034,0.731423873740409,0.196789054094644
2.51450440049312,-0.933884464156203,0.719009633187106,0.214874830969129
2.51456460037204,-0.939221966842692,0.706338250884847,0.232883715957851
2.51462480025097,-0.944223514685938,0.693414260186582,0.250809254499394
2.51469730051064,-0.949798509274724,0.677520920851245,0.27227758842348
2.51476980077031,-0.954880779099581,0.661276103393997,0.293604675705609
2.51484230102998,-0.959467701287835,0.64468823622335,0.314779465064505
2.51491480128966,-0.963556882044536,0.627765934978954,0.335790947065596
2.51498730154933,-0.967146213857831,0.610517974111718,0.356628239746105
2.515059801809,-0.970233821860319,0.592953308194767,0.377280513665528
2.51514796914686,-0.97331023880103,0.571179638472888,0.402130600328108
2.51523613648471,-0.975639966206634,0.5489677165906,0.426672249616052
2.51532430382257,-0.977221226906895,0.526334616645926,0.450886610260996
2.51541247116043,-0.978052794902359,0.50329771462456,0.474755080277796
2.51550063849829,-0.978134043406594,0.479874692543918,0.498259350862663
2.51558880583614,-0.977464898559022,0.45608352107731,0.52138137748172
2.515676973174,-0.976045884621106,0.431942455528887,0.544103429092226
2.51576514051186,-0.973878079423372,0.407470015093276,0.566408064330095
2.51585330784971,-0.970963156452792,0.382684976480204,0.588278179972617
2.51596171208219,-0.966358519489558,0.351811257482895,0.614547262006668
2.51607011631468,-0.960633175555172,0.320529366899458,0.640103808655708
2.51617852054716,-0.953793774419405,0.288875683537835,0.664918090881559
2.51628692477964,-0.945848258971334,0.25688693975974,0.688961319211592
2.51639532901212,-0.936805839177897,0.2246002588429,0.712205580335021
2.5165037332446,-0.926677007171368,0.192053079584535,0.734623927586837
2.51661213747708,-0.915473503303955,0.159283161658679,0.75619034164528
2.51672054170957,-0.903208325120992,0.126328500499718,0.776879824621271
2.51682894594205,-0.889895690637756,0.0932273260895255,0.796668364548254
2.51693735017453,-0.875551043205446,0.0600180176082283,0.815533025597231
2.51704575440701,-0.860191012748315,0.0267390994231106,0.833451913325239
2.51715415863949,-0.843833416901819,-0.00657084306597928,0.850404259967807
2.51726256287197,-0.826497220352844,-0.0398731694694812,0.866370389822315
2.51733017602232,-0.81519737101707,-0.0606240799600351,0.875821450977079
2.51739778917266,-0.803529811353619,-0.0813474679632766,0.884877279316907
2.517465402323,-0.791499759165507,-0.102034075697941,0.893533834863434
2.51753301547335,-0.779112633814394,-0.122674571655695,0.901787205470091
2.51762517473325,-0.761663849688157,-0.150716800992797,0.912380650680942
2.51771733399315,-0.743576576754346,-0.178632777761784,0.922209354516139
2.51777753389695,-0.731423881805431,-0.196789042082263,0.92821292388771
2.51783773380075,-0.719009636286889,-0.214874826476385,0.933884462763271
2.51789793370456,-0.706338248804928,-0.232883718923992,0.939221967728919
2.51795813360836,-0.693414252718108,-0.250809264855702,0.944223517573835
2.51803063386819,-0.677520913228529,-0.272277598783014,0.949798512011539
2.51810313412803,-0.661276095618246,-0.293604686064021,0.95488078168228
2.51817563438786,-0.644688228295912,-0.314779475417382,0.959467703713276
2.5182481346477,-0.627765926901233,-0.335790957408491,0.9635568843097
2.51832063490753,-0.610517965885357,-0.356628250074475,0.967146215959813
2.51839313516737,-0.592953299821394,-0.377280523974888,0.970233823796259
2.51848130247914,-0.571179636480028,-0.402130603245516,0.973310239725511
2.51856946979091,-0.548967721237427,-0.426672245324084,0.975639966561477
2.51865763710268,-0.52633462817638,-0.450886598959019,0.977221227135366
2.51874580441445,-0.503297733267089,-0.474755062181534,0.978052795448612
2.51883397172623,-0.479874718510965,-0.498259326203936,0.978134044714843
2.518922139038,-0.456083554565044,-0.521381346508043,0.977464901073081
2.51901030634977,-0.431942496716972,-0.544103392066494,0.976045888783462
2.51909847366154,-0.407470064144441,-0.566408021530103,0.973878085674526
2.51918664097331,-0.382685033539996,-0.588278131690791,0.970963165230773
2.51929504520572,-0.351811315388984,-0.614547215056,0.966358530444927
2.51940344943812,-0.320529425582428,-0.640103763095538,0.960633188677956
2.51951185367053,-0.288875742927527,-0.664918046769466,0.953793789696992
2.51962025790293,-0.256886999785008,-0.688961276603645,0.945848276388662
2.51972866213534,-0.224600319431985,-0.712205539285441,0.936805858717396
2.51983706636775,-0.192053140664867,-0.734623888148193,0.926677028813059
2.51994547060015,-0.159283223157139,-0.756190303868168,0.915473527025284
2.52005387483256,-0.126328562342575,-0.776879788554457,0.903208350897036
2.52016227906496,-0.0932273882026153,-0.796668330238624,0.889895718441209
2.52027068329737,-0.0600180799170794,-0.815532993089564,0.87555107300665
2.52037908752978,-0.0267391618529567,-0.833451882662291,0.86019104451521
2.52048749176218,0.00657078059017233,-0.850404231190237,0.84383345060004
2.52059589599459,0.0398731070227441,-0.866370362968597,0.826497255945838
2.52066350920556,0.0606240361798641,-0.875821433646226,0.815197397466341
2.52073112241654,0.0813474428213662,-0.88487727080947,0.803529827988045
2.52079873562751,0.102034069140802,-0.893533834468747,0.791499765327871
2.52086634883848,0.122674583604806,-0.901787212466769,0.779112628861938
2.52095850808448,0.15071680868022,-0.912380655874289,0.761663847194076
2.52105066733047,0.178632781220803,-0.922209358135157,0.743576576914339
2.52111086722984,0.196789044203357,-0.928212927055261,0.731423882851886
2.52117106712922,0.214874827269914,-0.933884465528201,0.71900963825826
2.52123126702859,0.232883718401837,-0.939221970140529,0.706338251738685
2.52129146692796,0.250809263031152,-0.944223519681829,0.693414256650659
2.52136396719028,0.272277597717963,-0.949798514395336,0.677520916677371
2.5214364674526,0.29360468575053,-0.95488078430848,0.66127609855789
2.52150896771492,0.314779475846355,-0.959467706548184,0.644688230701821
2.52158146797725,0.335790958569695,-0.963556887319437,0.627765928749701
2.52165396823957,0.356628251956565,-0.967146219110186,0.610517967153581
2.52172646850189,0.37728052656531,-0.970233827052811,0.592953300487488
2.52181463579241,0.402130599880288,-0.97331024232062,0.57117964244032
2.52190280308294,0.426672236156036,-0.97563996885544,0.548967732699391
2.52199097037346,0.450886584154598,-0.977221229489587,0.526334645334995
2.52207913766399,0.474755041920449,-0.978052798225053,0.503297756304546
2.52216730495451,0.498259300679012,-0.978134048275469,0.479874747596404
2.52225547224503,0.5213813159248,-0.97746490577917,0.456083589854335
2.52234363953556,0.544103356642846,-0.976045894995209,0.431942538352349
2.52243180682608,0.56640798149611,-0.973878093750617,0.407470112254482
2.52251997411661,0.588278087288272,-0.970963175527508,0.382685088239204
2.52262837834894,0.614547171858414,-0.966358542714798,0.35181137085637
2.52273678258127,0.640103721156662,-0.960633202911883,0.320529481755212
2.5228451868136,0.664918006141671,-0.953793805883771,0.288875799742092
2.52295359104594,0.688961237337679,-0.945848294514762,0.256887057177099
2.52306199527827,0.712205501430569,-0.936805878767062,0.224600377336461
2.5231703995106,0.734623851752085,-0.926677050768187,0.192053199016055
2.52327880374293,0.756190268976839,-0.915473550865599,0.159283281888742
2.52338720797527,0.776879755212194,-0.903208376600112,0.126328621387899
2.5234956122076,0.796668298487883,-0.889895745982351,0.0932274474944429
2.52360401643993,0.815532962971064,-0.875551102358978,0.0600181393878981
2.52371242067226,0.833451854214899,-0.860191075649894,0.026739221434986
2.5238208249046,0.850404204450841,-0.84383348348603,-0.00657072096482916
2.52392922913693,0.866370337972181,-0.826497290550027,-0.0398730474221877
2.52399684240758,0.875821417928152,-0.815197422979888,-0.0606239949482587
2.52406445567824,0.884877263680207,-0.803529843751677,-0.0813474199285651
2.52413206894889,0.8935338352278,-0.791499770695938,-0.102034064531916
2.52419968221955,0.901787220403201,-0.779112623202952,-0.122674597200259
2.52429184148136,0.912380665169456,-0.761663838150836,-0.150716827018623
2.52438400074317,0.922209368520666,-0.743576564278106,-0.178632804242583
2.52444420061326,0.928212934165365,-0.731423875841946,-0.196789058323405
2.52450440048336,0.933884469684036,-0.71900963713281,-0.214874832551239
2.52456460035345,0.939221971666341,-0.706338256749448,-0.232883714916939
2.52462480022354,0.944223518904653,-0.693414268042781,-0.250809250861859
2.52469730048813,0.949798514040534,-0.677520927752302,-0.272277586288233
2.52476980075272,0.954880784346562,-0.661276109289568,-0.293604675057009
2.52484230101731,0.959467706949467,-0.644688241064886,-0.314779465884603
2.5249148012819,0.963556888053668,-0.627765938719487,-0.33579094933418
2.52498730154648,0.9671462201469,-0.61051797670621,-0.356628243440688
2.52505980181107,0.97023382836133,-0.592953309599913,-0.377280518761456
2.52514796910638,0.973310243979952,-0.571179650482512,-0.402130593497427
2.52523613640168,0.975639970785067,-0.54896773962013,-0.426672231164932
2.52532430369699,0.977221231608606,-0.526334651085783,-0.450886580522831
2.52541247099229,0.978052800452237,-0.503297760839663,-0.474755039612593
2.52550063828759,0.978134050529478,-0.479874750872921,-0.498259299656574
2.5255888055829,0.977464907978698,-0.456083591832351,-0.521381316146367
2.5256769728782,0.976045897059026,-0.431942538994891,-0.544103358064156
2.52576514017351,0.973878095597616,-0.407470111527451,-0.566407984070132
2.52585330746881,0.970963177077009,-0.382685086111811,-0.588278090965194
2.52596171170115,0.966358544068351,-0.351811368652672,-0.6145471754157
2.52607011593349,0.960633204070389,-0.320529479481389,-0.640103724589016
2.52617852016583,0.953793806848301,-0.28887579740446,-0.664918009443894
2.52628692439817,0.945848295286728,-0.256887054782032,-0.688961240504716
2.52639532863051,0.936805879347964,-0.224600374890411,-0.712205504457538
2.52650373286285,0.926677051159785,-0.192053196525561,-0.734623854634227
2.52661213709519,0.915473551069996,-0.159283279360429,-0.756190271709562
2.52672054132753,0.903208376619468,-0.126328618828295,-0.776879757791157
2.52682894555987,0.889895745819129,-0.0932274449103008,-0.796668300908836
2.52693734979221,0.875551102015855,-0.060018136785853,-0.815532965230008
2.52704575402455,0.860191075129682,-0.0267392188218321,-0.833451856307883
2.52715415825689,0.843833482791885,0.00657072358236237,-0.850404206374227
2.52726256248923,0.826497289685147,0.0398730500373595,-0.866370339722536
2.52733017575914,0.815197422137616,0.0606239973287148,-0.875821419466349
2.52739778902905,0.803529842941444,0.0813474220724019,-0.88487726501383
2.52746540229896,0.791499769927102,0.102034066437506,-0.893533836364608
2.52753301556887,0.779112622484795,0.122674598866299,-0.901787221351103
2.52762517486037,0.761663831596225,0.150716837678916,-0.912380669275131
2.52771733415187,0.743576551482842,0.178632823804398,-0.922209375287233
2.52777753399712,0.731423867786267,0.196789070321989,-0.92821293810822
2.52783773384236,0.719009634036345,0.214874837039229,-0.933884471075548
2.52789793368761,0.706338258826442,0.232883711954929,-0.93922197078139
2.52795813353286,0.693414275501856,0.250809240518521,-0.944223516020375
2.52803063379726,0.677520935370859,0.27227757593444,-0.949798511305292
2.52810313406166,0.6612761170666,0.293604664697203,-0.954880781763808
2.52817563432606,0.644688248999275,0.314779455523306,-0.959467704522556
2.52824813459046,0.627765946810076,0.335790938975904,-0.963556885785994
2.52832063485486,0.61051798495164,0.356628233090076,-0.967146218041698
2.52839313511926,0.59295331799862,0.377280508423206,-0.970233826421818
2.52848130244064,0.571179652504978,0.402130590547384,-0.973310243052349
2.52856946976201,0.548967735007265,0.426672235420593,-0.975639970427848
2.52865763708339,0.526334639593694,0.450886591785048,-0.977221231378754
2.52874580440476,0.50329774224006,0.47475505766574,-0.978052799905812
2.52883397172614,0.479874724953457,0.498259324269065,-0.978134049222506
2.52892213904751,0.456083558396905,0.52138134707076,-0.977464905467678
2.52901030636889,0.431942497863893,0.544103395037837,-0.9760458929017
2.52909847369026,0.407470062538345,0.566408026815359,-0.973878089353685
2.52918664101164,0.382685029118939,0.588278139189799,-0.970963168308701
2.52929504524405,0.35181131081452,0.614547222310633,-0.96635853312513
2.52940344947647,0.320529420867351,0.640103770094999,-0.960633190962335
2.52951185370888,0.288875738084686,0.664918053503318,-0.953793791588
2.5296202579413,0.256886994827465,0.688961283061693,-0.945848277889129
2.52972866217371,0.224600314372852,0.712205545457824,-0.936805859830647
2.52983706640613,0.192053135517412,0.734623894025426,-0.926677029542866
2.52994547063854,0.159283217934756,0.756190309441056,-0.91547352737578
2.53005387487096,0.12632855705879,0.7768797938142,-0.903208350872955
2.53016227910337,0.0932273828709227,0.796668335176725,-0.889895718047618
2.53027068333579,0.0600180745510661,0.815532997697943,-0.875551072248994
2.53037908756821,0.0267391564662968,0.833451886933185,-0.860191043399443
2.53048749180062,-0.0065707859837139,0.850404235116314,-0.843833449132606
2.53059589603304,-0.039873112409525,0.866370366543,-0.826497254133399
2.53066350924239,-0.0606240410570259,0.875821436775467,-0.815197395718429
2.53073112245174,-0.0813474471850599,0.884877273510184,-0.803529826325122
2.5307987356611,-0.102034072987925,0.893533836758019,-0.791499763770072
2.53086634887045,-0.122674586932894,0.901787214361996,-0.779112627429106
2.53095850817585,-0.150716830006232,0.912380664088596,-0.761663834082344
2.53105066748126,-0.178632820359123,0.922209371674313,-0.743576551315153
2.53111086733092,-0.1967890682094,0.928212934944931,-0.731423866735507
2.53117106718058,-0.214874836248942,0.933884468313154,-0.719009632064199
2.53123126703023,-0.232883712475146,0.939221968370749,-0.706338255895617
2.53129146687989,-0.250809242336,0.944223513912029,-0.693414271575995
2.53136396714181,-0.272277576994253,0.949798508921766,-0.677520931927477
2.53143646740373,-0.293604665007261,0.954880779138411,-0.661276114131165
2.53150896766566,-0.3147794550927,0.959467701688892,-0.6446882465962
2.53158146792758,-0.335790937814881,0.963556882777901,-0.627765944963028
2.5316539681895,-0.356628231209994,0.967146214893318,-0.610517983683299
2.53172646845142,-0.377280505836476,0.970233823167404,-0.592953317330911
2.531814635794,-0.402130593906054,0.973310240458207,-0.57117964655212
2.53190280313659,-0.426672244572109,0.975639968134239,-0.548967723562126
2.53199097047917,-0.450886606563247,0.977221229024899,-0.526334622461636
2.53207913782176,-0.474755077891197,0.978052797130445,-0.503297719239206
2.53216730516435,-0.498259349749274,0.978134045664269,-0.479874695914993
2.53225547250693,-0.521381377600662,0.97746490076587,-0.456083523165148
2.53234363984952,-0.544103430399783,0.976045886696702,-0.431942456296917
2.5324318071921,-0.566408066779723,0.973878081287509,-0.407470014507755
2.53251997453469,-0.588278183515108,0.970963158025667,-0.382684974510539
2.53262837876718,-0.614547265432714,0.966358520872328,-0.351811255439603
2.53273678299966,-0.640103811960183,0.960633176748767,-0.320529364788596
2.53284518723215,-0.664918094059336,0.953793775424994,-0.288875681365655
2.53295359146464,-0.68896132225782,0.945848259790239,-0.256886937532395
2.53306199569713,-0.71220558324498,0.936805839811685,-0.224600256566706
2.53317039992961,-0.734623930355963,0.926677007621832,-0.192053077265829
2.5332788041621,-0.756190344269189,0.915473503572994,-0.159283159303796
2.53338720839459,-0.776879827095691,0.903208325210867,-0.126328498115168
2.53349561262707,-0.796668366869165,0.889895690550872,-0.0932273236816954
2.53360401685956,-0.815533027760681,0.875551042944378,-0.0600180151836795
2.53371242109205,-0.833451915327571,0.860191012315944,-0.0267390969883602
2.53382082532453,-0.850404261805493,0.843833416301131,0.00657084550440257
2.53392922955702,-0.866370391492033,0.826497219587053,0.039873171904988
2.5339968427068,-0.875821452463316,0.815197370245764,0.06062408221757
2.53406445585659,-0.884877280625031,0.80352981058426,0.0813474700407938
2.53413206900637,-0.893533835999069,0.791499758405425,0.102034077593652
2.53419968215615,-0.901787206439002,0.77911263307097,0.122674573368042
2.53429184144578,-0.912380654809793,0.761663843101244,0.150716811708571
2.5343840007354,-0.922209361307491,0.743576563919361,0.178632797388139
2.53444420061427,-0.928212927846338,0.731423873725785,0.196789054120541
2.53450440049314,-0.933884464162308,0.719009633182997,0.214874830979345
2.53456460037202,-0.939221966844171,0.706338250891692,0.232883715952481
2.53462480025089,-0.944223514683375,0.69341426020477,0.250809254478614
2.53469730051056,-0.949798509272897,0.677520920869157,0.272277588403745
2.53476980077024,-0.954880779098506,0.661276103411596,0.29360467568695
2.53484230102992,-0.959467701287456,0.644688236240575,0.314779465046895
2.53491480128959,-0.963556882044746,0.627765934995773,0.335790947049021
2.53498730154927,-0.967146213858686,0.610517974128127,0.356628239730545
2.53505980180894,-0.970233821861655,0.592953308210698,0.377280513651013
2.53514796914678,-0.973310238802267,0.571179638494204,0.402130600308111
2.53523613648461,-0.975639966208121,0.548967716617446,0.426672249590707
2.53532430382245,-0.977221226908988,0.526334616678509,0.450886610230485
2.53541247116029,-0.978052794905369,0.503297714663089,0.474755080242273
2.53550063849812,-0.978134043410851,0.479874692588506,0.498259350822364
2.53558880583596,-0.977464898564909,0.4560835211281,0.521381377436819
2.5356769731738,-0.976045884628959,0.431942455586015,0.544103429042973
2.53576514051163,-0.973878079433534,0.407470015156862,0.566408064276684
2.53585330784947,-0.970963156465626,0.382684976550296,0.588278179915344
2.53596171208195,-0.966358519504935,0.351811257554058,0.614547261950888
2.53607011631443,-0.960633175573099,0.32052936697166,0.640103808601444
2.53617852054691,-0.953793774439834,0.288875683610968,0.664918090828882
2.53628692477939,-0.945848258994307,0.256886939833771,0.688961319160567
2.53639532901187,-0.936805839203423,0.22460025891771,0.7122055802857
2.53650373324436,-0.926677007199386,0.192053079660017,0.734623927539351
2.53661213747684,-0.915473503334428,0.159283161734795,0.756190341599672
2.53672054170932,-0.903208325153958,0.126328500576364,0.776879824577571
2.5368289459418,-0.889895690673162,0.0932273261665544,0.796668364506587
2.53693735017428,-0.875551043243204,0.0600180176856127,0.815533025557605
2.53704575440676,-0.860191012788445,0.0267390995007442,0.833451913287722
2.53715415863924,-0.843833416944263,-0.00657084298819114,0.850404259932466
2.53726256287172,-0.826497220397636,-0.039873169391587,0.866370389789216
2.53733017602215,-0.815197371050057,-0.0606240799060548,0.875821450956095
2.53739778917257,-0.803529811373913,-0.0813474679331756,0.884877279307086
2.53746540232299,-0.791499759172285,-0.10203407569162,0.89353383486389
2.53753301547341,-0.779112633806834,-0.122674571673063,0.901787205479891
2.53762517473333,-0.761663849677131,-0.150716801014861,0.912380650692017
2.53771733399324,-0.743576576739632,-0.178632777788495,0.922209354528134
2.53777753389701,-0.731423881797962,-0.19678904209765,0.928212923895604
2.53783773380077,-0.71900963628693,-0.214874826480539,0.933884462767462
2.53789793370454,-0.7063382488128,-0.232883718917026,0.939221967729812
2.5379581336083,-0.693414252734149,-0.250809264837712,0.944223517571867
2.53803063386813,-0.677520913246334,-0.272277598763103,0.949798512009434
2.53810313412796,-0.661276095637912,-0.293604686042221,0.95488078168018
2.53817563438779,-0.644688228317517,-0.314779475393725,0.95946770371121
2.53824813464762,-0.627765926924787,-0.335790957383071,0.963556884307864
2.53832063490744,-0.610517965910849,-0.356628250047327,0.96714621595818
2.53839313516727,-0.592953299848904,-0.377280523946091,0.970233823795005
2.53848130247904,-0.571179636509783,-0.402130603215085,0.973310239724867
2.5385694697908,-0.548967721269494,-0.426672245292091,0.975639966561586
2.53865763710256,-0.526334628210815,-0.450886598925494,0.977221227136311
2.53874580441433,-0.503297733303939,-0.474755062146612,0.978052795450542
2.53883397172609,-0.479874718550213,-0.498259326167681,0.978134044717877
2.53892213903786,-0.456083554606782,-0.521381346470552,0.977464901077322
2.53901030634962,-0.431942496761181,-0.54410339202783,0.976045888789025
2.53909847366138,-0.407470064191166,-0.566408021490384,0.97387808568157
2.53918664097315,-0.382685033589294,-0.588278131650108,0.970963165239411
2.53929504520555,-0.351811315439364,-0.614547215015953,0.966358530455297
2.53940344943796,-0.320529425633891,-0.640103763056187,0.960633188690077
2.53951185367036,-0.288875742980007,-0.6649180467309,0.953793789710888
2.53962025790277,-0.256886999838501,-0.688961276565917,0.945848276404398
2.53972866213517,-0.224600319486443,-0.712205539248582,0.936805858735
2.53983706636757,-0.192053140720233,-0.734623888112277,0.926677028832504
2.53994547059998,-0.159283223213311,-0.756190303833302,0.915473527046598
2.54005387483238,-0.126328562399562,-0.776879788520731,0.903208350920283
2.54016227906479,-0.0932273882603713,-0.796668330206044,0.88989571846639
2.54027068329719,-0.0600180799754647,-0.81553299305826,0.875551073033705
2.5403790875296,-0.0267391619119678,-0.83345188263222,0.860191044544213
2.540487491762,0.0065707805306079,-0.850404231161579,0.843833450630938
2.54059589599441,0.0398731069626789,-0.866370362941357,0.826497255978636
2.54066350920544,0.0606240361386824,-0.875821433628441,0.815197397489731
2.54073112241648,0.08134744279904,-0.884877270800412,0.803529828001364
2.54079873562751,0.102034069137272,-0.893533834467745,0.791499765330452
2.54086634883855,0.122674583619948,-0.901787212473095,0.779112628853101
2.54095850808457,0.150716808704859,-0.912380655883606,0.76166384717877
2.5410506673306,0.178632781254805,-0.922209358146936,0.743576576892102
2.54111086722992,0.196789044223721,-0.928212927061969,0.731423882838234
2.54117106712925,0.214874827276785,-0.933884465530364,0.719009638253591
2.54123126702858,0.232883718395316,-0.9392219701387,0.706338251743373
2.5412914669279,0.250809263011305,-0.94422351967645,0.693414256665127
2.5413639671902,0.272277597690506,-0.949798514388402,0.677520916697862
2.54143646745249,0.293604685715522,-0.954880784300331,0.661276098584783
2.54150896771479,0.314779475803961,-0.959467706539225,0.644688230735242
2.54158146797709,0.335790958520011,-0.963556887309993,0.62776592878993
2.54165396823938,0.356628251899768,-0.967146219100636,0.610517967200819
2.54172646850168,0.377280526501593,-0.970233827043548,0.592953300541944
2.54181463579222,0.402130599822481,-0.973310242313716,0.571179642491203
2.54190280308276,0.426672236104042,-0.97563996885057,0.548967732746473
2.54199097037331,0.450886584108359,-0.977221229486479,0.526334645378092
2.54207913766385,0.474755041879878,-0.978052798223335,0.50329775634342
2.54216730495439,0.498259300643947,-0.978134048274829,0.479874747630887
2.54225547224493,0.521381315895056,-0.977464905779339,0.456083589884263
2.54234363953548,0.544103356618337,-0.976045894995887,0.431942538377537
2.54243180682602,0.566407981476652,-0.973878093751401,0.407470112274735
2.54251997411656,0.588278087273713,-0.970963175528133,0.382685088254413
2.54262837834889,0.614547171844101,-0.966358542715898,0.351811370871804
2.54273678258123,0.640103721142615,-0.960633202913438,0.320529481770844
2.54284518681356,0.664918006127915,-0.953793805885815,0.288875799757908
2.54295359104589,0.688961237324221,-0.945848294517285,0.256887057193046
2.54306199527822,0.712205501417445,-0.93680587877001,0.224600377352544
2.54317039951056,0.734623851739314,-0.926677050771543,0.192053199032224
2.54327880374289,0.756190268964373,-0.915473550869437,0.15928328190503
2.54338720797522,0.776879755200117,-0.90320837660435,0.126328621404232
2.54349561220755,0.796668298476169,-0.889895745987014,0.093227447510865
2.54360401643989,0.815532962959709,-0.87555110236408,0.0600181394043363
2.54371242067222,0.833451854203907,-0.8601910756554,0.0267392214514974
2.54382082490455,0.850404204440258,-0.843833483491934,-0.00657072094832871
2.54392922913688,0.866370337961999,-0.82649729055635,-0.0398730474056574
2.54399684240755,0.875821417919956,-0.815197422984374,-0.0606239949355835
2.54406445567822,0.884877263673849,-0.803529843754143,-0.0813474199197217
2.54413206894889,0.893533835223125,-0.791499770696219,-0.10203406452692
2.54419968221955,0.901787220400017,-0.779112623201016,-0.122674597199015
2.54429184148136,0.912380665165447,-0.761663838150239,-0.150716827015228
2.54438400074316,0.922209368515942,-0.743576564278923,-0.178632804237039
2.54444420061326,0.928212934161444,-0.73142387584124,-0.196789058320215
2.54450440048336,0.933884469680862,-0.719009637130548,-0.214874832550374
2.54456460035346,0.939221971663853,-0.706338256745495,-0.232883714918384
2.54462480022356,0.944223518902643,-0.693414268037076,-0.250809250865585
2.54469730048814,0.949798514038012,-0.67752092774776,-0.272277586290226
2.54476980075273,0.954880784343612,-0.661276109286252,-0.293604675057335
2.54484230101731,0.959467706946062,-0.644688241062814,-0.31477946588324
2.54491480128189,0.963556888049966,-0.627765938718769,-0.335790949331169
2.54498730154648,0.967146220142932,-0.610517976706905,-0.356628243436055
2.54505980181106,0.970233828357206,-0.592953309602002,-0.377280518755227
2.54514796910639,0.97331024397666,-0.57117965047848,-0.402130593498202
2.54523613640172,0.975639970782256,-0.548967739609776,-0.426672231172485
2.54532430369705,0.977221231605805,-0.526334651068829,-0.450886580537
2.54541247099238,0.978052800449088,-0.503297760815886,-0.474755039633199
2.5455006382877,0.978134050525529,-0.479874750842138,-0.498259299683399
2.54558880558303,0.977464907973503,-0.456083591794316,-0.521381316179175
2.54567697287836,0.976045897052152,-0.431942538949456,-0.544103358102699
2.54576514017369,0.973878095588639,-0.407470111474602,-0.566407984114086
2.54585330746902,0.970963177065558,-0.382685086051293,-0.588278091014269
2.54596171170136,0.966358544054812,-0.351811368591749,-0.614547175463058
2.5460701159337,0.960633204054792,-0.320529479420202,-0.6401037246346
2.54617852016604,0.953793806830713,-0.288875797343096,-0.664918009487645
2.54628692439837,0.945848295267165,-0.256887054720585,-0.688961240546595
2.54639532863071,0.936805879326515,-0.224600374828961,-0.712205504497563
2.54650373286305,0.926677051136524,-0.192053196464189,-0.734623854672333
2.54661213709539,0.915473551044902,-0.159283279299145,-0.756190271745766
2.54672054132773,0.903208376592718,-0.126328618767288,-0.776879757825408
2.54682894556007,0.889895745790703,-0.0932274448495638,-0.79666830094113
2.5469373497924,0.875551101985834,-0.0600181367255297,-0.815532965260299
2.54704575402474,0.860191075098155,-0.0267392187619226,-0.833451856336199
2.54715415825708,0.843833482758833,0.00657072364175665,-0.850404206400589
2.54726256248942,0.826497289650725,0.0398730500961644,-0.866370339746894
2.54733017575927,0.815197422111458,0.0606239973706762,-0.875821419482114
2.54739778902913,0.803529842924127,0.0813474220975412,-0.884877265021675
2.54746540229898,0.791499769919247,0.102034066445872,-0.893533836365122
2.54753301556884,0.779112622486947,0.122674598857973,-0.901787221344929
2.54762517486033,0.761663831600546,0.150716837667581,-0.912380669268119
2.54771733415182,0.743576551489422,0.178632823790091,-0.922209375279541
2.54777753399709,0.731423867789159,0.196789070313513,-0.928212938102674
2.54783773384235,0.719009634035411,0.214874837036538,-0.933884471071904
2.54789793368762,0.706338258821487,0.232883711957967,-0.939221970779444
2.54795813353288,0.69341427549273,0.2508092405272,-0.944223516019919
2.54803063379726,0.677520935365842,0.272277575937397,-0.949798511303222
2.54810313406165,0.661276117065971,0.293604664694461,-0.954880781760412
2.54817563432603,0.644688249003084,0.314779455515001,-0.959467704518102
2.54824813459041,0.627765946818591,0.33579093896213,-0.963556885780704
2.54832063485479,0.610517984964928,0.356628233070963,-0.967146218035895
2.54839313511917,0.592953318016945,0.377280508398798,-0.970233826415734
2.54848130244051,0.571179652532717,0.40213059051322,-0.97331024304595
2.54856946976185,0.548967735044774,0.426672235376955,-0.975639970421669
2.54865763708319,0.52633463964126,0.450886591732183,-0.977221231373431
2.54874580440453,0.503297742297977,0.474755057604021,-0.978052799901999
2.54883397172587,0.479874725021996,0.498259324198826,-0.978134049220828
2.54892213904721,0.456083558476309,0.521381346992393,-0.977464905468683
2.54901030636855,0.431942497954418,0.544103394951684,-0.976045892906072
2.54909847368989,0.407470062640124,0.566408026721855,-0.973878089361942
2.54918664101123,0.382685029232203,0.588278139089325,-0.970963168321525
2.54929504524364,0.351811310929285,0.614547222212943,-0.966358533142217
2.54940344947606,0.320529420983415,0.640103770000237,-0.960633190983628
2.54951185370847,0.288875738201951,0.664918053411535,-0.953793791613496
2.54962025794089,0.256886994945797,0.688961282972996,-0.945848277918792
2.5497286621733,0.224600314492108,0.712205545372314,-0.936805859864385
2.54983706640572,0.192053135637458,0.734623893943186,-0.926677029580602
2.54994547063813,0.159283218055411,0.756190309362205,-0.915473527417589
2.55005387487055,0.126328557179909,0.77687979373883,-0.903208350918674
2.55016227910297,0.0932273829923927,0.796668335104832,-0.889895718097197
2.55027068333538,0.0600180746727434,0.815532997629642,-0.875551072302412
2.5503790875678,0.0267391565880282,0.833451886868612,-0.860191043456604
2.55048749180021,-0.00657078586210204,0.850404235055494,-0.843833449193356
2.55059589603263,-0.0398731122881578,0.866370366485952,-0.826497254197781
2.5506635092421,-0.0606240409708647,0.875821436736454,-0.815197395765571
2.55073112245156,-0.0813474471341103,0.884877273487906,-0.803529826353772
2.55079873566103,-0.102034072972094,0.893533836751087,-0.791499763778987
2.5508663488705,-0.122674586952049,0.901787214369117,-0.779112627417055
2.55095850817587,-0.15071683001569,0.912380664091796,-0.761663834076076
2.55105066748125,-0.178632820359007,0.92220937167408,-0.743576551315056
2.55111086733091,-0.19678906821012,0.928212934945043,-0.731423866734891
2.55117106718057,-0.21487483625048,0.933884468313571,-0.719009632063084
2.55123126703023,-0.23288371247752,0.939221968371456,-0.706338255893913
2.55129146687989,-0.250809242339222,0.944223513912946,-0.693414271573717
2.55136396714184,-0.272277577006072,0.949798508924841,-0.677520931918751
2.55143646740379,-0.293604665027636,0.954880779143328,-0.66127611411565
2.55150896766574,-0.314779455121435,0.959467701695116,-0.644688246573659
2.55158146792769,-0.335790937851876,0.963556882785079,-0.627765944933189
2.55165396818964,-0.356628231255067,0.967146214901057,-0.610517983645954
2.55172646845159,-0.377280505889436,0.970233823175283,-0.592953317285794
2.55181463579418,-0.402130593957863,0.973310240464513,-0.571179646506633
2.55190280313676,-0.426672244622692,0.975639968139036,-0.548967723516347
2.55199097047934,-0.450886606612517,0.977221229028231,-0.526334622415703
2.55207913782193,-0.474755077939192,0.978052797132326,-0.503297719193105
2.55216730516451,-0.498259349795982,0.978134045664776,-0.479874695868773
2.55225547250709,-0.521381377646038,0.977464900764967,-0.456083523118914
2.55234363984968,-0.544103430443841,0.976045886694504,-0.431942456250654
2.55243180719226,-0.566408066822484,0.973878081284015,-0.407470014461526
2.55251997453484,-0.588278183556544,0.970963158020898,-0.382684974464358
2.55262837876733,-0.614547265472958,0.966358520866049,-0.351811255393057
2.55273678299982,-0.640103811999206,0.960633176740993,-0.320529364741751
2.5528451872323,-0.664918094097115,0.953793775415673,-0.288875681318529
2.55295359146479,-0.688961322294334,0.945848259779474,-0.2568869374851
2.55306199569728,-0.712205583280157,0.936805839799476,-0.224600256519277
2.55317039992976,-0.734623930389882,0.926677007608165,-0.192053077218275
2.55327880416225,-0.756190344301741,0.915473503558007,-0.159283159256249
2.55338720839473,-0.776879827126866,0.903208325194533,-0.126328498067639
2.55349561262722,-0.796668366898952,0.889895690533212,-0.0932273236342706
2.55360401685971,-0.815533027789103,0.875551042925505,-0.060018015136385
2.55371242109219,-0.83345191535453,0.860191012295845,-0.0267390969412822
2.55382082532468,-0.850404261831006,0.843833416279826,0.00657084555120028
2.55392922955716,-0.866370391516149,0.826497219564628,0.0398731719515348
2.5539968427069,-0.875821452480006,0.815197370230688,0.0606240822493606
2.55406445585663,-0.884877280634897,0.803529810577062,0.0813474700578689
2.55413206900637,-0.893533836002643,0.79149975840667,0.102034077596033
2.5541996821561,-0.901787206436879,0.779112633081055,0.122674573355819
2.5542918414457,-0.912380654805013,0.761663843116982,0.150716811688046
2.5543840007353,-0.922209361300544,0.743576563941169,0.178632797359402
2.5544442006142,-0.928212927843243,0.731423873741058,0.196789054102216
2.55450440049311,-0.933884464162744,0.719009633191421,0.214874830971349
2.55456460037202,-0.939221966847743,0.706338250892988,0.232883715954755
2.55462480025092,-0.944223514689746,0.693414260198716,0.250809254491043
2.55469730051059,-0.949798509278534,0.677520920864398,0.272277588414134
2.55476980077026,-0.954880779103494,0.661276103408219,0.293604675695278
2.55484230102993,-0.959467701291882,0.644688236238636,0.314779465053251
2.5549148012896,-0.963556882048757,0.627765934995354,0.335790947053421
2.55498730154927,-0.967146213862293,0.610517974129294,0.356628239733009
2.55505980180893,-0.970233821865067,0.592953308213474,0.377280513651579
2.55514796914674,-0.973310238804908,0.571179638503698,0.402130600301252
2.55523613648455,-0.975639966210505,0.548967716633921,0.426672249576582
2.55532430382236,-0.977221226911469,0.526334616702169,0.450886610209296
2.55541247116017,-0.978052794908442,0.503297714694161,0.474755080214306
2.55550063849798,-0.978134043414969,0.479874692627197,0.498259350787836
2.55558880583579,-0.977464898570563,0.45608352117458,0.521381377396
2.5556769731736,-0.976045884636583,0.431942455640494,0.544103428996122
2.55576514051141,-0.973878079443605,0.407470015219458,0.566408064224125
2.55585330784922,-0.970963156478516,0.382684976621212,0.58827817985732
2.5559617120817,-0.966358519520372,0.351811257625801,0.614547261894561
2.55607011631418,-0.960633175591041,0.320529367044077,0.640103808546939
2.55617852054667,-0.953793774460267,0.288875683684096,0.664918090776166
2.55628692477915,-0.945848259017193,0.25688693990745,0.688961319109754
2.55639532901163,-0.936805839228743,0.22460025899188,0.712205580236828
2.55650373324411,-0.926677007227102,0.192053079734609,0.734623927492467
2.55661213747659,-0.915473503364472,0.159283161809671,0.756190341554832
2.55672054170907,-0.903208325186312,0.126328500651468,0.776879824534838
2.55682894594156,-0.889895690707739,0.0932273262418012,0.796668364465967
2.55693735017404,-0.875551043280082,0.0600180177608879,0.815533025519173
2.55704575440652,-0.860191012827498,0.0267390995760242,0.833451913251486
2.557154158639,-0.843833416985449,-0.00657084291300122,0.850404259898479
2.55726256287148,-0.826497220440899,-0.0398731693166219,0.866370389757536
2.55733017602198,-0.815197371082309,-0.0606240798534018,0.875821450935712
2.55739778917247,-0.803529811394414,-0.0813474679027995,0.884877279297195
2.55746540232296,-0.791499759180164,-0.102034075683447,0.893533834863603
2.55753301547346,-0.779112633801381,-0.122674571687002,0.901787205488388
2.5576251747334,-0.761663849667072,-0.150716801035478,0.912380650702559
2.55771733399334,-0.743576576724609,-0.178632777815794,0.922209354540379
2.55777753389707,-0.731423881788698,-0.19678904211568,0.928212923904375
2.5578377338008,-0.719009636283775,-0.214874826489334,0.933884462773111
2.55789793370454,-0.706338248816029,-0.232883718916629,0.939221967732675
2.55795813360827,-0.693414252743963,-0.250809264828249,0.944223517572192
2.55803063386812,-0.677520913251237,-0.272277598760481,0.949798512011696
2.55810313412797,-0.661276095637628,-0.293604686046363,0.954880781683993
2.55817563438783,-0.64468822831176,-0.314779475404543,0.959467703716333
2.55824813464768,-0.627765926913414,-0.335790957400439,0.96355688431387
2.55832063490753,-0.610517965893682,-0.356628250071179,0.967146215964849
2.55839313516738,-0.592953299825765,-0.377280523976203,0.970233823801964
2.55848130247917,-0.571179636481416,-0.402130603250021,0.973310239731447
2.55856946979095,-0.548967721235802,-0.426672245331677,0.975639966567444
2.55865763710273,-0.526334628171604,-0.450886598969593,0.977221227141217
2.55874580441451,-0.503297733259102,-0.474755062195011,0.978052795454107
2.5588339717263,-0.479874718499623,-0.498259326220226,0.978134044719816
2.55892213903808,-0.456083554550299,-0.521381346527003,0.977464901077299
2.55901030634986,-0.431942496698709,-0.544103392087999,0.976045888786725
2.55909847366164,-0.407470064122578,-0.566408021554085,0.973878085676654
2.55918664097343,-0.382685033514542,-0.588278131717069,0.970963165231567
2.55929504520583,-0.351811315363467,-0.614547215081174,0.966358530444623
2.55940344943824,-0.320529425556855,-0.640103763119652,0.96063318867649
2.55951185367064,-0.288875742901971,-0.664918046792516,0.953793789694476
2.55962025790304,-0.256886999759535,-0.688961276625571,0.945848276385097
2.55972866213545,-0.224600319406653,-0.712205539306206,0.936805858712875
2.55983706636785,-0.192053140639678,-0.734623888167856,0.926677028807528
2.55994547060026,-0.159283223132094,-0.756190303886752,0.915473527018806
2.56005387483266,-0.126328562317826,-0.776879788571915,0.903208350889697
2.56016227906507,-0.0932273881781343,-0.79666833025497,0.889895718433059
2.56027068329747,-0.0600180798929291,-0.815532993104738,0.875551072997656
2.56037908752988,-0.0267391618291462,-0.833451882676342,0.860191044505463
2.56048749176228,0.0065707806135335,-0.850404231203153,0.843833450589602
2.56059589599469,0.039873107045686,-0.866370362980411,0.826497255934729
2.56066350920565,0.0606240362005287,-0.875821433656463,0.815197397455943
2.56073112241662,0.0813474428397152,-0.884877270818201,0.803529827978488
2.56079873562759,0.10203406915688,-0.893533834476066,0.791499765319168
2.56086634883855,0.122674583618559,-0.901787212472751,0.779112628854168
2.56095850808462,0.15071680871664,-0.912380655888044,0.761663847171417
2.56105066733069,0.178632781279702,-0.922209358155445,0.743576576875758
2.56111086722999,0.196789044239703,-0.92821292706716,0.731423882827431
2.56117106712929,0.214874827283905,-0.93388446553249,0.719009638248566
2.56123126702858,0.232883718393653,-0.939221970138108,0.706338251744438
2.56129146692788,0.250809263000933,-0.944223519673425,0.693414256672517
2.56136396719019,0.272277597682855,-0.949798514386247,0.677520916703343
2.56143646745249,0.293604685710634,-0.954880784298864,0.661276098588212
2.5615089677148,0.314779475801754,-0.959467706538359,0.644688230736575
2.5615814679771,0.335790958520463,-0.963556887309547,0.62776592878907
2.56165396823941,0.356628251902833,-0.967146219100477,0.61051796719767
2.56172646850171,0.377280526507202,-0.970233827043639,0.592953300536415
2.56181463579228,0.402130599835004,-0.973310242314274,0.571179642479269
2.56190280308285,0.426672236123301,-0.975639968851211,0.548967732727911
2.56199097037341,0.45088658413408,-0.977221229486748,0.526334645352669
2.56207913766398,0.474755041911846,-0.978052798222851,0.503297756310966
2.56216730495455,0.49825930068196,-0.97813404827316,0.479874747591156
2.56225547224512,0.521381315938876,-0.977464905775965,0.456083589837105
2.56234363953568,0.544103356667656,-0.976045894990486,0.431942538322813
2.56243180682625,0.566407981531264,-0.973878093743555,0.407470112212292
2.56251997411682,0.588278087333254,-0.970963175517404,0.382685088184114
2.56262837834915,0.614547171902344,-0.966358542702413,0.351811370800046
2.56273678258149,0.640103721199492,-0.960633202897214,0.320529481697709
2.56284518681382,0.66491800618326,-0.953793805866838,0.288875799683544
2.56295359104615,0.688961237378,-0.945848294495541,0.256887057117514
2.56306199527849,0.712205501469526,-0.936805878745526,0.224600377275959
2.56317039951082,0.734623851789629,-0.926677050744232,0.192053198954614
2.56327880374316,0.756190269012872,-0.915473550839365,0.15928328182648
2.56338720797549,0.776879755246661,-0.903208376571558,0.126328621324874
2.56349561220782,0.796668298520694,-0.889895745951507,0.0932274474307842
2.56360401644016,0.815532963002188,-0.875551102325843,0.0600181393235958
2.56371242067249,0.833451854244188,-0.860191075614415,0.0267392213701779
2.56382082490483,0.850404204478283,-0.843833483448231,-0.00657072103007639
2.56392922913716,0.866370337997714,-0.826497290509989,-0.0398730474877601
2.56399684240774,0.875821417942962,-0.815197422950289,-0.0606239949926841
2.56406445567833,0.884877263685093,-0.803529843733245,-0.0813474199518792
2.56413206894892,0.893533835223535,-0.791499770689403,-0.102034064534177
2.5641996822195,0.901787220390593,-0.779112623209076,-0.122674597181521
2.56429184148133,0.912380665159309,-0.761663838153752,-0.150716827005588
2.56438400074316,0.922209368512611,-0.743576564277437,-0.178632804235198
2.56444420061326,0.928212934158314,-0.731423875839262,-0.196789058319066
2.56450440048337,0.93388446967793,-0.719009637128013,-0.214874832549962
2.56456460035347,0.939221971661097,-0.706338256742409,-0.232883714918684
2.56462480022357,0.944223518900005,-0.693414268033439,-0.25080925086659
2.56469730048815,0.949798514034475,-0.677520927746507,-0.272277586287989
2.56476980075272,0.954880784339317,-0.661276109287516,-0.293604675051815
2.56484230101729,0.959467706941191,-0.644688241066646,-0.314779465874544
2.56491480128186,0.963556888044617,-0.627765938725343,-0.335790949319286
2.56498730154643,0.967146220137349,-0.610517976716244,-0.356628243421092
2.565059801811,0.970233828351473,-0.592953309614234,-0.377280518737244
2.56514796910636,0.973310243972321,-0.571179650483603,-0.402130593488736
2.56523613640172,0.975639970778734,-0.548967739607423,-0.426672231171329
2.56532430369708,0.977221231602669,-0.526334651058743,-0.450886580543942
2.56541247099244,0.978052800445794,-0.503297760797814,-0.474755039647975
2.5655006382878,0.978134050521572,-0.479874750815857,-0.498259299705751
2.56558880558316,0.977464907968384,-0.456083591759593,-0.521381316208831
2.56567697287852,0.976045897045406,-0.431942538906045,-0.544103358139357
2.56576514017388,0.973878095579705,-0.407470111422218,-0.566407984157502
2.56585330746923,0.970963177053951,-0.382685085989869,-0.58827809106409
2.56596171170157,0.966358544040894,-0.351811368529153,-0.614547175511787
2.56607011593391,0.960633204038634,-0.32052947935644,-0.640103724682198
2.56617852016625,0.953793806812248,-0.288875797278279,-0.664918009533984
2.56628692439859,0.945848295246417,-0.256887054654742,-0.688961240591691
2.56639532863093,0.936805879303416,-0.224600374762164,-0.712205504541275
2.56650373286327,0.92667705111111,-0.192053196396482,-0.734623854714622
2.56661213709561,0.915473551017186,-0.159283279230641,-0.756190271786517
2.56672054132795,0.90320837656262,-0.126328618698032,-0.776879757864588
2.56682894556029,0.889895745758318,-0.0932274447796747,-0.796668300978649
2.56693734979263,0.875551101951175,-0.0600181366550584,-0.815532965296087
2.56704575402497,0.860191075061136,-0.0267392186909271,-0.833451856370228
2.56715415825731,0.84383348271959,0.00657072371320617,-0.850404206432761
2.56726256248965,0.826497289609213,0.0398730501679413,-0.866370339777124
2.56733017575943,0.815197422081139,0.0606239974197927,-0.875821419500964
2.56739778902921,0.803529842905944,0.0813474221239564,-0.88487726502989
2.56746540229899,0.79149976991393,0.102034066449731,-0.893533836363653
2.56753301556878,0.779112622495293,0.122674598839344,-0.901787221334671
2.56762517486026,0.761663831609881,0.150716837648144,-0.912380669258029
2.56771733415175,0.743576551499842,0.178632823769848,-0.922209375269706
2.56777753399704,0.731423867794734,0.196789070300943,-0.9282129380957
2.56783773384233,0.719009634035914,0.214874837031601,-0.933884471067505
2.56789793368762,0.706338258816711,0.232883711960593,-0.939221970777281
2.56795813353291,0.69341427548248,0.250809240537343,-0.944223516019798
2.56803063379729,0.677520935355766,0.27227757594701,-0.949798511302766
2.56810313406167,0.661276117056108,0.293604664703556,-0.954880781759672
2.56817563432605,0.644688248993508,0.314779455523556,-0.959467704517062
2.56824813459043,0.62776594680928,0.335790938970137,-0.963556885779414
2.56832063485481,0.610517984955937,0.356628233078436,-0.967146218034397
2.56839313511919,0.592953318008283,0.377280508405752,-0.97023382641405
2.56848130244053,0.571179652524535,0.402130590519443,-0.973310243043964
2.56856946976187,0.548967735037013,0.426672235382483,-0.975639970419498
2.5686576370832,0.526334639634011,0.450886591737062,-0.977221231371104
2.56874580440454,0.503297742291298,0.474755057608253,-0.978052799899535
2.56883397172588,0.479874725015881,0.498259324202377,-0.978134049218259
2.56892213904721,0.456083558470753,0.521381346995337,-0.977464905466114
2.56901030636855,0.431942497949475,0.544103394954025,-0.976045892903459
2.56909847368989,0.407470062635767,0.566408026723613,-0.973878089359355
2.56918664101123,0.382685029228476,0.588278139090536,-0.970963168319015
2.56929504524364,0.351811310925636,0.614547222214089,-0.966358533139715
2.56940344947606,0.320529420979876,0.640103770001301,-0.960633190981138
2.56951185370847,0.288875738198561,0.664918053412482,-0.953793791611053
2.56962025794089,0.256886994942536,0.688961282973883,-0.945848277916403
2.5697286621733,0.224600314488952,0.712205545373111,-0.936805859862053
2.56983706640572,0.192053135634432,0.734623893943918,-0.926677029578354
2.56994547063813,0.159283218052491,0.756190309362874,-0.915473527415317
2.57005387487055,0.126328557177157,0.776879793739404,-0.90320835091654
2.57016227910296,0.0932273829897686,0.796668335105407,-0.889895718095132
2.57027068333538,0.0600180746702485,0.81553299763021,-0.875551072300434
2.57037908756779,0.0267391565856492,0.833451886869086,-0.86019104345472
2.57048749180021,-0.00657078586436458,0.85040423505599,-0.843833449191582
2.57059589603262,-0.0398731122902543,0.866370366486424,-0.826497254196148
2.57066350924209,-0.0606240409724448,0.875821436736694,-0.815197395764256
2.57073112245155,-0.0813474471351686,0.884877273488018,-0.803529826352808
2.57079873566102,-0.10203407297263,0.893533836751015,-0.791499763778353
2.57086634887049,-0.122674586952062,0.901787214368881,-0.7791126274168
2.57095850817583,-0.150716830006587,0.912380664088323,-0.761663834081719
2.57105066748117,-0.178632820340811,0.922209371667845,-0.743576551327056
2.57111086733085,-0.196789068197385,0.92821293494094,-0.73142386674355
2.57117106718053,-0.214874836243153,0.933884468311438,-0.719009632068255
2.57123126703021,-0.23288371247557,0.939221968371061,-0.706338255895475
2.57129146687989,-0.250809242342591,0.944223513914053,-0.693414271571477
2.57136396714184,-0.272277577008537,0.949798508925792,-0.67752093191724
2.57143646740378,-0.293604665029166,0.954880779144017,-0.661276114114847
2.57150896766573,-0.3147794551221,0.959467701695724,-0.644688246573599
2.57158146792768,-0.335790937851621,0.963556882785592,-0.627765944933971
2.57165396818962,-0.356628231253941,0.967146214901496,-0.610517983647544
2.57172646845157,-0.377280505887519,0.97023382317576,-0.59295331728818
2.57181463579414,-0.402130593951015,0.973310240464597,-0.571179646513576
2.5719028031367,-0.426672244611076,0.97563996813906,-0.548967723527964
2.57199097047927,-0.450886606596306,0.977221229028521,-0.526334622432159
2.57207913782183,-0.474755077918529,0.978052797133138,-0.503297719214558
2.5721673051644,-0.498259349771021,0.978134045666421,-0.479874695895376
2.57225547250697,-0.521381377616976,0.977464900767769,-0.456083523150778
2.57234363984953,-0.544103430410802,0.976045886698693,-0.431942456287867
2.5724318071921,-0.566408066785683,0.973878081289948,-0.407470014504242
2.57251997453466,-0.588278183516216,0.970963158028888,-0.382684974512636
2.57262837876715,-0.614547265434365,0.966358520875743,-0.351811255441391
2.57273678299964,-0.64010381196233,0.960633176752352,-0.320529364790001
2.57284518723213,-0.664918094062045,0.953793775428676,-0.288875681366603
2.57295359146462,-0.688961322261036,0.945848259793984,-0.256886937532922
2.57306199569711,-0.712205583248686,0.936805839815485,-0.224600256566787
2.5731703999296,-0.734623930360164,0.926677007625585,-0.192053077265407
2.57327880416209,-0.756190344273782,0.915473503576752,-0.159283159302925
2.57338720839457,-0.776879827100739,0.903208325214511,-0.126328498113766
2.57349561262706,-0.79666836687459,0.88989569055443,-0.0932273236798246
2.57360401685955,-0.815533027766514,0.875551042947778,-0.0600180151812457
2.57371242109204,-0.833451915333736,0.860191012319185,-0.0267390969854201
2.57382082532453,-0.850404261812003,0.843833416304114,0.00657084550787927
2.57392922955702,-0.866370391498822,0.826497219589864,0.0398731719089927
2.57399684270679,-0.875821452469107,0.815197370249792,0.0606240822193303
2.57406445585657,-0.884877280629928,0.803529810589594,0.0813474700403628
2.57413206900635,-0.893533836003166,0.791499758412155,0.102034077591017
2.57419968215612,-0.901787206442373,0.779112633079139,0.12267457336326
2.5742918414457,-0.912380654808379,0.761663843118482,0.150716811689917
2.57438400073528,-0.922209361302051,0.7435765639463,0.178632797355754
2.57444420061419,-0.928212927845371,0.731423873745309,0.196789054100098
2.5745044004931,-0.93388446416541,0.719009633194648,0.214874830970793
2.57456460037201,-0.939221966850963,0.70633825089522,0.232883715955721
2.57462480025092,-0.944223514693339,0.693414260199849,0.250809254493524
2.57469730051059,-0.949798509282286,0.677520920865172,0.272277588417125
2.57476980077026,-0.954880779107379,0.661276103408602,0.293604675698796
2.57484230102993,-0.959467701295841,0.644688236238622,0.314779465057234
2.5749148012896,-0.963556882052772,0.627765934994869,0.335790947057934
2.57498730154927,-0.967146213866336,0.610517974128336,0.356628239738022
2.57505980180894,-0.970233821869139,0.592953308212082,0.377280513657053
2.57514796914671,-0.97331023880754,0.571179638513191,0.402130600294345
2.57523613648448,-0.975639966212396,0.548967716654784,0.426672249557654
2.57532430382224,-0.977221226913422,0.526334616734769,0.450886610178661
2.57541247116001,-0.978052794911212,0.503297714738913,0.47475508017233
2.57550063849777,-0.978134043419338,0.479874692684454,0.498259350734903
2.57558880583554,-0.977464898577212,0.456083521244658,0.52138137733256
2.5756769731733,-0.976045884646312,0.431942455723692,0.54410342892262
2.57576514051107,-0.973878079457057,0.407470015316056,0.566408064141017
2.57585330784884,-0.970963156496536,0.382684976731407,0.588278179765164
2.57596171208132,-0.966358519542332,0.351811257737248,0.614547261805088
2.5760701163138,-0.960633175616892,0.320529367156635,0.640103808460273
2.57617852054628,-0.953793774490037,0.288875683797601,0.664918090692418
2.57628692477877,-0.945848259050801,0.256886940021814,0.688961319028979
2.57639532901125,-0.936805839266061,0.224600259106983,0.712205580159081
2.57650373324373,-0.926677007268125,0.192053079850272,0.734623927417859
2.57661213747621,-0.915473503409224,0.159283161925779,0.756190341483426
2.5767205417087,-0.903208325234626,0.126328500767909,0.776879824466714
2.57682894594118,-0.889895690759597,0.0932273263583982,0.796668364401171
2.57693735017366,-0.875551043335355,0.0600180178775399,0.815533025457781
2.57704575440614,-0.860191012886142,0.0267390996925613,0.833451913193583
2.57715415863863,-0.843833417047375,-0.006570842796737,0.850404259844118
2.57726256287111,-0.82649722050602,-0.0398731692007165,0.866370389706741
2.57733017602172,-0.815197371130418,-0.0606240797720586,0.875821450902448
2.57739778917232,-0.803529811424224,-0.0813474678559317,0.884877279280167
2.57746540232293,-0.791499759190527,-0.102034075670993,0.893533834861519
2.57753301547353,-0.779112633791085,-0.12267457170878,0.901787205499869
2.57762517473349,-0.761663849653564,-0.150716801061402,0.91238065071496
2.57771733399344,-0.743576576707675,-0.178632777845773,0.922209354553462
2.57777753389713,-0.731423881779487,-0.196789042133565,0.928212923913037
2.57783773380083,-0.719009636282556,-0.214874826495249,0.933884462777786
2.57789793370452,-0.706338248823114,-0.232883718910692,0.939221967733831
2.57795813360822,-0.693414252759685,-0.25080926481057,0.944223517570243
2.57803063386807,-0.677520913267287,-0.272277598742812,0.949798512010127
2.57810313412792,-0.661276095654032,-0.293604686028716,0.954880781682717
2.57817563438777,-0.644688228328527,-0.314779475386925,0.959467703715424
2.57824813464762,-0.627765926930547,-0.335790957382824,0.963556884313323
2.57832063490747,-0.61051796591114,-0.356628250053563,0.967146215964701
2.57839313516733,-0.592953299843539,-0.377280523958656,0.970233823802186
2.57848130247912,-0.5711796364965,-0.402130603236032,0.973310239732537
2.57856946979091,-0.548967721248036,-0.4266722453212,0.975639966569254
2.57865763710271,-0.52633462818092,-0.450886598962524,0.977221227143409
2.5787458044145,-0.503297733265284,-0.474755062191297,0.978052795456561
2.5788339717263,-0.479874718502634,-0.498259326219715,0.978134044722319
2.57892213903809,-0.456083554550042,-0.521381346529615,0.977464901079637
2.57901030634989,-0.431942496695087,-0.544103392093638,0.976045888788688
2.57909847366168,-0.407470064115571,-0.566408021562586,0.973878085678128
2.57918664097348,-0.38268503350396,-0.588278131728328,0.970963165232258
2.57929504520588,-0.351811315352426,-0.614547215092355,0.966358530444774
2.57940344943829,-0.320529425545388,-0.64010376313067,0.960633188676006
2.57951185367069,-0.288875742890053,-0.664918046803354,0.953793789693396
2.5796202579031,-0.256886999747217,-0.688961276636227,0.945848276383451
2.5797286621355,-0.224600319393916,-0.712205539316676,0.93680585871058
2.57983706636791,-0.192053140626565,-0.734623888178043,0.926677028804592
2.57994547060032,-0.159283223118639,-0.756190303896635,0.91547352701525
2.58005387483272,-0.12632856230398,-0.776879788581562,0.903208350885488
2.58016227906513,-0.0932273881639714,-0.796668330264231,0.889895718428181
2.58027068329753,-0.0600180798784213,-0.81553299311372,0.875551072992123
2.58037908752994,-0.0267391618143691,-0.833451882684912,0.860191044499266
2.58048749176234,0.00657078062861642,-0.850404231211329,0.843833450582686
2.58059589599475,0.0398731070610046,-0.866370362988151,0.826497255927113
2.5806635092057,0.0606240362097281,-0.875821433661123,0.815197397451389
2.58073112241664,0.0813474428428035,-0.884877270819992,0.803529827977177
2.58079873562759,0.102034069153841,-0.893533834475236,0.791499765321363
2.58086634883853,0.122674583609434,-0.901787212469552,0.779112628860119
2.58095850808463,0.150716808716259,-0.912380655888211,0.761663847171944
2.58105066733073,0.178632781287956,-0.922209358158408,0.743576576870412
2.58111086723002,0.196789044244837,-0.928212927068876,0.731423882824004
2.58117106712931,0.214874827285961,-0.933884465533151,0.719009638247173
2.58123126702859,0.232883718392597,-0.939221970137774,0.706338251745173
2.58129146692788,0.250809262996854,-0.944223519672271,0.693414256675376
2.58136396719019,0.272277597680237,-0.949798514385399,0.677520916705155
2.5814364674525,0.29360468570943,-0.954880784298352,0.661276098588901
2.58150896771481,0.314779475801972,-0.959467706538069,0.644688230736055
2.58158146797712,0.335790958522057,-0.963556887309472,0.627765928787329
2.58165396823943,0.356628251905797,-0.967146219100486,0.610517967194662
2.58172646850174,0.377280526511523,-0.970233827043633,0.592953300532111
2.58181463579235,0.402130599850558,-0.973310242315317,0.571179642464734
2.58190280308296,0.426672236149781,-0.975639968852561,0.548967732702792
2.58199097037356,0.45088658417119,-0.977221229487728,0.526334645316509
2.58207913766417,0.474755041959253,-0.97805279822275,0.50329775626345
2.58216730495478,0.498259300739229,-0.978134048271315,0.47987474753205
2.58225547224539,0.521381316005641,-0.977464905771728,0.456083589766067
2.582343639536,0.544103356743501,-0.976045894983122,0.431942538239578
2.5824318068266,0.566407981615682,-0.973878093732334,0.407470112116656
2.58251997411721,0.588278087425866,-0.970963175501716,0.382685088075818
2.58262837834954,0.614547171992347,-0.966358542682685,0.351811370690315
2.58273678258188,0.640103721286814,-0.960633202873449,0.320529481586634
2.58284518681421,0.664918006267842,-0.953793805839041,0.288875799571179
2.58295359104655,0.688961237459737,-0.945848294463757,0.256887057004016
2.58306199527888,0.712205501548294,-0.936805878709785,0.224600377161462
2.58317039951121,0.734623851865341,-0.926677050704684,0.192053198839312
2.58327880374355,0.756190269085419,-0.915473550795906,0.159283281710486
2.58338720797588,0.776879755315972,-0.903208376524275,0.126328621208268
2.58349561220822,0.796668298586716,-0.889895745900464,0.0932274473137161
2.58360401644055,0.815532963064832,-0.875551102271115,0.0600181392062664
2.58371242067288,0.833451854303372,-0.860191075556066,0.0267392212526998
2.58382082490522,0.85040420453393,-0.843833483386316,-0.00657072114762537
2.58392922913755,0.866370338049763,-0.826497290444566,-0.0398730476052178
2.58399684240802,0.875821417976444,-0.815197422902895,-0.0606239950735847
2.58406445567849,0.884877263701476,-0.803529843705185,-0.0813474199962849
2.58413206894895,0.893533835224144,-0.791499770681969,-0.1020340645422
2.58419968221942,0.901787220376845,-0.77911262322349,-0.122674597153354
2.58429184148127,0.912380665148856,-0.761663838164136,-0.150716826984747
2.58438400074313,0.922209368505105,-0.743576564283561,-0.17863280422159
2.58444420061325,0.928212934152583,-0.73142387584225,-0.196789058310356
2.58450440048336,0.933884469673796,-0.719009637127714,-0.214874832546101
2.58456460035348,0.939221971658347,-0.706338256738737,-0.232883714919616
2.5846248002236,0.944223518898513,-0.693414268026225,-0.250809250872309
2.58469730048818,0.949798514033541,-0.677520927736813,-0.272277586296761
2.58476980075277,0.954880784338831,-0.661276109275214,-0.293604675063642
2.58484230101735,0.959467706941028,-0.64468824105167,-0.314779465889333
2.58491480128193,0.963556888044629,-0.627765938707606,-0.335790949337012
2.58498730154651,0.967146220137283,-0.610517976695651,-0.35662824344168
2.5850598018111,0.970233828351295,-0.592953309590706,-0.377280518760594
2.58514796910648,0.973310243972165,-0.571179650453058,-0.402130593519101
2.58523613640187,0.975639970778163,-0.548967739569692,-0.426672231208483
2.58532430369725,0.977221231601211,-0.526334651013541,-0.450886580587679
2.58541247099264,0.978052800442988,-0.503297760744968,-0.474755039698043
2.58550063828802,0.978134050517027,-0.479874750755132,-0.498259299761926
2.58558880558341,0.977464907961654,-0.456083591690841,-0.521381316270819
2.58567697287879,0.976045897035995,-0.431942538829121,-0.544103358206872
2.58576514017418,0.973878095567219,-0.407470111337048,-0.566407984230198
2.58585330746956,0.970963177037926,-0.38268508589623,-0.588278091141723
2.5859617117019,0.96635854402149,-0.351811368434081,-0.614547175587435
2.58607011593424,0.960633204015796,-0.32052947926003,-0.640103724755752
2.58617852016658,0.953793806786043,-0.288875797180649,-0.664918009605406
2.58628692439892,0.945848295216802,-0.256887054556017,-0.68896124066078
2.58639532863126,0.936805879270473,-0.224600374662466,-0.712205504608015
2.5865037328636,0.926677051074812,-0.192053196295921,-0.734623854778907
2.58661213709594,0.915473550977586,-0.159283279129298,-0.75619027184829
2.58672054132828,0.903208376519777,-0.126328618596059,-0.77687975792372
2.58682894556062,0.889895745712239,-0.0932274446771631,-0.7966683010351
2.58693734979296,0.875551101901854,-0.0600181365521024,-0.815532965349771
2.5870457540253,0.860191075008715,-0.0267392185877279,-0.833451856421029
2.58715415825764,0.843833482664034,0.00657072381659505,-0.85040420648065
2.58726256248998,0.826497289550616,0.0398730502713863,-0.866370339822003
2.58733017575966,0.81519742203849,0.0606239974911272,-0.875821419529611
2.58739778902934,0.803529842880285,0.0813474221633115,-0.884877265043593
2.58746540229901,0.79149976990647,0.102034066457122,-0.893533836363569
2.58753301556869,0.77911262250709,0.122674598814902,-0.90178722132203
2.58762517486012,0.761663831632787,0.15071683760728,-0.912380669240068
2.58771733415156,0.743576551534604,0.17863282371271,-0.922209375247315
2.58777753399692,0.731423867816031,0.196789070265157,-0.928212938081168
2.58783773384228,0.719009634043078,0.214874837016989,-0.933884471060065
2.58789793368764,0.7063382588092,0.232883711967013,-0.939221970776238
2.587958133533,0.693414275459664,0.250809240564581,-0.94422351602423
2.5880306337974,0.677520935328653,0.272277575979294,-0.94979851130794
2.5881031340618,0.66127611702443,0.293604664740855,-0.954880781765286
2.58817563432619,0.644688248957187,0.314779455565707,-0.959467704522917
2.58824813459059,0.627765946768136,0.335790939017099,-0.963556885785222
2.58832063485499,0.610517984909807,0.356628233130073,-0.967146218039872
2.58839313511939,0.592953317957044,0.377280508461938,-0.970233826418994
2.58848130244073,0.571179652470968,0.402130590576494,-0.973310243047458
2.58856946976207,0.5489677349811,0.42667223544032,-0.975639970421409
2.58865763708341,0.526334639575805,0.450886591795553,-0.977221231371374
2.58874580440476,0.503297742230728,0.474755057667324,-0.97805279989805
2.5888339717261,0.479874724952972,0.498259324261958,-0.978134049214914
2.58892213904744,0.456083558405515,0.521381347055277,-0.977464905460783
2.58901030636878,0.431942497881882,0.544103395014273,-0.97604589289612
2.58909847369013,0.407470062565827,0.566408026784088,-0.973878089349908
2.58918664101147,0.382685029156214,0.588278139151143,-0.970963168307352
2.58929504524388,0.351811310852853,0.614547222272765,-0.966358533125619
2.5894034494763,0.320529420906614,0.640103770058048,-0.960633190964627
2.58951185370871,0.28887573812486,0.664918053467295,-0.953793791592172
2.58962025794112,0.256886994868556,0.688961283026658,-0.945848277895184
2.58972866217354,0.224600314414778,0.71220554542384,-0.936805859838602
2.58983706640595,0.192053135560139,0.734623893992547,-0.926677029552669
2.58994547063836,0.1592832179782,0.756190309409323,-0.91547352738754
2.59005387487078,0.126328557102879,0.77687979378372,-0.903208350886613
2.59016227910319,0.0932273829156478,0.79666833514752,-0.889895718063134
2.59027068333561,0.0600180745963219,0.815532997670091,-0.875551072266423
2.59037908756802,0.0267391565120401,0.833451886906783,-0.860191043418807
2.59048749180043,-0.00657078593757793,0.850404235091408,-0.843833449153781
2.59059589603285,-0.0398731123630363,0.866370366519561,-0.826497254156552
2.59066350924224,-0.0606240410216972,0.875821436758105,-0.815197395736387
2.59073112245163,-0.0813474471609382,0.884877273498465,-0.803529826337518
2.59079873566102,-0.102034072974997,0.89353383675152,-0.791499763776524
2.59086634887041,-0.122674586931128,0.901787214360326,-0.779112627429162
2.59095850817571,-0.150716829972162,0.912380664075466,-0.761663834103293
2.591050667481,-0.178632820293076,0.922209371651502,-0.74357655135841
2.59111086733075,-0.196789068168503,0.928212934931503,-0.73142386676299
2.59117106718049,-0.21487483623301,0.933884468308269,-0.719009632075239
2.59123126703023,-0.232883712483982,0.939221968373439,-0.706338255889458
2.59129146687997,-0.250809242369416,0.944223513921403,-0.693414271551947
2.59136396714191,-0.272277577032779,0.94979850893196,-0.677520931899144
2.59143646740385,-0.293604665050846,0.954880779149173,-0.661276114098314
2.59150896766578,-0.314779455141219,0.959467701699967,-0.644688246558737
2.59158146792772,-0.335790937868254,0.963556882789017,-0.62776594492076
2.59165396818966,-0.356628231268066,0.967146214904219,-0.610517983636155
2.5917264684516,-0.377280505899166,0.970233823177898,-0.592953317278686
2.59181463579413,-0.402130593952606,0.973310240465437,-0.571179646512815
2.59190280313666,-0.426672244602864,0.975639968139179,-0.548967723536316
2.59199097047919,-0.450886606578575,0.977221229028485,-0.526334622449884
2.59207913782172,-0.474755077891572,0.978052797133607,-0.503297719242004
2.59216730516425,-0.498259349735157,0.97813404566798,-0.479874695932818
2.59225547250678,-0.521381377572529,0.977464900771011,-0.456083523198464
2.59234363984931,-0.544103430358187,0.976045886704251,-0.43194245634605
2.59243180719184,-0.566408066725234,0.973878081298418,-0.407470014573147
2.59251997453437,-0.588278183448305,0.970963158040819,-0.382684974592532
2.59262837876686,-0.614547265367374,0.966358520890942,-0.351811255523551
2.59273678299934,-0.64010381189641,0.960633176770845,-0.320529364874402
2.59284518723183,-0.664918093997307,0.95379377545044,-0.288875681453161
2.59295359146431,-0.688961322197632,0.945848259819177,-0.25688693762154
2.5930619956968,-0.712205583186716,0.936805839844103,-0.224600256657357
2.59317039992928,-0.734623930299789,0.926677007657721,-0.192053077357885
2.59327880416177,-0.756190344215208,0.915473503612407,-0.159283159397187
2.59338720839425,-0.776879827044041,0.903208325253827,-0.126328498209752
2.59349561262674,-0.796668366819915,0.889895690597281,-0.0932273237773629
2.59360401685922,-0.815533027713967,0.875551042994307,-0.060018015280311
2.59371242109171,-0.833451915283494,0.860191012369313,-0.0267390970858424
2.59382082532419,-0.850404261764136,0.843833416357986,0.00657084540617005
2.59392922955667,-0.866370391453547,0.826497219647375,0.0398731718061753
2.59399684270655,-0.875821452439408,0.815197370292299,0.0606240821471352
2.59406445585643,-0.884877280614737,0.803529810615978,0.0813474699987486
2.5941320690063,-0.893533836001288,0.791499758421369,0.102034077579917
2.59419968215618,-0.901787206452579,0.779112633070107,0.122674573382516
2.59429184144573,-0.912380654815488,0.761663843113686,0.150716811701813
2.59438400073528,-0.922209361306419,0.743576563946141,0.178632797360296
2.59444420061419,-0.928212927849188,0.731423873746161,0.196789054103047
2.59450440049309,-0.933884464168724,0.719009633196644,0.214874830972116
2.594564600372,-0.93922196685378,0.706338250898346,0.232883715955466
2.59462480025091,-0.944223514695856,0.693414260204176,0.250809254491676
2.59469730051057,-0.949798509284628,0.677520920870261,0.27227758841439
2.59476980077024,-0.954880779109656,0.661276103414492,0.29360467569516
2.59484230102991,-0.95946770129807,0.644688236245308,0.314779465052778
2.59491480128958,-0.963556882055026,0.62776593500239,0.335790947052619
2.59498730154924,-0.96714621386862,0.610517974136788,0.356628239731866
2.59505980180891,-0.970233821871469,0.592953308221382,0.377280513650123
2.59514796914666,-0.97331023880964,0.571179638527512,0.402130600282098
2.5952361364844,-0.975639966214473,0.548967716674269,0.426672249540221
2.59532430382215,-0.97722122691587,0.526334616759677,0.450886610156201
2.5954124711599,-0.978052794914326,0.503297714769348,0.474755080145011
2.59550063849764,-0.97813404342347,0.479874692720578,0.498259350702925
2.59558880583539,-0.977464898582691,0.456083521286593,0.521381377296103
2.59567697317313,-0.976045884653474,0.431942455771576,0.544103428881891
2.59576514051088,-0.97387807946624,0.40747001537004,0.566408064096212
2.59585330784863,-0.970963156508061,0.382684976791551,0.588278179716542
2.59596171208111,-0.966358519556067,0.351811257798514,0.614547261757554
2.59607011631359,-0.960633175632832,0.320529367218956,0.640103808413897
2.59617852054607,-0.953793774508241,0.288875683860925,0.664918090647277
2.59628692477855,-0.945848259071187,0.256886940086024,0.688961318985172
2.59639532901103,-0.936805839288688,0.224600259172016,0.712205580116683
2.59650373324352,-0.926677007292978,0.192053079916067,0.734623927376919
2.596612137476,-0.915473503436235,0.159283161992254,0.756190341444002
2.59672054170848,-0.903208325263869,0.126328500834964,0.776879824428891
2.59682894594096,-0.889895690791015,0.0932273264260124,0.796668364365012
2.59693735017344,-0.875551043368927,0.0600180179455783,0.81553302542337
2.59704575440592,-0.860191012921921,0.0267390997610175,0.833451913160929
2.59715415863841,-0.8438334170853,-0.00657084272794747,0.850404259813258
2.59726256287089,-0.826497220546046,-0.039873169131708,0.866370389677741
2.59733017602156,-0.815197371159815,-0.0606240797245015,0.875821450884315
2.59739778917224,-0.803529811442195,-0.0813474678298519,0.884877279272064
2.59746540232292,-0.791499759196333,-0.102034075666275,0.893533834862592
2.59753301547359,-0.779112633783981,-0.12267457172535,0.901787205509343
2.59762517473356,-0.761663849643897,-0.150716801081314,0.912380650725244
2.59771733399352,-0.743576576695347,-0.178632777868922,0.922209354564271
2.59777753389719,-0.731423881772751,-0.196789042147819,0.928212923920552
2.59783773380085,-0.719009636281737,-0.214874826500605,0.933884462782328
2.59789793370451,-0.706338248828459,-0.232883718907256,0.939221967735726
2.59795813360818,-0.693414252771424,-0.250809264798426,0.944223517569859
2.59803063386805,-0.677520913274388,-0.272277598737194,0.949798512011581
2.59810313412792,-0.661276095656229,-0.293604686029514,0.954880781685742
2.5981756343878,-0.644688228325703,-0.314779475394045,0.959467703719709
2.59824813464767,-0.627765926922434,-0.335790957396175,0.963556884318599
2.59832063490754,-0.610517965897567,-0.356628250073061,0.96714621597062
2.59839313516742,-0.592953299824313,-0.377280523984149,0.970233823808443
2.59848130247924,-0.571179636470041,-0.402130603268806,0.973310239738859
2.59856946979106,-0.548967721214075,-0.426672245361036,0.975639966575081
2.59865763710288,-0.52633462813925,-0.450886599009192,0.97722122714844
2.5987458044147,-0.503297733215746,-0.474755062244501,0.978052795460232
2.59883397172653,-0.479874718444968,-0.498259326279253,0.978134044724161
2.59892213903835,-0.456083554484047,-0.521381346595193,0.977464901079211
2.59901030635017,-0.431942496620653,-0.544103392164941,0.976045888785557
2.59909847366199,-0.407470064032511,-0.566408021639295,0.973878085671776
2.59918664097381,-0.382685033412225,-0.588278131810116,0.970963165222311
2.59929504520622,-0.351811315259707,-0.614547215171663,0.96635853043135
2.59940344943862,-0.320529425451844,-0.640103763207406,0.960633188659263
2.59951185367103,-0.288875742795841,-0.664918046877448,0.953793789673281
2.59962025790343,-0.256886999652415,-0.688961276707633,0.945848276360024
2.59972866213583,-0.224600319298654,-0.712205539385299,0.936805858683942
2.59983706636824,-0.19205314053099,-0.734623888243842,0.926677028774799
2.59994547060064,-0.159283223022827,-0.756190303959575,0.915473526982372
2.60005387483305,-0.126328562208089,-0.776879788641503,0.903208350849583
2.60016227906545,-0.0932273880681197,-0.7966683303212,0.88989571838934
2.60027068329786,-0.0600180797826881,-0.815532993167674,0.87555107295034
2.60037908753026,-0.0267391617188818,-0.833451882735778,0.860191044454664
2.60048749176267,0.00657078072370387,-0.850404231259091,0.843833450535379
2.60059589599507,0.0398731071556357,-0.866370363032793,0.826497255877152
2.60066350920592,0.0606240362756935,-0.875821433691135,0.815197397415432
2.60073112241678,0.0813474428802053,-0.88487727083651,0.803529827956259
2.60079873562763,0.102034069162725,-0.893533834479318,0.791499765316545
2.60086634883848,0.122674583589968,-0.901787212462313,0.779112628872292
2.6009585080846,0.150716808702959,-0.912380655883617,0.761663847180611
2.60105066733072,0.178632781280748,-0.922209358156138,0.743576576875369
2.60111086723002,0.196789044240715,-0.928212927067672,0.731423882826921
2.60117106712931,0.214874827284887,-0.933884465532881,0.719009638247943
2.60123126702861,0.232883718394547,-0.939221970138319,0.706338251743754
2.60129146692791,0.250809263001799,-0.944223519673496,0.693414256671694
2.60136396719022,0.272277597684105,-0.9497985143862,0.677520916702045
2.60143646745252,0.293604685712227,-0.954880784298695,0.66127609858649
2.60150896771483,0.314779475803682,-0.959467706538065,0.644688230734369
2.60158146797713,0.335790958522695,-0.963556887309148,0.627765928786417
2.60165396823944,0.356628251905372,-0.96714621909992,0.610517967194508
2.60172646850175,0.377280526510055,-0.970233827042869,0.592953300532812
2.60181463579239,0.402130599859517,-0.973310242315573,0.571179642456038
2.60190280308304,0.426672236168877,-0.97563996885328,0.548967732684366
2.60199097037368,0.450886584200102,-0.97722122948825,0.526334645288123
2.60207913766433,0.474755041997669,-0.978052798222427,0.503297756224748
2.60216730495497,0.498259300786853,-0.978134048269529,0.479874747482654
2.60225547224562,0.521381316062111,-0.97746490576787,0.456083589705734
2.60234363953626,0.5441033568084,-0.976045894976556,0.431942538168109
2.60243180682691,0.566407981688627,-0.973878093722431,0.407470112033745
2.60251997411755,0.588278087506436,-0.970963175487761,0.382685087981319
2.60262837834989,0.614547172071087,-0.966358542665111,0.351811370594003
2.60273678258222,0.640103721363642,-0.960633202852262,0.320529481488609
2.60284518681456,0.664918006342562,-0.953793805814173,0.288875799471627
2.6029535910469,0.68896123753226,-0.945848294435261,0.256887056902993
2.60306199527923,0.712205501618532,-0.936805878677638,0.224600377059111
2.60317039951157,0.73462385193315,-0.926677050668936,0.192053198735772
2.6032788037439,0.756190269150693,-0.91547355075654,0.159283281605849
2.60338720797624,0.776879755378644,-0.903208376481326,0.126328621102682
2.60349561220857,0.796668298646637,-0.889895745853907,0.0932274472072928
2.60360401644091,0.815532963121908,-0.875551102221008,0.0600181390990976
2.60371242067324,0.833451854357512,-0.860191075502477,0.0267392211449198
2.60382082490558,0.850404204585098,-0.843833483329285,-0.0065707212558467
2.60392922913791,0.866370338097823,-0.826497290384046,-0.0398730477137828
2.60399684240828,0.875821418008368,-0.815197422857804,-0.0606239951505733
2.60406445567864,0.884877263718405,-0.80352984367671,-0.0813474200417248
2.60413206894901,0.893533835227305,-0.791499770671141,-0.102034064556203
2.60419968221937,0.90178722036751,-0.779112623231526,-0.122674597136015
2.60429184148123,0.91238066514013,-0.76166383817215,-0.150716826967994
2.60438400074308,0.922209368496946,-0.743576564291521,-0.178632804205437
2.60444420061322,0.928212934146627,-0.731423875846246,-0.196789058300397
2.60450440048336,0.933884469669841,-0.71900963712756,-0.214874832542271
2.6045646003535,0.939221971656116,-0.706338256734307,-0.232883714921855
2.60462480022364,0.944223518897865,-0.693414268017263,-0.250809250880601
2.60469730048823,0.94979851403338,-0.677520927725506,-0.272277586307889
2.60476980075282,0.954880784339001,-0.661276109261503,-0.293604675077506
2.60484230101742,0.95946770694139,-0.644688241035446,-0.314779465905926
2.60491480128201,0.963556888045031,-0.627765938688753,-0.335790949356317
2.6049873015466,0.967146220137681,-0.610517976674063,-0.356628243463588
2.60505980181119,0.970233828351474,-0.592953309566405,-0.377280518785081
2.60514796910661,0.973310243972437,-0.571179650420809,-0.402130593551636
2.60523613640202,0.975639970778038,-0.548967739529251,-0.426672231248792
2.60532430369744,0.977221231600216,-0.526334650964691,-0.450886580635541
2.60541247099285,0.97805280044058,-0.503297760687393,-0.47475503975318
2.60550063828827,0.978134050512729,-0.47987475068872,-0.498259299824003
2.60558880558368,0.977464907954853,-0.45608359161532,-0.521381316339559
2.60567697287909,0.976045897026294,-0.431942538744322,-0.544103358281975
2.60576514017451,0.973878095554091,-0.407470111242801,-0.566407984311332
2.60585330746992,0.970963177020891,-0.382685085792442,-0.588278091228437
2.60596171170226,0.966358544000765,-0.351811368329446,-0.614547175671337
2.6060701159346,0.960633203991475,-0.320529479154753,-0.640103724836724
2.60617852016694,0.953793806758229,-0.288875797074865,-0.664918009683361
2.60628692439928,0.945848295185552,-0.256887054449826,-0.688961240735697
2.60639532863161,0.93680587923581,-0.224600374556007,-0.712205504679804
2.60650373286395,0.926677051036847,-0.192053196189324,-0.734623854847554
2.60661213709629,0.915473550936448,-0.159283279022751,-0.75619027191369
2.60672054132863,0.903208376475474,-0.126328618489592,-0.776879757985853
2.60682894556096,0.889895745664927,-0.0932274445709575,-0.796668301093928
2.6069373497933,0.875551101851574,-0.0600181364463203,-0.815532965405279
2.60704575402564,0.860191074955637,-0.0267392184824558,-0.833451856473157
2.60715415825798,0.843833482608175,0.00657072392123501,-0.850404206529423
2.60726256249032,0.826497289492104,0.0398730503752691,-0.866370339867367
2.60733017575989,0.815197421996249,0.060623997562194,-0.875821419558435
2.60739778902946,0.803529842855496,0.0813474222015804,-0.884877265057103
2.60746540229903,0.791499769900295,0.102034066462702,-0.893533836363016
2.6075330155686,0.77911262252071,0.122674598787962,-0.901787221308646
2.60762517486003,0.76166383164831,0.150716837578387,-0.912380669226708
2.60771733415145,0.743576551552116,0.178632823681946,-0.922209375234067
2.60777753399685,0.731423867826147,0.196789070246141,-0.928212938072275
2.60783773384225,0.719009634045456,0.214874837009592,-0.93388447105508
2.60789793368765,0.706338258803487,0.232883711971171,-0.939221970774687
2.60795813353305,0.693414275445534,0.250809240580194,-0.944223516025736
2.60803063379745,0.677520935312814,0.272277575996741,-0.949798511309568
2.60810313406186,0.661276117006901,0.293604664760087,-0.954880781766979
2.60817563432626,0.644688248937809,0.314779455586762,-0.959467704524556
2.60824813459067,0.627765946746836,0.335790939039902,-0.963556885786735
2.60832063485507,0.610517984886629,0.356628233154559,-0.967146218041176
2.60839313511948,0.592953317931881,0.377280508488079,-0.970233826419977
2.60848130244084,0.571179652439466,0.402130590608943,-0.973310243048412
2.60856946976221,0.548967734943075,0.426672235478888,-0.97563997042197
2.60865763708357,0.526334639530985,0.450886591840064,-0.977221231371021
2.60874580440494,0.503297742178927,0.474755057717559,-0.978052799896477
2.6088339717263,0.479874724894129,0.49825932431762,-0.978134049211709
2.60892213904767,0.456083558339408,0.521381347116208,-0.977464905455633
2.60901030636904,0.431942497808327,0.544103395080158,-0.976045892888519
2.6090984736904,0.407470062484848,0.566408026854627,-0.973878089339454
2.60918664101177,0.382685029067599,0.588278139226061,-0.970963168293623
2.60929504524418,0.351811310762438,0.614547222346275,-0.96635853310869
2.6094034494766,0.320529420814486,0.640103770130019,-0.960633190944493
2.60951185370902,0.288875738031118,0.664918053537617,-0.953793791568725
2.60962025794143,0.256886994773263,0.68896128309521,-0.945848277868466
2.60972866217385,0.224600314318037,0.712205545490554,-0.936805859808543
2.60983706640626,0.192053135462018,0.734623894057283,-0.92667702951929
2.60994547063868,0.159283217878817,0.756190309472041,-0.91547352735084
2.6100538748711,0.126328557002365,0.776879793844221,-0.903208350846623
2.61016227910351,0.0932273828140758,0.796668335205704,-0.889895718019815
2.61027068333593,0.0600180744938268,0.815532997725923,-0.875551072219744
2.61037908756834,0.0267391564087258,0.833451886960094,-0.860191043368794
2.61048749180076,-0.00657078604159161,0.85040423514212,-0.843833449100517
2.61059589603318,-0.0398731124676344,0.866370366567583,-0.826497254099933
2.61066350924246,-0.0606240410948778,0.875821436790234,-0.815197395695343
2.61073112245175,-0.081347447202759,0.884877273515916,-0.803529826313136
2.61079873566104,-0.102034072985501,0.893533836755421,-0.791499763769908
2.61086634887033,-0.122674586910493,0.901787214351947,-0.779112627441428
2.61095850817559,-0.150716829939316,0.912380664063255,-0.76166383412392
2.61105066748084,-0.178632820248149,0.922209371636096,-0.743576551387915
2.61111086733064,-0.196789068141156,0.928212934922644,-0.731423866781451
2.61117106718044,-0.214874836223134,0.933884468305221,-0.719009632082057
2.61123126703024,-0.232883712491398,0.93922196837565,-0.706338255884195
2.61129146688004,-0.250809242393975,0.944223513928136,-0.693414271534124
2.61136396714198,-0.272277577058645,0.949798508938558,-0.677520931879905
2.61143646740393,-0.293604665077958,0.954880779155581,-0.661276114077604
2.61150896766587,-0.314779455169572,0.959467701706143,-0.644688246536528
2.61158146792781,-0.335790937897801,0.963556882794832,-0.627765944897027
2.61165396818976,-0.356628231298787,0.96714621490962,-0.610517983610842
2.6117264684517,-0.377280505931021,0.970233823182855,-0.59295331725182
2.61181463579421,-0.402130593978155,0.973310240468894,-0.571179646490727
2.61190280313672,-0.426672244622242,0.975639968141503,-0.548967723519232
2.61199097047923,-0.450886606591921,0.977221229030009,-0.526334622438075
2.61207913782173,-0.474755077899028,0.978052797134702,-0.503297719235663
2.61216730516424,-0.498259349736901,0.978134045669045,-0.479874695932133
2.61225547250675,-0.521381377568763,0.9774649007724,-0.456083523203607
2.61234363984926,-0.544103430349081,0.976045886706304,-0.43194245635721
2.61243180719177,-0.566408066711012,0.973878081301472,-0.407470014590458
2.61251997453428,-0.588278183429209,0.970963158045336,-0.382684974616075
2.61262837876677,-0.614547265349463,0.966358520896257,-0.351811255546787
2.61273678299925,-0.640103811879642,0.9606331767769,-0.320529364897259
2.61284518723174,-0.664918093981671,0.953793775457318,-0.288875681475639
2.61295359146423,-0.688961322183126,0.945848259826704,-0.256886937643584
2.61306199569672,-0.712205583173377,0.936805839852317,-0.22460025667891
2.6131703999292,-0.734623930287551,0.926677007666543,-0.192053077378952
2.61327880416169,-0.756190344204028,0.915473503621726,-0.159283159417707
2.61338720839418,-0.776879827033893,0.903208325263596,-0.126328498229658
2.61349561262666,-0.79666836681082,0.889895690607536,-0.0932273237966977
2.61360401685915,-0.8155330277059,0.875551043004909,-0.06001801529899
2.61371242109164,-0.833451915276404,0.860191012380282,-0.0267390971038724
2.61382082532412,-0.850404261757987,0.843833416369182,0.00657084538883948
2.61392922955661,-0.866370391448325,0.826497219658757,0.0398731717895622
2.6139968427065,-0.875821452436198,0.815197370302022,0.0606240821341868
2.61406445585639,-0.884877280613354,0.8035298106239,0.0813474699894704
2.61413206900627,-0.893533836001627,0.79149975842736,0.102034077574294
2.61419968215616,-0.90178720645453,0.779112633073967,0.122674573380554
2.6142918414457,-0.912380654815733,0.761663843120767,0.150716811694997
2.61438400073523,-0.922209361305314,0.743576563956626,0.178632797348709
2.61444420061416,-0.928212927849712,0.731423873753856,0.196789054095875
2.61450440049308,-0.933884464170775,0.719009633201427,0.214874830969343
2.614564600372,-0.93922196685716,0.706338250900155,0.232883715956995
2.61462480025092,-0.944223514700368,0.693414260202857,0.250809254497539
2.61469730051059,-0.949798509289701,0.677520920867124,0.272277588422562
2.61476980077027,-0.954880779115068,0.66127610340944,0.293604675705662
2.61484230102994,-0.959467701303819,0.644688236238339,0.314779465065493
2.61491480128962,-0.963556882060892,0.627765934993401,0.335790947067542
2.61498730154929,-0.967146213874595,0.610517974125618,0.356628239748976
2.61505980180897,-0.970233821877426,0.592953308208061,0.377280513669346
2.6151479691467,-0.973310238814656,0.571179638516659,0.402130600298011
2.61523613648444,-0.975639966218878,0.548967716666047,0.426672249552864
2.61532430382218,-0.97722122691981,0.52633461675411,0.450886610165712
2.61541247115991,-0.978052794918037,0.503297714766573,0.474755080151427
2.61550063849765,-0.978134043427058,0.479874692720765,0.498259350706311
2.61558880583538,-0.977464898586375,0.456083521289812,0.521381377296573
2.61567697317312,-0.976045884657428,0.431942455777865,0.544103428879555
2.61576514051085,-0.973878079470641,0.407470015379455,0.566408064091227
2.61585330784859,-0.970963156513202,0.382684976804252,0.588278179708946
2.61596171208107,-0.966358519561699,0.351811257812015,0.614547261749679
2.61607011631354,-0.960633175639048,0.320529367233256,0.640103808405823
2.61617852054602,-0.953793774515018,0.288875683875971,0.664918090639041
2.6162869247785,-0.94584825907863,0.2568869401019,0.688961318976774
2.61639532901098,-0.936805839296864,0.224600259188659,0.7122055801082
2.61650373324346,-0.92667700730188,0.192053079933496,0.734623927368409
2.61661213747594,-0.915473503445926,0.159283162010442,0.756190341435489
2.61672054170842,-0.903208325274387,0.126328500853954,0.77687982442042
2.6168289459409,-0.889895690802365,0.0932273264457584,0.796668364356626
2.61693735017338,-0.875551043381164,0.0600180179660678,0.815533025415114
2.61704575440586,-0.860191012935026,0.0267390997821529,0.833451913152911
2.61715415863834,-0.843833417099367,-0.00657084270610249,0.850404259805498
2.61726256287082,-0.826497220561096,-0.039873169109192,0.866370389670295
2.61733017602153,-0.815197371169607,-0.0606240797121561,0.875821450881778
2.61739778917224,-0.803529811446437,-0.0813474678276006,0.884877279274049
2.61746540232294,-0.791499759194662,-0.102034075674109,0.89353383486879
2.61753301547365,-0.779112633776031,-0.122674571743218,0.901787205519236
2.61762517473365,-0.761663849628715,-0.150716801109826,0.912380650738545
2.61771733399365,-0.743576576672431,-0.178632777907971,0.922209354580398
2.61777753389727,-0.731423881759282,-0.196789042171933,0.928212923931207
2.61783773380088,-0.719009636278147,-0.21487482650988,0.933884462788005
2.6178979337045,-0.706338248835203,-0.232883718901817,0.939221967737009
2.61795813360811,-0.693414252788893,-0.25080926477839,0.944223517567246
2.618030633868,-0.677520913290304,-0.272277598719718,0.949798512010005
2.61810313412788,-0.661276095670601,-0.293604686014574,0.954880781685123
2.61817563438776,-0.644688228338255,-0.314779475381669,0.959467703719914
2.61824813464764,-0.627765926933219,-0.335790957386288,0.963556884319488
2.61832063490752,-0.610517965906478,-0.35662825006565,0.967146215972151
2.61839313516741,-0.592953299831297,-0.377280523979141,0.970233823810461
2.61848130247923,-0.571179636475908,-0.402130603265221,0.973310239741131
2.61856946979106,-0.548967721218733,-0.426672245358792,0.975639966577564
2.61865763710288,-0.526334628142654,-0.450886599008282,0.977221227150967
2.61874580441471,-0.503297733217892,-0.474755062244875,0.978052795462774
2.61883397172654,-0.479874718445765,-0.498259326280887,0.978134044726645
2.61892213903836,-0.456083554483532,-0.521381346598036,0.97746490108155
2.61901030635019,-0.431942496618719,-0.544103392168946,0.976045888787664
2.61909847366202,-0.407470064029106,-0.566408021644443,0.973878085673555
2.61918664097384,-0.382685033407353,-0.588278131816334,0.970963165223704
2.61929504520625,-0.351811315255058,-0.614547215177411,0.966358530432469
2.61940344943865,-0.320529425447468,-0.640103763212673,0.960633188660131
2.61951185367105,-0.288875742791703,-0.664918046882301,0.953793789673962
2.61962025790346,-0.256886999648576,-0.688961276712008,0.945848276360558
2.61972866213586,-0.224600319295115,-0.712205539389236,0.936805858684308
2.61983706636826,-0.19205314052775,-0.734623888247374,0.926677028775076
2.61994547060067,-0.159283223019936,-0.756190303962679,0.915473526982549
2.62005387483307,-0.126328562205558,-0.776879788644182,0.903208350849735
2.62016227906547,-0.0932273880659361,-0.796668330323514,0.889895718389456
2.62027068329787,-0.0600180797808838,-0.815532993169614,0.875551072950475
2.62037908753028,-0.0267391617174798,-0.833451882737391,0.860191044454815
2.62048749176268,0.00657078072473909,-0.850404231260337,0.843833450535591
2.62059589599508,0.0398731071562688,-0.866370363033695,0.826497255877412
2.62066350920594,0.0606240362757376,-0.875821433691728,0.815197397416004
2.62073112241679,0.0813474428796637,-0.884877270836776,0.803529827957122
2.62079873562764,0.102034069161609,-0.893533834479276,0.791499765317652
2.62086634883849,0.12267458358829,-0.901787212462021,0.779112628873717
2.62095850808465,0.150716808713011,-0.912380655887553,0.761663847174512
2.6210506673308,0.178632781302422,-0.922209358163654,0.743576576861204
2.62111086723007,0.196789044253248,-0.928212927071824,0.731423882818536
2.62117106712934,0.214874827288304,-0.933884465533954,0.719009638245673
2.6212312670286,0.232883718388931,-0.93922197013667,0.706338251747726
2.62129146692787,0.250809262987219,-0.94422351966953,0.693414256682241
2.62136396719018,0.272277597671003,-0.949798514382785,0.67752091671174
2.62143646745249,0.293604685700568,-0.954880784295841,0.661276098595234
2.62150896771481,0.314779475793439,-0.959467706535662,0.644688230742167
2.62158146797712,0.335790958513944,-0.963556887307118,0.627765928793171
2.62165396823943,0.356628251898024,-0.967146219098226,0.610517967200169
2.62172646850174,0.377280526504096,-0.970233827041435,0.592953300537336
2.62181463579239,0.402130599855672,-0.973310242314478,0.571179642458789
2.62190280308305,0.426672236167118,-0.975639968852339,0.548967732685179
2.6219909703737,0.450886584200361,-0.977221229487328,0.526334645286958
2.62207913766435,0.474755041999881,-0.97805279822145,0.503297756221544
2.622167304955,0.498259300790956,-0.978134048268309,0.479874747477357
2.62225547224566,0.521381316067996,-0.977464905766283,0.456083589698275
2.62234363953631,0.544103356816063,-0.976045894974447,0.431942538158383
2.62243180682696,0.566407981697951,-0.973878093719754,0.407470112021812
2.62251997411761,0.588278087517337,-0.970963175484411,0.382685087967064
2.62262837834995,0.614547172081313,-0.966358542661177,0.351811370579871
2.62273678258228,0.64010372137313,-0.960633202847841,0.32052948147468
2.62284518681462,0.6649180063514,-0.953793805809259,0.288875799457859
2.62295359104695,0.68896123754041,-0.945848294429884,0.256887056889484
2.62306199527928,0.712205501625968,-0.936805878671846,0.224600377045845
2.62317039951162,0.734623851939899,-0.92667705066273,0.192053198722775
2.62327880374395,0.756190269156806,-0.915473550749973,0.159283281593149
2.62338720797629,0.776879755384117,-0.90320837647439,0.126328621090279
2.62349561220862,0.796668298651442,-0.889895745846703,0.0932274471952365
2.62360401644095,0.815532963126075,-0.875551102213543,0.0600181390874346
2.62371242067329,0.833451854361095,-0.860191075494742,0.02673922113366
2.62382082490562,0.850404204588058,-0.843833483321292,-0.00657072126673475
2.62392922913795,0.86637033810018,-0.82649729037597,-0.0398730477242388
2.62399684240831,0.875821418008685,-0.815197422851722,-0.0606239951569567
2.62406445567866,0.884877263716801,-0.803529843672789,-0.0813474200440252
2.62413206894901,0.893533835223972,-0.791499770669532,-0.102034064554433
2.62419968221936,0.901787220362542,-0.779112623232308,-0.122674597130234
2.62429184148126,0.91238066514033,-0.761663838164248,-0.150716826976092
2.62438400074316,0.922209368501518,-0.743576564274244,-0.178632804227324
2.62444420061327,0.928212934148166,-0.73142387583419,-0.196789058313972
2.62450440048339,0.93388446966856,-0.719009637120938,-0.214874832547653
2.6245646003535,0.939221971652393,-0.706338256733327,-0.232883714919102
2.62462480022361,0.944223518891949,-0.693414268022201,-0.25080925086978
2.62469730048818,0.949798514025883,-0.677520927735862,-0.27227758629001
2.62476980075275,0.954880784330283,-0.661276109277564,-0.293604675052707
2.62484230101732,0.959467706931671,-0.644688241057419,-0.314779465874296
2.62491480128188,0.963556888034749,-0.627765938716804,-0.335790949317956
2.62498730154645,0.967146220127124,-0.610517976708473,-0.356628243418677
2.62505980181102,0.970233828341045,-0.59295330960732,-0.377280518733699
2.62514796910643,0.973310243963101,-0.571179650465082,-0.402130593498066
2.62523613640183,0.975639970770068,-0.54896773957683,-0.426672231193217
2.62532430369724,0.977221231593718,-0.526334651015713,-0.450886580577993
2.62541247099264,0.978052800435728,-0.50329776074192,-0.474755039693818
2.62550063828805,0.978134050509735,-0.479874750746754,-0.498259299762973
2.62558880558345,0.977464907953838,-0.456083591676919,-0.521381316276951
2.62567697287886,0.976045897027459,-0.431942538809509,-0.544103358217946
2.62576514017426,0.973878095557588,-0.407470111311618,-0.566407984245976
2.62585330746967,0.970963177026812,-0.382685085864875,-0.588278091161949
2.625961711702,0.966358544009417,-0.3518113684029,-0.614547175606516
2.62607011593434,0.960633204002815,-0.320529479229144,-0.640103724773656
2.62617852016668,0.953793806772213,-0.288875797150045,-0.664918009622162
2.62628692439902,0.945848295202148,-0.256887054525744,-0.688961240676381
2.62639532863135,0.936805879255066,-0.224600374632612,-0.712205504622429
2.62650373286369,0.92667705105865,-0.192053196266467,-0.734623854792247
2.62661213709603,0.915473550960814,-0.159283279100364,-0.756190271860435
2.62672054132837,0.903208376502406,-0.126328618567644,-0.776879757934739
2.62682894556071,0.889895745694334,-0.0932274446493302,-0.796668301044994
2.62693734979304,0.875551101883437,-0.0600181365248411,-0.815532965358595
2.62704575402538,0.860191074989875,-0.0267392185610866,-0.833451856428792
2.62715415825772,0.843833482644814,0.00657072384253949,-0.850404206487371
2.62726256249006,0.826497289531097,0.0398730502966348,-0.866370339827727
2.62733017575971,0.815197422022141,0.0606239975097666,-0.875821419531898
2.62739778902937,0.803529842867478,0.0813474221752982,-0.884877265042749
2.62746540229902,0.791499769897326,0.102034066462555,-0.893533836359877
2.62753301556868,0.77911262250189,0.122674598813779,-0.901787221315692
2.6276251748601,0.761663831630036,0.150716837602389,-0.912380669232454
2.62771733415152,0.743576551534462,0.178632823704137,-0.92220937523861
2.62777753399689,0.731423867814157,0.196789070259438,-0.928212938073584
2.62783773384226,0.719009634039353,0.214874837014113,-0.933884471053478
2.62789793368763,0.706338258803547,0.232883711966962,-0.939221970770519
2.627958133533,0.693414275452034,0.2508092405673,-0.944223516019323
2.62803063379738,0.67752093532426,0.272277575977671,-0.949798511301902
2.62810313406177,0.661276117023433,0.29360466473494,-0.954880781758387
2.62817563432615,0.644688248959728,0.314779455555591,-0.959467704515295
2.62824813459053,0.62776594677431,0.335790939002849,-0.963556885777172
2.62832063485492,0.610517984919806,0.35662823311173,-0.967146218031522
2.6283931351193,0.59295331797093,0.377280508439619,-0.970233826410526
2.62848130244062,0.571179652491468,0.402130590547538,-0.973310243038992
2.62856946976194,0.548967735008478,0.42667223540488,-0.975639970413345
2.62865763708325,0.526334639610225,0.45088659175388,-0.977221231364114
2.62874580440457,0.503297742272393,0.474755057619647,-0.978052799892
2.62883397172589,0.479874725002079,0.498259324208494,-0.978134049210537
2.62892213904721,0.45608355846221,0.521381346996335,-0.97746490545852
2.62901030636852,0.431942497946322,0.544103394950053,-0.976045892896373
2.62909847368984,0.407470062638188,0.566408026714933,-0.973878089353092
2.62918664101116,0.382685029236556,0.588278139077303,-0.970963168313862
2.62929504524357,0.351811310934128,0.614547222201171,-0.966358533135278
2.62940344947599,0.320529420988794,0.640103769988697,-0.960633190977453
2.6295118537084,0.288875738207773,0.664918053400312,-0.953793791608069
2.62962025794082,0.256886994952119,0.688961282962052,-0.945848277914161
2.62972866217323,0.224600314498854,0.712205545361714,-0.936805859860557
2.62983706640565,0.19205313564465,0.734623893932972,-0.926677029577602
2.62994547063806,0.159283218062992,0.756190309352412,-0.915473527415382
2.63005387487048,0.126328557187852,0.776879793729434,-0.90320835091726
2.63016227910289,0.0932273830006913,0.796668335095945,-0.889895718096623
2.6302706833353,0.0600180746813736,0.815532997621271,-0.875551072302637
2.63037908756772,0.0267391565969775,0.833451886860741,-0.860191043457683
2.63048749180013,-0.00657078585288968,0.850404235048201,-0.843833449195279
2.63059589603255,-0.0398731122786846,0.866370366479259,-0.826497254200508
2.63066350924202,-0.0606240409619599,0.875821436730426,-0.815197395768435
2.63073112245149,-0.0813474471257856,0.884877273482601,-0.803529826356786
2.63079873566096,-0.102034072964352,0.893533836746431,-0.791499763782057
2.63086634887043,-0.122674586944909,0.901787214365099,-0.779112627420172
2.63095850817567,-0.150716829968627,0.912380664073762,-0.761663834105092
2.63105066748091,-0.178632820272398,0.922209371644249,-0.743576551371851
2.63111086733068,-0.196789068155839,0.928212934927326,-0.731423866771459
2.63117106718045,-0.214874836228275,0.933884468306834,-0.719009632078528
2.63123126703021,-0.232883712487148,0.939221968374519,-0.706338255887307
2.63129146687998,-0.250809242380381,0.944223513924613,-0.693414271544203
2.63136396714193,-0.272277577046046,0.949798508935656,-0.677520931889565
2.63143646740387,-0.293604665066343,0.954880779153259,-0.661276114086888
2.63150896766582,-0.314779455158962,0.959467701704316,-0.644688246545316
2.63158146792777,-0.335790937888209,0.963556882793531,-0.627765944905334
2.63165396818971,-0.356628231290187,0.967146214908809,-0.610517983618621
2.63172646845166,-0.377280505923404,0.970233823182417,-0.592953317258989
2.63181463579414,-0.402130593962074,0.973310240467871,-0.571179646505778
2.63190280313662,-0.42667224459794,0.975639968140412,-0.548967723542436
2.63199097047909,-0.450886606559655,0.97722122902935,-0.526334622469677
2.63207913782157,-0.474755077859067,0.978052797134992,-0.503297719275911
2.63216730516405,-0.498259349689502,0.978134045670814,-0.47987469598128
2.63225547250653,-0.521381377514263,0.977464900776174,-0.456083523261875
2.63234363984901,-0.544103430287799,0.976045886712614,-0.431942456424779
2.63243180719149,-0.566408066643276,0.973878081310833,-0.40747001466753
2.63251997453396,-0.588278183355385,0.970963158058231,-0.382684974702834
2.63262837876645,-0.61454726527741,0.966358520912451,-0.351811255635028
2.63273678299894,-0.640103811809491,0.960633176796479,-0.32052936498696
2.63284518723142,-0.664918093913478,0.953793775480154,-0.288875681566625
2.63295359146391,-0.688961322117042,0.94584825985288,-0.256886937735804
2.6330619956964,-0.712205583109417,0.93680583988176,-0.224600256772298
2.63317039992888,-0.73462393022587,0.926677007699221,-0.192053077473316
2.63327880416137,-0.756190344144716,0.915473503657727,-0.159283159512996
2.63338720839385,-0.776879826977111,0.903208325302845,-0.12632849832572
2.63349561262634,-0.796668366756549,0.889895690649979,-0.0932273238933908
2.63360401685883,-0.815533027654274,0.875551043050522,-0.0600180153962552
2.63371242109131,-0.83345191522745,0.860191012429051,-0.0267390972015756
2.6338208253238,-0.85040426171187,0.8438334164211,0.00657084529080015
2.63392922955628,-0.866370391405007,0.826497219713754,0.0398731716912856
2.63399684270627,-0.875821452408399,0.815197370341968,0.0606240820664589
2.63406445585626,-0.884877280599873,0.803529810647718,0.0813474699521876
2.63413206900624,-0.893533836001307,0.791499758433951,0.102034077567375
2.63419968215623,-0.901787206466179,0.779112633062322,0.122674573403883
2.63429184144577,-0.912380654827397,0.76166384310771,0.15071681171972
2.63438400073531,-0.922209361316844,0.743576563942057,0.178632797374808
2.6344442006142,-0.92821292785754,0.731423873745936,0.196789054111642
2.63450440049309,-0.93388446417527,0.719009633200428,0.214874830974839
2.63456460037197,-0.939221966858688,0.706338250906347,0.232883715952345
2.63462480025086,-0.944223514699307,0.693414260216487,0.250809254482819
2.63469730051055,-0.949798509290232,0.677520920877299,0.272277588412938
2.63476980077024,-0.954880779117045,0.661276103416013,0.293604675701047
2.63484230102994,-0.959467701306978,0.644688236241105,0.314779465065895
2.63491480128963,-0.96355688206503,0.627765934992217,0.335790947072833
2.63498730154932,-0.967146213879396,0.610517974120326,0.356628239759104
2.63505980180901,-0.970233821882726,0.592953308198581,0.377280513684193
2.63514796914673,-0.973310238819147,0.571179638510836,0.402130600308315
2.63523613648445,-0.975639966222803,0.548967716664008,0.426672249558793
2.63532430382217,-0.977221226923397,0.526334616756118,0.45088661016729
2.63541247115989,-0.978052794921533,0.503297714772724,0.474755080148841
2.63550063849761,-0.978134043430801,0.479874692731112,0.498259350699721
2.63558880583533,-0.97746489859059,0.456083521304511,0.521381377286092
2.63567697317305,-0.976045884662375,0.431942455797069,0.544103428865331
2.63576514051077,-0.973878079476653,0.407470015403298,0.566408064073372
2.63585330784849,-0.9709631565204,0.382684976832741,0.588278179687671
2.63596171208097,-0.966358519569903,0.351811257840573,0.614547261729353
2.63607011631345,-0.960633175648206,0.320529367261831,0.640103808386339
2.63617852054593,-0.953793774525064,0.288875683904592,0.664918090620496
2.63628692477841,-0.945848259089559,0.256886940130475,0.688961318959111
2.63639532901089,-0.936805839308628,0.224600259217206,0.71220558009147
2.63650373324337,-0.926677007314511,0.192053079961982,0.734623927352554
2.63661213747585,-0.915473503459374,0.159283162038846,0.756190341420558
2.63672054170833,-0.903208325288518,0.12632850088214,0.776879824406433
2.63682894594081,-0.889895690817299,0.093227326473756,0.796668364343559
2.63693735017329,-0.875551043396823,0.0600180179938653,0.815533025402976
2.63704575440577,-0.86019101295142,0.0267390998097355,0.833451913141652
2.63715415863825,-0.843833417116373,-0.00657084267880899,0.850404259795189
2.63726256287073,-0.826497220578672,-0.0398731690822416,0.866370389660931
2.63733017602146,-0.815197371184324,-0.0606240796912765,0.875821450875608
2.63739778917219,-0.803529811458033,-0.0813474678128044,0.884877279270828
2.63746540232292,-0.791499759202894,-0.102034075665384,0.893533834868277
2.63753301547365,-0.779112633780719,-0.122674571740538,0.901787205521288
2.63762517473365,-0.761663849633911,-0.150716801106386,0.9123806507403
2.63771733399364,-0.74357657667818,-0.178632777903778,0.922209354581967
2.63777753389726,-0.731423881764104,-0.196789042169188,0.928212923933304
2.63783773380088,-0.719009636281953,-0.21487482650861,0.933884462790608
2.6378979337045,-0.706338248837999,-0.232883718901986,0.939221967739973
2.63795813360812,-0.693414252790601,-0.250809264779982,0.944223517570582
2.63803063386798,-0.677520913296422,-0.272277598715419,0.949798512011819
2.63810313412785,-0.661276095681243,-0.293604686004464,0.954880781685714
2.63817563438771,-0.644688228353724,-0.314779475365778,0.959467703719477
2.63824813464757,-0.627765926953584,-0.33579095736476,0.963556884318343
2.63832063490743,-0.610517965932007,-0.356628250038523,0.967146215970552
2.63839313516729,-0.592953299862053,-0.377280523946642,0.970233823808728
2.63848130247912,-0.571179636507012,-0.402130603233311,0.973310239740342
2.63856946979095,-0.548967721250176,-0.426672245327542,0.975639966577702
2.63865763710278,-0.526334628174348,-0.450886598977699,0.977221227152057
2.6387458044146,-0.50329773324982,-0.474755062214964,0.97805279546479
2.63883397172643,-0.47987471847797,-0.49825932625165,0.978134044729619
2.63892213903826,-0.456083554515876,-0.521381346569508,0.977464901085374
2.63901030635009,-0.431942496651214,-0.544103392141126,0.976045888792345
2.63909847366191,-0.407470064061792,-0.566408021617318,0.973878085679115
2.63918664097374,-0.382685033440138,-0.58827813178996,0.970963165230088
2.63929504520615,-0.351811315287826,-0.614547215152064,0.966358530439873
2.63940344943855,-0.320529425480076,-0.640103763188401,0.960633188668464
2.63951185367095,-0.28887574282417,-0.664918046859069,0.95379378968322
2.63962025790336,-0.256886999680815,-0.688961276689866,0.945848276370663
2.63972866213576,-0.224600319327057,-0.712205539368174,0.936805858695243
2.63983706636817,-0.192053140559399,-0.734623888227363,0.926677028786778
2.63994547060057,-0.15928322305124,-0.756190303943742,0.915473526994994
2.64005387483298,-0.12632856223648,-0.776879788626355,0.90320835086281
2.64016227906538,-0.0932273880964271,-0.796668330306727,0.889895718403162
2.64027068329779,-0.0600180798109526,-0.815532993153801,0.875551072964765
2.64037908753019,-0.0267391617470205,-0.833451882722668,0.860191044469664
2.6404874917626,0.00657078069574232,-0.850404231246654,0.843833450550876
2.640595895995,0.0398731071277868,-0.866370363020993,0.826497255893197
2.64066350920589,0.0606240362583983,-0.87582143368446,0.815197397426036
2.64073112241678,0.0813474428733941,-0.88487727083448,0.8035298279611
2.64079873562767,0.102034069166399,-0.893533834481582,0.791499765315157
2.64086634883855,0.122674583604043,-0.901787212468428,0.77911262886437
2.64095850808475,0.150716808741003,-0.912380655897913,0.761663847156893
2.64105066733095,0.178632781342513,-0.922209358177337,0.743576576834805
2.64111086723016,0.196789044277293,-0.928212927079604,0.731423882802298
2.64117106712938,0.214874827296447,-0.933884465536406,0.719009638239958
2.64123126702859,0.232883718381364,-0.93922197013439,0.706338251753008
2.64129146692781,0.250809262964069,-0.944223519663058,0.69341425669898
2.64136396719012,0.27227759764808,-0.949798514376813,0.677520916728703
2.64143646745243,0.29360468567785,-0.954880784290321,0.661276098612479
2.64150896771474,0.314779475770952,-0.95946770653063,0.644688230759657
2.64158146797705,0.335790958491649,-0.963556887302569,0.627765928810895
2.64165396823936,0.356628251875935,-0.967146219094137,0.610517967218216
2.64172646850168,0.377280526482222,-0.970233827037838,0.592953300555602
2.64181463579235,0.402130599839096,-0.973310242311986,0.571179642472889
2.64190280308302,0.426672236155732,-0.975639968850611,0.548967732694853
2.64199097037369,0.450886584194068,-0.977221229486147,0.526334645292047
2.64207913766436,0.474755041998542,-0.978052798220443,0.503297756221862
2.64216730495503,0.498259300794398,-0.978134048267157,0.479874747472749
2.6422554722457,0.521381316076098,-0.977464905764686,0.456083589688614
2.64234363953637,0.544103356828593,-0.976045894972127,0.431942538143547
2.64243180682704,0.566407981714758,-0.973878093716366,0.407470112001599
2.64251997411771,0.588278087538202,-0.970963175479668,0.382685087941431
2.64262837835005,0.61454717210142,-0.966358542655459,0.351811370554
2.64273678258238,0.640103721392457,-0.960633202841071,0.32052948144858
2.64284518681471,0.664918006369895,-0.953793805801533,0.288875799431608
2.64295359104705,0.688961237558101,-0.945848294421189,0.256887056863079
2.64306199527938,0.712205501642864,-0.936805878662199,0.224600377019331
2.64317039951171,0.734623851955936,-0.926677050652131,0.192053198696168
2.64327880374405,0.756190269171957,-0.915473550738512,0.159283281566493
2.64338720797638,0.776879755398373,-0.903208376462056,0.126328621063656
2.64349561220871,0.796668298664836,-0.889895745833478,0.093227447168629
2.64360401644105,0.815532963138567,-0.875551102199469,0.0600181390608831
2.64371242067338,0.833451854372699,-0.860191075479884,0.0267392211071979
2.64382082490571,0.850404204598697,-0.843833483305669,-0.00657072129303905
2.64392922913805,0.866370338109901,-0.826497290359519,-0.0398730477503855
2.64399684240838,0.875821418014917,-0.815197422838416,-0.0606239951764955
2.64406445567871,0.884877263719788,-0.803529843662865,-0.0813474200569671
2.64413206894904,0.893533835224005,-0.791499770663168,-0.102034064560843
2.64419968221937,0.901787220359866,-0.779112623229791,-0.122674597130074
2.64429184148127,0.912380665137667,-0.761663838161498,-0.150716826976189
2.64438400074317,0.922209368498892,-0.743576564271252,-0.178632804227651
2.64444420061328,0.928212934145356,-0.731423875831329,-0.196789058314048
2.64450440048339,0.933884469665649,-0.719009637118233,-0.214874832547455
2.64456460035351,0.939221971649352,-0.706338256730726,-0.232883714918644
2.64462480022362,0.944223518888804,-0.693414268019785,-0.250809250869031
2.64469730048819,0.949798514022875,-0.677520927732838,-0.272277586290066
2.64476980075276,0.954880784327363,-0.661276109273861,-0.293604675053511
2.64484230101733,0.959467706928916,-0.644688241053075,-0.31477946587585
2.6449148012819,0.963556888031994,-0.627765938711806,-0.335790949320217
2.64498730154647,0.967146220124417,-0.610517976702729,-0.356628243421688
2.64505980181104,0.970233828338221,-0.592953309600791,-0.377280518737441
2.64514796910649,0.973310243961348,-0.571179650448809,-0.402130593512571
2.64523613640193,0.975639970768618,-0.548967739550438,-0.426672231218217
2.64532430369737,0.977221231591969,-0.526334650978826,-0.450886580613161
2.64541247099282,0.978052800433009,-0.503297760694199,-0.474755039738829
2.64550063828826,0.978134050505336,-0.479874750687891,-0.498259299817466
2.6455888055837,0.977464907947247,-0.45608359160667,-0.521381316340585
2.64567697287915,0.976045897017875,-0.43194253872764,-0.544103358290244
2.64576514017459,0.973878095544447,-0.407470111217841,-0.566407984326577
2.64585330747003,0.97096317700941,-0.382685085759055,-0.588278091250392
2.64596171170238,0.96635854398803,-0.351811368294916,-0.614547175693128
2.64607011593472,0.960633203977436,-0.320529479119058,-0.64010372485835
2.64617852016706,0.953793806742799,-0.288875797038039,-0.66491800970476
2.6462869243994,0.945848295168694,-0.256887054411869,-0.688961240756818
2.64639532863174,0.936805879217509,-0.22460037451698,-0.71220550470057
2.64650373286408,0.926677051017115,-0.192053196149264,-0.734623854867844
2.64661213709642,0.915473550915125,-0.159283278981641,-0.756190271933503
2.64672054132876,0.903208376452601,-0.126328618447542,-0.776879758005085
2.6468289455611,0.889895745640451,-0.0932274445279544,-0.796668301112511
2.64693734979344,0.875551101825509,-0.0600181364023673,-0.815532965423143
2.64704575402578,0.860191074927896,-0.0267392184376544,-0.833451856490236
2.64715415825812,0.843833482578768,0.00657072396684497,-0.850404206545614
2.64726256249046,0.826497289461005,0.0398730504216702,-0.866370339882682
2.64733017575998,0.815197421972747,0.0606239975933801,-0.875821419566119
2.6473977890295,0.803529842840152,0.0813474222176128,-0.884877265057789
2.64746540229903,0.79149976989358,0.102034066463674,-0.893533836357238
2.64753301556855,0.779112622523149,0.122674598773878,-0.901787221297025
2.64762517485992,0.76166383166117,0.150716837548634,-0.912380669209794
2.6477173341513,0.743576551576035,0.178632823636672,-0.922209375212726
2.64777753399675,0.731423867838481,0.196789070219106,-0.928212938057596
2.64783773384221,0.719009634045715,0.214874837000715,-0.933884471046436
2.64789793368767,0.70633825879113,0.232883711980241,-0.939221970771359
2.64795813353313,0.693414275420088,0.250809240607069,-0.944223516027111
2.64803063379753,0.677520935289078,0.272277576020613,-0.949798511309683
2.64810313406192,0.661276116984988,0.293604664780983,-0.954880781765963
2.64817563432632,0.644688248917854,0.314779455604682,-0.959467704522548
2.64824813459071,0.627765946728971,0.335790939054895,-0.963556885783831
2.64832063485511,0.610517984870896,0.356628233166666,-0.967146218037565
2.6483931351195,0.592953317918385,0.37728050849735,-0.970233826415732
2.64848130244085,0.571179652429829,0.402130590613648,-0.973310243043473
2.6485694697622,0.548967734937497,0.426672235479073,-0.975639970416576
2.64865763708355,0.526334639529577,0.450886591835895,-0.97722123136548
2.6487458044049,0.503297742181934,0.474755057709129,-0.978052799891075
2.64883397172625,0.479874724901524,0.498259324305152,-0.978134049206677
2.6489221390476,0.456083558351425,0.521381347099796,-0.977464905451189
2.64901030636895,0.43194249782507,0.544103395059978,-0.976045892885026
2.6490984736903,0.407470062506366,0.566408026830845,-0.97387808933721
2.64918664101165,0.382685029093986,0.588278139198891,-0.970963168292845
2.64929504524407,0.351811310789274,0.614547222319893,-0.96635853310917
2.64940344947648,0.320529420841766,0.640103770104427,-0.960633190946182
2.6495118537089,0.288875738058743,0.664918053512879,-0.953793791571613
2.64962025794131,0.25688699480121,0.688961283071368,-0.945848277872534
2.64972866217373,0.224600314346301,0.712205545467576,-0.936805859813853
2.64983706640615,0.19205313549054,0.73462389403526,-0.926677029525787
2.64994547063856,0.159283217907547,0.756190309450955,-0.91547352735845
2.65005387487098,0.126328557031266,0.776879793824142,-0.903208350855378
2.65016227910339,0.0932273828431267,0.796668335186634,-0.889895718029718
2.65027068333581,0.0600180745229688,0.815532997707859,-0.875551072230798
2.65037908756823,0.0267391564379148,0.833451886943068,-0.860191043380958
2.65048749180064,-0.00657078601238962,0.850404235126198,-0.843833449113782
2.65059589603306,-0.0398731124384611,0.866370366552724,-0.826497254114288
2.65066350924237,-0.060624041074081,0.875821436779811,-0.815197395705717
2.65073112245169,-0.081347447190273,0.884877273509581,-0.803529826319275
2.650798735661,-0.102034072981385,0.893533836752885,-0.791499763771476
2.65086634887032,-0.122674586914647,0.901787214352825,-0.779112627438152
2.65095850817552,-0.150716829925141,0.912380664057514,-0.761663834132415
2.65105066748071,-0.178632820215875,0.922209371624801,-0.743576551408921
2.65111086733055,-0.196789068121066,0.928212934915909,-0.731423866794832
2.65117106718039,-0.214874836215137,0.933884468302686,-0.719009632087519
2.65123126703023,-0.232883712495413,0.939221968376813,-0.706338255881372
2.65129146688007,-0.250809242409888,0.944223513932559,-0.693414271522685
2.65136396714201,-0.272277577074462,0.94979850894281,-0.677520931868347
2.65143646740395,-0.293604665093698,0.954880779159622,-0.661276114065923
2.6515089676659,-0.314779455185217,0.959467701709941,-0.644688246524726
2.65158146792784,-0.335790937913367,0.963556882798477,-0.627765944885092
2.65165396818978,-0.356628231314275,0.967146214913091,-0.610517983598823
2.65172646845173,-0.377280505946409,0.970233823186122,-0.592953317239669
2.65181463579418,-0.402130593978449,0.973310240470267,-0.571179646491792
2.65190280313664,-0.426672244607791,0.975639968141909,-0.548967723534093
2.65199097047909,-0.450886606563127,0.977221229030338,-0.526334622467173
2.65207913782155,-0.474755077856353,0.978052797135919,-0.50329771927953
2.652167305164,-0.498259349680817,0.978134045671974,-0.479874695991152
2.65225547250646,-0.521381377499772,0.977464900778008,-0.456083523278231
2.65234363984891,-0.544103430267753,0.976045886715535,-0.43194245644776
2.65243180719137,-0.566408066617914,0.973878081315205,-0.407470014697296
2.65251997453383,-0.588278183324954,0.970963158064445,-0.382684974739462
2.65262837876631,-0.614547265248218,0.966358520920067,-0.351811255671846
2.6527367829988,-0.640103811781525,0.960633176805402,-0.320529365023854
2.65284518723129,-0.664918093886843,0.953793775490432,-0.288875681603562
2.65295359146378,-0.688961322091701,0.945848259864396,-0.256886937772693
2.65306199569626,-0.71220558308539,0.936805839894502,-0.224600256809072
2.65317039992875,-0.73462393020319,0.926677007713131,-0.192053077509952
2.65327880416124,-0.756190344123322,0.915473503672819,-0.159283159549479
2.65338720839373,-0.77687982695698,0.90320832531901,-0.126328498362017
2.65349561262621,-0.79666836673778,0.889895690667185,-0.0932273239294278
2.6536040168587,-0.815533027636809,0.875551043068782,-0.0600180154319474
2.65371242109119,-0.833451915211336,0.860191012448228,-0.0267390972368773
2.65382082532368,-0.850404261697055,0.843833416441189,0.00657084525587411
2.65392922955616,-0.866370391391552,0.826497219734748,0.03987317165682
2.65399684270619,-0.875821452401219,0.815197370356672,0.0606240820445368
2.65406445585622,-0.88487728059852,0.803529810655716,0.0813474699427984
2.65413206900624,-0.893533836005252,0.791499758434797,0.10203407757049
2.65419968215627,-0.90178720647496,0.779112633055601,0.122674573419404
2.65429184144578,-0.912380654832127,0.761663843107204,0.150716811724948
2.65438400073529,-0.922209361318057,0.743576563948193,0.178632797369852
2.65444420061418,-0.92821292785952,0.731423873750861,0.196789054108663
2.65450440049307,-0.933884464177903,0.719009633204063,0.21487483097386
2.65456460037197,-0.939221966861914,0.706338250908607,0.23288371595336
2.65462480025086,-0.944223514703134,0.693414260217389,0.25080925448575
2.65469730051052,-0.949798509291809,0.677520920884982,0.27227758840682
2.65476980077018,-0.954880779116762,0.661276103430733,0.293604675686032
2.65484230102985,-0.959467701305247,0.644688236263204,0.314779465042034
2.65491480128951,-0.963556882062306,0.627765935021969,0.335790947040342
2.65498730154917,-0.967146213876095,0.610517974158017,0.356628239718129
2.65505980180883,-0.970233821879302,0.592953308244376,0.377280513634939
2.65514796914649,-0.973310238815489,0.571179638571873,0.40213060024363
2.65523613648415,-0.975639966219897,0.548967716740758,0.426672249479153
2.65532430382182,-0.977221226922235,0.526334616849085,0.450886610073174
2.65541247115948,-0.978052794923125,0.503297714882349,0.474755080040775
2.65550063849714,-0.978134043436038,0.479874692857855,0.498259350578223
2.6555888058348,-0.977464898600522,0.45608352144874,0.521381377151785
2.65567697317247,-0.976045884677957,0.431942455959134,0.544103428718841
2.65576514051013,-0.973878079498799,0.407470015583456,0.566408063915385
2.65585330784779,-0.970963156550151,0.382684977031312,0.588278179518851
2.65596171208027,-0.966358519606826,0.351811258041805,0.614547261565072
2.65607011631275,-0.960633175692287,0.320529367465469,0.640103808226824
2.65617852054523,-0.953793774576285,0.288875684110392,0.664918090465914
2.65628692477771,-0.945848259147848,0.256886940338151,0.68896131880969
2.65639532901019,-0.936805839373911,0.224600259426562,0.712205579947334
2.65650373324268,-0.926677007386685,0.192053080172724,0.734623927213954
2.65661213747516,-0.915473503538308,0.159283162250777,0.756190341287565
2.65672054170764,-0.903208325374209,0.126328501095057,0.776879824279162
2.65682894594012,-0.889895690909577,0.0932273266873389,0.796668364222259
2.6569373501726,-0.875551043495618,0.0600180182078937,0.815533025287737
2.65704575440508,-0.860191013056527,0.0267391000239259,0.833451913032615
2.65715415863756,-0.843833417227749,-0.00657084246468677,0.850404259692465
2.65726256287004,-0.82649722069623,-0.039873168868361,0.866370389564585
2.65733017602099,-0.815197371268546,-0.0606240795446983,0.87582145081322
2.65739778917193,-0.803529811506494,-0.0813474677334118,0.884877279239911
2.65746540232288,-0.791499759213245,-0.102034075652977,0.893533834866192
2.65753301547383,-0.779112633750658,-0.122674571794822,0.901787205545447
2.65762517473387,-0.761663849594162,-0.15071680117365,0.912380650767817
2.65771733399391,-0.743576576628238,-0.178632777983851,0.922209354612087
2.65777753389743,-0.731423881733125,-0.196789042219187,0.92821292395232
2.65783773380095,-0.719009636270916,-0.214874826528731,0.933884462799622
2.65789793370447,-0.706338248847674,-0.232883718892483,0.939221967740143
2.657958133608,-0.693414252821865,-0.250809264741104,0.944223517562961
2.65803063386787,-0.677520913325835,-0.272277598680059,0.949798512005908
2.65810313412774,-0.661276095708698,-0.293604685972603,0.954880781681285
2.65817563438761,-0.644688228379096,-0.31477947533741,0.959467703716477
2.65824813464749,-0.62776592697675,-0.33579095733984,0.963556884316579
2.65832063490736,-0.610517965952847,-0.35662825001701,0.967146215969853
2.65839313516723,-0.592953299880546,-0.37728052392842,0.970233823808957
2.65848130247904,-0.571179636531346,-0.402130603209087,0.973310239740437
2.65856946979084,-0.548967721280516,-0.426672245297506,0.975639966578018
2.65865763710265,-0.526334628211012,-0.450886598941986,0.977221227152957
2.65874580441445,-0.503297733292868,-0.474755062173821,0.978052795466694
2.65883397172626,-0.479874718527529,-0.498259326205298,0.978134044732823
2.65892213903806,-0.456083554572219,-0.521381346518128,0.977464901090342
2.65901030634987,-0.431942496714424,-0.544103392085004,0.97604588879939
2.65909847366167,-0.407470064131946,-0.566408021556707,0.97387808568863
2.65918664097348,-0.382685033517429,-0.588278131725086,0.970963165242488
2.65929504520588,-0.351811315366597,-0.614547215088458,0.966358530455
2.65940344943829,-0.320529425560291,-0.640103763126177,0.960633188686453
2.65951185367069,-0.28887574290576,-0.664918046798246,0.953793789704001
2.65962025790309,-0.256886999763705,-0.688961276630592,0.945848276394291
2.65972866213549,-0.224600319411176,-0.712205539310553,0.936805858721716
2.6598370663679,-0.19205314064466,-0.734623888171467,0.926677028816111
2.6599454706003,-0.159283223137545,-0.756190303889661,0.915473527027187
2.6600538748327,-0.126328562323694,-0.776879788574179,0.903208350897843
2.66016227906511,-0.0932273881845343,-0.796668330256537,0.889895718441051
2.66027068329751,-0.0600180798998061,-0.815532993105718,0.875551073005536
2.66037908752991,-0.0267391618365456,-0.83345188267672,0.860191044513273
2.66048749176232,0.00657078060560586,-0.850404231202919,0.843833450597345
2.66059589599472,0.0398731070372038,-0.866370362979659,0.826497255942467
2.6606635092057,0.0606240361972961,-0.875821433657855,0.815197397460546
2.66073112241669,0.0813474428417218,-0.884877270821551,0.803529827979813
2.66079873562767,0.102034069164066,-0.893533834481174,0.791499765317063
2.66086634883865,0.122674583630928,-0.901787212479391,0.779112628848429
2.6609585080849,0.15071680878222,-0.912380655913315,0.761663847131094
2.66105066733114,0.178632781397952,-0.922209358196369,0.74357657679839
2.66111086723029,0.196789044312243,-0.92821292709101,0.731423882778761
2.66117106712944,0.214874827311057,-0.933884465540966,0.719009638229902
2.66123126702858,0.232883718375723,-0.939221970132836,0.706338251757086
2.66129146692773,0.250809262938399,-0.94422351965613,0.69341425671768
2.66136396719005,0.272277597625265,-0.949798514371069,0.67752091674577
2.66143646745237,0.293604685657939,-0.95488078428566,0.6612760986277
2.66150896771469,0.314779475753889,-0.959467706526902,0.644688230772956
2.66158146797701,0.335790958477353,-0.963556887299596,0.627765928822235
2.66165396823934,0.356628251864423,-0.967146219091876,0.610517967227444
2.66172646850166,0.377280526473412,-0.970233827036087,0.592953300562661
2.66181463579237,0.402130599842165,-0.973310242311711,0.571179642469508
2.66190280308308,0.426672236170338,-0.975639968851083,0.548967732680683
2.6619909703738,0.450886584219903,-0.977221229486595,0.526334645266647
2.66207913766451,0.474755042035252,-0.978052798220185,0.503297756184891
2.66216730495522,0.498259300841624,-0.978134048265477,0.479874747423824
2.66225547224594,0.521381316133403,-0.977464905760891,0.456083589627462
2.66234363953665,0.544103356895586,-0.976045894965453,0.431942538069868
2.66243180682736,0.566407981790943,-0.973878093706157,0.40747011191516
2.66251997411807,0.588278087623156,-0.970963175465139,0.382685087841963
2.66262837835041,0.614547172184215,-0.966358542637132,0.351811370452904
2.66273678258274,0.640103721473016,-0.960633202818983,0.320529481345927
2.66284518681508,0.66491800644809,-0.953793805775657,0.288875799327545
2.66295359104741,0.688961237633842,-0.945848294391563,0.256887056757697
2.66306199527975,0.71220550171602,-0.936805878628809,0.224600376912763
2.66317039951208,0.734623852026469,-0.926677050615032,0.192053198588561
2.66327880374441,0.756190269239743,-0.915473550697721,0.159283281457929
2.66338720797675,0.77687975546329,-0.903208376417599,0.126328620954284
2.66349561220908,0.796668298726802,-0.889895745785368,0.0932274470585513
2.66360401644142,0.815532963197505,-0.875551102147769,0.0600181389502395
2.66371242067375,0.833451854428495,-0.860191075424625,0.0267392209961069
2.66382082490609,0.850404204651273,-0.843833483246882,-0.00657072140441844
2.66392922913842,0.866370338159226,-0.826497290297288,-0.0398730478619446
2.66399684240864,0.875821418047163,-0.815197422792629,-0.0606239952545597
2.66406445567886,0.884877263736273,-0.803529843634691,-0.0813474201016229
2.66413206894908,0.893533835225965,-0.791499770653848,-0.102034064572147
2.66419968221931,0.901787220348588,-0.779112623240443,-0.122674597108147
2.66429184148119,0.912380665125392,-0.761663838175223,-0.150716826950188
2.66438400074308,0.922209368485828,-0.743576564288219,-0.178632804197628
2.66444420061323,0.928212934136633,-0.731423875840708,-0.196789058295932
2.66450440048338,0.93388446966079,-0.71900963711968,-0.214874832541134
2.66456460035353,0.939221971647935,-0.706338256723889,-0.232883714924045
2.66462480022368,0.944223518890363,-0.693414268004314,-0.250809250886059
2.66469730048826,0.949798514024708,-0.677520927714927,-0.272277586309809
2.66476980075284,0.954880784329351,-0.661276109253398,-0.293604675075947
2.66484230101743,0.959467706930873,-0.644688241029966,-0.314779465900932
2.66491480128201,0.963556888033821,-0.627765938685937,-0.335790949347923
2.66498730154659,0.967146220125973,-0.610517976674072,-0.356628243451885
2.66505980181117,0.970233828339377,-0.592953309569269,-0.377280518770109
2.66514796910664,0.973310243962506,-0.571179650408183,-0.402130593554322
2.66523613640212,0.975639970769154,-0.54896773950043,-0.426672231268735
2.6653243036976,0.977221231591344,-0.526334650919197,-0.450886580672157
2.66541247099308,0.97805280043066,-0.5032977606247,-0.474755039806
2.66550063828855,0.978134050500672,-0.479874750608223,-0.49825929989248
2.66558880558403,0.977464907939673,-0.456083591516604,-0.521381316423065
2.66567697287951,0.976045897006851,-0.431942538627008,-0.544103358379836
2.66576514017499,0.973878095529336,-0.407470111106466,-0.566407984422867
2.66585330747046,0.970963176989755,-0.382685085636754,-0.588278091353011
2.66596171170281,0.966358543963818,-0.351811368170301,-0.614547175793521
2.66607011593515,0.960633203948652,-0.3205294789923,-0.640103724956384
2.66617852016749,0.953793806709429,-0.28887579690919,-0.664918009800264
2.66628692439983,0.945848295130735,-0.256887054281111,-0.688961240849678
2.66639532863218,0.936805879174975,-0.224600374384416,-0.712205504790566
2.66650373286452,0.926677050969944,-0.192053196015013,-0.734623854954953
2.66661213709686,0.915473550863394,-0.159283278845915,-0.756190272017508
2.66672054132921,0.903208376396298,-0.126328618310441,-0.776879758085886
2.66682894556155,0.889895745579615,-0.0932274443896384,-0.796668301189913
2.66693734979389,0.875551101760087,-0.0600181362630136,-0.81553296549708
2.66704575402623,0.860191074857975,-0.0267392182974109,-0.833451856560578
2.66715415825858,0.843833482504379,0.00657072410780621,-0.850404206612195
2.66726256249092,0.82649728938219,0.0398730505631913,-0.866370339945344
2.6673301757603,0.815197421914526,0.0606239976930042,-0.875821419607535
2.66739778902969,0.803529842804076,0.0813474222753653,-0.88487726507942
2.66746540229907,0.791499769881142,0.102034066479667,-0.893533836360776
2.66753301556846,0.779112622535811,0.122674598748286,-0.901787221284094
2.66762517485982,0.761663831677242,0.150716837518657,-0.912380669195888
2.66771733415118,0.743576551595769,0.178632823602407,-0.92220937519819
2.66777753399668,0.731423867849994,0.196789070197884,-0.928212938047864
2.66783773384218,0.719009634048583,0.214874836992468,-0.933884471041031
2.66789793368769,0.706338258784965,0.232883711984907,-0.939221970769874
2.66795813353319,0.693414275404519,0.250809240624472,-0.944223516028988
2.66803063379756,0.677520935278551,0.272277576030869,-0.949798511309428
2.66810313406193,0.661276116979711,0.293604664784205,-0.954880781763898
2.6681756343263,0.644688248918057,0.31477945560095,-0.959467704519015
2.66824813459067,0.627765946734902,0.335790939044271,-0.963556885779164
2.66832063485504,0.610517984882758,0.356628233149312,-0.967146218032048
2.66839313511941,0.592953317936347,0.37728050847338,-0.970233826409753
2.66848130244075,0.571179652452001,0.402130590585771,-0.97331024303777
2.66856946976208,0.548967734963989,0.42667223544748,-0.975639970411452
2.66865763708342,0.526334639560596,0.450886591800599,-0.977221231361187
2.66874580440475,0.503297742217456,0.474755057670346,-0.978052799887816
2.66883397172609,0.479874724941742,0.498259324263004,-0.978134049204749
2.66892213904742,0.456083558396349,0.521381347054483,-0.977464905450855
2.66901030636876,0.431942497874832,0.544103395011658,-0.97604589288648
2.66909847369009,0.407470062561066,0.566408026779693,-0.973878089340745
2.66918664101143,0.382685029153677,0.588278139145061,-0.970963168298722
2.66929504524384,0.35181131084977,0.614547222267594,-0.966358533117351
2.66940344947626,0.320529420902961,0.640103770053682,-0.960633190956623
2.66951185370867,0.288875738120572,0.664918053463794,-0.953793791584359
2.66962025794109,0.256886994863605,0.688961283023928,-0.945848277887534
2.66972866217351,0.224600314409122,0.712205545421929,-0.936805859831018
2.66983706640592,0.19205313555378,0.734623893991362,-0.926677029545102
2.66994547063834,0.159283217971083,0.756190309408915,-0.915473527379949
2.67005387487076,0.126328557095006,0.776879793783976,-0.903208350878973
2.67016227910317,0.093227382906975,0.796668335148428,-0.88989571805535
2.67027068333559,0.0600180745869184,0.815532997671574,-0.875551072258489
2.67037908756801,0.0267391565018241,0.833451886908808,-0.860191043410649
2.67048749180042,-0.00657078594859321,0.850404235093971,-0.843833449145356
2.67059589603284,-0.0398731123748658,0.866370366522638,-0.826497254147746
2.67066350924221,-0.0606240410268293,0.875821436758218,-0.815197395731354
2.67073112245158,-0.0813474471594105,0.8848772734959,-0.803529826336508
2.67079873566094,-0.102034072966848,0.893533836746537,-0.791499763779692
2.67086634887031,-0.122674586916409,0.90178721435318,-0.779112627436775
2.67095850817547,-0.150716829916031,0.912380664053998,-0.761663834137932
2.67105066748063,-0.178632820195948,0.922209371617908,-0.743576551421962
2.6711108673305,-0.196789068108984,0.928212934911955,-0.731423866802964
2.67117106718036,-0.214874836210854,0.933884468301385,-0.719009632090495
2.67123126703023,-0.232883712498888,0.939221968377855,-0.706338255878956
2.67129146688009,-0.250809242420997,0.944223513935688,-0.69341427151468
2.67136396714203,-0.272277577082149,0.949798508944917,-0.67752093186273
2.67143646740396,-0.293604665097997,0.954880779160899,-0.661276114062873
2.67150896766589,-0.314779455186223,0.959467701710525,-0.644688246524277
2.67158146792782,-0.335790937911077,0.963556882798516,-0.627765944887411
2.67165396818975,-0.35662823130877,0.967146214912724,-0.610517983603984
2.67172646845168,-0.377280505937719,0.970233823185506,-0.592953317247772
2.6718146357941,-0.402130593958798,0.973310240468831,-0.571179646510026
2.67190280313652,-0.426672244577473,0.975639968140319,-0.548967723562815
2.67199097047893,-0.450886606522515,0.977221229029261,-0.52633462250673
2.67207913782135,-0.474755077805768,0.978052797135976,-0.503297719330207
2.67216730516376,-0.498259349620625,0.978134045673925,-0.479874696053297
2.67225547250618,-0.521381377430401,0.977464900782469,-0.456083523352042
2.67234363984859,-0.544103430189568,0.976045886723153,-0.431942456533581
2.67243180719101,-0.56640806653137,0.973878081326698,-0.407470014795327
2.67251997453343,-0.5882781832305,0.970963158080468,-0.382684974849947
2.67262837876591,-0.614547265155916,0.966358520940317,-0.351811255784393
2.6727367829984,-0.64010381169154,0.960633176829909,-0.320529365138358
2.67284518723088,-0.664918093799225,0.953793775519147,-0.288875681719905
2.67295359146337,-0.68896132200661,0.945848259897392,-0.256886937890769
2.67306199569585,-0.712205583002979,0.936805839931724,-0.224600256928725
2.67317039992834,-0.734623930123576,0.926677007754665,-0.19205307763107
2.67327880416083,-0.756190344046643,0.915473503718532,-0.159283159671857
2.67338720839331,-0.776879826883377,0.903208325368931,-0.126328498485553
2.6734956126258,-0.796668366667308,0.88989569072132,-0.0932273240539876
2.67360401685828,-0.815533027569626,0.87555104312709,-0.0600180155574105
2.67371242109077,-0.833451915147554,0.860191012510737,-0.0267390973631337
2.67382082532325,-0.850404261636781,0.843833416507732,0.0065708451290594
2.67392922955574,-0.866370391334895,0.826497219805326,0.0398731715295642
2.67399684270588,-0.875821452362834,0.815197370409954,0.0606240819529003
2.67406445585603,-0.884877280577067,0.803529810690396,0.081347469886699
2.67413206900617,-0.893533835999425,0.791499758449609,0.102034077549837
2.67419968215631,-0.901787206483372,0.779112633049359,0.122674573434041
2.67429184144581,-0.912380654839726,0.761663843101453,0.150716811738284
2.67438400073532,-0.922209361324887,0.743576563943085,0.178632797381845
2.6744442006142,-0.928212927864712,0.731423873748766,0.196789054115933
2.67450440049307,-0.933884464181567,0.719009633205144,0.214874830976446
2.67456460037195,-0.939221966864264,0.706338250913013,0.232883715951281
2.67462480025083,-0.944223514704301,0.693414260225191,0.250809254479108
2.67469730051051,-0.949798509294441,0.677520920889112,0.272277588405352
2.67476980077019,-0.954880779120701,0.661276103431011,0.293604675689689
2.67484230102987,-0.95946770131017,0.644688236259423,0.314779465050759
2.67491480128955,-0.963556882068025,0.627765935013985,0.335790947054033
2.67498730154922,-0.96714621388234,0.610517974145668,0.356628239736713
2.6750598018089,-0.970233821885833,0.59295330822757,0.377280513658254
2.67514796914655,-0.97331023882096,0.571179638558345,0.402130600262617
2.6752361364842,-0.975639966224583,0.548967716730696,0.42667224949385
2.67532430382185,-0.977221226926349,0.526334616842586,0.450886610083761
2.67541247115949,-0.978052794926876,0.503297714879573,0.474755080047306
2.67550063849714,-0.97813404343975,0.479874692858944,0.498259350580834
2.67558880583479,-0.977464898604404,0.456083521453802,0.521381377150609
2.67567697317244,-0.976045884682283,0.4319424559683,0.544103428713974
2.67576514051008,-0.973878079503787,0.407470015596813,0.566408063906991
2.67585330784773,-0.970963156556021,0.382684977048942,0.588278179507086
2.67596171208021,-0.966358519613338,0.351811258059587,0.614547261553736
2.67607011631269,-0.960633175699361,0.320529367483439,0.640103808215937
2.67617852054518,-0.95379377458392,0.28887568412844,0.664918090455494
2.67628692477766,-0.945848259156023,0.256886940356247,0.688961318799752
2.67639532901014,-0.936805839382606,0.224600259444729,0.712205579937904
2.67650373324262,-0.926677007395882,0.192053080190934,0.734623927204966
2.6766121374751,-0.915473503548042,0.15928316226894,0.756190341279107
2.67672054170758,-0.903208325384454,0.126328501113204,0.776879824271243
2.67682894594006,-0.889895690920282,0.0932273267054456,0.796668364214842
2.67693735017254,-0.875551043506773,0.0600180182258929,0.815533025280871
2.67704575440503,-0.86019101306817,0.0267391000418795,0.833451913026303
2.67715415863751,-0.843833417239808,-0.00657084244686414,0.85040425968668
2.67726256286999,-0.826497220708724,-0.0398731688506728,0.866370389559381
2.67733017602095,-0.81519737127934,-0.0606240795305401,0.875821450809878
2.6773977891719,-0.803529811515507,-0.0813474677227856,0.884877279238313
2.67746540232286,-0.791499759220341,-0.102034075645867,0.89353383486624
2.67753301547382,-0.779112633755707,-0.122674571791236,0.901787205546946
2.67762517473387,-0.761663849597115,-0.150716801173502,0.91238065077059
2.67771733399393,-0.743576576628931,-0.178632777987062,0.922209354615985
2.67777753389744,-0.731423881735247,-0.19678904222019,0.928212923955459
2.67783773380095,-0.719009636274472,-0.214874826527583,0.933884462802059
2.67789793370447,-0.706338248852764,-0.232883718889182,0.93922196774193
2.67795813360798,-0.693414252828544,-0.250809264735725,0.944223517564243
2.67803063386785,-0.677520913332983,-0.272277598674146,0.949798512007109
2.67810313412772,-0.661276095716348,-0.293604685966165,0.954880781682486
2.6781756343876,-0.644688228387232,-0.314779475330443,0.95946770371768
2.67824813464747,-0.627765926985448,-0.335790957332389,0.963556884317843
2.67832063490734,-0.610517965962082,-0.356628250009099,0.96714621597117
2.67839313516721,-0.592953299890313,-0.377280523920074,0.970233823810351
2.67848130247903,-0.571179636537498,-0.402130603204989,0.973310239742435
2.67856946979085,-0.548967721283035,-0.426672245297485,0.975639966580487
2.67865763710267,-0.526334628209644,-0.450886598945945,0.977221227155584
2.67874580441449,-0.503297733287562,-0.474755062181665,0.9780527954692
2.67883397172631,-0.479874718518215,-0.498259326216842,0.978134044735035
2.67892213903813,-0.456083554558694,-0.521381346533278,0.977464901091945
2.67901030634995,-0.431942496696635,-0.544103392103593,0.976045888800203
2.67909847366177,-0.407470064109761,-0.566408021578609,0.973878085688358
2.67918664097359,-0.382685033490734,-0.588278131750123,0.970963165240854
2.67929504520599,-0.351811315339175,-0.614547215113106,0.966358530452237
2.6794034494384,-0.320529425532147,-0.640103763150348,0.960633188682461
2.6795118536708,-0.288875742876819,-0.664918046821974,0.953793789698783
2.6796202579032,-0.256886999734089,-0.688961276653805,0.945848276387863
2.67972866213561,-0.224600319380908,-0.712205539333172,0.936805858714037
2.67983706636801,-0.192053140613706,-0.734623888193464,0.926677028807187
2.67994547060042,-0.159283223105988,-0.756190303910997,0.91547352701698
2.68005387483282,-0.126328562291558,-0.776879788594835,0.90320835088635
2.68016227906523,-0.0932273881518431,-0.796668330276444,0.889895718428246
2.68027068329763,-0.0600180798666387,-0.815532993124801,0.875551072991414
2.68037908753004,-0.0267391618029141,-0.833451882694965,0.860191044497857
2.68048749176244,0.00657078063965797,-0.850404231220289,0.843833450580632
2.68059589599484,0.039873107071604,-0.866370362996062,0.826497255924415
2.6806635092058,0.0606240362218655,-0.875821433669162,0.815197397447293
2.68073112241675,0.0813474428564847,-0.884877270828124,0.803529827971631
2.6807987356277,0.102034069169018,-0.893533834483373,0.791499765314331
2.68086634883865,0.122674583626131,-0.901787212477668,0.779112628851496
2.68095850808493,0.150716808788543,-0.912380655915699,0.761663847127137
2.68105066733121,0.178632781415241,-0.922209358202222,0.743576576786956
2.68111086723034,0.196789044322796,-0.928212927094381,0.731423882771511
2.68117106712946,0.214874827314928,-0.933884465542008,0.719009638227092
2.68123126702859,0.232883718373014,-0.939221970131824,0.706338251758797
2.68129146692771,0.250809262929122,-0.944223519653357,0.693414256724195
2.68136396719001,0.272277597608123,-0.949798514366462,0.677520916758306
2.6814364674523,0.293604685633,-0.954880784279579,0.661276098646533
2.6815089677146,0.314779475721298,-0.959467706519668,0.644688230798367
2.68158146797689,0.335790958437289,-0.96355688729166,0.6277659288544
2.68165396823918,0.35662825181701,-0.967146219083616,0.610517967266582
2.68172646850148,0.377280526418839,-0.970233827027867,0.592953300609003
2.68181463579219,0.402130599786876,-0.973310242304804,0.571179642517923
2.68190280308289,0.426672236114418,-0.975639968845693,0.548967732731212
2.6819909703736,0.450886584163397,-0.977221229482738,0.526334645319281
2.68207913766431,0.474755041978242,-0.978052798217914,0.503297756239637
2.68216730495502,0.498259300784177,-0.978134048264978,0.479874747480768
2.68225547224573,0.521381316075605,-0.977464905762168,0.456083589686518
2.68234363953644,0.54410335683751,-0.976045894968607,0.43194253813109
2.68243180682714,0.566407981732706,-0.973878093711229,0.40747011197849
2.68251997411785,0.588278087564818,-0.970963175472274,0.382685087907439
2.68262837835019,0.614547172127189,-0.966358542646597,0.351811370519385
2.68273678258252,0.640103721417403,-0.960633202830732,0.320529481413325
2.68284518681485,0.664918006393967,-0.953793805789782,0.288875799395802
2.68295359104719,0.688961237581218,-0.945848294407991,0.25688705682676
2.68306199527952,0.712205501664978,-0.936805878647552,0.224600376982563
2.68317039951186,0.73462385197704,-0.926677050636054,0.192053198658984
2.68327880374419,0.756190269192066,-0.915473550720996,0.159283281528896
2.68338720797652,0.776879755417406,-0.903208376443113,0.126328621025721
2.68349561220886,0.796668298682728,-0.889895745813167,0.093227447130423
2.68360401644119,0.815532963155299,-0.875551102177754,0.0600181390224496
2.68371242067352,0.833451854388197,-0.860191075456779,0.0267392210685332
2.68382082490586,0.850404204612994,-0.843833483281221,-0.00657072133182528
2.68392922913819,0.866370338122937,-0.826497290333707,-0.0398730477892568
2.68399684240849,0.875821418022996,-0.815197422816949,-0.0606239952061141
2.68406445567879,0.884877263723302,-0.803529843645986,-0.0813474200773435
2.68413206894909,0.893533835223272,-0.791499770651329,-0.10203406457195
2.68419968221939,0.901787220355191,-0.779112623223257,-0.122674597131963
2.68429184148134,0.912380665137548,-0.761663838146588,-0.150716826990977
2.68438400074328,0.922209368502599,-0.743576564247383,-0.178632804255225
2.68444420061336,0.928212934145444,-0.731423875813375,-0.196789058332062
2.68450440048344,0.93388446966246,-0.719009637106489,-0.214874832555968
2.68456460035352,0.939221971643213,-0.70633825672549,-0.232883714917724
2.6846248002236,0.944223518880044,-0.693414268021301,-0.25080925085877
2.68469730048817,0.94979851401426,-0.677520927734444,-0.272277586279828
2.68476980075274,0.954880784318873,-0.661276109275532,-0.293604675043365
2.68484230101731,0.959467706920548,-0.644688241054809,-0.314779465865781
2.68491480128188,0.963556888023801,-0.627765938713584,-0.33579094931021
2.68498730154645,0.967146220116298,-0.61051797670461,-0.356628243411697
2.68505980181103,0.970233828330294,-0.59295330960273,-0.377280518727549
2.68514796910653,0.973310243955281,-0.571179650436771,-0.402130593518503
2.68523613640203,0.975639970763478,-0.548967739523953,-0.42667223123951
2.68532430369753,0.977221231586772,-0.526334650937277,-0.450886580649485
2.68541247099303,0.978052800426792,-0.503297760637175,-0.474755039789644
2.68550063828853,0.978134050497163,-0.479874750614888,-0.498259299882283
2.68558880558403,0.97746490793613,-0.456083591517271,-0.521381316418857
2.68567697287953,0.976045897002892,-0.431942538621468,-0.54410335838145
2.68576514017503,0.973878095524588,-0.407470111094576,-0.566407984430019
2.68585330747053,0.970963176983809,-0.382685085618327,-0.588278091365502
2.68596171170287,0.966358543957296,-0.351811368151749,-0.61454717580557
2.68607011593521,0.960633203941469,-0.320529478973565,-0.640103724967928
2.68617852016755,0.953793806701696,-0.288875796890383,-0.664918009811316
2.68628692439989,0.945848295122442,-0.256887054262224,-0.688961240860191
2.68639532863224,0.936805879166058,-0.224600374365533,-0.712205504800587
2.68650373286458,0.926677050960486,-0.192053195996121,-0.734623854964367
2.68661213709692,0.915473550853432,-0.159283278826995,-0.756190272026403
2.68672054132926,0.903208376385815,-0.126328618291565,-0.77687975809422
2.68682894556161,0.889895745568547,-0.0932274443708132,-0.796668301197718
2.68693734979395,0.875551101748573,-0.0600181362442952,-0.815532965504313
2.68704575402629,0.860191074845965,-0.0267392182787534,-0.833451856567204
2.68715415825863,0.843833482491952,0.00657072412632285,-0.85040420661825
2.68726256249097,0.826497289369313,0.0398730505815645,-0.866370339950862
2.68733017576034,0.815197421904301,0.0606239977060573,-0.875821419610349
2.68739778902971,0.803529842796689,0.081347422283094,-0.884877265079766
2.68746540229908,0.791499769876723,0.102034066482084,-0.89353383635882
2.68753301556845,0.779112622534598,0.122674598745453,-0.901787221280005
2.68762517485981,0.761663831675101,0.150716837517469,-0.912380669192547
2.68771733415118,0.74357655159265,0.178632823602825,-0.922209375195451
2.68777753399668,0.731423867846372,0.196789070198999,-0.928212938045359
2.68783773384218,0.719009634044497,0.214874836994257,-0.933884471038723
2.68789793368769,0.706338258780408,0.232883711987358,-0.939221970767738
2.68795813353319,0.693414275399451,0.250809240627618,-0.944223516027039
2.68803063379757,0.677520935272378,0.272277576035405,-0.949798511307767
2.68810313406195,0.66127611697242,0.293604664790079,-0.954880781762505
2.68817563432632,0.644688248909617,0.314779455608156,-0.959467704517756
2.6882481345907,0.627765946725166,0.335790939052879,-0.963556885778043
2.68832063485507,0.610517984871736,0.356628233159229,-0.967146218030975
2.68839313511945,0.592953317924072,0.377280508484573,-0.970233826408624
2.68848130244075,0.571179652446982,0.402130590588456,-0.973310243035408
2.68856946976206,0.548967734966497,0.426672235441876,-0.975639970408369
2.68865763708336,0.526334639570942,0.450886591786964,-0.977221231357895
2.68874580440467,0.503297742235906,0.474755057648912,-0.9780527998848
2.68883397172597,0.479874724968546,0.498259324234024,-0.978134049202577
2.68892213904728,0.456083558431729,0.521381347018217,-0.977464905449939
2.68901030636858,0.431942497918996,0.544103394968441,-0.976045892887444
2.68909847368989,0.407470062614149,0.566408026729856,-0.973878089344011
2.68918664101119,0.38268502921589,0.588278139088944,-0.970963168304849
2.68929504524361,0.351811310913083,0.614547222212824,-0.966358533125848
2.68940344947602,0.320529420967302,0.640103770000317,-0.960633190967589
2.68951185370844,0.288875738185927,0.664918053411864,-0.95379379159777
2.68962025794086,0.256886994929859,0.688961282973556,-0.945848277903415
2.68972866217327,0.224600314476241,0.712205545373162,-0.936805859849383
2.68983706640569,0.192053135621654,0.734623893944272,-0.926677029565899
2.6899454706381,0.159283218039663,0.756190309363549,-0.915473527403196
2.69005387487052,0.1263285571642,0.776879793740438,-0.903208350904589
2.69016227910293,0.0932273829767157,0.796668335106761,-0.889895718083435
2.69027068333535,0.0600180746570876,0.815532997631838,-0.875551072288908
2.69037908756776,0.0267391565723771,0.833451886871097,-0.860191043443447
2.69048749180018,-0.00657078587774714,0.85040423505825,-0.843833449180519
2.6905958960326,-0.0398731123038143,0.866370366489022,-0.82649725418518
2.69066350924204,-0.0606240409780076,0.875821436735937,-0.815197395757885
2.69073112245148,-0.0813474471327179,0.884877273484074,-0.803529826351305
2.69079873566092,-0.102034072962234,0.893533836744301,-0.791499763782032
2.69086634887036,-0.122674586933742,0.901787214359662,-0.779112627425917
2.6909585081755,-0.150716829927096,0.912380664057848,-0.761663834130735
2.69105066748064,-0.178632820200834,0.922209371619473,-0.743576551418634
2.6911108673305,-0.196789068112206,0.92821293491297,-0.731423866800732
2.69117106718036,-0.214874836212394,0.93388446830185,-0.71900963208947
2.69123126703022,-0.232883712498794,0.939221968377938,-0.706338255879127
2.69129146688008,-0.250809242419292,0.944223513935356,-0.693414271516042
2.69136396714202,-0.272277577084689,0.949798508945794,-0.677520931861042
2.69143646740397,-0.293604665104693,0.95488077916273,-0.661276114058002
2.69150896766591,-0.314779455196954,0.959467701713117,-0.644688246516175
2.69158146792786,-0.335790937925855,0.963556882801671,-0.627765944875798
2.6916539681898,-0.356628231327486,0.967146214916274,-0.610517983588777
2.69172646845175,-0.37728050596032,0.970233823189223,-0.592953317228894
2.69181463579413,-0.402130593971207,0.973310240470899,-0.571179646499634
2.69190280313651,-0.426672244579956,0.975639968141257,-0.548967723561293
2.69199097047889,-0.450886606515289,0.977221229029777,-0.526334622514467
2.69207913782127,-0.474755077789131,0.97805279713667,-0.503297719347506
2.69216730516365,-0.498259349594885,0.97813404567536,-0.479874696080442
2.69225547250603,-0.521381377395885,0.977464900785248,-0.456083523389352
2.69234363984841,-0.544103430146641,0.976045886727918,-0.431942456581274
2.69243180719079,-0.566408066480415,0.973878081334039,-0.407470014853603
2.69251997453317,-0.588278183171899,0.970963158090937,-0.382684974919019
2.69262837876566,-0.614547265098952,0.96635852095339,-0.35181125585444
2.69273678299814,-0.640103811636248,0.960633176845583,-0.320529365209303
2.69284518723063,-0.664918093745733,0.95379377553744,-0.288875681791667
2.69295359146312,-0.688961321954948,0.945848259918264,-0.256886937963255
2.6930619956956,-0.712205582953247,0.936805839955111,-0.224600257001871
2.69317039992809,-0.734623930075767,0.926677007780568,-0.192053077704771
2.69327880416057,-0.756190344000889,0.915473503746945,-0.159283159746032
2.69338720839306,-0.776879826839666,0.903208325399821,-0.126328498560127
2.69349561262554,-0.796668366625747,0.889895690754646,-0.0932273241288514
2.69360401685803,-0.815533027530247,0.875551043162796,-0.0600180156325228
2.69371242109052,-0.833451915110396,0.860191012548758,-0.0267390974383359
2.693820825323,-0.850404261601912,0.843833416548094,0.00657084505383208
2.69392922955549,-0.86637039130236,0.826497219847954,0.0398731714544069
2.6939968427057,-0.875821452341953,0.815197370441307,0.0606240819006762
2.69406445585592,-0.884877280567051,0.803529810709585,0.0813474698574285
2.69413206900614,-0.893533835999289,0.791499758455949,0.102034077543369
2.69419968215636,-0.901787206492317,0.779112633041958,0.122674573450343
2.69429184144584,-0.912380654845906,0.761663843097877,0.150716811748036
2.69438400073532,-0.92220936132873,0.743576563943573,0.17863279738515
2.6944442006142,-0.928212927868254,0.731423873749724,0.196789054118571
2.69450440049307,-0.933884464184946,0.719009633206523,0.214874830978424
2.69456460037195,-0.939221966867445,0.706338250914891,0.232883715952568
2.69462480025082,-0.944223514707305,0.693414260227616,0.250809254479742
2.69469730051052,-0.949798509298673,0.677520920888093,0.272277588410594
2.69476980077021,-0.954880779125903,0.661276103426449,0.293604675699463
2.69484230102991,-0.95946770131614,0.644688236251107,0.314779465065038
2.6949148012896,-0.963556882074505,0.62776593500183,0.335790947072678
2.6949873015493,-0.967146213889198,0.610517974129548,0.356628239759661
2.69505980180899,-0.970233821892785,0.592953308207347,0.377280513685431
2.69514796914664,-0.973310238827288,0.571179638536656,0.402130600290627
2.69523613648429,-0.975639966230227,0.548967716707587,0.426672249522663
2.69532430382195,-0.97722122693123,0.526334616817951,0.450886610113263
2.6954124711596,-0.978052794930941,0.503297714853484,0.474755080077491
2.69550063849725,-0.978134043442923,0.479874692831317,0.498259350611661
2.6955888058349,-0.97746489860665,0.45608352142468,0.521381377181985
2.69567697317255,-0.97604588468348,0.431942455937628,0.54410342874588
2.6957651405102,-0.973878079503898,0.407470015564601,0.566408063939324
2.69585330784785,-0.970963156554977,0.382684977015207,0.588278179539816
2.69596171208034,-0.966358519611009,0.351811258025301,0.614547261585725
2.69607011631282,-0.960633175695787,0.320529367448605,0.640103808247154
2.6961785205453,-0.953793774579057,0.288875684093198,0.664918090485874
2.69628692477778,-0.945848259149935,0.256886940320672,0.688961318829277
2.69639532901026,-0.93680583937524,0.224600259408744,0.712205579966519
2.69650373324274,-0.926677007387335,0.19205308015468,0.734623927232673
2.69661213747522,-0.915473503538259,0.159283162232441,0.756190341305822
2.6967205417077,-0.903208325373451,0.126328501076445,0.776879824296999
2.69682894594019,-0.889895690908114,0.0932273266685694,0.796668364239579
2.69693735017267,-0.875551043493398,0.0600180181889022,0.81553302530453
2.69704575440515,-0.860191013053622,0.0267391000047665,0.833451913048865
2.69715415863763,-0.843833417224172,-0.00657084248397211,0.850404259708172
2.69726256287011,-0.826497220691929,-0.039873168887792,0.866370389579739
2.69733017602104,-0.815197371266997,-0.060624079558389,0.875821450825386
2.69739778917197,-0.803529811507961,-0.0813474677414012,0.884877279249358
2.6974654023229,-0.791499759217922,-0.10203407565524,0.893533834873171
2.69753301547382,-0.779112633758657,-0.122674571791416,0.901787205550071
2.69762517473388,-0.761663849598726,-0.150716801175718,0.912380650774474
2.69771733399394,-0.743576576629129,-0.178632777991334,0.922209354620458
2.69777753389746,-0.731423881735842,-0.196789042223793,0.928212923959624
2.69783773380097,-0.719009636275438,-0.214874826530497,0.933884462805934
2.69789793370448,-0.706338248854157,-0.232883718891387,0.939221967745539
2.69795813360799,-0.693414252830344,-0.250809264737234,0.944223517567606
2.69803063386785,-0.677520913337414,-0.272277598672101,0.949798512009546
2.69810313412771,-0.661276095723502,-0.293604685960621,0.954880781684118
2.69817563438757,-0.644688228397238,-0.314779475321441,0.95946770371869
2.69824813464743,-0.627765926998446,-0.335790957319947,0.963556884318396
2.69832063490729,-0.610517965978117,-0.356628249993337,0.967146215971429
2.69839313516714,-0.592953299909491,-0.377280523901029,0.970233823810513
2.69848130247896,-0.571179636558928,-0.402130603184006,0.973310239742939
2.69856946979077,-0.548967721306734,-0.426672245274641,0.975639966581366
2.69865763710258,-0.526334628235683,-0.45088659892139,0.977221227157056
2.69874580441439,-0.503297733315981,-0.474755062155387,0.978052795471375
2.69883397172621,-0.479874718549038,-0.49825932618896,0.978134044738005
2.69892213903802,-0.45608355459197,-0.52138134650391,0.977464901095877
2.69901030634983,-0.431942496732384,-0.54410339207281,0.976045888805192
2.69909847366164,-0.407470064148118,-0.566408021546458,0.973878085694554
2.69918664097346,-0.382685033531629,-0.588278131716743,0.97096316524839
2.69929504520586,-0.351811315380135,-0.614547215080937,0.966358530461046
2.69940344943827,-0.320529425573135,-0.640103763119441,0.960633188692559
2.69951185367067,-0.288875742917847,-0.664918046792304,0.953793789710139
2.69962025790308,-0.256886999775049,-0.688961276625318,0.945848276400344
2.69972866213548,-0.224600319421768,-0.712205539305946,0.936805858727704
2.69983706636789,-0.192053140654436,-0.734623888167493,0.926677028821915
2.6999454706003,-0.159283223146543,-0.75619030388626,0.915473527032783
2.7000538748327,-0.12632856233189,-0.77687978857136,0.903208350903228
2.70016227906511,-0.0932273881919029,-0.796668330254227,0.889895718446103
2.70027068329751,-0.0600180799063621,-0.815532993103854,0.875551073010202
2.70037908752992,-0.0267391618422998,-0.833451882675254,0.860191044517578
2.70048749176232,0.00657078060068835,-0.850404231201864,0.843833450601151
2.70059589599473,0.0398731070331014,-0.866370362978858,0.826497255945761
2.70066350920572,0.0606240361937913,-0.875821433657288,0.815197397463483
2.7007311224167,0.08134744283881,-0.884877270821181,0.803529827982322
2.70079873562769,0.102034069161743,-0.89353383448094,0.79149976531917
2.70086634883867,0.122674583629178,-0.901787212479322,0.779112628850123
2.70095850808498,0.150716808800984,-0.912380655920626,0.761663847119656
2.7010506673313,0.178632781436952,-0.922209358209877,0.743576576772908
2.70111086723039,0.196789044335848,-0.928212927098778,0.731423882762922
2.70117106712949,0.214874827319362,-0.933884465543576,0.719009638224164
2.70123126702859,0.232883718368895,-0.939221970130768,0.706338251761855
2.70129146692768,0.250809262916568,-0.944223519650015,0.69341425673341
2.70136396719,0.272277597603727,-0.949798514365317,0.677520916761577
2.70143646745233,0.29360468563668,-0.954880784280309,0.661276098643587
2.70150896771465,0.314779475732938,-0.95946770652191,0.644688230788911
2.70158146797697,0.335790958456741,-0.963556887295007,0.627765928838206
2.70165396823929,0.356628251844111,-0.967146219087589,0.61051796724349
2.70172646850161,0.377280526453471,-0.970233827032172,0.592953300578676
2.70181463579238,0.402130599838586,-0.973310242309895,0.571179642471282
2.70190280308315,0.426672236182753,-0.975639968850455,0.548967732667713
2.70199097037392,0.450886584247803,-0.977221229486176,0.526334645238352
2.7020791376647,0.474755042078188,-0.97805279821897,0.503297756140759
2.70216730495547,0.498259300899061,-0.978134048262518,0.479874747363462
2.70225547224624,0.521381316204783,-0.977464905755176,0.456083589550343
2.70234363953701,0.544103356980307,-0.976045894956008,0.431942537975668
2.70243180682778,0.566407981888435,-0.97387809369194,0.407470111803489
2.70251997411855,0.588278087732709,-0.970963175445271,0.382685087712558
2.70262837835088,0.614547172290392,-0.966358542612415,0.351811370322004
2.70273678258322,0.640103721575705,-0.960633202789416,0.320529481213722
2.70284518681555,0.66491800654718,-0.953793805741343,0.288875799194164
2.70295359104788,0.688961237729184,-0.945848294352599,0.256887056623391
2.70306199528021,0.712205501807583,-0.936805878585255,0.224600376777639
2.70317039951255,0.734623852114106,-0.926677050566871,0.19205319845276
2.70327880374488,0.756190269323395,-0.915473550645064,0.159283281321651
2.70338720797721,0.776879755542866,-0.903208376360612,0.126328620817724
2.70349561220955,0.796668298802217,-0.889895745724128,0.0932274469218725
2.70360401644188,0.8155329632687,-0.87555110208231,0.0600181388135765
2.70371242067421,0.833451854495389,-0.860191075355017,0.0267392208596309
2.70382082490655,0.850404204713858,-0.843833483173329,-0.00657072154055184
2.70392922913888,0.866370338217342,-0.826497290219837,-0.0398730479975081
2.70399684240897,0.875821418085407,-0.815197422734102,-0.0606239953513207
2.70406445567907,0.884877263756057,-0.803529843596413,-0.0813474201596378
2.70413206894916,0.893533835228768,-0.791499770637275,-0.10203406459149
2.70419968221926,0.90178722033586,-0.779112623246862,-0.12267459708902
2.70429184148119,0.912380665117948,-0.761663838173513,-0.150716826944422
2.70438400074312,0.922209368482885,-0.743576564277795,-0.178632804205137
2.70444420061326,0.928212934132623,-0.731423875831818,-0.196789058300841
2.70450440048341,0.933884469655812,-0.719009637112398,-0.214874832543428
2.70456460035355,0.93922197164209,-0.706338256718341,-0.232883714923764
2.70462480022369,0.944223518883747,-0.693414268000554,-0.250809250883203
2.70469730048827,0.94979851401779,-0.67752092771192,-0.272277586305891
2.70476980075285,0.954880784322154,-0.661276109251178,-0.29360467507099
2.70484230101742,0.959467706923459,-0.644688241028558,-0.314779465894937
2.704914801282,0.963556888026253,-0.627765938685352,-0.335790949340912
2.70498730154658,0.967146220118256,-0.610517976674406,-0.35662824344385
2.70505980181115,0.970233828331605,-0.592953309570494,-0.377280518761131
2.70514796910669,0.973310243956609,-0.571179650394762,-0.402130593561892
2.70523613640223,0.975639970764253,-0.548967739471798,-0.426672231292427
2.70532430369776,0.97722123158634,-0.526334650874764,-0.450886580711583
2.7054124709933,0.978052800424556,-0.503297760563932,-0.474755039860607
2.70550063828884,0.978134050492481,-0.479874750530717,-0.498259299961768
2.70558880558437,0.977464907928394,-0.456083591421947,-0.521381316506443
2.70567697287991,0.976045896991442,-0.431942538514708,-0.544103358476741
2.70576514017545,0.973878095508826,-0.407470110976216,-0.566407984532626
2.70585330747098,0.970963176963206,-0.382685085488235,-0.588278091474965
2.70596171170332,0.966358543932073,-0.35181136802064,-0.614547175911435
2.70607011593566,0.960633203911728,-0.320529478841602,-0.640103725070131
2.706178520168,0.953793806667492,-0.288875796757713,-0.66491800990977
2.70628692440034,0.945848295083879,-0.256887054129056,-0.688961240954811
2.70639532863268,0.936805879123286,-0.224600374232007,-0.712205504891276
2.70650373286502,0.926677050913582,-0.192053195862434,-0.734623855051101
2.70661213709736,0.915473550802415,-0.159283278693287,-0.756190272109117
2.7067205413297,0.903208376330882,-0.126328618157992,-0.776879758172873
2.70682894556204,0.889895745509796,-0.0932274442375694,-0.796668301272227
2.70693734979438,0.875551101686108,-0.0600181361115142,-0.815532965574591
2.70704575402672,0.860191074779927,-0.0267392181466123,-0.833451856633314
2.70715415825906,0.843833482422401,0.00657072425769238,-0.850404206680092
2.7072625624914,0.826497289296386,0.0398730507120374,-0.866370340008455
2.70733017576063,0.81519742185175,0.0606239977954486,-0.875821419647208
2.70739778902987,0.803529842765958,0.0813474223315134,-0.884877265097473
2.7074654022991,0.791499769869241,0.10203406648967,-0.893533836358917
2.70753301556833,0.77911262255175,0.12267459871239,-0.90178722126412
2.70762517485967,0.761663831698554,0.150716837475838,-0.912380669174422
2.70771733415101,0.743576551622826,0.178632823552702,-0.92220937517552
2.70777753399657,0.731423867864953,0.1967890701673,-0.928212938032254
2.70783773384214,0.719009634050947,0.214874836980796,-0.933884471031717
2.7078979336877,0.706338258774198,0.232883711991995,-0.939221970766195
2.70795813353327,0.693414275380109,0.250809240650196,-0.944223516030306
2.70803063379766,0.677520935247747,0.272277576064445,-0.949798511312195
2.70810313406206,0.661276116942299,0.293604664825449,-0.954880781767732
2.70817563432646,0.644688248873796,0.314779455649772,-0.959467704523534
2.70824813459086,0.627765946683509,0.335790939100538,-0.963556885784007
2.70832063485526,0.610517984824028,0.356628233212847,-0.967146218036835
2.70839313511965,0.592953317870088,0.377280508544055,-0.970233826414139
2.70848130244101,0.571179652378479,0.402130590662395,-0.973310243040855
2.70856946976237,0.548967734883022,0.426672235529817,-0.975639970412812
2.70865763708373,0.526334639471885,0.450886591888541,-0.977221231360382
2.70874580440509,0.503297742120923,0.474755057763551,-0.978052799884455
2.70883397172645,0.479874724837267,0.498259324361206,-0.978134049198468
2.70892213904781,0.456083558283747,0.521381347157398,-0.977464905441156
2.70901030636917,0.431942497754042,0.544103395118994,-0.976045892873026
2.70909847369053,0.407470062431936,0.566408026891133,-0.973878089323087
2.70918664101189,0.382685029016121,0.588278139260325,-0.970963168276456
2.7092950452443,0.351811310710105,0.614547222380143,-0.966358533090194
2.70940344947672,0.320529420761406,0.640103770163307,-0.960633190924719
2.70951185370914,0.288875737977272,0.664918053570363,-0.953793791547649
2.70962025794156,0.256886994718676,0.688961283127373,-0.945848277846054
2.70972866217397,0.224600314262733,0.712205545522062,-0.936805859784767
2.70983706640639,0.192053135406064,0.734623894088076,-0.926677029494119
2.70994547063881,0.159283217822214,0.756190309502096,-0.915473527324285
2.71005387487123,0.126328556945146,0.776879793873486,-0.903208350818623
2.71016227910364,0.0932273827562995,0.796668335234163,-0.889895717990469
2.71027068333606,0.0600180744355688,0.815532997753458,-0.875551072189037
2.71037908756848,0.0267391563499927,0.833451886986689,-0.860191043336682
2.71048749180089,-0.00657078610075743,0.850404235167702,-0.843833449066936
2.71059589603331,-0.0398731125271904,0.866370366592157,-0.826497254064957
2.71066350924252,-0.0606240411313649,0.875821436803764,-0.815197395672389
2.71073112245174,-0.0813474472161967,0.884877273519229,-0.803529826303022
2.71079873566095,-0.102034072976057,0.893533836749495,-0.791499763773419
2.71086634887016,-0.122674586878225,0.901787214337595,-0.779112627459342
2.71095850817524,-0.150716829853581,0.9123806640307,-0.761663834177107
2.71105066748032,-0.178632820109548,0.922209371588283,-0.743576551478719
2.7111108673303,-0.19678906805631,0.928212934894807,-0.73142386683846
2.71117106718028,-0.214874836191656,0.933884468295439,-0.719009632103754
2.71123126703025,-0.2328837125129,0.939221968381964,-0.706338255869008
2.71129146688023,-0.250809242467946,0.944223513948557,-0.693414271480605
2.71136396714216,-0.272277577129533,0.949798508957018,-0.677520931827496
2.7114364674041,-0.293604665145765,0.954880779172259,-0.661276114026461
2.71150896766603,-0.314779455234285,0.959467701721043,-0.644688246486768
2.71158146792796,-0.335790937959434,0.963556882808154,-0.627765944848718
2.7116539681899,-0.356628231357412,0.967146214921511,-0.610517983564086
2.71172646845183,-0.377280505986618,0.970233823193397,-0.592953317206729
2.71181463579421,-0.402130593996644,0.973310240474309,-0.571179646477618
2.71190280313659,-0.426672244604547,0.975639968144013,-0.548967723539443
2.71199097047897,-0.450886606539017,0.977221229031817,-0.526334622492799
2.71207913782134,-0.474755077812008,0.978052797138077,-0.503297719326037
2.71216730516372,-0.498259349616914,0.97813404567618,-0.479874696059237
2.7122554725061,-0.521381377417053,0.977464900785499,-0.456083523368436
2.71234363984848,-0.544103430166947,0.976045886727685,-0.431942456560675
2.71243180719086,-0.566408066499854,0.973878081333301,-0.407470014833412
2.71251997453323,-0.588278183190503,0.970963158089797,-0.382684974899246
2.71262837876572,-0.61454726511713,0.966358520951605,-0.351811255834455
2.7127367829982,-0.640103811654023,0.960633176843181,-0.320529365189119
2.71284518723069,-0.664918093763084,0.953793775534409,-0.288875681771292
2.71295359146318,-0.688961321971878,0.945848259914604,-0.256886937942729
2.71306199569566,-0.71220558296969,0.936805839950861,-0.224600256981183
2.71317039992815,-0.734623930091735,0.926677007775702,-0.192053077683944
2.71327880416063,-0.756190344016367,0.915473503741471,-0.159283159725099
2.71338720839312,-0.776879826854646,0.903208325393752,-0.126328498539109
2.7134956126256,-0.796668366640225,0.889895690748008,-0.0932273241077651
2.71360401685809,-0.815533027544216,0.875551043155574,-0.0600180156113368
2.71371242109058,-0.833451915123828,0.860191012540966,-0.0267390974171148
2.71382082532306,-0.850404261614775,0.843833416539801,0.00657084507502206
2.71392922955555,-0.86637039131465,0.826497219839089,0.039873171475565
2.71399684270575,-0.875821452351724,0.815197370434835,0.0606240819169128
2.71406445585595,-0.884877280574439,0.803529810705734,0.0813474698687092
2.71413206900615,-0.89353383600454,0.791499758454806,0.10203407754978
2.71419968215635,-0.901787206495546,0.779112633043725,0.122674573451847
2.71429184144581,-0.912380654846229,0.76166384310476,0.150716811741477
2.71438400073526,-0.922209361326582,0.743576563955985,0.178632797370584
2.71444420061416,-0.928212927867915,0.731423873759203,0.19678905410876
2.71450440049305,-0.93388446418628,0.719009633212955,0.214874830973335
2.71456460037194,-0.939221966870297,0.706338250918136,0.232883715952177
2.71462480025083,-0.944223514711449,0.693414260227509,0.250809254483989
2.71469730051052,-0.94979850930227,0.677520920889419,0.272277588412857
2.7147698007702,-0.954880779129049,0.661276103429309,0.293604675699748
2.71484230102989,-0.959467701318931,0.644688236255591,0.314779465063364
2.71491480128958,-0.963556882077042,0.627765935007935,0.335790947069125
2.71498730154927,-0.967146213891601,0.610517974137334,0.356628239754251
2.71505980180896,-0.970233821895062,0.592953308216864,0.377280513678219
2.71514796914658,-0.973310238828878,0.57117963855438,0.402130600274535
2.7152361364842,-0.975639966231687,0.548967716733735,0.426672249497954
2.71532430382181,-0.977221226933086,0.526334616852884,0.450886610080221
2.71541247115943,-0.978052794933764,0.503297714897443,0.474755080036331
2.71550063849705,-0.97813404344721,0.479874692884515,0.498259350562724
2.71558880583467,-0.977464898612954,0.456083521487384,0.521381377125594
2.71567697317229,-0.976045884692345,0.431942456010033,0.54410342868232
2.71576514050991,-0.973878079515952,0.407470015646887,0.566408063869045
2.71585330784753,-0.970963156570671,0.382684977107531,0.588278179463135
2.71596171208002,-0.966358519629956,0.35181125811854,0.614547261511423
2.7160701163125,-0.960633175717948,0.320529367542694,0.640103808175271
2.71617852054498,-0.953793774604396,0.288875684187916,0.664918090416516
2.71628692477746,-0.945848259178425,0.256886940415932,0.688961318762473
2.71639532900995,-0.936805839406853,0.224600259504482,0.712205579902375
2.71650373324243,-0.92667700742192,0.192053080250683,0.734623927171241
2.71661213747491,-0.915473503575797,0.159283162328654,0.756190341247169
2.71672054170739,-0.903208325413929,0.1263285011728,0.776879824241121
2.71682894593988,-0.889895690951373,0.0932273267648349,0.796668364186582
2.71693735017236,-0.875551043539425,0.0600180182850379,0.815533025254414
2.71704575440484,-0.860191013102371,0.0267391001006867,0.833451913001702
2.71715415863732,-0.843833417275503,-0.00657084238846483,0.85040425966395
2.71726256286981,-0.826497220745784,-0.0398731687927515,0.866370389538549
2.71733017602082,-0.815197371307609,-0.0606240794903826,0.875821450797969
2.71739778917184,-0.80352981153433,-0.0813474677003927,0.884877279234715
2.71746540232285,-0.791499759229078,-0.102034075641164,0.893533834870252
2.71753301547387,-0.779112633753747,-0.122674571804163,0.901787205557912
2.71762517473395,-0.761663849589623,-0.150716801194525,0.912380650784172
2.71771733399403,-0.743576576615508,-0.178632778016163,0.922209354631684
2.71777753389751,-0.731423881728698,-0.196789042238363,0.928212923967096
2.71783773380099,-0.719009636275123,-0.214874826534913,0.933884462810054
2.71789793370446,-0.706338248860917,-0.232883718885732,0.939221967746678
2.71795813360794,-0.693414252844515,-0.250809264721569,0.944223517566096
2.71803063386781,-0.677520913349914,-0.272277598659113,0.949798512009002
2.71810313412768,-0.661276095734234,-0.293604685950249,0.954880781684495
2.71817563438754,-0.644688228406123,-0.314779475313658,0.959467703719792
2.71824813464741,-0.627765927005389,-0.33579095731472,0.963556884320131
2.71832063490728,-0.610517965983108,-0.356628249990582,0.967146215973689
2.71839313516715,-0.592953299912421,-0.377280523900708,0.970233823813125
2.71848130247898,-0.571179636557329,-0.402130603188789,0.973310239746104
2.71856946979081,-0.548967721300416,-0.426672245284384,0.975639966584777
2.71865763710264,-0.526334628224447,-0.45088659893596,0.977221227160375
2.71874580441447,-0.503297733299641,-0.474755062174638,0.978052795474292
2.7188339717263,-0.479874718527506,-0.498259326212732,0.978134044740261
2.71892213903813,-0.456083554565095,-0.521381346532006,0.977464901097142
2.71901030634996,-0.431942496700066,-0.544103392105056,0.976045888805108
2.71909847366179,-0.407470064110222,-0.566408021582653,0.973878085692864
2.71918664097362,-0.382685033488091,-0.588278131756673,0.970963165244763
2.71929504520603,-0.351811315336511,-0.614547215119295,0.966358530455807
2.71940344943843,-0.320529425529468,-0.640103763156201,0.960633188685685
2.71951185367083,-0.288875742874226,-0.664918046827505,0.953793789701711
2.71962025790324,-0.256886999731535,-0.688961276658938,0.945848276390463
2.71972866213564,-0.224600319378413,-0.712205539337969,0.936805858716355
2.71983706636805,-0.192053140611296,-0.734623888197939,0.926677028809239
2.71994547060045,-0.159283223103628,-0.756190303915104,0.915473527018748
2.72005387483285,-0.126328562289303,-0.776879788598573,0.903208350887852
2.72016227906526,-0.0932273881496878,-0.796668330279833,0.889895718429497
2.72027068329766,-0.0600180798645868,-0.815532993127882,0.875551072992457
2.72037908753007,-0.0267391618010221,-0.833451882697668,0.860191044498671
2.72048749176247,0.00657078064142055,-0.850404231222658,0.843833450581234
2.72059589599487,0.0398731070732246,-0.866370362998104,0.826497255924846
2.72066350920582,0.0606240362231124,-0.875821433670897,0.815197397447754
2.72073112241677,0.0813474428573263,-0.884877270829536,0.803529827972199
2.72079873562772,0.10203406916949,-0.893533834484511,0.791499765314977
2.72086634883867,0.122674583626184,-0.901787212478469,0.779112628852251
2.72095850808501,0.150716808805541,-0.912380655922474,0.761663847116916
2.72105066733135,0.178632781449027,-0.922209358214081,0.743576576765059
2.72111086723043,0.196789044342774,-0.928212927101023,0.731423882758253
2.72117106712951,0.214874827321157,-0.933884465544068,0.719009638222881
2.72123126702859,0.232883718365641,-0.939221970129749,0.706338251764083
2.72129146692767,0.250809262908278,-0.944223519647602,0.693414256739292
2.72136396718998,0.272277597593497,-0.949798514362548,0.677520916769015
2.7214364674523,0.293604685624522,-0.954880784277208,0.661276098652657
2.72150896771461,0.314779475718897,-0.959467706518572,0.644688230799687
2.72158146797693,0.335790958440891,-0.963556887291606,0.627765928850669
2.72165396823924,0.356628251826476,-0.967146219084174,0.610517967257691
2.72172646850156,0.377280526434075,-0.970233827028839,0.592953300594767
2.72181463579234,0.40213059982247,-0.973310242307381,0.571179642484858
2.72190280308312,0.426672236169827,-0.975639968848592,0.548967732678729
2.7219909703739,0.45088658423805,-0.977221229484692,0.526334645246657
2.72207913766468,0.474755042071466,-0.978052798217742,0.503297756146237
2.72216730495547,0.498259300895332,-0.978134048261354,0.479874747366002
2.72225547224625,0.521381316203906,-0.977464905753841,0.45608358954991
2.72234363953703,0.544103356982212,-0.976045894954369,0.431942537972116
2.72243180682781,0.566407981893049,-0.973878093689798,0.407470111796736
2.72251997411859,0.588278087739851,-0.970963175442455,0.382685087702574
2.72262837835093,0.614547172297187,-0.966358542609119,0.351811370311905
2.72273678258326,0.640103721582156,-0.960633202785725,0.320529481203523
2.72284518681559,0.664918006553291,-0.953793805737245,0.288875799183955
2.72295359104792,0.688961237734913,-0.945848294348064,0.256887056613125
2.72306199528026,0.71220550181292,-0.936805878580322,0.224600376767378
2.72317039951259,0.734623852119043,-0.926677050561599,0.192053198442507
2.72327880374492,0.756190269327944,-0.915473550639405,0.159283281311477
2.72338720797725,0.776879755547005,-0.903208376354576,0.126328620807553
2.72349561220959,0.796668298805942,-0.889895745717746,0.0932274469117946
2.72360401644192,0.815532963272006,-0.875551102075584,0.060018138803577
2.72371242067425,0.833451854498243,-0.86019107534801,0.0267392208497588
2.72382082490658,0.850404204716308,-0.843833483166019,-0.00657072155030148
2.72392922913892,0.866370338219391,-0.826497290212211,-0.0398730480071864
2.72399684240899,0.875821418084678,-0.815197422729423,-0.0606239953552606
2.72406445567907,0.884877263752766,-0.803529843594916,-0.0813474201578559
2.72413206894915,0.893533835223112,-0.791499770639131,-0.102034064584001
2.72419968221922,0.90178722032815,-0.779112623252288,-0.122674597075878
2.72429184148119,0.912380665113991,-0.761663838173133,-0.150716826940871
2.72438400074315,0.922209368482178,-0.743576564271115,-0.178632804211089
2.72444420061328,0.928212934130974,-0.731423875826699,-0.196789058304265
2.72450440048342,0.933884469653305,-0.719009637108969,-0.214874832544351
2.72456460035355,0.939221971638786,-0.706338256716673,-0.23288371492215
2.72462480022368,0.944223518879778,-0.693414268000664,-0.25080925087911
2.72469730048827,0.94979851401465,-0.677520927709529,-0.27227758630517
2.72476980075286,0.954880784319764,-0.661276109246115,-0.293604675073639
2.72484230101745,0.959467706921606,-0.644688241020746,-0.314779465900894
2.72491480128204,0.963556888024835,-0.627765938674769,-0.335790949350093
2.72498730154663,0.967146220117081,-0.610517976660833,-0.356628243456253
2.72505980181122,0.970233828330499,-0.592953309553915,-0.377280518776628
2.72514796910678,0.973310243955821,-0.571179650370995,-0.402130593584891
2.72523613640234,0.975639970763316,-0.54896773944058,-0.426672231322742
2.72532430369791,0.977221231584772,-0.526334650835861,-0.450886580748938
2.72541247099347,0.978052800421904,-0.503297760517138,-0.474755039904766
2.72550063828904,0.978134050488213,-0.479874750475812,-0.498259300012448
2.7255888055846,0.977464907922095,-0.45608359135871,-0.521381316563386
2.72567697288016,0.976045896982636,-0.431942538443033,-0.544103358539647
2.72576514017573,0.973878095497093,-0.407470110895863,-0.566407984601221
2.72585330747129,0.970963176947999,-0.382685085399118,-0.58827809154888
2.72596171170363,0.966358543913595,-0.351811367930021,-0.614547175983588
2.72607011593597,0.960633203890026,-0.320529478749604,-0.640103725140392
2.72617852016831,0.953793806642509,-0.288875796664455,-0.664918009978067
2.72628692440065,0.945848295055594,-0.256887054034601,-0.688961241021054
2.72639532863299,0.936805879091792,-0.224600374136425,-0.712205504955358
2.72650373286534,0.926677050878822,-0.19205319576589,-0.734623855112933
2.72661213709768,0.915473550764471,-0.159283278595887,-0.756190272168572
2.72672054133002,0.903208376289726,-0.126328618059801,-0.776879758229901
2.72682894556236,0.889895745465464,-0.093227444138745,-0.796668301326734
2.7269373497947,0.875551101638643,-0.0600181360121171,-0.815532965626517
2.72704575402704,0.860191074729369,-0.0267392180468047,-0.833451856682558
2.72715415825938,0.843833482368754,0.0065707243578342,-0.850404206726618
2.72726256249172,0.826497289239727,0.0398730508123633,-0.866370340052119
2.72733017576085,0.815197421810654,0.0606239978643511,-0.87582141967502
2.72739778902998,0.803529842741544,0.0813474223690587,-0.884877265110588
2.72746540229912,0.791499769862638,0.102034066495951,-0.893533836358576
2.72753301556825,0.77911262256404,0.122674598687504,-0.901787221251552
2.72762517485954,0.761663831719682,0.150716837438162,-0.912380669157811
2.72771733415084,0.743576551653205,0.17863282350244,-0.922209375155663
2.72777753399647,0.731423867882693,0.196789070136984,-0.92821293801965
2.7278377338421,0.719009634055376,0.214874836970351,-0.933884471025761
2.72789793368773,0.706338258764892,0.232883712001211,-0.939221970766077
2.72795813353336,0.693414275356448,0.250809240678862,-0.944223516035282
2.72803063379772,0.677520935231192,0.272277576082845,-0.949798511314041
2.72810313406209,0.661276116933186,0.293604664833712,-0.954880781766931
2.72817563432645,0.644688248872472,0.314779455648009,-0.959467704520479
2.72824813459081,0.62776594669032,0.335790939088941,-0.963556885779258
2.72832063485518,0.610517984839237,0.356628233191588,-0.967146218030826
2.72839313511954,0.592953317894023,0.377280508513254,-0.97023382640726
2.72848130244085,0.571179652414126,0.402130590619419,-0.973310243033578
2.72856946976217,0.548967734930821,0.426672235475016,-0.975639970405812
2.72865763708348,0.526334639532328,0.450886591822223,-0.977221231354554
2.7287458044048,0.503297742194251,0.474755057686204,-0.978052799880484
2.72883397172611,0.479874724923871,0.498259324273235,-0.978134049197083
2.72892213904743,0.456083558383938,0.521381347059269,-0.977464905443236
2.72901030636874,0.431942497868062,0.544103395011151,-0.976045892879204
2.72909847369006,0.407470062560037,0.566408026774125,-0.973878089334165
2.72918664101137,0.382685029158552,0.588278139134672,-0.970963168293198
2.72929504524379,0.351811310854374,0.614547222257931,-0.966358533112283
2.72940344947621,0.320529420907343,0.640103770044767,-0.960633190952064
2.72951185370862,0.288875738124732,0.66491805345553,-0.95379379158026
2.72962025794104,0.256886994867462,0.688961283016387,-0.945848277883848
2.72972866217346,0.22460031441271,0.71220554541502,-0.936805859827717
2.72983706640588,0.192053135556996,0.73462389398518,-0.926677029542172
2.72994547063829,0.159283217973954,0.756190309403353,-0.915473527377299
2.73005387487071,0.126328557097529,0.776879793779068,-0.903208350876597
2.73016227910313,0.0932273829091366,0.796668335144153,-0.889895718053289
2.73027068333555,0.0600180745886815,0.815532997667914,-0.875551072256596
2.73037908756797,0.0267391565032033,0.833451886905751,-0.860191043408926
2.73048749180038,-0.00657078594767452,0.85040423509148,-0.843833449143812
2.7305958960328,-0.0398731123743905,0.866370366520692,-0.826497254146262
2.73066350924216,-0.0606240410236052,0.875821436755269,-0.815197395731673
2.73073112245152,-0.0813474471534443,0.884877273492085,-0.803529826338607
2.73079873566088,-0.102034072958152,0.893533836741892,-0.791499763783734
2.73086634887024,-0.122674586905038,0.901787214347814,-0.779112627442798
2.73095850817531,-0.150716829878132,0.912380664039466,-0.761663834161376
2.73105066748039,-0.178632820131862,0.922209371595812,-0.743576551463936
2.73111086733033,-0.196789068069641,0.928212934899101,-0.731423866829438
2.73117106718028,-0.214874836196028,0.933884468296866,-0.719009632100817
2.73123126703022,-0.232883712508396,0.939221968380777,-0.706338255872373
2.73129146688017,-0.250809242454651,0.944223513945157,-0.693414271490493
2.73136396714213,-0.272277577124877,0.949798508956167,-0.677520931831264
2.7314364674041,-0.293604665149635,0.9548807791735,-0.661276114023852
2.73150896766606,-0.314779455246582,0.959467701724049,-0.64468824647742
2.73158146792802,-0.335790937980024,0.963556882812506,-0.627765944832443
2.73165396818998,-0.356628231386109,0.967146214926784,-0.610517983540649
2.73172646845195,-0.377280506023287,0.970233823199126,-0.592953317175834
2.73181463579432,-0.402130594030255,0.973310240478762,-0.571179646448504
2.73190280313668,-0.426672244635157,0.975639968147372,-0.548967723512213
2.73199097047905,-0.450886606566715,0.977221229034233,-0.526334622467502
2.73207913782142,-0.474755077836824,0.978052797139683,-0.503297719302838
2.73216730516379,-0.49825934963891,0.978134045677141,-0.479874696038203
2.73225547250616,-0.521381377436286,0.977464900785987,-0.456083523349704
2.73234363984853,-0.544103430183524,0.976045886727852,-0.431942456544299
2.7324318071909,-0.566408066513897,0.973878081333283,-0.407470014819377
2.73251997453327,-0.588278183202061,0.970963158089753,-0.382684974887679
2.73262837876575,-0.614547265128633,0.966358520951239,-0.351811255822585
2.73273678299824,-0.640103811665501,0.960633176842384,-0.320529365176874
2.73284518723072,-0.664918093774438,0.953793775533234,-0.288875681758721
2.73295359146321,-0.688961321983172,0.945848259912987,-0.256886937929844
2.7330619956957,-0.712205582980881,0.936805839948833,-0.224600256967966
2.73317039992818,-0.734623930102819,0.926677007773241,-0.192053077670416
2.73327880416067,-0.756190344027294,0.91547350373859,-0.159283159711281
2.73338720839316,-0.776879826865401,0.903208325390364,-0.12632849852495
2.73349561262564,-0.796668366650794,0.889895690744125,-0.0932273240933344
2.73360401685813,-0.815533027554606,0.875551043151216,-0.0600180155966018
2.73371242109062,-0.833451915133948,0.860191012536084,-0.0267390974021048
2.7338208253231,-0.850404261624701,0.843833416534376,0.00657084509031277
2.73392922955559,-0.866370391324281,0.826497219833168,0.0398731714911287
2.73399684270577,-0.875821452358056,0.815197370432451,0.0606240819256322
2.73406445585595,-0.884877280577745,0.803529810707129,0.0813474698706289
2.73413206900613,-0.893533836005112,0.791499758460206,0.1020340775449
2.73419968215631,-0.901787206493609,0.779112633053412,0.122674573440217
2.73429184144573,-0.912380654841457,0.761663843120381,0.150716811721091
2.73438400073516,-0.922209361319431,0.743576563977939,0.178632797341517
2.73444420061409,-0.928212927864923,0.731423873774168,0.196789054090803
2.73450440049302,-0.933884464186999,0.719009633220635,0.214874830966371
2.73456460037194,-0.939221966874276,0.706338250918152,0.232883715956141
2.73462480025087,-0.944223514718364,0.693414260219661,0.250809254498755
2.73469730051056,-0.949798509309139,0.677520920880593,0.272277588428587
2.73476980077025,-0.954880779135852,0.66127610341941,0.29360467571644
2.73484230102994,-0.959467701325659,0.644688236244654,0.31477946508099
2.73491480128964,-0.963556882083609,0.627765934995958,0.335790947087659
2.73498730154933,-0.967146213897894,0.610517974124289,0.356628239773647
2.73505980180902,-0.970233821901123,0.592953308202642,0.377280513698462
2.73514796914663,-0.973310238834144,0.571179638542248,0.402130600291908
2.73523613648424,-0.975639966236266,0.548967716723827,0.426672249512448
2.73532430382185,-0.977221226937171,0.526334616845287,0.450886610091921
2.73541247115946,-0.978052794937494,0.503297714892195,0.474755080045301
2.73550063849707,-0.978134043450822,0.479874692881807,0.498259350569004
2.73558880583468,-0.97746489861653,0.456083521487268,0.521381377129294
2.73567697317229,-0.976045884696111,0.431942456012565,0.544103428683565
2.7357651405099,-0.973878079519995,0.407470015652168,0.566408063867849
2.73585330784751,-0.970963156575282,0.382684977115636,0.588278179459612
2.73596171207999,-0.966358519634921,0.351811258127637,0.614547261507331
2.73607011631247,-0.960633175723383,0.320529367552761,0.640103808170682
2.73617852054495,-0.953793774610444,0.288875684199042,0.664918090411386
2.73628692477743,-0.945848259185026,0.25688694042808,0.688961318756946
2.7363953290099,-0.936805839414085,0.224600259517633,0.712205579896455
2.73650373324238,-0.926677007429895,0.192053080264907,0.734623927164949
2.73661213747486,-0.91547350358453,0.159283162343909,0.756190341240654
2.73672054170734,-0.903208325423455,0.126328501189036,0.776879824234423
2.73682894593982,-0.889895690961807,0.0932273267820857,0.796668364179759
2.7369373501723,-0.875551043550808,0.0600180183033217,0.815533025247503
2.73704575440478,-0.860191013114722,0.0267391001199275,0.833451912994797
2.73715415863726,-0.843833417288852,-0.00657084236824155,0.850404259657071
2.73726256286974,-0.826497220760178,-0.0398731687716225,0.866370389531807
2.73733017602078,-0.815197371318922,-0.0606240794755546,0.875821450794455
2.73739778917181,-0.803529811542275,-0.0813474676918558,0.884877279234137
2.73746540232285,-0.79149975923347,-0.102034075638906,0.893533834872371
2.73753301547389,-0.779112633754371,-0.122674571808141,0.901787205562505
2.73762517473397,-0.761663849588573,-0.150716801200903,0.912380650789525
2.73771733399406,-0.743576576612739,-0.178632778024863,0.922209354637623
2.73777753389753,-0.731423881728092,-0.196789042243662,0.928212923971773
2.737837733801,-0.719009636276735,-0.214874826536833,0.933884462813583
2.73789793370446,-0.706338248864853,-0.232883718884325,0.939221967749147
2.73795813360793,-0.693414252850859,-0.250809264716837,0.944223517567675
2.73803063386778,-0.677520913359785,-0.272277598649739,0.949798512009513
2.73810313412763,-0.661276095747771,-0.293604685936383,0.954880781684162
2.73817563438749,-0.644688228423529,-0.314779475295343,0.959467703718859
2.73824813464734,-0.627765927026686,-0.335790957292032,0.963556884318719
2.73832063490719,-0.610517966008499,-0.356628249963613,0.967146215972076
2.73839313516704,-0.59295329994201,-0.377280523869532,0.970233823811573
2.73848130247886,-0.571179636589328,-0.402130603155844,0.973310239745156
2.73856946979069,-0.548967721334849,-0.426672245249781,0.975639966584644
2.73865763710251,-0.52633462826142,-0.450886598899738,0.977221227161143
2.73874580441433,-0.503297733339242,-0.474755062136868,0.978052795476112
2.73883397172616,-0.479874718569728,-0.498259326173529,0.978134044743242
2.73892213903798,-0.456083554609973,-0.521381346491465,0.977464901101406
2.7390103063498,-0.43194249674761,-0.544103392063249,0.976045888810872
2.73909847366162,-0.407470064160461,-0.566408021539697,0.973878085700155
2.73918664097345,-0.382685033541072,-0.588278131712701,0.970963165253759
2.73929504520585,-0.351811315390226,-0.614547215076395,0.966358530466617
2.73940344943825,-0.32052942558389,-0.640103763114432,0.960633188698314
2.73951185367066,-0.288875742929287,-0.66491804678689,0.953793789716173
2.73962025790306,-0.256886999787193,-0.68896127661953,0.945848276406724
2.73972866213547,-0.22460031943459,-0.712205539299857,0.936805858734412
2.73983706636787,-0.192053140668019,-0.734623888161079,0.926677028829099
2.73994547060027,-0.159283223160841,-0.756190303879595,0.915473527040401
2.74005387483268,-0.126328562346906,-0.776879788564427,0.903208350911329
2.74016227906508,-0.0932273882076186,-0.796668330247138,0.889895718454754
2.74027068329748,-0.0600180799227629,-0.815532993096629,0.875551073019391
2.74037908752989,-0.0267391618593825,-0.833451882667938,0.860191044527329
2.74048749176229,0.00657078058292334,-0.850404231194494,0.843833450611567
2.74059589599469,0.0398731070146696,-0.866370362971495,0.826497255956807
2.74066350920571,0.0606240361838192,-0.87582143365393,0.815197397470102
2.74073112241672,0.0813474428372645,-0.884877270821455,0.803529827984158
2.74079873562773,0.102034069168603,-0.89353383448453,0.791499765315921
2.74086634883874,0.12267458364438,-0.901787212485934,0.779112628841533
2.74095850808512,0.150716808836424,-0.912380655934033,0.761663847097577
2.7410506673315,0.178632781492441,-0.922209358228984,0.743576576736514
2.74111086723053,0.196789044370269,-0.928212927110012,0.731423882739761
2.74117106712956,0.214874827332826,-0.933884465547677,0.719009638214822
2.74123126702859,0.232883718361602,-0.939221970128564,0.70633825176697
2.74129146692761,0.250809262888673,-0.944223519642245,0.693414256753559
2.74136396718993,0.272277597574039,-0.949798514357594,0.677520916783487
2.74143646745224,0.293604685605202,-0.954880784272604,0.661276098667363
2.74150896771456,0.314779475699721,-0.959467706514385,0.644688230814622
2.74158146797687,0.335790958421818,-0.963556887287731,0.62776592886589
2.74165396823919,0.356628251807538,-0.967146219080716,0.61051796727316
2.7417264685015,0.377280526415272,-0.970233827025738,0.592953300610449
2.74181463579232,0.402130599813543,-0.973310242305791,0.571179642492222
2.74190280308314,0.426672236170546,-0.975639968847896,0.548967732677354
2.74199097037395,0.450886584248155,-0.977221229484387,0.52633464523619
2.74207913766477,0.474755042090684,-0.978052798217162,0.503297756126471
2.74216730495559,0.49825930092332,-0.978134048259956,0.479874747336586
2.7422554722464,0.521381316240393,-0.977464905751018,0.456083589510588
2.74234363953722,0.544103357026835,-0.976045894949503,0.431942537922643
2.74243180682804,0.566407981945389,-0.973878093682364,0.407470111736924
2.74251997411885,0.588278087799611,-0.97096317543181,0.382685087632138
2.74262837835119,0.61454717235569,-0.966358542595749,0.35181137024002
2.74273678258352,0.64010372163926,-0.960633202769595,0.320529481130281
2.74284518681586,0.664918006608967,-0.953793805718262,0.288875799109311
2.74295359104819,0.688961237789033,-0.945848294326309,0.256887056537226
2.74306199528052,0.71220550186542,-0.936805878555689,0.224600376690251
2.74317039951286,0.734623852169835,-0.926677050534168,0.192053198364299
2.74327880374519,0.756190269376925,-0.91547355060915,0.159283281232203
2.74338720797753,0.776879755594089,-0.903208376321458,0.126328620727364
2.74349561220986,0.796668298851062,-0.889895745681799,0.0932274468306966
2.7436040164422,0.815532963315062,-0.87555110203683,0.0600181387217521
2.74371242067453,0.833451854539153,-0.86019107530645,0.0267392207672866
2.74382082490686,0.850404204754959,-0.843833483121645,-0.00657072163334588
2.7439292291392,0.86637033825574,-0.82649729016513,-0.039873048090655
2.7439968424092,0.87582141810935,-0.81519742269322,-0.0606239954161823
2.7440644556792,0.884877263766646,-0.803529843570398,-0.0813474201962709
2.74413206894921,0.893533835227043,-0.791499770627108,-0.10203406459996
2.74419968221921,0.901787220322979,-0.779112623253515,-0.122674597069447
2.74429184148118,0.912380665109102,-0.761663838174107,-0.150716826934986
2.74438400074314,0.922209368477594,-0.743576564271874,-0.178632804205771
2.74444420061328,0.928212934127133,-0.731423875825973,-0.196789058301164
2.74450440048342,0.933884469650149,-0.719009637106711,-0.214874832543477
2.74456460035356,0.939221971636265,-0.706338256712744,-0.232883714923551
2.74462480022371,0.944223518877721,-0.693414267995091,-0.250809250882694
2.74469730048826,0.949798514010057,-0.677520927711245,-0.272277586298836
2.74476980075282,0.954880784312983,-0.661276109255543,-0.293604675057458
2.74484230101737,0.959467706913184,-0.644688241038145,-0.314779465875047
2.74491480128193,0.963556888015179,-0.627765938700479,-0.335790949314721
2.74498730154648,0.967146220106664,-0.610517976695153,-0.35662824341152
2.74505980181104,0.970233828319818,-0.592953309597038,-0.37728051872278
2.7451479691066,0.973310243946733,-0.571179650414713,-0.402130593532014
2.74523613640217,0.975639970755738,-0.548967739484863,-0.426672231270876
2.74532430369773,0.977221231578721,-0.526334650880601,-0.450886580698121
2.7454124709933,0.978052800417338,-0.503297760562331,-0.47475503985504
2.74550063828886,0.978134050485179,-0.479874750521393,-0.498259299963823
2.74558880558443,0.977464907920499,-0.456083591404659,-0.521381316515874
2.74567697287999,0.976045896982537,-0.431942538489252,-0.544103358493287
2.74576514017556,0.973878095498376,-0.407470110942363,-0.56640798455601
2.74585330747112,0.970963176950694,-0.382685085445845,-0.588278091504844
2.74596171170346,0.966358543918129,-0.351811367978029,-0.614547175940105
2.7460701159358,0.960633203896424,-0.320529478798907,-0.640103725097534
2.74617852016814,0.953793806650842,-0.288875796714952,-0.664918009935918
2.74628692440048,0.945848295065923,-0.256887054086302,-0.688961240979675
2.74639532863281,0.936805879104096,-0.224600374189268,-0.712205504914866
2.74650373286515,0.926677050893165,-0.192053195819802,-0.73462385507336
2.74661213709749,0.91547355078084,-0.1592832786508,-0.756190272130037
2.74672054132983,0.903208376308136,-0.126328618115724,-0.776879758192413
2.74682894556217,0.889895745485975,-0.0932274441955381,-0.79666830129045
2.74693734979451,0.875551101661238,-0.0600181360697697,-0.815532965591499
2.74704575402684,0.860191074754044,-0.0267392181051932,-0.833451856648835
2.74715415825918,0.843833482395582,0.00657072429872297,-0.850404206694321
2.74726256249152,0.826497289268683,0.0398730507526135,-0.866370340021306
2.74733017576072,0.815197421830047,0.0606239978238359,-0.875821419653913
2.74739778902991,0.803529842750749,0.0813474223477429,-0.88487726509847
2.74746540229911,0.791499769860922,0.102034066493797,-0.893533836354728
2.7475330155683,0.779112622550733,0.12267459870441,-0.901787221255168
2.74762517485959,0.761663831706828,0.15071683745371,-0.912380669160539
2.74771733415088,0.743576551640934,0.178632823516611,-0.922209375157528
2.74777753399649,0.7314238678744,0.196789070144895,-0.928212938019284
2.7478377338421,0.719009634051347,0.214874836972046,-0.933884471023383
2.74789793368771,0.706338258765132,0.232883711996787,-0.939221970761904
2.74795813353332,0.693414275361193,0.250809240668377,-0.94422351602958
2.7480306337977,0.677520935232766,0.272277576076948,-0.949798511309692
2.74810313406208,0.66127611693139,0.293604664832373,-0.954880781763767
2.74817563432646,0.644688248867159,0.314779455651186,-0.959467704518318
2.74824813459084,0.627765946681214,0.335790939096593,-0.963556885777829
2.74832063485522,0.610517984826322,0.35662823320359,-0.967146218029918
2.7483931351196,0.592953317877156,0.377280508529559,-0.970233826406709
2.7484813024409,0.571179652399594,0.402130590632645,-0.973310243032253
2.7485694697622,0.548967734918743,0.426672235485184,-0.975639970403927
2.74865763708351,0.526334639522833,0.450886591829382,-0.977221231352199
2.74874580440481,0.503297742187505,0.474755057690404,-0.978052799877891
2.74883397172611,0.479874724919842,0.498259324274594,-0.978134049194455
2.74892213904742,0.456083558382812,0.521381347057846,-0.977464905440624
2.74901030636872,0.431942497869907,0.544103395007104,-0.976045892876991
2.74909847369003,0.407470062564876,0.566408026767526,-0.97387808933241
2.74918664101133,0.382685029166515,0.588278139125617,-0.970963168292165
2.74929504524375,0.351811310862778,0.614547222248922,-0.966358533111687
2.74940344947616,0.320529420916164,0.640103770035809,-0.960633190951943
2.74951185370858,0.288875738133943,0.664918053446672,-0.953793791580599
2.749620257941,0.25688699487706,0.688961283007655,-0.945848277884685
2.74972866217341,0.22460031442271,0.712205545406434,-0.936805859829139
2.74983706640583,0.192053135567388,0.734623893976731,-0.926677029544131
2.74994547063825,0.159283217984718,0.756190309395128,-0.91547352737986
2.75005387487066,0.126328557108601,0.776879793771075,-0.903208350879691
2.75016227910308,0.0932273829205753,0.796668335136392,-0.889895718056924
2.7502706833355,0.0600180746004116,0.815532997660466,-0.875551072260824
2.75037908756791,0.0267391565152112,0.83345188689859,-0.860191043413757
2.75048749180033,-0.00657078593533467,0.85040423508462,-0.843833449149252
2.75059589603275,-0.0398731123617671,0.866370366514149,-0.826497254152348
2.75066350924213,-0.0606240410168048,0.875821436751619,-0.815197395734807
2.7507311224515,-0.0813474471524324,0.884877273491089,-0.803529826338684
2.75079873566088,-0.102034072962877,0.893533836743369,-0.79149976378049
2.75086634887026,-0.122674586915447,0.901787214351533,-0.779112627436074
2.75095850817529,-0.150716829874921,0.912380664038079,-0.761663834163126
2.75105066748032,-0.178632820115087,0.922209371589953,-0.743576551474861
2.75111086733029,-0.19678906805945,0.928212934895698,-0.731423866836257
2.75117106718025,-0.214874836192418,0.933884468295684,-0.719009632103234
2.75123126703022,-0.2328837125113,0.939221968381643,-0.706338255870321
2.75129146688019,-0.250809242464014,0.944223513947762,-0.693414271483709
2.75136396714213,-0.272277577127651,0.94979850895699,-0.677520931829344
2.75143646740407,-0.293604665145942,0.954880779172874,-0.661276114026891
2.75150896766601,-0.314779455236454,0.959467701722235,-0.644688246485753
2.75158146792795,-0.335790937963604,0.963556882809846,-0.627765944846232
2.75165396818989,-0.356628231363524,0.967146214923618,-0.610517983560038
2.75172646845183,-0.377280505994632,0.970233823195728,-0.592953317201058
2.75181463579414,-0.402130593984178,0.973310240474363,-0.571179646490169
2.75190280313644,-0.426672244572159,0.975639968143044,-0.548967723570901
2.75199097047875,-0.450886606487254,0.977221229031108,-0.526334622543853
2.75207913782105,-0.474755077741512,0.978052797138815,-0.503297719397294
2.75216730516336,-0.498259349528364,0.978134045679622,-0.479874696151234
2.75225547250566,-0.521381377311107,0.977464900792886,-0.456083523481765
2.75234363984797,-0.544103430044409,0.976045886740216,-0.431942456695781
2.75243180719027,-0.566408066361539,0.973878081352248,-0.407470014990703
2.75251997453258,-0.588278183037186,0.970963158116318,-0.382684975079143
2.75262837876506,-0.614547264967855,0.966358520985008,-0.351811256017136
2.75273678299755,-0.640103811508935,0.960633176883358,-0.320529365374392
2.75284518723003,-0.664918093622399,0.953793775581347,-0.288875681958943
2.75295359146252,-0.688961321835721,0.945848259968323,-0.256886938132559
2.753061995695,-0.712205582838252,0.936805840011278,-0.224600257172973
2.75317039992749,-0.734623929965277,0.926677007842782,-0.192053077877486
2.75327880415997,-0.756190343894964,0.915473503815139,-0.159283159920134
2.75338720839246,-0.776879826738487,0.903208325473919,-0.126328498735426
2.75349561262494,-0.796668366529476,0.889895690834634,-0.0932273243051235
2.75360401685743,-0.815533027439052,0.875551043248563,-0.0600180158095249
2.75371242108991,-0.833451915024336,0.86019101264023,-0.026739097615878
2.7538208253224,-0.850404261521161,0.843833416645216,0.00657084487595833
2.75392922955488,-0.866370391227001,0.826497219950607,0.0398731712764179
2.75399684270527,-0.875821452293595,0.815197370518143,0.0606240817754732
2.75406445585566,-0.884877280543678,0.803529810758803,0.0813474697848986
2.75413206900605,-0.893533835999008,0.791499758475525,0.102034077523466
2.75419968215644,-0.901787206512905,0.779112633030172,0.122674573482765
2.75429184144587,-0.912380654860111,0.761663843095434,0.150716811764708
2.7543840007353,-0.922209361337397,0.743576563951208,0.178632797386183
2.75444420061417,-0.928212927877046,0.731423873757534,0.196789054119517
2.75450440049305,-0.933884464193831,0.71900963321455,0.214874830979299
2.75456460037192,-0.93922196687642,0.706338250923079,0.232883715953371
2.7546248002508,-0.944223514716397,0.693414260235973,0.250809254480417
2.75469730051048,-0.949798509306753,0.677520920900027,0.272277588406727
2.75476980077016,-0.954880779133139,0.661276103442107,0.293604675691107
2.75484230102984,-0.959467701322866,0.644688236270657,0.314779465052217
2.75491480128952,-0.96355688208089,0.627765935025353,0.335790947055553
2.75498730154919,-0.967146213895468,0.610517974157212,0.356628239738256
2.75505980180887,-0.970233821899108,0.592953308239245,0.377280513659893
2.75514796914643,-0.97331023883186,0.571179638591634,0.402130600240249
2.755236136484,-0.975639966234527,0.548967716786464,0.426672249448077
2.75532430382156,-0.977221226936866,0.526334616921606,0.450886610015282
2.75541247115912,-0.978052794939414,0.50329771498258,0.474755079956836
2.75550063849668,-0.978134043455771,0.479874692986617,0.498259350469146
2.75558880583424,-0.97746489862538,0.456083521606817,0.521381377018551
2.7556769731718,-0.976045884709612,0.431942456147166,0.544103428562458
2.75576514050936,-0.973878079539019,0.407470015802066,0.566408063736959
2.75585330784693,-0.970963156600546,0.382684977281037,0.588278179319496
2.75596171207941,-0.966358519666237,0.351811258295087,0.614547261371149
2.75607011631189,-0.960633175760614,0.320529367722067,0.640103808038584
2.75617852054437,-0.9537937746535,0.28887568436992,0.664918090283577
2.75628692477685,-0.9458482592339,0.256886940600393,0.688961318633542
2.75639532900933,-0.936805839468683,0.22460025969118,0.712205579777524
2.75650373324181,-0.926677007490153,0.192053080439458,0.734623927050694
2.75661213747429,-0.915473503650373,0.159283162519294,0.756190341131122
2.75672054170677,-0.903208325494768,0.126328501364998,0.776879824129778
2.75682894593925,-0.889895691038518,0.0932273269584635,0.796668364080052
2.75693735017173,-0.875551043632807,0.0600180184798779,0.815533025152951
2.75704575440421,-0.860191013201915,0.0267391002964923,0.833451912905426
2.75715415863669,-0.84383341738114,-0.00657084219186619,0.850404259573025
2.75726256286917,-0.826497220857435,-0.0398731685956661,0.866370389453081
2.75733017602039,-0.815197371388765,-0.0606240793548141,0.875821450743602
2.7573977891716,-0.803529811582814,-0.081347467626227,0.88487727920903
2.75746540232282,-0.791499759242749,-0.102034075628249,0.893533834870992
2.75753301547404,-0.779112633730456,-0.122674571852154,0.90178720558263
2.75762517473414,-0.761663849561307,-0.150716801248425,0.912380650809767
2.75771733399423,-0.743576576581934,-0.178632778075842,0.92220935465774
2.75777753389764,-0.731423881709828,-0.196789042274858,0.928212923984662
2.75783773380104,-0.719009636271586,-0.214874826548357,0.933884462819939
2.75789793370444,-0.706338248873357,-0.232883718876366,0.939221967749739
2.75795813360784,-0.693414252873598,-0.25080926468958,0.944223517563184
2.75803063386771,-0.677520913378045,-0.272277598629228,0.949798512007231
2.75810313412759,-0.661276095761306,-0.293604685922471,0.954880781683785
2.75817563438746,-0.644688228432097,-0.314779475288009,0.959467703720097
2.75824813464734,-0.627765927030174,-0.335790957291162,0.963556884321327
2.75832063490721,-0.610517966006575,-0.356628249969113,0.967146215975729
2.75839313516709,-0.592953299934604,-0.377280523881318,0.970233823815925
2.75848130247892,-0.571179636577931,-0.402130603171696,0.973310239749615
2.75856946979076,-0.548967721319354,-0.426672245269566,0.975639966588886
2.7586576371026,-0.526334628241651,-0.450886598923345,0.977221227164979
2.75874580441444,-0.503297733315076,-0.474755062164193,0.978052795479283
2.75883397172628,-0.479874718541047,-0.498259326204437,0.978134044745454
2.75892213903811,-0.456083554576718,-0.521381346525729,0.977464901102452
2.75901030634995,-0.43194249670966,-0.544103392100766,0.976045888810424
2.75909847366179,-0.407470064117729,-0.566408021580269,0.973878085698
2.75918664097363,-0.38268503349349,-0.588278131756152,0.970963165249639
2.75929504520603,-0.351811315341615,-0.614547215118971,0.96635853046055
2.75940344943844,-0.32052942553427,-0.640103763156028,0.960633188690282
2.75951185367084,-0.288875742878721,-0.664918046827477,0.953793789706187
2.75962025790325,-0.256886999735716,-0.68896127665908,0.945848276394766
2.75972866213565,-0.2246003193823,-0.712205539338207,0.93680585872049
2.75983706636806,-0.192053140614867,-0.73462388819824,0.926677028813117
2.75994547060046,-0.159283223106913,-0.756190303915503,0.915473527022399
2.76005387483287,-0.126328562292326,-0.776879788599054,0.903208350891341
2.76016227906527,-0.0932273881523992,-0.796668330280364,0.88989571843277
2.76027068329768,-0.060018079867023,-0.815532993128389,0.875551072995416
2.76037908753008,-0.0267391618031469,-0.833451882698225,0.860191044501353
2.76048749176249,0.00657078063954787,-0.85040423122321,0.843833450583631
2.76059589599489,0.0398731070716541,-0.866370362998593,0.826497255926935
2.76066350920585,0.0606240362243598,-0.875821433672594,0.815197397448159
2.76073112241681,0.0813474428614172,-0.884877270832256,0.803529827970804
2.76079873562777,0.102034069176346,-0.893533834488112,0.79149976531177
2.76086634883873,0.122674583635838,-0.901787212482927,0.779112628847085
2.76095850808513,0.150716808835273,-0.912380655933836,0.761663847098534
2.76105066733154,0.178632781498571,-0.922209358231233,0.743576576732635
2.76111086723055,0.196789044373525,-0.928212927111144,0.731423882737626
2.76117106712957,0.214874827333281,-0.933884465547838,0.719009638214522
2.76123126702859,0.232883718359206,-0.939221970127825,0.706338251768611
2.76129146692761,0.250809262883503,-0.944223519640743,0.693414256757204
2.76136396718992,0.272277597569251,-0.949798514356165,0.677520916786891
2.76143646745224,0.293604685600832,-0.954880784271302,0.661276098670465
2.76150896771456,0.314779475695748,-0.959467706513202,0.644688230817429
2.76158146797687,0.335790958418263,-0.963556887286631,0.62776592886837
2.76165396823919,0.35662825180434,-0.967146219079681,0.61051796727529
2.76172646850151,0.377280526412454,-0.970233827024721,0.592953300612244
2.76181463579236,0.40213059982111,-0.973310242305907,0.571179642484775
2.76190280308321,0.426672236188183,-0.975639968848473,0.548967732660317
2.76199097037407,0.45088658427556,-0.977221229484854,0.526334645209303
2.76207913766492,0.474755042127535,-0.978052798216845,0.503297756089289
2.76216730495577,0.498259300969336,-0.97813404825822,0.479874747288873
2.76225547224663,0.521381316295154,-0.977464905747279,0.45608358945208
2.76234363953748,0.544103357089975,-0.976045894943111,0.431942537853127
2.76243180682833,0.566407982016546,-0.97387809367269,0.407470111656103
2.76251997411919,0.588278087878322,-0.970963175418244,0.382685087539884
2.76262837835152,0.614547172432338,-0.966358542578682,0.351811370146326
2.76273678258386,0.640103721713739,-0.960633202749023,0.320529481035284
2.76284518681619,0.664918006681152,-0.953793805694295,0.288875799013116
2.76295359104853,0.688961237858914,-0.945848294298819,0.256887056439878
2.76306199528086,0.712205501932816,-0.936805878524846,0.224600376591983
2.7631703995132,0.734623852234738,-0.926677050499859,0.192053198265121
2.76327880374553,0.756190269439181,-0.915473550571493,0.159283281132271
2.76338720797786,0.776879755653659,-0.903208376280475,0.126328620626794
2.7634956122102,0.796668298907837,-0.8898957456375,0.0932274467296405
2.76360401644253,0.815532963368973,-0.875551101989262,0.0600181386202555
2.76371242067487,0.833451854590154,-0.860191075255678,0.0267392206655062
2.7638208249072,0.850404204803,-0.843833483067741,-0.00657072173529357
2.76392922913954,0.866370338300705,-0.826497290108042,-0.0398730481926881
2.76399684240944,0.875821418138239,-0.815197422651777,-0.0606239954864841
2.76406445567934,0.884877263780607,-0.803529843545772,-0.0813474202348691
2.76413206894924,0.893533835227323,-0.79149977062039,-0.102034064606963
2.76419968221914,0.901787220310768,-0.779112623265788,-0.122674597044983
2.76429184148112,0.912380665099741,-0.761663838182959,-0.150716826916817
2.76438400074311,0.922209368470769,-0.743576564276988,-0.178632804193822
2.76444420061327,0.928212934122022,-0.731423875827979,-0.196789058294015
2.76450440048342,0.933884469646563,-0.719009637105512,-0.214874832541059
2.76456460035358,0.939221971633975,-0.70633825670823,-0.232883714925771
2.76462480022374,0.944223518876647,-0.693414267987155,-0.250809250889524
2.7646973004883,0.949798514009663,-0.677520927700379,-0.272277586309288
2.76476980075287,0.954880784313138,-0.661276109241704,-0.293604675071458
2.76484230101744,0.9594677069137,-0.644688241021146,-0.314779465892544
2.76491480128201,0.963556888015833,-0.627765938680213,-0.335790949335642
2.76498730154657,0.967146220107347,-0.610517976671529,-0.356628243435814
2.76505980181114,0.970233828320307,-0.592953309570033,-0.377280518750303
2.76514796910674,0.973310243947207,-0.571179650380217,-0.402130593566992
2.76523613640233,0.975639970755681,-0.548967739442619,-0.426672231313063
2.76532430369792,0.977221231577678,-0.526334650830405,-0.450886580747271
2.76541247099351,0.978052800414853,-0.503297760503922,-0.4747550399109
2.76550063828911,0.978134050480709,-0.479874750454601,-0.498259300026145
2.7655888055847,0.977464907913613,-0.456083591329268,-0.521381316584358
2.76567697288029,0.97604589697272,-0.431942538405135,-0.544103358567612
2.76576514017589,0.973878095485205,-0.407470110849322,-0.566407984635892
2.76585330747148,0.970963176933678,-0.382685085343738,-0.588278091589938
2.76596171170382,0.966358543897346,-0.351811367873974,-0.614547176023354
2.76607011593616,0.96063320387188,-0.320529478693042,-0.640103725178819
2.7661785201685,0.953793806622424,-0.288875796607353,-0.664918010015099
2.76628692440084,0.945848295033689,-0.256887053977085,-0.688961241056602
2.76639532863318,0.936805879067995,-0.224600374078553,-0.712205504989462
2.76650373286552,0.926677050853231,-0.192053195707703,-0.734623855145532
2.76661213709786,0.915473550737071,-0.159283278537516,-0.756190272199598
2.7667205413302,0.903208376260571,-0.126328618001278,-0.776879758259295
2.76682894556254,0.889895745434625,-0.0932274440801196,-0.796668301354531
2.76693734979488,0.875551101606115,-0.0600181359534589,-0.81553296565266
2.76704575402722,0.860191074695174,-0.0267392179881728,-0.833451856707
2.76715415825956,0.843833482332974,0.00657072441632628,-0.850404206749266
2.7672625624919,0.8264972892024,0.0398730508706729,-0.866370340073087
2.76733017576098,0.815197421781347,0.0606239979062566,-0.875821419687633
2.76739778903006,0.803529842720876,0.0813474223945874,-0.884877265115491
2.76746540229914,0.791499769851223,0.102034066505099,-0.893533836356356
2.76753301556822,0.779112622562427,0.122674598680382,-0.901787221242823
2.76762517485949,0.761663831722587,0.150716837424257,-0.912380669146848
2.76771733415076,0.743576551661,0.178632823481791,-0.922209375142799
2.76777753399641,0.731423867886135,0.196789070123343,-0.928212938009452
2.76783773384207,0.719009634054299,0.214874836963644,-0.933884471017923
2.76789793368772,0.706338258758992,0.232883712001421,-0.939221970760374
2.76795813353338,0.693414275345555,0.25080924068593,-0.944223516031522
2.76803063379775,0.677520935217913,0.272277576092991,-0.949798511310922
2.76810313406212,0.661276116917333,0.293604664846951,-0.954880781764321
2.7681756343265,0.644688248854017,0.314779455664243,-0.95946770451825
2.76824813459087,0.627765946669083,0.335790939108145,-0.963556885777231
2.76832063485525,0.610517984815175,0.356628233213694,-0.967146218028889
2.76839313511962,0.592953317867065,0.3772805085382,-0.970233826405287
2.76848130244093,0.571179652389222,0.402130590641392,-0.973310243030566
2.76856946976223,0.548967734908006,0.42667223549404,-0.97563997040206
2.76865763708353,0.526334639511758,0.450886591838368,-0.977221231350098
2.76874580440484,0.50329774217606,0.474755057699516,-0.978052799875542
2.76883397172614,0.479874724908078,0.498259324283784,-0.978134049191846
2.76892213904745,0.45608355837069,0.521381347067106,-0.97746490543782
2.76901030636875,0.431942497857413,0.544103395016417,-0.976045892873835
2.76909847369006,0.407470062552062,0.56640802677691,-0.973878089328971
2.76918664101136,0.382685029153369,0.588278139135002,-0.970963168288354
2.76929504524378,0.351811310850293,0.614547222257414,-0.966358533107718
2.76940344947619,0.320529420904336,0.640103770043476,-0.960633190947798
2.76951185370861,0.288875738122846,0.664918053453508,-0.95379379157636
2.76962025794102,0.2568869948667,0.688961283013716,-0.945848277880406
2.76972866217343,0.224600314413077,0.71220554541176,-0.936805859824805
2.76983706640585,0.192053135558555,0.734623893981336,-0.926677029539886
2.76994547063826,0.159283217976649,0.756190309399064,-0.91547352737568
2.77005387487068,0.126328557101372,0.776879793774379,-0.903208350875708
2.77016227910309,0.0932273829140934,0.796668335139112,-0.88989571805318
2.77027068333551,0.0600180745947664,0.815532997662605,-0.875551072257354
2.77037908756792,0.0267391565104213,0.833451886900226,-0.860191043410635
2.77048749180033,-0.00657078593933339,0.850404235085882,-0.843833449146511
2.77059589603275,-0.0398731123649365,0.866370366514995,-0.826497254150035
2.77066350924211,-0.0606240410164092,0.875821436750864,-0.815197395734448
2.77073112245148,-0.0813474471484926,0.884877273488897,-0.803529826340381
2.77079873566085,-0.10203407295544,0.893533836739868,-0.791499763784406
2.77086634887021,-0.122674586904481,0.90178721434685,-0.779112627442336
2.77095850817519,-0.150716829848286,0.912380664028044,-0.761663834179747
2.77105066748017,-0.178632820072984,0.92220937157545,-0.743576551502462
2.77111086733019,-0.196789068033584,0.928212934887257,-0.731423866853633
2.77117106718021,-0.214874836182647,0.933884468292644,-0.719009632109946
2.77123126703023,-0.232883712517489,0.939221968383396,-0.706338255865872
2.77129146688025,-0.250809242486018,0.944223513953753,-0.693414271467738
2.7713639671422,-0.272277577151299,0.949798508963002,-0.677520931811714
2.77143646740415,-0.293604665171206,0.954880779178819,-0.661276114007582
2.77150896766609,-0.314779455263365,0.959467701728049,-0.644688246464636
2.77158146792804,-0.335790937992102,0.963556882815432,-0.627765944823304
2.77165396818999,-0.356628231393524,0.967146214928848,-0.61051798353527
2.77172646845193,-0.377280506026134,0.970233823200567,-0.592953317174425
2.77181463579422,-0.402130594011383,0.973310240477963,-0.571179646466567
2.77190280313651,-0.426672244595111,0.975639968145574,-0.548967723550477
2.77199097047881,-0.450886606506086,0.97722122903285,-0.526334622526733
2.7720791378211,-0.474755077756289,0.978052797139995,-0.503297719383667
2.77216730516339,-0.498259349539187,0.978134045680504,-0.479874696141294
2.77225547250568,-0.52138137731814,0.97746490079371,-0.456083523475538
2.77234363984797,-0.54410343004775,0.976045886741189,-0.431942456693426
2.77243180719026,-0.56640806636133,0.973878081353638,-0.407470014992303
2.77251997453255,-0.588278183033566,0.97096315811843,-0.382684975084814
2.77262837876504,-0.61454726496502,0.966358520987234,-0.351811256022184
2.77273678299753,-0.64010381150694,0.960633176885729,-0.320529365378764
2.77284518723001,-0.664918093621102,0.953793775583793,-0.288875681962633
2.7729535914625,-0.688961321835175,0.945848259970721,-0.25688693813554
2.77306199569499,-0.712205582838386,0.936805840013681,-0.22460025717524
2.77317039992748,-0.734623929966048,0.926677007845005,-0.192053077878966
2.77327880415996,-0.756190343896352,0.91547350381721,-0.159283159920855
2.77338720839245,-0.776879826740492,0.903208325475832,-0.126328498735338
2.77349561262494,-0.796668366531987,0.889895690836255,-0.0932273243042402
2.77360401685743,-0.815533027442014,0.875551043249927,-0.0600180158078661
2.77371242108991,-0.833451915027774,0.860191012641208,-0.0267390976134163
2.7738208253224,-0.850404261525005,0.8438334166458,0.00657084487923366
2.77392922955489,-0.866370391231205,0.826497219950745,0.0398731712805045
2.77399684270527,-0.875821452297062,0.815197370519125,0.0606240817779656
2.77406445585566,-0.884877280546455,0.803529810760672,0.0813474697857911
2.77413206900604,-0.893533836001065,0.79149975847839,0.102034077522725
2.77419968215642,-0.901787206514501,0.779112633034076,0.122674573480447
2.77429184144584,-0.912380654860431,0.761663843101879,0.150716811758572
2.77438400073526,-0.922209361336681,0.743576563960485,0.178632797376236
2.77444420061415,-0.928212927877829,0.731423873764265,0.196789054113599
2.77450440049304,-0.93388446419598,0.719009633218606,0.214874830977379
2.77456460037192,-0.939221966879806,0.706338250924376,0.232883715955452
2.77462480025081,-0.944223514720836,0.693414260234406,0.250809254486462
2.77469730051049,-0.949798509310719,0.677520920899631,0.272277588411109
2.77476980077016,-0.954880779136749,0.661276103442935,0.293604675693796
2.77484230102983,-0.959467701326093,0.644688236272819,0.314779465053299
2.7749148012895,-0.963556882083871,0.627765935028868,0.335790947055025
2.77498730154918,-0.967146213898269,0.610517974162151,0.356628239736113
2.77505980180885,-0.970233821901802,0.592953308245623,0.377280513656206
2.7751479691464,-0.973310238834211,0.571179638602361,0.402130600231868
2.77523613648394,-0.975639966236853,0.548967716801723,0.426672249435179
2.77532430382148,-0.977221226939432,0.526334616941479,0.450886609997984
2.77541247115903,-0.978052794942518,0.503297715007209,0.474755079935295
2.77550063849657,-0.978134043459707,0.479874693016161,0.498259350443555
2.77558880583412,-0.977464898630402,0.456083521641395,0.52138137698902
2.77567697317166,-0.97604588471604,0.431942456186823,0.544103428529232
2.77576514050921,-0.973878079547134,0.407470015846962,0.566408063700187
2.77585330784675,-0.970963156610599,0.382684977331262,0.588278179279358
2.77596171207923,-0.966358519678189,0.351811258346662,0.614547261331558
2.77607011631171,-0.960633175774576,0.320529367774947,0.640103807999649
2.77617852054419,-0.953793774669415,0.288875684424081,0.664918090245347
2.77628692477666,-0.945848259251838,0.256886940655722,0.688961318596144
2.77639532900914,-0.936805839488663,0.224600259747627,0.712205579741066
2.77650373324162,-0.926677007512186,0.19205308049699,0.734623927015205
2.7766121374741,-0.915473503674523,0.159283162577833,0.756190341096686
2.77672054170658,-0.903208325521012,0.126328501424555,0.776879824096461
2.77682894593906,-0.889895691066893,0.0932273270189382,0.796668364047954
2.77693735017153,-0.875551043663332,0.060018018541204,0.815533025122133
2.77704575440401,-0.860191013234545,0.0267391003585882,0.833451912875971
2.77715415863649,-0.843833417415917,-0.00657084212907676,0.850404259544998
2.77726256286897,-0.82649722089439,-0.0398731685322017,0.86637038942659
2.77733017602025,-0.815197371415914,-0.0606240793112179,0.875821450727108
2.77739778917153,-0.803529811599411,-0.081347467602401,0.884877279201802
2.77746540232281,-0.791499759248099,-0.102034075624147,0.893533834872253
2.77753301547409,-0.779112633723936,-0.12267457186771,0.901787205591656
2.77762517473424,-0.761663849545465,-0.15071680127795,0.912380650823408
2.77771733399438,-0.743576576556208,-0.17863277811916,0.922209354675358
2.77777753389773,-0.731423881694623,-0.196789042301525,0.928212923996136
2.77783773380108,-0.719009636267399,-0.214874826558483,0.933884462825862
2.77789793370442,-0.706338248880664,-0.232883718870033,0.939221967750713
2.77795813360777,-0.693414252892818,-0.250809264667031,0.944223517559862
2.77803063386766,-0.67752091339308,-0.272277598612839,0.949798512005915
2.77810313412756,-0.661276095771988,-0.293604685912188,0.954880781684175
2.77817563438745,-0.644688228438197,-0.314779475283732,0.959467703721931
2.77824813464735,-0.627765927031485,-0.335790957292811,0.963556884324299
2.77832063490724,-0.610517966002989,-0.356628249976576,0.967146215979524
2.77839313516714,-0.592953299925867,-0.377280523894481,0.970233823820319
2.77848130247899,-0.571179636564639,-0.402130603189497,0.973310239754111
2.77856946979085,-0.548967721301332,-0.426672245291873,0.975639966593236
2.7786576371027,-0.526334628218773,-0.450886598950053,0.977221227168803
2.77874580441456,-0.503297733287174,-0.47475506219514,0.978052795482331
2.77883397172641,-0.47987471850802,-0.498259326239392,0.978134044747447
2.77892213903827,-0.456083554538416,-0.52138134656462,0.977464901103008
2.77901030635012,-0.431942496666013,-0.544103392143313,0.976045888809307
2.77909847366198,-0.407470064068625,-0.566408021626332,0.973878085694977
2.77918664097384,-0.382685033438836,-0.588278131805501,0.970963165244321
2.77929504520624,-0.351811315285697,-0.614547215167376,0.966358530453064
2.77940344943865,-0.320529425477202,-0.640103763203417,0.960633188680627
2.77951185367105,-0.288875742820562,-0.664918046873734,0.953793789694282
2.77962025790346,-0.256886999676505,-0.688961276704108,0.945848276380568
2.77972866213587,-0.224600319322094,-0.712205539381962,0.936805858704056
2.77983706636827,-0.192053140553801,-0.734623888240659,0.926677028794421
2.77994547060068,-0.159283223045047,-0.756190303956466,0.915473527001482
2.78005387483308,-0.126328562229666,-0.776879788638509,0.903208350868177
2.78016227906549,-0.0932273880890818,-0.79666833031822,0.889895718407299
2.7802706832979,-0.0600180798030922,-0.815532993164646,0.875551072967727
2.7803790875303,-0.0267391617387285,-0.833451882732715,0.860191044471451
2.78048749176271,0.00657078070446515,-0.850404231255942,0.84383345055147
2.78059589599512,0.0398731071369177,-0.866370363029479,0.826497255892541
2.780663509206,0.0606240362674593,-0.875821433692273,0.815197397424799
2.78073112241689,0.0813474428823724,-0.884877270841641,0.803529827959232
2.78079873562778,0.102034069175286,-0.893533834488013,0.791499765312704
2.78086634883867,0.122674583612823,-0.901787212474198,0.779112628861342
2.78095850808509,0.150716808818944,-0.912380655928054,0.761663847109074
2.78105066733152,0.178632781488868,-0.922209358228005,0.743576576739136
2.78111086723055,0.196789044367405,-0.928212927109216,0.7314238827418
2.78117106712958,0.214874827330724,-0.933884465547041,0.719009638216292
2.78123126702861,0.232883718360234,-0.93922197012805,0.706338251767804
2.78129146692764,0.250809262888044,-0.944223519641772,0.693414256753731
2.78136396718995,0.272277597571655,-0.949798514356512,0.677520916784842
2.78143646745225,0.29360468560109,-0.954880784271052,0.661276098669928
2.78150896771456,0.314779475693892,-0.959467706512426,0.644688230818494
2.78158146797687,0.335790958414354,-0.963556887285447,0.627765928871062
2.78165396823918,0.356628251798444,-0.967146219078157,0.610517967279665
2.78172646850149,0.377280526404547,-0.970233827022982,0.592953300618419
2.78181463579236,0.402130599816691,-0.973310242304629,0.571179642487918
2.78190280308322,0.42667223618721,-0.975639968847542,0.54896773266031
2.78199097037409,0.450886584277935,-0.977221229483957,0.526334645206037
2.78207913766495,0.474755042133174,-0.978052798215845,0.50329775608265
2.78216730495582,0.498259300978061,-0.978134048256863,0.4798747472788
2.78225547224669,0.521381316306929,-0.977464905745405,0.456083589438461
2.78234363953755,0.544103357104659,-0.976045894940462,0.431942537835794
2.78243180682842,0.566407982033954,-0.973878093669083,0.407470111635112
2.78251997411928,0.588278087898357,-0.97096317541342,0.382685087515077
2.78262837835162,0.614547172451831,-0.966358542572866,0.351811370121006
2.78273678258395,0.640103721732737,-0.960633202742182,0.320529481009448
2.78284518681629,0.664918006699573,-0.953793805686424,0.288875798986835
2.78295359104863,0.688961237876715,-0.94584829428989,0.256887056413185
2.78306199528096,0.712205501949996,-0.936805878514879,0.224600376564867
2.7831703995133,0.734623852251197,-0.926677050488901,0.192053198237694
2.78327880374563,0.75619026945493,-0.915473550559498,0.159283281104538
2.78338720797797,0.776879755668679,-0.903208376267464,0.126328620598755
2.7834956122103,0.796668298922108,-0.889895745623479,0.0932274467013477
2.78360401644264,0.815532963382452,-0.87555110197421,0.0600181385917606
2.78371242067497,0.833451854602803,-0.8601910752396,0.0267392206367921
2.78382082490731,0.850404204814767,-0.843833483050639,-0.00657072176414868
2.78392922913964,0.866370338311645,-0.826497290089979,-0.0398730482216326
2.78399684240952,0.875821418145311,-0.815197422637247,-0.0606239955080519
2.78406445567939,0.884877263784077,-0.803529843535018,-0.0813474202490428
2.78413206894927,0.893533835227449,-0.791499770613706,-0.102034064613778
2.78419968221915,0.901787220307828,-0.779112623263385,-0.122674597044479
2.78429184148116,0.912380665100376,-0.761663838174316,-0.150716826926078
2.78438400074318,0.922209368474359,-0.743576564261619,-0.178632804212778
2.78444420061331,0.928212934122794,-0.73142387581744,-0.196789058305374
2.78450440048345,0.933884469644816,-0.71900963709996,-0.214874832544891
2.78456460035358,0.939221971630006,-0.706338256707859,-0.232883714922161
2.78462480022371,0.944223518870687,-0.693414267992186,-0.250809250878526
2.78469730048828,0.949798514004197,-0.677520927704707,-0.272277586299497
2.78476980075285,0.954880784308086,-0.661276109245205,-0.293604675062879
2.78484230101742,0.959467706908976,-0.644688241023884,-0.31477946588514
2.78491480128199,0.963556888011466,-0.627765938682045,-0.335790949329426
2.78498730154657,0.967146220103234,-0.610517976672519,-0.356628243430767
2.78505980181114,0.970233828316451,-0.59295330957007,-0.377280518746416
2.78514796910675,0.973310243944004,-0.571179650375015,-0.402130593569004
2.78523613640237,0.975639970752808,-0.548967739431995,-0.426672231320846
2.78532430369798,0.977221231574792,-0.5263346508142,-0.450886580760607
2.78541247099359,0.978052800411576,-0.503297760481954,-0.474755039929643
2.78550063828921,0.978134050476721,-0.479874750426605,-0.498259300050107
2.78558880558482,0.977464907908517,-0.456083591295234,-0.521381316613301
2.78567697288044,0.976045896966221,-0.431942538364866,-0.544103358601336
2.78576514017605,0.973878095476916,-0.407470110802725,-0.566407984674171
2.78585330747166,0.97096317692318,-0.382685085290652,-0.588278091632539
2.78596171170401,0.966358543884897,-0.351811367819965,-0.614547176064965
2.78607011593635,0.960633203857445,-0.320529478638138,-0.640103725219339
2.78617852016869,0.953793806606096,-0.288875796551635,-0.664918010054466
2.78628692440103,0.945848295015405,-0.256887053920561,-0.688961241094846
2.78639532863337,0.936805879047793,-0.224600374021331,-0.712205505026431
2.78650373286571,0.926677050831048,-0.192053195649807,-0.734623855181238
2.78661213709805,0.915473550712918,-0.159283278478964,-0.756190272233969
2.78672054133039,0.903208376234484,-0.126328617942209,-0.776879758292255
2.78682894556273,0.88989574540659,-0.093227444020582,-0.79666830138602
2.78693734979507,0.875551101576169,-0.0600181358935369,-0.815532965682653
2.78704575402741,0.860191074663321,-0.0267392179278921,-0.833451856735446
2.78715415825976,0.843833482299211,0.0065707244769168,-0.850404206776131
2.7872625624921,0.826497289166751,0.0398730509314735,-0.866370340098245
2.78733017576111,0.815197421755301,0.0606239979477624,-0.875821419703082
2.78739778903013,0.803529842705114,0.0813474224167993,-0.884877265121945
2.78746540229915,0.791499769846385,0.102034066508149,-0.893533836354531
2.78753301556816,0.779112622569158,0.122674598664338,-0.901787221233506
2.78762517485943,0.76166383173016,0.150716837407563,-0.912380669137715
2.7877173341507,0.74357655166939,0.178632823464541,-0.922209375133949
2.78777753399638,0.731423867889714,0.196789070113661,-0.928212938003389
2.78783773384206,0.719009634052852,0.214874836961512,-0.933884471014349
2.78789793368774,0.706338258752275,0.232883712006747,-0.939221970759023
2.78795813353342,0.693414275333374,0.25080924069866,-0.944223516032018
2.78803063379778,0.677520935207053,0.272277576103617,-0.949798511310669
2.78810313406215,0.661276116907921,0.293604664855486,-0.9548807817634
2.78817563432652,0.644688248845979,0.314779455670802,-0.959467704516748
2.78824813459089,0.627765946662538,0.335790939112704,-0.963556885775243
2.78832063485525,0.610517984810213,0.35662823321626,-0.967146218026502
2.78839313511962,0.592953317863735,0.377280508538869,-0.97023382640258
2.78848130244092,0.57117965238612,0.402130590641795,-0.973310243027908
2.78856946976223,0.548967734905135,0.426672235494214,-0.97563997039936
2.78865763708353,0.5263346395091,0.450886591838315,-0.977221231347416
2.78874580440484,0.503297742173653,0.474755057699243,-0.978052799872879
2.78883397172614,0.479874724905908,0.498259324283302,-0.978134049189205
2.78892213904744,0.456083558368798,0.521381347066426,-0.977464905435223
2.78901030636875,0.431942497855776,0.544103395015537,-0.97604589287132
2.78909847369005,0.407470062550719,0.566408026775811,-0.973878089326549
2.78918664101135,0.38268502915231,0.588278139133743,-0.97096316828605
2.78929504524377,0.351811310849052,0.614547222256412,-0.966358533105466
2.78940344947618,0.320529420902933,0.640103770042694,-0.960633190945619
2.7895118537086,0.288875738121273,0.664918053452948,-0.953793791574225
2.78962025794101,0.256886994864989,0.688961283013345,-0.945848277878325
2.78972866217343,0.22460031441121,0.712205545411543,-0.936805859822748
2.78983706640584,0.192053135556525,0.734623893981301,-0.926677029537806
2.78994547063826,0.159283217974507,0.756190309399169,-0.915473527373642
2.79005387487067,0.126328557099053,0.776879793774638,-0.903208350873677
2.79016227910309,0.093227382911668,0.796668335139509,-0.889895718051177
2.7902706833355,0.0600180745921639,0.815532997663129,-0.87555107225528
2.79037908756792,0.0267391565076169,0.833451886900923,-0.860191043408535
2.79048749180033,-0.00657078594224811,0.850404235086618,-0.843833449144347
2.79059589603275,-0.0398731123680393,0.866370366515856,-0.826497254147808
2.79066350924211,-0.0606240410184151,0.87582143675129,-0.815197395732875
2.79073112245147,-0.0813474471493991,0.884877273488866,-0.803529826339468
2.79079873566083,-0.102034072955258,0.893533836739455,-0.791499763784167
2.7908663488702,-0.122674586903254,0.901787214346114,-0.77911262744283
2.79095850817516,-0.150716829842414,0.91238066402573,-0.761663834183291
2.79105066748012,-0.178632820062564,0.922209371571823,-0.743576551509263
2.79111086733016,-0.196789068027635,0.928212934885286,-0.731423866857673
2.79117106718019,-0.214874836181184,0.933884468292214,-0.719009632111054
2.79123126703023,-0.232883712520479,0.93922196838438,-0.706338255863867
2.79129146688026,-0.250809242493375,0.944223513955965,-0.693414271462533
2.79136396714219,-0.272277577152885,0.949798508963658,-0.677520931810787
2.79143646740412,-0.293604665167101,0.954880779178227,-0.661276114011142
2.79150896766604,-0.314779455253663,0.959467701726477,-0.644688246472812
2.79158146792797,-0.335790937976856,0.963556882813148,-0.627765944836277
2.7916539681899,-0.356628231372883,0.967146214926109,-0.610517983553208
2.79172646845183,-0.37728050600024,0.970233823197693,-0.592953317197412
2.79181463579408,-0.402130593975307,0.973310240474813,-0.571179646499503
2.79190280313633,-0.426672244549198,0.975639968142843,-0.548967723593624
2.79199097047859,-0.450886606450672,0.977221229031065,-0.526334622580416
2.79207913782084,-0.474755077691707,0.978052797139912,-0.503297719448171
2.7921673051631,-0.498259349465773,0.978134045682669,-0.479874696216844
2.79225547250535,-0.521381377236343,0.97746490079879,-0.456083523562446
2.7923436398476,-0.544103429957923,0.976045886749833,-0.431942456791905
2.79243180718986,-0.566408066263863,0.973878081366493,-0.407470015102589
2.79251997453211,-0.58827818292898,0.970963158136048,-0.382684975206998
2.7926283787646,-0.614547264863585,0.966358521009379,-0.351811256145748
2.79273678299709,-0.640103811408746,0.960633176912279,-0.320529365503523
2.79284518722958,-0.664918093526269,0.953793775614723,-0.288875682088462
2.79295359146207,-0.688961321743829,0.945848260006028,-0.256886938262212
2.79306199569455,-0.712205582750571,0.936805840053257,-0.224600257302641
2.79317039992704,-0.734623929881857,0.926677007888801,-0.192053078006946
2.79327880415953,-0.756190343815852,0.91547350386511,-0.159283160049262
2.79338720839202,-0.776879826663753,0.903208325527793,-0.126328498863992
2.79349561262451,-0.796668366459122,0.889895690892171,-0.0932273244330296
2.793604016857,-0.815533027373084,0.875551043309668,-0.0600180159365542
2.79371242108949,-0.833451914962836,0.860191012704747,-0.0267390977419096
2.79382082532198,-0.850404261464078,0.843833416712988,0.00657084475111168
2.79392922955446,-0.866370391174377,0.826497220021523,0.0398731711528621
2.79399684270497,-0.875821452260003,0.815197370570766,0.0606240816892623
2.79406445585548,-0.884877280527669,0.803529810791766,0.0813474697359625
2.79413206900599,-0.893533835999175,0.791499758487562,0.102034077511626
2.7941996821565,-0.901787206527908,0.779112633019931,0.122674573507954
2.79429184144593,-0.912380654873603,0.761663843086452,0.150716811787147
2.79438400073535,-0.92220936134951,0.743576563943613,0.178632797405905
2.7944442006142,-0.928212927886328,0.731423873755035,0.196789054131335
2.79450440049305,-0.933884464200606,0.719009633217392,0.214874830983225
2.7945646003719,-0.939221966880986,0.706338250931538,0.232883715949474
2.79462480025074,-0.944223514719013,0.693414260250207,0.250809254468819
2.79469730051044,-0.949798509311102,0.677520920910624,0.272277588400481
2.79476980077014,-0.954880779138933,0.661276103448799,0.293604675690148
2.79484230102983,-0.959467701329837,0.644688236273372,0.31477946505649
2.79491480128953,-0.96355688208884,0.627765935023889,0.335790947064958
2.79498730154923,-0.967146213904126,0.610517974151379,0.356628239752737
2.79505980180892,-0.970233821908245,0.592953308228904,0.377280513679357
2.79514796914645,-0.973310238839424,0.571179638590518,0.40213060024892
2.79523613648397,-0.975639966241146,0.548967716794864,0.426672249446267
2.7953243038215,-0.977221226943163,0.526334616939932,0.450886610003214
2.79541247115902,-0.978052794946033,0.503297715011154,0.474755079934879
2.79550063849654,-0.978134043463362,0.479874693025712,0.49825935043767
2.79558880583407,-0.977464898634591,0.456083521656728,0.521381376977847
2.79567697317159,-0.976045884721119,0.431942456208155,0.54410342851294
2.79576514050911,-0.973878079553402,0.407470015874406,0.566408063678985
2.79585330784664,-0.970963156618478,0.382684977364932,0.588278179253525
2.79596171207912,-0.966358519687136,0.351811258380177,0.614547261306986
2.7960701163116,-0.960633175784565,0.32052936780826,0.640103807976281
2.79617852054408,-0.95379377468044,0.288875684457198,0.664918090223239
2.79628692477656,-0.945848259263826,0.256886940688616,0.688961318575222
2.79639532900904,-0.936805839501606,0.224600259780238,0.712205579721332
2.79650373324152,-0.926677007526011,0.192053080529289,0.734623926996685
2.796612137474,-0.915473503689146,0.159283162609752,0.756190341079418
2.79672054170648,-0.903208325536421,0.126328501456042,0.776879824080368
2.79682894593896,-0.889895691083054,0.0932273270499893,0.796668364033041
2.79693735017144,-0.875551043680114,0.0600180185717344,0.815533025108397
2.79704575440392,-0.860191013251981,0.0267391003885959,0.833451912863366
2.7971541586364,-0.843833417433922,-0.00657084209962349,0.850404259533564
2.79726256286888,-0.826497220912967,-0.0398731685033031,0.866370389416263
2.79733017602019,-0.815197371429868,-0.0606240792915771,0.875821450721427
2.7973977891715,-0.80352981160839,-0.0813474675920332,0.88487727920041
2.79746540232281,-0.791499759251832,-0.102034075622993,0.893533834874828
2.79753301547412,-0.779112633722017,-0.122674571875756,0.901787205597778
2.79762517473427,-0.761663849543224,-0.150716801286216,0.912380650829407
2.79771733399441,-0.743576576553578,-0.178632778127603,0.922209354681174
2.79777753389775,-0.731423881694485,-0.196789042306051,0.928212924000486
2.79783773380108,-0.719009636269819,-0.214874826559153,0.933884462828979
2.79789793370441,-0.706338248885815,-0.232883718866911,0.939221967752702
2.79795813360775,-0.693414252900818,-0.250809264660064,0.944223517560867
2.79803063386761,-0.677520913409468,-0.272277598594834,0.949798512004303
2.79810313412746,-0.66127609579712,-0.293604685883339,0.954880781680455
2.79817563438732,-0.644688228472422,-0.314779475244183,0.959467703716572
2.79824813464718,-0.627765927075134,-0.335790957242785,0.963556884317902
2.79832063490704,-0.610517966056333,-0.356628249916262,0.96714621597256
2.79839313516689,-0.592953299989215,-0.377280523824128,0.970233823813327
2.79848130247871,-0.571179636637574,-0.402130603110612,0.973310239748192
2.79856946979054,-0.548967721384163,-0.426672245204754,0.975639966588897
2.79865763710236,-0.526334628311756,-0.450886598854915,0.977221227166666
2.79874580441418,-0.50329773339061,-0.47475506209238,0.978052795482956
2.798833971726,-0.479874718622094,-0.498259326129343,0.978134044751381
2.79892213903782,-0.456083554663308,-0.52138134644764,0.977464901110911
2.79901030634964,-0.4319424968019,-0.544103392019823,0.976045888821735
2.79909847366147,-0.407470064215634,-0.566408021496767,0.973878085712367
2.79918664097329,-0.382685033597151,-0.588278131670254,0.970963165267399
2.79929504520569,-0.351811315446618,-0.61454721503526,0.966358530481857
2.7994034494381,-0.320529425640492,-0.640103763074638,0.960633188715131
2.7995118536705,-0.288875742986049,-0.664918046748499,0.953793789734509
2.79962025790291,-0.256886999844018,-0.688961276582542,0.945848276426518
2.79972866213531,-0.224600319491464,-0.712205539264241,0.936805858755668
2.79983706636772,-0.192053140724804,-0.73462388812694,0.92667702885175
2.79994547060012,-0.159283223217479,-0.756190303846925,0.9154735270644
2.80005387483253,-0.126328562403405,-0.776879788533249,0.90320835093662
2.80016227906493,-0.0932273882638859,-0.796668330217474,0.88989571848131
2.80027068329734,-0.0600180799787759,-0.81553299306846,0.875551073047176
2.80037908752974,-0.0267391619150557,-0.833451882641243,0.860191044556294
2.80048749176215,0.00657078052761128,-0.850404231169302,0.8438334506417
2.80059589599455,0.0398731069598058,-0.866370362947874,0.826497255988029
2.80066350920563,0.06062403614815,-0.875821433639607,0.81519739749146
2.8007311224167,0.0813474428207736,-0.884877270815842,0.803529827995036
2.80079873562778,0.10203406917121,-0.893533834486827,0.791499765315626
2.80086634883885,0.122674583666028,-0.901787212495375,0.779112628829331
2.80095850808534,0.150716808892058,-0.912380655955053,0.761663847062961
2.80105066733184,0.178632781581717,-0.922209358259679,0.74357657667794
2.80111086723075,0.196789044424343,-0.92821292712766,0.731423882703312
2.80117106712966,0.214874827352021,-0.933884465553579,0.719009638201539
2.80123126702857,0.232883718346151,-0.939221970123991,0.706338251777822
2.80129146692748,0.250809262838943,-0.944223519628423,0.693414256789482
2.8013639671898,0.27227759752525,-0.949798514344801,0.677520916819576
2.80143646745212,0.29360468555735,-0.954880784260914,0.661276098703521
2.80150896771443,0.314779475652824,-0.959467706503724,0.64468823085084
2.80158146797675,0.335790958375901,-0.96355688727801,0.627765928902102
2.80165396823907,0.356628251762603,-0.967146219071925,0.610517967309317
2.80172646850139,0.37728052637128,-0.970233827017892,0.592953300646588
2.80181463579226,0.402130599787264,-0.973310242300841,0.571179642513515
2.80190280308314,0.426672236161569,-0.975639968844808,0.548967732683213
2.80199097037402,0.450886584255979,-0.977221229482093,0.526334645226045
2.8020791376649,0.474755042114848,-0.978052798214589,0.503297756099714
2.80216730495578,0.498259300963311,-0.978134048256054,0.479874747292718
2.80225547224666,0.521381316295613,-0.977464905744751,0.456083589449117
2.80234363953753,0.544103357096657,-0.976045894939863,0.431942537843173
2.80243180682841,0.566407982029184,-0.973878093668261,0.407470111639037
2.80251997411929,0.58827808789667,-0.970963175412212,0.382685087515489
2.80262837835163,0.614547172449886,-0.966358542571588,0.351811370121681
2.80273678258396,0.640103721730523,-0.960633202740886,0.320529481010338
2.80284518681629,0.664918006697138,-0.953793805685122,0.288875798987966
2.80295359104863,0.688961237874047,-0.94584829428866,0.256887056414605
2.80306199528096,0.712205501947103,-0.936805878513659,0.22460037656652
2.8031703995133,0.734623852248129,-0.926677050487683,0.192053198239577
2.80327880374563,0.756190269451686,-0.915473550558383,0.159283281106665
2.80338720797797,0.77687975566525,-0.903208376266433,0.126328620601156
2.8034956122103,0.796668298918539,-0.889895745622571,0.0932274467039798
2.80360401644263,0.815532963378738,-0.875551101973448,0.0600181385946809
2.80371242067497,0.833451854598993,-0.860191075238978,0.0267392206399663
2.8038208249073,0.850404204810875,-0.843833483050166,-0.00657072176069651
2.80392922913964,0.866370338307591,-0.826497290089669,-0.0398730482179322
2.80399684240951,0.875821418141467,-0.815197422636742,-0.0606239955047576
2.80406445567939,0.884877263780431,-0.803529843534282,-0.0813474202461773
2.80413206894927,0.893533835224022,-0.791499770612671,-0.102034064611353
2.80419968221915,0.901787220304599,-0.779112623262134,-0.122674597042479
2.80429184148118,0.912380665098433,-0.761663838170587,-0.15071682692788
2.80438400074321,0.922209368473631,-0.743576564255296,-0.178632804218384
2.80444420061333,0.928212934121304,-0.731423875812381,-0.196789058308961
2.80450440048346,0.933884469642573,-0.719009637096121,-0.214874832546466
2.80456460035358,0.939221971627109,-0.706338256705408,-0.232883714921732
2.80462480022371,0.944223518867221,-0.693414267991134,-0.250809250876126
2.80469730048826,0.949798513999483,-0.677520927707405,-0.272277586292134
2.80476980075282,0.954880784302374,-0.661276109251767,-0.293604675050635
2.80484230101737,0.959467706902544,-0.644688241034474,-0.314779465868096
2.80491480128193,0.963556888004455,-0.627765938696841,-0.335790949307649
2.80498730154648,0.967146220095941,-0.610517976691646,-0.356628243404297
2.80505980181104,0.970233828309061,-0.59295330959369,-0.377280518715403
2.80514796910666,0.973310243937659,-0.571179650397705,-0.402130593539984
2.80523613640228,0.975639970747379,-0.548967739453609,-0.426672231293799
2.8053243036979,0.977221231570188,-0.52633465083462,-0.450886580735594
2.80541247099352,0.978052800407709,-0.503297760501105,-0.474755039906586
2.80550063828914,0.978134050473453,-0.479874750444486,-0.498259300028965
2.80558880558476,0.977464907905759,-0.456083591311694,-0.521381316594076
2.80567697288038,0.976045896963849,-0.431942538379883,-0.544103358584001
2.805765140176,0.973878095474841,-0.407470110816231,-0.566407984658611
2.80585330747162,0.970963176921336,-0.382685085302614,-0.588278091618736
2.80596171170396,0.966358543883576,-0.351811367832338,-0.614547176051257
2.8060701159363,0.960633203856655,-0.320529478650908,-0.64010372520577
2.80617852016864,0.95379380660584,-0.288875796564788,-0.664918010041056
2.80628692440098,0.945848295015693,-0.256887053934137,-0.688961241081576
2.80639532863332,0.936805879048656,-0.224600374035256,-0.712205505013378
2.80650373286566,0.926677050832479,-0.192053195664115,-0.734623855168371
2.806612137098,0.915473550714996,-0.159283278493662,-0.756190272221341
2.80672054133034,0.903208376237153,-0.126328617957235,-0.776879758279925
2.80682894556268,0.889895745409872,-0.0932274440359099,-0.796668301373951
2.80693734979502,0.875551101580038,-0.0600181359091451,-0.815532965670927
2.80704575402736,0.860191074667814,-0.0267392179438051,-0.833451856724043
2.8071541582597,0.843833482304393,0.00657072446070442,-0.850404206765086
2.80726256249204,0.82649728917255,0.0398730509150099,-0.866370340087599
2.80733017576107,0.815197421758379,0.0606239979367924,-0.87582141969518
2.80739778903011,0.803529842705263,0.0813474224113399,-0.884877265116615
2.80746540229914,0.791499769843464,0.102034066508123,-0.893533836351633
2.80753301556818,0.77911262256297,0.122674598669724,-0.901787221232702
2.80762517485942,0.761663831728585,0.150716837405505,-0.912380669134122
2.80771733415067,0.743576551672811,0.178632823455074,-0.922209375127898
2.80777753399636,0.731423867890668,0.196789070108061,-0.928212937998751
2.80783773384205,0.719009634051237,0.214874836959759,-0.933884471010982
2.80789793368774,0.706338258747991,0.2328837120088,-0.939221970756823
2.80795813353343,0.69341427532632,0.250809240704499,-0.944223516030826
2.80803063379781,0.677520935198432,0.272277576111419,-0.949798511309874
2.80810313406218,0.661276116897595,0.293604664865219,-0.954880781762832
2.80817563432655,0.644688248834032,0.314779455682381,-0.959467704516404
2.80824813459093,0.627765946648875,0.33579093912613,-0.96355688577497
2.8083206348553,0.610517984794695,0.356628233231525,-0.967146218026251
2.80839313511968,0.592953317846393,0.377280508555877,-0.970233826402235
2.80848130244097,0.571179652371342,0.402130590655397,-0.973310243026695
2.80856946976226,0.548967734893083,0.426672235504464,-0.975639970397577
2.80865763708355,0.526334639499882,0.450886591845293,-0.977221231345161
2.80874580440485,0.503297742167398,0.474755057703024,-0.978052799870423
2.80883397172614,0.479874724902693,0.498259324284005,-0.978134049186679
2.80892213904743,0.45608355836871,0.521381347064147,-0.977464905432853
2.80901030636872,0.431942497858938,0.544103395010371,-0.976045892869339
2.80909847369001,0.407470062557173,0.566408026767885,-0.973878089325062
2.80918664101131,0.382685029162125,0.588278139123179,-0.970963168285284
2.80929504524372,0.351811310858855,0.61454722224632,-0.966358533105153
2.80940344947614,0.320529420912671,0.640103770033075,-0.960633190945769
2.80951185370855,0.288875738130913,0.664918053443853,-0.953793791574775
2.80962025794097,0.256886994874516,0.688961283004716,-0.945848277879262
2.80972866217338,0.224600314420589,0.712205545403474,-0.936805859824038
2.8098370664058,0.192053135565741,0.734623893973731,-0.92667702953946
2.80994547063822,0.159283217983531,0.756190309392134,-0.915473527375607
2.81005387487063,0.126328557107894,0.776879793768035,-0.903208350875938
2.81016227910305,0.0932273829202303,0.796668335133467,-0.889895718053649
2.81027068333546,0.0600180746004917,0.815532997657586,-0.875551072258059
2.81037908756788,0.0267391565157304,0.833451886895813,-0.860191043411538
2.81048749180029,-0.00657078593443681,0.850404235082012,-0.843833449147532
2.81059589603271,-0.0398731123604801,0.866370366511703,-0.826497254151209
2.81066350924208,-0.0606240410121287,0.8758214367479,-0.815197395735761
2.81073112245144,-0.0813474471443733,0.884877273486253,-0.803529826341839
2.81079873566081,-0.102034072951485,0.893533836737461,-0.791499763785983
2.81086634887018,-0.122674586900739,0.90178721434477,-0.779112627444026
2.81095850817511,-0.150716829830684,0.912380664021194,-0.761663834190508
2.81105066748004,-0.178632820041648,0.92220937156459,-0.743576551522937
2.8111108673301,-0.196789068014502,0.928212934880998,-0.731423866866453
2.81117106718016,-0.214874836175781,0.933884468290566,-0.719009632114751
2.81123126703022,-0.232883712522739,0.939221968385052,-0.706338255862298
2.81129146688028,-0.250809242503275,0.944223513958666,-0.693414271455366
2.81136396714222,-0.272277577163855,0.949798508966539,-0.677520931802672
2.81143646740415,-0.293604665179054,0.95488077918115,-0.661276114002087
2.81150896766608,-0.3147794552666,0.959467701729434,-0.644688246462834
2.81158146792801,-0.33579093799074,0.9635568828161,-0.627765944825323
2.81165396818994,-0.356628231387706,0.96714621492895,-0.610517983541244
2.81172646845187,-0.377280506015959,0.970233823200424,-0.592953317184439
2.81181463579411,-0.402130593988353,0.973310240476873,-0.571179646488547
2.81190280313636,-0.426672244559598,0.975639968144414,-0.54896772358483
2.8119909704786,-0.450886606458428,0.977221229032367,-0.526334622573902
2.81207913782085,-0.474755077696958,0.978052797140987,-0.503297719444022
2.81216730516309,-0.498259349468628,0.978134045683767,-0.479874696215133
2.81225547250534,-0.521381377236748,0.97746490080004,-0.456083523563276
2.81234363984758,-0.544103429956066,0.976045886751404,-0.431942456795312
2.81243180718982,-0.566408066259809,0.97387808136847,-0.407470015108648
2.81251997453207,-0.588278182922821,0.970963158138613,-0.382684975215808
2.81262837876455,-0.614547264856682,0.966358521012614,-0.351811256155903
2.81273678299704,-0.640103811401202,0.960633176916206,-0.320529365515036
2.81284518722952,-0.664918093518123,0.953793775619443,-0.288875682101307
2.81295359146201,-0.688961321735134,0.945848260011629,-0.256886938276433
2.81306199569449,-0.712205582741527,0.936805840059734,-0.224600257318203
2.81317039992698,-0.734623929872427,0.926677007896263,-0.192053078023838
2.81327880415946,-0.756190343806179,0.91547350387369,-0.159283160067509
2.81338720839195,-0.776879826653907,0.903208325537485,-0.126328498883568
2.81349561262443,-0.796668366449144,0.889895690903048,-0.0932273244539226
2.81360401685692,-0.815533027363085,0.875551043321851,-0.0600180159587264
2.8137124210894,-0.833451914952907,0.860191012718262,-0.0267390977653479
2.81382082532189,-0.850404261454306,0.843833416727878,0.00657084472643044
2.81392922955437,-0.866370391164834,0.82649722003786,0.0398731711269819
2.8139968427049,-0.875821452253836,0.815197370584082,0.0606240816697533
2.81406445585543,-0.88487728052468,0.803529810801786,0.0813474697228605
2.81413206900596,-0.89353383599905,0.79149975849411,0.102034077504925
2.8141996821565,-0.901787206530403,0.779112633022827,0.122674573507594
2.81429184144587,-0.912380654871132,0.761663843098216,0.150716811772926
2.81438400073525,-0.92220936134279,0.743576563964859,0.178632797377918
2.81444420061413,-0.928212927883622,0.731423873769601,0.196789054114013
2.81450440049302,-0.933884464201403,0.719009633224934,0.214874830976485
2.8145646003719,-0.939221966884964,0.706338250931704,0.232883715953281
2.81462480025078,-0.944223514725804,0.693414260242777,0.250809254483033
2.81469730051048,-0.949798509317644,0.677520920902755,0.272277588414921
2.81476980077018,-0.954880779145346,0.661276103440533,0.293604675704792
2.81484230102988,-0.95946770133601,0.644688236264688,0.314779465071336
2.81491480128957,-0.963556882094763,0.627765935014788,0.335790947079968
2.81498730154927,-0.967146213909765,0.610517974141881,0.356628239767935
2.81505980180897,-0.97023382191363,0.592953308218972,0.377280513694695
2.81514796914648,-0.973310238844206,0.571179638582325,0.402130600261888
2.815236136484,-0.975639966245432,0.54896771678854,0.426672249456927
2.81532430382152,-0.977221226947088,0.526334616935492,0.450886610011609
2.81541247115903,-0.978052794949768,0.503297715008709,0.47475507994106
2.81550063849655,-0.978134043467022,0.479874693025371,0.498259350441671
2.81558880583406,-0.977464898638292,0.456083521658495,0.521381376979797
2.81567697317158,-0.976045884725039,0.43194245621215,0.544103428512845
2.81576514050909,-0.973878079557604,0.407470015880628,0.566408063676992
2.81585330784661,-0.970963156623125,0.382684977373486,0.588278179249654
2.81596171207909,-0.966358519692054,0.351811258388615,0.61454726130345
2.81607011631157,-0.960633175789737,0.320529367816602,0.640103807973125
2.81617852054405,-0.953793774685774,0.288875684465374,0.664918090220392
2.81628692477653,-0.945848259269337,0.256886940696624,0.68896131857272
2.81639532900901,-0.93680583950725,0.224600259788093,0.712205579719168
2.8165037332415,-0.926677007531751,0.192053080536917,0.734623926994872
2.81661213747398,-0.915473503695061,0.159283162617191,0.756190341077842
2.81672054170646,-0.903208325542421,0.126328501463253,0.776879824079175
2.81682894593894,-0.889895691089137,0.0932273270569682,0.796668364032162
2.81693735017142,-0.875551043686273,0.0600180185784648,0.815533025107827
2.8170457544039,-0.860191013258197,0.0267391003950805,0.833451912863078
2.81715415863638,-0.843833417440199,-0.00657084209337736,0.850404259533557
2.81726256286886,-0.82649722091917,-0.0398731684973868,0.866370389416553
2.81733017602018,-0.815197371435494,-0.0606240792868522,0.875821450722345
2.81739778917149,-0.80352981161341,-0.0813474675885143,0.884877279201933
2.81746540232281,-0.79149975925614,-0.102034075620689,0.893533834876845
2.81753301547412,-0.779112633725634,-0.122674571874662,0.901787205600319
2.81762517473428,-0.761663849544001,-0.150716801289537,0.912380650833553
2.81771733399444,-0.743576576551309,-0.178632778135383,0.922209354686679
2.81777753389777,-0.731423881693678,-0.196789042311399,0.928212924005098
2.81783773380109,-0.719009636270644,-0.214874826562029,0.933884462832684
2.81789793370442,-0.706338248888318,-0.232883718867371,0.939221967755654
2.81795813360775,-0.693414252904971,-0.250809264658166,0.944223517563129
2.81803063386765,-0.677520913403978,-0.272277598605814,0.94979851200979
2.81810313412755,-0.661276095781584,-0.293604685906998,0.954880781688587
2.81817563438745,-0.64468822844641,-0.314779475280338,0.959467703726716
2.81824813464735,-0.627765927038298,-0.335790957291198,0.963556884329499
2.81832063490725,-0.610517966008246,-0.356628249976733,0.967146215984953
2.81839313516715,-0.59295329992957,-0.377280523896386,0.970233823825935
2.81848130247903,-0.571179636563755,-0.402130603196444,0.973310239760174
2.8185694697909,-0.548967721295597,-0.426672245303797,0.975639966599423
2.81865763710277,-0.526334628208082,-0.450886598966745,0.977221227174792
2.81874580441465,-0.503297733271393,-0.474755062216436,0.978052795487845
2.81883397172652,-0.47987471848695,-0.498259326265156,0.978134044752096
2.81892213903839,-0.456083554511962,-0.521381346594646,0.977464901106588
2.81901030635027,-0.431942496634076,-0.54410339217743,0.976045888811493
2.81909847366214,-0.407470064031082,-0.566408021664327,0.973878085695377
2.81918664097401,-0.382685033395572,-0.588278131847193,0.97096316524276
2.81929504520642,-0.351811315241701,-0.614547215207898,0.966358530449622
2.81940344943883,-0.320529425432558,-0.640103763242753,0.960633188675329
2.81951185367123,-0.288875742775318,-0.664918046911828,0.953793789687147
2.81962025790364,-0.256886999630725,-0.688961276740943,0.945848276371622
2.81972866213604,-0.224600319275832,-0.712205539417465,0.936805858693317
2.81983706636845,-0.192053140507128,-0.734623888274792,0.926677028781889
2.81994547060086,-0.159283222998044,-0.756190303989168,0.915473526987209
2.82005387483326,-0.126328562182384,-0.776879788669766,0.903208350852106
2.82016227906567,-0.093227388041574,-0.796668330348016,0.889895718389553
2.82027068329808,-0.0600180797554285,-0.815532993192846,0.875551072948274
2.82037908753048,-0.0267391616909673,-0.833451882759388,0.860191044450341
2.82048749176289,0.00657078075224934,-0.850404231280992,0.843833450528722
2.82059589599529,0.0398731071846592,-0.866370363052888,0.826497255868185
2.82066350920614,0.0606240363026196,-0.875821433709032,0.815197397406413
2.82073112241699,0.0813474429049666,-0.884877270852249,0.803529827947297
2.82079873562783,0.102034069185338,-0.893533834492981,0.791499765307615
2.82086634883868,0.122674583610385,-0.901787212473947,0.779112628863559
2.82095850808517,0.150716808836999,-0.912380655935176,0.761663847098168
2.82105066733167,0.17863278152732,-0.922209358241357,0.74357657671404
2.82111086723065,0.196789044391823,-0.928212927117297,0.73142388272546
2.82117106712964,0.214874827341189,-0.933884465550302,0.719009638209089
2.82123126702862,0.232883718356875,-0.939221970127037,0.706338251770138
2.8212914669276,0.250809262870962,-0.94422351963696,0.693414256766035
2.82136396718991,0.272277597554092,-0.949798514351837,0.677520916797726
2.82143646745222,0.293604685583101,-0.954880784266501,0.661276098683371
2.82150896771452,0.314779475675484,-0.959467706507995,0.644688230832482
2.82158146797683,0.335790958395461,-0.96355688728118,0.627765928885702
2.82165396823914,0.35662825177913,-0.967146219074079,0.610517967294929
2.82172646850145,0.377280526384872,-0.970233827019146,0.592953300634254
2.82181463579239,0.402130599817701,-0.973310242303461,0.571179642485739
2.82190280308333,0.42667223620838,-0.975639968847724,0.548967732639327
2.82199097037426,0.450886584318702,-0.977221229484289,0.526334645165556
2.8220791376652,0.474755042192908,-0.978052798215012,0.503297756022133
2.82216730495614,0.49825930105616,-0.978134048253717,0.479874747197528
2.82225547224708,0.521381316402652,-0.977464905738603,0.456083589335908
2.82234363953802,0.544103357217265,-0.976045894928867,0.431942537711576
2.82243180682896,0.566407982162668,-0.973878093651341,0.407470111488657
2.8225199741199,0.588278088042326,-0.970963175388428,0.382685087346061
2.82262837835223,0.614547172591619,-0.96635854254147,0.351811369949834
2.82273678258457,0.640103721868148,-0.960633202704523,0.320529480836349
2.8228451868169,0.664918006830528,-0.953793805642524,0.288875798811979
2.82295359104924,0.688961238003016,-0.945848294239891,0.256887056236858
2.82306199528157,0.712205502071486,-0.936805878458787,0.224600376387246
2.82317039951391,0.734623852367788,-0.926677050426745,0.192053198058942
2.82327880374624,0.756190269566485,-0.915473550491448,0.159283280924915
2.82338720797857,0.776879755775077,-0.903208376193557,0.126328620418465
2.82349561221091,0.796668299023254,-0.889895745543849,0.0932274465206135
2.82360401644324,0.815532963478187,-0.875551101889004,0.0600181384107974
2.82371242067558,0.833451854693061,-0.860191075148933,0.0267392204558396
2.82382082490791,0.850404204899422,-0.843833482954562,-0.00657072194489743
2.82392922914025,0.866370338390571,-0.826497289988665,-0.0398730484019478
2.82399684240994,0.875821418196141,-0.815197422563101,-0.0606239956330844
2.82406445567964,0.884877263808908,-0.803529843489989,-0.0813474203189364
2.82413206894934,0.893533835228401,-0.791499770599745,-0.102034064628667
2.82419968221903,0.901787220287083,-0.779112623282471,-0.122674597004593
2.82429184148105,0.912380665080403,-0.761663838194326,-0.15071682688608
2.82438400074307,0.92220936845527,-0.743576564282621,-0.17863280417265
2.82444420061325,0.928212934109201,-0.731423875828757,-0.196789058280437
2.82450440048343,0.933884469636139,-0.719009637101066,-0.214874832535103
2.82456460035361,0.939221971625749,-0.706338256698434,-0.232883714927347
2.82462480022379,0.944223518870262,-0.693414267971706,-0.250809250898564
2.82469730048833,0.949798514000518,-0.677520927691939,-0.272277586308561
2.82476980075286,0.954880784301586,-0.661276109240543,-0.293604675061069
2.8248423010174,0.959467706900262,-0.64468824102765,-0.314779465872634
2.82491480128193,0.963556888000978,-0.627765938694607,-0.335790949306401
2.82498730154647,0.967146220091502,-0.61051797669414,-0.356628243397323
2.825059801811,0.97023382830394,-0.592953309601141,-0.377280518702841
2.82514796910664,0.973310243933258,-0.571179650401723,-0.40213059353155
2.82523613640227,0.975639970743528,-0.548967739454136,-0.426672231289385
2.8253243036979,0.977221231566588,-0.526334650831511,-0.450886580735079
2.82541247099354,0.978052800404097,-0.503297760494203,-0.474755039909902
2.82550063828917,0.978134050469615,-0.479874750433688,-0.49825930003596
2.82558880558481,0.977464907901452,-0.45608359129686,-0.521381316604608
2.82567697288044,0.97604589695884,-0.431942538360937,-0.544103358597921
2.82576514017608,0.973878095468859,-0.407470110793103,-0.566407984675779
2.82585330747171,0.970963176914209,-0.382685085275201,-0.588278091639003
2.82596171170405,0.966358543875476,-0.351811367804529,-0.614547176070961
2.82607011593639,0.960633203847592,-0.320529478622756,-0.64010372522484
2.82617852016873,0.953793806595805,-0.288875796536321,-0.6649180100595
2.82628692440107,0.945848295004751,-0.256887053905381,-0.688961241099355
2.82639532863341,0.936805879036745,-0.224600374006308,-0.712205505030433
2.82650373286575,0.926677050819625,-0.192053195634927,-0.734623855184719
2.82661213709809,0.915473550701247,-0.159283278464288,-0.756190272236955
2.82672054133043,0.903208376222475,-0.126328617927707,-0.776879758294767
2.82682894556277,0.88989574539435,-0.0932274440062848,-0.796668301388027
2.82693734979511,0.875551101563668,-0.0600181358794901,-0.815532965684162
2.82704575402745,0.860191074650532,-0.026739217914071,-0.833451856736481
2.82715415825979,0.843833482286232,0.00657072449045663,-0.850404206776739
2.82726256249213,0.826497289153591,0.0398730509447477,-0.866370340098342
2.82733017576114,0.815197421744155,0.0606239979570653,-0.875821419701187
2.82739778903014,0.803529842696084,0.0813474224221644,-0.884877265118235
2.82746540229914,0.791499769839619,0.102034066509576,-0.893533836349175
2.82753301556815,0.779112622564796,0.122674598661855,-0.901787221226665
2.82762517485939,0.761663831731076,0.150716837396972,-0.91238066912803
2.82771733415063,0.743576551675964,0.178632823445922,-0.922209375121893
2.82777753399633,0.731423867891724,0.196789070102239,-0.928212937993978
2.82783773384204,0.719009634050124,0.214874836957182,-0.933884471007295
2.82789793368774,0.706338258744686,0.232883712009454,-0.939221970754134
2.82795813353344,0.693414275320705,0.250809240708332,-0.944223516029025
2.82803063379782,0.677520935191339,0.272277576117125,-0.949798511308473
2.8281031340622,0.661276116889026,0.293604664872748,-0.954880781761779
2.82817563432658,0.644688248823883,0.314779455691725,-0.959467704515591
2.82824813459096,0.627765946637108,0.335790939137233,-0.963556885774322
2.82832063485534,0.61051798478136,0.356628233244318,-0.967146218025637
2.82839313511972,0.592953317831306,0.377280508570341,-0.970233826401617
2.82848130244103,0.571179652353457,0.402130590672567,-0.973310243026
2.82856946976233,0.548967734872319,0.426672235524283,-0.975639970396567
2.82865763708363,0.526334639476131,0.450886591867661,-0.977221231343794
2.82874580440493,0.503297742140602,0.474755057727824,-0.978052799868443
2.82883397172624,0.479874724872812,0.498259324311121,-0.978134049183955
2.82892213904754,0.456083558335624,0.521381347093519,-0.977464905429107
2.82901030636884,0.431942497822611,0.544103395041853,-0.976045892864467
2.82909847369014,0.407470062517576,0.566408026801373,-0.973878089318901
2.82918664101145,0.382685029119182,0.588278139158502,-0.97096316827769
2.82929504524386,0.351811310815148,0.61454722228091,-0.966358533096062
2.82940344947628,0.320529420868256,0.640103770066916,-0.960633190935151
2.82951185370869,0.288875738085789,0.664918053476894,-0.953793791562673
2.82962025794111,0.25688699482874,0.688961283036939,-0.945848277865688
2.82972866217353,0.224600314374204,0.712205545434773,-0.936805859808953
2.82983706640594,0.192053135518794,0.73462389400405,-0.92667702952284
2.82994547063836,0.159283217936037,0.756190309421463,-0.915473527357473
2.83005387487078,0.126328557059922,0.776879793796395,-0.903208350856287
2.83016227910319,0.0932273828719043,0.796668335160667,-0.889895718032548
2.83027068333561,0.0600180745517885,0.81553299768369,-0.875551072235449
2.83037908756803,0.0267391564667243,0.833451886920716,-0.860191043387426
2.83048749180044,-0.00657078598373305,0.850404235105725,-0.843833449121951
2.83059589603286,-0.0398731124099921,0.866370366534177,-0.826497254124159
2.83066350924217,-0.0606240410454816,0.875821436762322,-0.81519739571679
2.83073112245149,-0.0813474471615881,0.884877273493114,-0.803529826331535
2.8307987356608,-0.102034072952612,0.893533836737583,-0.791499763784928
2.83086634887012,-0.122674586885892,0.901787214338615,-0.779112627452761
2.83095850817502,-0.1507168298081,0.912380664012698,-0.761663834204565
2.83105066747993,-0.178632820011417,0.922209371554193,-0.743576551542768
2.83111086733003,-0.196789067996339,0.928212934875026,-0.731423866878644
2.83117106718013,-0.214874836169559,0.933884468288646,-0.719009632119028
2.83123126703023,-0.232883712528367,0.939221968386684,-0.706338255858286
2.83129146688033,-0.250809242520636,0.944223513963477,-0.693414271442793
2.83136396714227,-0.272277577184533,0.949798508971853,-0.677520931787284
2.83143646740422,-0.293604665203024,0.954880779186847,-0.661276113983802
2.83150896766616,-0.314779455293774,0.959467701735353,-0.644688246441545
2.8315814679281,-0.33579093802106,0.963556882822024,-0.627765944800948
2.83165396819004,-0.356628231421127,0.96714621493484,-0.6105179835137
2.83172646845199,-0.377280506052355,0.970233823205972,-0.592953317153622
2.8318146357942,-0.402130594016366,0.97331024048062,-0.571179646464222
2.83190280313642,-0.426672244579417,0.975639968146801,-0.548967723567357
2.83199097047863,-0.450886606470299,0.977221229033826,-0.526334622563491
2.83207913782085,-0.47475507770102,0.978052797142077,-0.503297719440988
2.83216730516307,-0.498259349465135,0.978134045684871,-0.479874696219725
2.83225547250528,-0.521381377226041,0.977464900801728,-0.456083523575668
2.8323436398475,-0.544103429938335,0.976045886754103,-0.431942456815738
2.83243180718971,-0.566408066235369,0.973878081372697,-0.407470015137308
2.83251997453193,-0.588278182891965,0.970963158144916,-0.382684975252902
2.83262837876442,-0.614547264826992,0.966358521020241,-0.351811256193229
2.8327367829969,-0.640103811372659,0.960633176925288,-0.32052936555264
2.83284518722939,-0.664918093490757,0.953793775629891,-0.288875682139072
2.83295359146187,-0.688961321708991,0.945848260023296,-0.256886938314303
2.83306199569436,-0.712205582716592,0.936805840072738,-0.224600257356132
2.83317039992684,-0.73462392984874,0.926677007910575,-0.19205307806181
2.83327880415933,-0.756190343783755,0.915473503889229,-0.15928316010542
2.83338720839182,-0.77687982663273,0.903208325554182,-0.126328498921413
2.8334956126243,-0.796668366429309,0.889895690920958,-0.0932273244916148
2.83360401685679,-0.815533027344534,0.875551043340843,-0.0600180159962642
2.83371242108927,-0.833451914935679,0.860191012738334,-0.026739097802645
2.83382082532176,-0.850404261438377,0.843833416748991,0.00657084468939523
2.83392922955424,-0.86637039115024,0.826497220059993,0.0398731710902816
2.83399684270481,-0.875821452244465,0.815197370601373,0.0606240816431365
2.83406445585537,-0.884877280520147,0.803529810813842,0.0813474697063425
2.83413206900593,-0.893533835998989,0.791499758500528,0.102034077498501
2.8341996821565,-0.901787206534443,0.779112633023263,0.122674573511214
2.83429184144585,-0.912380654872301,0.761663843103556,0.150716811768736
2.8343840007352,-0.922209361341509,0.743576563975562,0.178632797365978
2.8344442006141,-0.928212927884008,0.731423873777484,0.19678905410653
2.834504400493,-0.933884464203368,0.7190096332299,0.214874830973451
2.8345646003719,-0.939221966888287,0.706338250933644,0.232883715954642
2.83462480025079,-0.944223514730285,0.693414260241567,0.250809254488739
2.83469730051048,-0.949798509321134,0.677520920904401,0.272277588416759
2.83476980077016,-0.954880779147925,0.661276103445154,0.293604675702799
2.83484230102985,-0.95946770133793,0.644688236272312,0.314779465065609
2.83491480128953,-0.963556882096236,0.627765935025623,0.335790947070594
2.83498730154922,-0.96714621391088,0.610517974156,0.356628239754923
2.8350598018089,-0.970233821914632,0.592953308236487,0.377280513678139
2.83514796914638,-0.973310238844663,0.571179638609182,0.402130600235496
2.83523613648386,-0.975639966245951,0.548967716825033,0.426672249420928
2.83532430382134,-0.977221226948323,0.52633461698196,0.450886609966337
2.83541247115882,-0.978052794952252,0.503297715065467,0.474755079886805
2.8355006384963,-0.978134043471404,0.479874693092666,0.498259350378785
2.83558880583378,-0.977464898645232,0.456083521736605,0.521381376908623
2.83567697317126,-0.976045884735032,0.431942456301267,0.544103428433803
2.83576514050874,-0.973878079571437,0.407470015980931,0.566408063590498
2.83585330784622,-0.970963156641277,0.382684977485176,0.588278179156111
2.8359617120787,-0.96635851971422,0.351811258501659,0.614547261212598
2.83607011631118,-0.960633175815825,0.320529367930766,0.640103807885088
2.83617852054366,-0.953793774715844,0.288875684580562,0.664918090135274
2.83628692477615,-0.945848259303257,0.256886940812686,0.688961318490601
2.83639532900863,-0.936805839545042,0.224600259904851,0.712205579640152
2.83650373324111,-0.926677007573303,0.192053080654277,0.734623926919049
2.83661213747359,-0.915473503740303,0.159283162734998,0.756190341005297
2.83672054170607,-0.903208325591302,0.126328501581384,0.776879824009957
2.83682894593856,-0.889895691141602,0.093227327175299,0.79666836396631
2.83693735017104,-0.875551043742226,0.0600180186968738,0.81553302504538
2.83704575440352,-0.860191013317578,0.0267391005133818,0.833451912804206
2.837154158636,-0.843833417502904,-0.00657084197532384,0.850404259478233
2.83726256286848,-0.826497220985136,-0.0398731683796831,0.866370389364823
2.83733017601991,-0.815197371483435,-0.06062407920558,0.875821450689032
2.83739778917135,-0.803529811642028,-0.0813474675436248,0.884877279185668
2.83746540232278,-0.791499759264207,-0.102034075612031,0.893533834876246
2.83753301547421,-0.779112633711814,-0.122674571902108,0.901787205613938
2.83762517473441,-0.761663849523283,-0.150716801326724,0.912380650850017
2.8377173339946,-0.743576576523271,-0.178632778182155,0.922209354705423
2.83777753389787,-0.731423881677011,-0.196789042340246,0.928212924017254
2.83783773380113,-0.719009636265807,-0.214874826573136,0.933884462838939
2.8378979337044,-0.706338248895827,-0.232883718860811,0.939221967756603
2.83795813360767,-0.693414252925357,-0.250809264634133,0.944223517559503
2.83803063386755,-0.677520913428279,-0.272277598577192,0.949798512005512
2.83810313412744,-0.661276095809989,-0.293604685873857,0.954880781683861
2.83817563438732,-0.64468822847903,-0.314779475242787,0.959467703721786
2.83824813464721,-0.627765927075216,-0.335790957249324,0.963556884324555
2.83832063490709,-0.610517966049697,-0.356628249930623,0.967146215980297
2.83839313516698,-0.592953299975612,-0.377280523846128,0.970233823821731
2.83848130247883,-0.571179636615727,-0.402130603141112,0.973310239756815
2.83856946979068,-0.548967721353747,-0.426672245243514,0.975639966597279
2.83865763710254,-0.526334628272533,-0.450886598901684,0.97722122717419
2.83874580441439,-0.503297733342221,-0.474755062146882,0.978052795489113
2.83883397172624,-0.479874718564377,-0.498259326191292,0.978134044755658
2.8389221390381,-0.45608355459605,-0.521381346516678,0.977464901112752
2.83901030634995,-0.431942496724918,-0.544103392095637,0.976045888820556
2.8390984736618,-0.407470064128777,-0.56640802157896,0.973878085707712
2.83918664097366,-0.382685033500203,-0.588278131758475,0.970963165258716
2.83929504520606,-0.35181131534754,-0.614547215121688,0.966358530469238
2.83940344943847,-0.320529425539432,-0.64010376315914,0.960633188698571
2.83951185367088,-0.288875742883079,-0.664918046830876,0.953793789713929
2.83962025790328,-0.256886999739302,-0.68896127666272,0.945848276402026
2.83972866213569,-0.224600319385081,-0.712205539342081,0.936805858727175
2.8398370663681,-0.192053140616875,-0.734623888202309,0.926677028819212
2.83994547060051,-0.159283223108164,-0.756190303919684,0.915473527027841
2.84005387483291,-0.126328562292823,-0.776879788603258,0.903208350896111
2.84016227906532,-0.0932273881521597,-0.796668330284639,0.889895718436785
2.84027068329773,-0.0600180798660118,-0.81553299313264,0.8755510729987
2.84037908753013,-0.0267391618014597,-0.833451882702398,0.860191044503813
2.84048749176254,0.00657078064197338,-0.850404231227243,0.843833450585293
2.84059589599495,0.0398731070747504,-0.866370363002464,0.826497255927701
2.84066350920591,0.0606240362272977,-0.875821433676022,0.815197397448719
2.84073112241687,0.0813474428641954,-0.884877270835332,0.803529827971145
2.84079873562782,0.102034069179021,-0.893533834490861,0.791499765311818
2.84086634883878,0.122674583638334,-0.901787212485259,0.779112628846927
2.84095850808531,0.150716808874856,-0.912380655949302,0.761663847074435
2.84105066733184,0.178632781574905,-0.922209358257722,0.743576576682794
2.84111086723076,0.196789044421288,-0.928212927126913,0.731423882705632
2.84117106712969,0.214874827352666,-0.933884465553913,0.719009638201212
2.84123126702861,0.232883718350493,-0.939221970125211,0.706338251774717
2.84129146692753,0.250809262846922,-0.944223519630459,0.693414256783524
2.84136396718984,0.272277597531201,-0.949798514346014,0.677520916814797
2.84143646745216,0.293604685561326,-0.954880784261351,0.661276098699983
2.84150896771447,0.314779475654854,-0.959467706503462,0.644688230848626
2.84158146797678,0.335790958375986,-0.963556887277253,0.627765928901264
2.84165396823909,0.356628251760781,-0.967146219070703,0.610517967309885
2.8417264685014,0.37728052636763,-0.97023382701622,0.592953300648596
2.84181463579235,0.402130599803721,-0.973310242301278,0.571179642497525
2.8419028030833,0.426672236197596,-0.975639968846125,0.548967732648506
2.84199097037425,0.450886584311039,-0.977221229483023,0.526334645171987
2.8420791376652,0.474755042188278,-0.978052798213949,0.503297756025649
2.84216730495615,0.498259301054452,-0.978134048252606,0.479874747198129
2.8422554722471,0.521381316403776,-0.977464905737308,0.456083589333523
2.84234363953805,0.544103357221101,-0.976045894927175,0.431942537706045
2.842431806829,0.566407982169144,-0.97387809364912,0.407470111479943
2.84251997411995,0.588278088051354,-0.970963175385389,0.382685087334032
2.84262837835229,0.614547172600241,-0.966358542537954,0.351811369937693
2.84273678258462,0.640103721876376,-0.960633202700488,0.320529480824085
2.84284518681695,0.664918006838323,-0.95379380563798,0.288875798799651
2.84295359104929,0.688961238010387,-0.94584829423485,0.256887056224457
2.84306199528162,0.712205502078441,-0.936805878453253,0.224600376374803
2.84317039951395,0.734623852374283,-0.926677050420807,0.192053198046518
2.84327880374629,0.756190269572531,-0.91547355048503,0.159283280912471
2.84338720797862,0.776879755780634,-0.903208376186752,0.126328620406071
2.84349561221096,0.796668299028332,-0.889895745536646,0.0932274465082938
2.84360401644329,0.815532963482818,-0.875551101881396,0.0600181383985747
2.84371242067562,0.833451854697167,-0.860191075140921,0.0267392204437233
2.84382082490796,0.850404204903075,-0.843833482946172,-0.00657072195691487
2.84392922914029,0.86637033839375,-0.826497289979912,-0.0398730484138469
2.84399684240997,0.875821418197231,-0.81519742255637,-0.0606239956409192
2.84406445567966,0.884877263808097,-0.803529843485408,-0.0813474203226928
2.84413206894934,0.893533835225831,-0.791499770597466,-0.102034064628391
2.84419968221903,0.901787220282839,-0.779112623282595,-0.122674597000277
2.84429184148107,0.912380665079212,-0.761663838189342,-0.150716826889872
2.84438400074311,0.922209368456662,-0.743576564272117,-0.178632804184538
2.84444420061328,0.928212934109201,-0.73142387582031,-0.196789058288947
2.84450440048345,0.933884469634965,-0.719009637094747,-0.214874832540228
2.84456460035363,0.939221971623439,-0.706338256694366,-0.232883714929105
2.8446248002238,0.944223518866995,-0.693414267969984,-0.250809250897022
2.84469730048835,0.949798513998268,-0.677520927686968,-0.272277586311313
2.84476980075289,0.954880784300231,-0.661276109232165,-0.293604675068082
2.84484230101744,0.959467706899539,-0.644688241015737,-0.314779465883809
2.84491480128199,0.963556888000726,-0.627765938679068,-0.335790949321668
2.84498730154654,0.967146220091491,-0.610517976674836,-0.35662824341665
2.84505980181109,0.970233828303975,-0.592953309577921,-0.377280518726077
2.84514796910676,0.973310243933688,-0.571179650368867,-0.402130593564815
2.84523613640243,0.97563997074363,-0.548967739411227,-0.4266722313324
2.84532430369811,0.97722123156581,-0.526334650778233,-0.450886580787573
2.84541247099378,0.978052800401776,-0.503297760430326,-0.474755039971473
2.84550063828945,0.978134050465187,-0.47987475035892,-0.498259300106264
2.84558880558512,0.977464907894282,-0.456083591210931,-0.521381316683317
2.84567697288079,0.976045896948219,-0.431942538263624,-0.544103358684589
2.84576514017646,0.973878095454223,-0.407470110684184,-0.566407984770041
2.84585330747213,0.970963176894909,-0.382685085154532,-0.588278091740363
2.84596171170447,0.966358543851771,-0.351811367682257,-0.614547176169524
2.84607011593681,0.960633203819559,-0.32052947849896,-0.640103725320602
2.84617852016915,0.953793806563451,-0.288875796411188,-0.664918010152263
2.84628692440149,0.945848294968069,-0.256887053779044,-0.688961241189022
2.84639532863383,0.936805878995807,-0.224600373878861,-0.712205505116957
2.84650373286617,0.92667705077454,-0.192053195506579,-0.734623855267953
2.84661213709851,0.915473550651943,-0.159283278335124,-0.756190272316812
2.84672054133085,0.903208376169078,-0.126328617797943,-0.776879758371143
2.84682894556319,0.889895745336876,-0.0932274438760341,-0.796668301460822
2.84693734979553,0.875551101502218,-0.0600181357488479,-0.815532965753347
2.84704575402787,0.860191074585204,-0.0267392177832743,-0.83345185680189
2.84715415826021,0.84383348221703,0.00657072462133317,-0.850404206838339
2.84726256249255,0.826497289080615,0.0398730510754804,-0.866370340156077
2.84733017576142,0.815197421691594,0.0606239980465815,-0.875821419738175
2.84739778903029,0.803529842665488,0.0813474224704964,-0.884877265135933
2.84746540229916,0.791499769832422,0.102034066516823,-0.893533836349219
2.84753301556803,0.779112622582386,0.122674598628204,-0.901787221210578
2.84762517485926,0.761663831751723,0.150716837359912,-0.91238066911162
2.84771733415049,0.743576551699848,0.178632823405454,-0.922209375105297
2.84777753399625,0.731423867905931,0.196789070077107,-0.928212937983033
2.847837733842,0.719009634054175,0.21487483694733,-0.933884471001489
2.84789793368775,0.706338258738091,0.232883712014754,-0.939221970752823
2.8479581335335,0.693414275303085,0.250809240728667,-0.944223516031761
2.84803063379787,0.677520935176269,0.272277576133527,-0.949798511309781
2.84810313406224,0.661276116876657,0.293604664885258,-0.95488078176192
2.84817563432661,0.64468824881429,0.314779455700371,-0.959467704514665
2.84824813459098,0.627765946630456,0.335790939142078,-0.963556885772523
2.84832063485534,0.610517984777702,0.356628233245463,-0.967146218023151
2.84839313511971,0.592953317830789,0.377280508567851,-0.970233826398619
2.848481302441,0.571179652356614,0.402130590666112,-0.97331024302273
2.84856946976229,0.548967734879261,0.426672235513955,-0.975639970393191
2.84865763708358,0.526334639486962,0.45088659185357,-0.977221231340526
2.84874580440486,0.503297742155431,0.474755057710123,-0.978052799865547
2.84883397172615,0.479874724891746,0.498259324289967,-0.978134049181708
2.84892213904744,0.456083558358779,0.521381347068983,-0.977464905427771
2.84901030636873,0.431942497850138,0.544103395014085,-0.976045892864186
2.84909847369002,0.407470062549472,0.566408026770582,-0.973878089320064
2.8491866410113,0.382685029155553,0.588278139124876,-0.970963168280401
2.84929504524372,0.351811310851653,0.614547222248549,-0.966358533100193
2.84940344947614,0.320529420904846,0.640103770035813,-0.960633190940633
2.84951185370856,0.288875738122438,0.66491805344704,-0.953793791569482
2.84962025794098,0.256886994865381,0.688961283008377,-0.945848277873734
2.84972866217339,0.224600314410801,0.712205545407488,-0.936805859818297
2.84983706640581,0.192053135555299,0.73462389397812,-0.926677029533385
2.84994547063823,0.159283217972354,0.756190309396849,-0.915473527369177
2.85005387487065,0.126328557096021,0.7768797937731,-0.903208350869106
2.85016227910306,0.0932273829077173,0.796668335138732,-0.889895718046443
2.85027068333548,0.0600180745873208,0.815532997663088,-0.875551072250398
2.8503790875679,0.0267391565018876,0.833451886901458,-0.860191043403353
2.85048749180032,-0.00657078594894549,0.850404235087799,-0.84383344913885
2.85059589603274,-0.0398731123756407,0.866370366517592,-0.826497254141916
2.85066350924209,-0.0606240410229328,0.875821436751691,-0.815197395728724
2.85073112245144,-0.0813474471508368,0.884877273488075,-0.803529826337209
2.85079873566079,-0.102034072953628,0.893533836737563,-0.791499763783915
2.85086634887015,-0.122674586898581,0.901787214343286,-0.779112627444665
2.85095850817501,-0.150716829808705,0.912380664012678,-0.761663834203982
2.85105066747988,-0.178632820000081,0.922209371550202,-0.743576551550097
2.85111086732999,-0.19678906798916,0.928212934872636,-0.73142386688349
2.85117106718011,-0.214874836166572,0.933884468287671,-0.719009632121085
2.85123126703022,-0.232883712529529,0.939221968387043,-0.706338255857527
2.85129146688034,-0.250809242525884,0.944223513964977,-0.693414271439083
2.85136396714226,-0.272277577183055,0.949798508971693,-0.677520931788609
2.85143646740418,-0.293604665194931,0.954880779185283,-0.661276113990355
2.8515089676661,-0.314779455279151,0.959467701732664,-0.644688246453512
2.85158146792802,-0.33579093800005,0.963556882818576,-0.627765944818553
2.85165396818994,-0.356628231393803,0.967146214930924,-0.610517983537097
2.85172646845186,-0.3772805060189,0.970233823201957,-0.592953317183036
2.85181463579402,-0.402130593969165,0.973310240476133,-0.571179646506928
2.85190280313619,-0.426672244518882,0.975639968142729,-0.548967723623796
2.85199097047835,-0.450886606396827,0.977221229031036,-0.526334622634177
2.85207913782052,-0.474755077615111,0.978052797141358,-0.503297719526273
2.85216730516268,-0.498259349367212,0.978134045687237,-0.479874696320008
2.85225547250485,-0.521381377116633,0.977464900807939,-0.456083523691277
2.85234363984701,-0.544103429818014,0.976045886765033,-0.431942456947015
2.85243180718918,-0.566408066104695,0.973878081389211,-0.407470015284515
2.85251997453134,-0.588278182751515,0.97096315816782,-0.382684975416269
2.85262837876383,-0.61454726469033,0.96635852104929,-0.351811256358923
2.85273678299631,-0.640103811239908,0.960633176960311,-0.320529365720388
2.8528451872288,-0.664918093362122,0.953793775670905,-0.288875682308741
2.85295359146129,-0.688961321584622,0.945848260070293,-0.256886938485692
2.85306199569377,-0.712205582596585,0.936805840125647,-0.224600257529039
2.85317039992626,-0.734623929733251,0.926677007969364,-0.192053078236077
2.85327880415874,-0.756190343672933,0.915473503953782,-0.159283160280825
2.85338720839123,-0.776879826526706,0.903208325624446,-0.126328499097709
2.85349561262371,-0.796668366328192,0.889895690996842,-0.0932273246686248
2.8536040168562,-0.815533027248485,0.875551043422245,-0.0600180161737671
2.85371242108869,-0.833451914844754,0.860191012825246,-0.0267390979804331
2.85382082532117,-0.850404261352779,0.843833416841273,0.00657084451153986
2.85392922955366,-0.866370391070032,0.82649722015746,0.0398731709125585
2.8539968427044,-0.875821452192327,0.81519737067136,0.0606240815210007
2.85406445585515,-0.884877280494089,0.80352981085442,0.0813474696396644
2.85413206900589,-0.893533835996858,0.791499758509786,0.102034077487091
2.85419968215663,-0.901787206554078,0.779112632999264,0.122674573554827
2.85429184144599,-0.912380654890985,0.761663843078248,0.150716811812716
2.85438400073534,-0.922209361359227,0.743576563948927,0.178632797410301
2.85444420061418,-0.928212927895595,0.731423873761516,0.196789054134116
2.85450440049303,-0.93388446420946,0.719009633225089,0.214874830984392
2.85456460037187,-0.939221966889519,0.706338250940382,0.232883715949137
2.85462480025071,-0.944223514727262,0.693414260260336,0.250809254466914
2.85469730051041,-0.949798509319844,0.67752092092004,0.272277588399822
2.85476980077011,-0.954880779148175,0.661276103457469,0.293604675690737
2.85484230102981,-0.959467701339493,0.644688236281153,0.31477946505834
2.85491480128952,-0.963556882098838,0.627765935030846,0.335790947068032
2.85498730154922,-0.967146213914421,0.610517974157454,0.356628239756979
2.85505980180892,-0.970233821918803,0.592953308234036,0.377280513684752
2.85514796914639,-0.973310238848309,0.571179638609381,0.402130600238942
2.85523613648385,-0.97563996624936,0.548967716828123,0.426672249421259
2.85532430382132,-0.977221226951601,0.526334616987986,0.450886609963637
2.85541247115879,-0.978052794955692,0.503297715074498,0.474755079881227
2.85550063849626,-0.97813404347515,0.479874693104767,0.498259350370369
2.85558880583373,-0.977464898649424,0.456083521751911,0.521381376897509
2.8556769731712,-0.976045884739934,0.431942456319844,0.544103428420105
2.85576514050867,-0.973878079577154,0.407470016002877,0.566408063574298
2.85585330784613,-0.97096315664807,0.382684977510543,0.588278179137561
2.85596171207861,-0.966358519721998,0.351811258527801,0.614547261194203
2.85607011631109,-0.960633175824599,0.320529367957722,0.64010380786688
2.85617852054357,-0.953793774725612,0.288875684608327,0.664918090117335
2.85628692477605,-0.945848259314133,0.256886940841228,0.688961318472917
2.85639532900853,-0.936805839556948,0.224600259934162,0.71220557962283
2.85650373324101,-0.926677007586383,0.192053080684328,0.734623926902041
2.85661213747349,-0.915473503754498,0.159283162765753,0.756190340988737
2.85672054170597,-0.903208325606678,0.126328501612847,0.776879823993829
2.85682894593845,-0.88989569115815,0.0932273272073783,0.796668363950735
2.85693735017093,-0.875551043759977,0.0600180187295643,0.815533025030436
2.85704575440341,-0.860191013336499,0.0267391005466662,0.833451912789855
2.85715415863589,-0.843833417523081,-0.0065708419414942,0.850404259464576
2.85726256286837,-0.826497221006569,-0.0398731683453346,0.866370389351899
2.85733017601984,-0.815197371499466,-0.0606240791820834,0.875821450681562
2.85739778917131,-0.803529811652264,-0.0813474675309779,0.884877279183246
2.85746540232278,-0.791499759268217,-0.102034075610258,0.893533834878436
2.85753301547425,-0.779112633709303,-0.122674571911086,0.901787205620378
2.85762517473442,-0.76166384952361,-0.150716801330848,0.912380650854445
2.8577173339946,-0.743576576526636,-0.178632778181462,0.922209354708074
2.85777753389787,-0.731423881680367,-0.196789042339525,0.928212924019873
2.85783773380114,-0.719009636269164,-0.214874826572397,0.933884462841544
2.8578979337044,-0.706338248899175,-0.232883718860047,0.939221967759234
2.85795813360767,-0.693414252928728,-0.250809264633358,0.944223517562053
2.85803063386755,-0.677520913432014,-0.27227759857595,0.94979851200796
2.85810313412744,-0.661276095814069,-0.29360468587213,0.954880781686219
2.85817563438732,-0.644688228483526,-0.314779475240576,0.959467703724111
2.8582481346472,-0.627765927080159,-0.335790957246635,0.963556884326813
2.85832063490709,-0.610517966055064,-0.356628249927442,0.967146215982509
2.85839313516697,-0.592953299981451,-0.377280523842486,0.970233823823891
2.85848130247882,-0.571179636621285,-0.402130603137833,0.973310239759135
2.85856946979068,-0.548967721359045,-0.4266722452406,0.975639966599617
2.85865763710253,-0.5263346282775,-0.450886598899175,0.977221227176691
2.85874580441439,-0.503297733346912,-0.474755062144721,0.978052795491615
2.85883397172624,-0.479874718568701,-0.498259326189473,0.97813404475817
2.8589221390381,-0.456083554600039,-0.521381346515222,0.977464901115249
2.85901030634995,-0.43194249672859,-0.544103392094493,0.976045888823093
2.8590984736618,-0.407470064132086,-0.566408021578118,0.973878085710216
2.85918664097366,-0.382685033503155,-0.588278131757958,0.9709631652611
2.85929504520606,-0.351811315350892,-0.614547215120785,0.96635853047166
2.85940344943847,-0.320529425543197,-0.640103763157888,0.960633188701077
2.85951185367088,-0.288875742887271,-0.664918046829316,0.953793789716526
2.85962025790328,-0.25688699974391,-0.688961276660842,0.945848276404736
2.85972866213569,-0.224600319390115,-0.712205539339947,0.936805858730038
2.85983706636809,-0.192053140622359,-0.734623888199906,0.926677028822272
2.8599454706005,-0.159283223114096,-0.756190303917055,0.915473527031153
2.8600538748329,-0.126328562299161,-0.776879788600457,0.903208350899594
2.86016227906531,-0.0932273881589373,-0.796668330281597,0.889895718440514
2.86027068329772,-0.0600180798731951,-0.815532993129491,0.875551073002673
2.86037908753012,-0.026739161809032,-0.833451882699122,0.860191044508141
2.86048749176253,0.00657078063396892,-0.850404231223847,0.8438334505899
2.86059589599493,0.0398731070663281,-0.866370362999048,0.826497255932698
2.86066350920591,0.0606240362228111,-0.87582143367444,0.815197397451594
2.86073112241688,0.0813474428636157,-0.884877270835393,0.803529827971776
2.86079873562785,0.102034069182317,-0.893533834492447,0.791499765310138
2.86086634883882,0.122674583645524,-0.901787212488254,0.779112628842709
2.8609585080854,0.150716808897049,-0.912380655957474,0.76166384706043
2.86105066733197,0.178632781611892,-0.92220935827027,0.743576576658354
2.86111086723084,0.196789044442473,-0.928212927133711,0.731423882691188
2.86117106712972,0.214874827358161,-0.933884465555473,0.719009638197269
2.86123126702859,0.232883718340456,-0.939221970122154,0.706338251781669
2.86129146692746,0.250809262821484,-0.944223519623336,0.693414256801835
2.86136396718977,0.272277597505414,-0.94979851433929,0.677520916833835
2.86143646745208,0.293604685535217,-0.954880784255024,0.661276098719771
2.86150896771439,0.314779475628443,-0.959467706497569,0.644688230869089
2.8615814679767,0.335790958349288,-0.963556887271801,0.627765928922521
2.86165396823901,0.356628251733805,-0.967146219065687,0.610517967331885
2.86172646850132,0.377280526340386,-0.970233827011795,0.592953300671396
2.86181463579229,0.402130599783577,-0.973310242298271,0.571179642514654
2.86190280308327,0.426672236184397,-0.975639968844142,0.548967732659737
2.86199097037424,0.450886584304605,-0.977221229481727,0.526334645177059
2.86207913766521,0.474755042188495,-0.97805279821284,0.503297756024325
2.86216730495619,0.498259301061044,-0.9781340482513,0.479874747190252
2.86225547224716,0.521381316416551,-0.977464905735392,0.456083589318811
2.86234363953814,0.544103357239853,-0.976045894924219,0.431942537684327
2.86243180682911,0.566407982193582,-0.973878093644671,0.40747011145111
2.86251997412009,0.588278088081153,-0.970963175379132,0.38268508729794
2.86262837835242,0.614547172628988,-0.966358542530344,0.3518113699013
2.86273678258475,0.640103721903987,-0.960633202691504,0.320529480787485
2.86284518681709,0.664918006864777,-0.9537938056277,0.28887579876291
2.86295359104942,0.688961238035656,-0.945848294223305,0.256887056187591
2.86306199528175,0.712205502102541,-0.936805878440452,0.224600376337867
2.86317039951409,0.734623852397167,-0.926677050406729,0.192053198009542
2.86327880374642,0.756190269594229,-0.915473550469798,0.159283280875539
2.86338720797875,0.776879755801097,-0.903208376170358,0.126328620369232
2.86349561221108,0.796668299047507,-0.889895745519074,0.0932274464715679
2.86360401644342,0.815532963500722,-0.875551101862761,0.060018138362006
2.86371242067575,0.833451854713857,-0.860191075121215,0.0267392204073405
2.86382082490808,0.850404204918433,-0.843833482925476,-0.00657072199296754
2.86392922914042,0.866370338407837,-0.826497289958262,-0.039873048449585
2.86399684241008,0.875821418207754,-0.815197422537525,-0.0606239956702129
2.86406445567974,0.884877263815241,-0.803529843469738,-0.0813474203455154
2.8641320689494,0.893533835229839,-0.79149977058511,-0.102034064644755
2.86419968221907,0.901787220284006,-0.779112623273796,-0.122674597010238
2.86429184148116,0.912380665084989,-0.76166383817167,-0.150716826913341
2.86438400074324,0.922209368466273,-0.743576564244948,-0.178632804221354
2.86444420061336,0.928212934113013,-0.731423875803403,-0.196789058309603
2.86450440048348,0.933884469633459,-0.719009637088634,-0.214874832544817
2.8645646003536,0.939221971617249,-0.706338256699466,-0.232883714917778
2.86462480022371,0.944223518856689,-0.693414267986735,-0.250809250869956
2.86469730048828,0.949798513989799,-0.677520927700314,-0.272277586289478
2.86476980075285,0.954880784293353,-0.661276109241938,-0.293604675051432
2.86484230101741,0.959467706894029,-0.644688241021739,-0.314779465872293
2.86491480128198,0.963556887996305,-0.62776593868111,-0.335790949315199
2.86498730154655,0.967146220087973,-0.610517976672819,-0.35662824341517
2.86505980181111,0.970233828301076,-0.592953309571632,-0.377280518729491
2.86514796910681,0.973310243931463,-0.571179650355511,-0.402130593575988
2.86523613640251,0.975639970741656,-0.548967739390535,-0.426672231351102
2.86532430369821,0.977221231563549,-0.526334650749983,-0.450886580813604
2.86541247099391,0.978052800398808,-0.503297760394234,-0.474755040004574
2.86550063828961,0.978134050460946,-0.479874750314798,-0.498259300146192
2.86558880558531,0.977464907888312,-0.456083591158539,-0.521381316729785
2.86567697288101,0.976045896940076,-0.431942538202801,-0.544103358737317
2.86576514017671,0.973878095443494,-0.407470110614797,-0.566407984828687
2.86585330747241,0.970963176881062,-0.382685085076354,-0.588278091804701
2.86596171170475,0.966358543835014,-0.351811367602451,-0.614547176232567
2.86607011593709,0.960633203799852,-0.320529478417644,-0.640103725382201
2.86617852016943,0.953793806540807,-0.288875796328411,-0.664918010212407
2.86628692440177,0.945848294942429,-0.256887053694887,-0.688961241247595
2.86639532863412,0.936805878967232,-0.224600373793448,-0.712205505173777
2.86650373286646,0.926677050742928,-0.192053195419961,-0.734623855322964
2.8666121370988,0.915473550617366,-0.159283278247445,-0.756190272369933
2.86672054133114,0.903208376131526,-0.126328617709278,-0.776879758422265
2.86682894556348,0.889895745296327,-0.0932274437864367,-0.796668301509876
2.86693734979583,0.875551101458694,-0.060018135658487,-0.815532965800184
2.86704575402817,0.860191074538678,-0.0267392176922353,-0.833451856846438
2.86715415826051,0.843833482167608,0.00657072471291559,-0.850404206880554
2.86726256249285,0.826497289028283,0.0398730511675742,-0.866370340195835
2.86733017576163,0.815197421652756,0.0606239981113049,-0.875821419764042
2.86739778903041,0.803529842641027,0.0813474225079277,-0.884877265148997
2.86746540229919,0.791499769823376,0.102034066527061,-0.89353383635045
2.86753301556797,0.779112622589712,0.122674598611314,-0.901787221201044
2.86762517485915,0.761663831769223,0.150716837327709,-0.912380669096943
2.86771733415033,0.743576551728242,0.178632823358134,-0.922209375086354
2.86777753399615,0.731423867922932,0.19678907004775,-0.928212937970683
2.86783773384196,0.719009634059348,0.214874836935772,-0.933884470995099
2.86789793368777,0.706338258730896,0.232883712020874,-0.939221970751769
2.86795813353358,0.693414275283038,0.250809240752276,-0.944223516035298
2.86803063379794,0.677520935156731,0.2722775761558,-0.949798511312537
2.86810313406231,0.661276116857684,0.293604664906185,-0.95488078176385
2.86817563432667,0.644688248795955,0.314779455719992,-0.959467704515968
2.86824813459104,0.627765946612771,0.335790939160377,-0.963556885773133
2.8683206348554,0.610517984760719,0.356628233262452,-0.967146218023199
2.86839313511976,0.592953317814539,0.377280508583572,-0.970233826398078
2.86848130244107,0.571179652335863,0.402130590686387,-0.973310243022256
2.86856946976237,0.548967734853837,0.426672235538687,-0.975639970392503
2.86865763708368,0.52633463945679,0.450886591882582,-0.977221231339398
2.86874580440498,0.503297742120337,0.474755057743275,-0.978052799863636
2.86883397172629,0.479874724851609,0.498259324327085,-0.978134049178705
2.86892213904759,0.456083558313526,0.521381347109901,-0.977464905423415
2.8690103063689,0.431942497799544,0.544103395058667,-0.976045892858205
2.8690984736902,0.407470062493565,0.566408026818569,-0.97387808931213
2.86918664101151,0.382685029094207,0.588278139176067,-0.970963168270281
2.86929504524392,0.351811310790248,0.614547222297817,-0.966358533088074
2.86940344947634,0.32052942084346,0.640103770083127,-0.960633190926575
2.86951185370875,0.288875738061199,0.664918053492374,-0.953793791553589
2.86962025794117,0.256886994804351,0.688961283051707,-0.94584827785607
2.86972866217358,0.224600314350037,0.712205545448855,-0.936805859798922
2.869837066406,0.192053135494866,0.734623894017507,-0.926677029512341
2.86994547063841,0.159283217912381,0.756190309434207,-0.915473527346553
2.87005387487083,0.126328557036595,0.776879793808451,-0.903208350845007
2.87016227910324,0.0932273828488855,0.796668335172049,-0.889895718020922
2.87027068333566,0.0600180745291309,0.815532997694407,-0.875551072223523
2.87037908756807,0.0267391564443973,0.833451886930838,-0.86019104337523
2.87048749180049,-0.00657078600561436,0.850404235115154,-0.843833449109531
2.8705958960329,-0.0398731124314742,0.866370366542998,-0.826497254111509
2.8706635092422,-0.0606240410612436,0.875821436768331,-0.815197395707072
2.8707311224515,-0.0813474471716789,0.884877273496561,-0.803529826324891
2.87079873566079,-0.102034072957047,0.89353383673863,-0.791499763781577
2.87086634887009,-0.12267458688463,0.901787214337588,-0.779112627452916
2.8709585081749,-0.150716829777945,0.91238066400131,-0.761663834223334
2.87105066747971,-0.178632819952722,0.922209371534065,-0.743576551581343
2.87111086732988,-0.196789067960338,0.928212934863323,-0.731423866902974
2.87117106718006,-0.2148748361561,0.933884468284531,-0.719009632128424
2.87123126703024,-0.232883712537302,0.939221968389418,-0.706338255852106
2.87129146688041,-0.250809242551738,0.944223513972153,-0.693414271420405
2.87136396714235,-0.272277577214092,0.94979850897966,-0.677520931765563
2.87143646740429,-0.293604665231131,0.954880779193861,-0.661276113962692
2.87150896766622,-0.31477945532039,0.959467701741573,-0.644688246421161
2.87158146792816,-0.335790938046243,0.963556882827559,-0.627765944781321
2.8716539681901,-0.35662823144485,0.96714621493971,-0.610517983494829
2.87172646845204,-0.377280506074655,0.970233823210301,-0.592953317135623
2.8718146357942,-0.402130594023302,0.973310240482803,-0.571179646459495
2.87190280313636,-0.426672244571336,0.975639968147759,-0.548967723576417
2.87199097047852,-0.450886606447641,0.977221229034522,-0.526334622586859
2.87207913782069,-0.474755077664245,0.978052797143393,-0.503297719479135
2.87216730516285,-0.498259349414688,0.9781340456878,-0.479874696273095
2.87225547250501,-0.521381377162449,0.977464900807149,-0.456083523644673
2.87234363984717,-0.54410342986215,0.976045886762964,-0.431942456900769
2.87243180718933,-0.56640806614715,0.97387808138587,-0.407470015238703
2.87251997453149,-0.588278182792333,0.970963158163281,-0.382684975370904
2.87262837876398,-0.614547264730465,0.966358521043068,-0.351811256312605
2.87273678299647,-0.64010381127934,0.960633176952455,-0.320529365673111
2.87284518722896,-0.664918093400788,0.953793775661409,-0.288875682260588
2.87295359146144,-0.688961321622418,0.945848260059152,-0.256886938436706
2.87306199569393,-0.71220558263352,0.936805840112745,-0.224600257479228
2.87317039992642,-0.734623929769205,0.926677007954735,-0.192053078185498
2.8732788041589,-0.756190343707915,0.915473503937428,-0.159283160229492
2.87338720839139,-0.776879826560632,0.90320832560641,-0.126328499045764
2.87349561262388,-0.796668366360998,0.889895690977069,-0.0932273246160691
2.87360401685637,-0.815533027280092,0.875551043400706,-0.0600180161206433
2.87371242108885,-0.833451914875136,0.860191012801998,-0.0267390979268348
2.87382082532134,-0.850404261381855,0.843833416816284,0.00657084456557034
2.87392922955383,-0.866370391097706,0.826497220130796,0.0398731709669284
2.87399684270452,-0.875821452211546,0.81519737065313,0.0606240815584327
2.8740644558552,-0.884877280505385,0.803529810845199,0.0813474696601825
2.87413206900589,-0.893533836000926,0.791499758510179,0.10203407749075
2.87419968215658,-0.901787206551554,0.779112633009875,0.122674573541706
2.87429184144591,-0.912380654885956,0.761663843094408,0.150716811791554
2.87438400073523,-0.922209361352173,0.743576563970913,0.178632797381237
2.87444420061411,-0.928212927892683,0.731423873776403,0.196789054116317
2.87450440049299,-0.933884464210291,0.719009633232543,0.214874830977789
2.87456460037187,-0.939221966893689,0.706338250940125,0.232883715953561
2.87462480025076,-0.944223514734381,0.693414260252086,0.250809254482324
2.87469730051046,-0.949798509327165,0.677520920910052,0.272277588417124
2.87476980077017,-0.954880779155601,0.661276103445738,0.29360467570988
2.87484230102988,-0.95946770134696,0.644688236267669,0.314779465079282
2.87491480128958,-0.96355688210623,0.62776593501548,0.335790947090745
2.87498730154929,-0.967146213921603,0.610517974140127,0.35662823978147
2.875059801809,-0.970233821925694,0.592953308214772,0.377280513710951
2.87514796914646,-0.9733102388542,0.571179638592502,0.402130600261676
2.87523613648391,-0.975639966254358,0.548967716813712,0.426672249440693
2.87532430382137,-0.977221226955988,0.526334616976143,0.450886609979841
2.87541247115883,-0.97805279495957,0.503297715065358,0.474755079894221
2.87550063849629,-0.978134043478736,0.479874693098494,0.498259350380271
2.87558880583374,-0.977464898652916,0.456083521748526,0.521381376904388
2.8756769731712,-0.97604588474351,0.43194245631945,0.544103428424077
2.87576514050866,-0.973878079581007,0.407470016005574,0.566408063575436
2.87585330784612,-0.970963156652385,0.382684977516402,0.588278179135983
2.8759617120786,-0.966358519726534,0.351811258534108,0.614547261192442
2.87607011631107,-0.960633175829395,0.320529367964489,0.640103807864904
2.87617852054355,-0.953793774730729,0.288875684615569,0.664918090115139
2.87628692477603,-0.945848259319513,0.256886940848913,0.688961318470622
2.87639532900851,-0.936805839562747,0.224600259942333,0.712205579620369
2.87650373324099,-0.926677007592526,0.192053080692979,0.73462392689951
2.87661213747347,-0.915473503761042,0.159283162774885,0.756190340986142
2.87672054170595,-0.903208325613623,0.126328501622406,0.776879823991197
2.87682894593842,-0.88989569116551,0.0932273272173985,0.796668363948112
2.8769373501709,-0.87555104376782,0.0600180187400245,0.815533025027809
2.87704575440338,-0.860191013344828,0.0267391005575358,0.833451912787312
2.87715415863586,-0.8438334175319,-0.00657084193020306,0.850404259462083
2.87726256286834,-0.826497221015881,-0.0398731683336268,0.866370389349518
2.87733017601982,-0.815197371506779,-0.0606240791743739,0.875821450681156
2.8773977891713,-0.803529811657415,-0.081347467527262,0.884877279184674
2.87746540232278,-0.791499759271071,-0.102034075610466,0.893533834881563
2.87753301547426,-0.779112633709734,-0.122674571915242,0.901787205624969
2.87762517473446,-0.761663849520102,-0.150716801340961,0.912380650861074
2.87771733399466,-0.743576576518954,-0.178632778197481,0.922209354716425
2.87777753389791,-0.731423881676419,-0.196789042349624,0.928212924026031
2.87783773380115,-0.719009636269139,-0.214874826576549,0.933884462845687
2.8778979337044,-0.706338248903225,-0.232883718858375,0.939221967761574
2.87795813360765,-0.693414252937017,-0.250809264625828,0.944223517562857
2.87803063386753,-0.677520913440514,-0.272277598568345,0.949798512008844
2.87810313412741,-0.661276095822765,-0.293604685864474,0.954880781687235
2.8781756343873,-0.644688228492398,-0.314779475232864,0.95946770372525
2.87824813464718,-0.627765927089243,-0.335790957238878,0.96355688432806
2.87832063490706,-0.610517966064348,-0.3566282499196,0.967146215983963
2.87839313516694,-0.592953299990934,-0.377280523834583,0.97023382382552
2.87848130247881,-0.571179636627877,-0.402130603133415,0.973310239761296
2.87856946979068,-0.548967721362614,-0.426672245239578,0.975639966602169
2.87865763710254,-0.526334628277966,-0.450886598901425,0.977221227179347
2.87874580441441,-0.503297733344124,-0.474755062150143,0.978052795494266
2.87883397172628,-0.479874718562634,-0.498259326197968,0.978134044760605
2.87892213903814,-0.456083554590573,-0.5213813465267,0.977464901117227
2.87901030635001,-0.431942496715568,-0.544103392108852,0.976045888824421
2.87909847366188,-0.407470064115484,-0.56640802159522,0.973878085710674
2.87918664097374,-0.382685033482905,-0.588278131777625,0.970963165260509
2.87929504520615,-0.351811315330576,-0.614547215139711,0.966358530470259
2.87940344943855,-0.320529425522821,-0.640103763176031,0.960633188698832
2.87951185367096,-0.288875742866915,-0.664918046846689,0.95379378971356
2.87962025790336,-0.256886999723575,-0.688961276677425,0.945848276400998
2.87972866213577,-0.224600319369865,-0.712205539355685,0.936805858725577
2.87983706636817,-0.192053140602189,-0.734623888214854,0.926677028817056
2.87994547060058,-0.159283223094065,-0.756190303931193,0.915473527025224
2.88005387483298,-0.126328562279282,-0.77687978861377,0.903208350893032
2.88016227906539,-0.0932273881392268,-0.79666833029411,0.889895718433354
2.88027068329779,-0.0600180798537538,-0.815532993141211,0.875551072994974
2.8803790875302,-0.0267391617898238,-0.833451882710012,0.860191044499836
2.8804874917626,0.00657078065288761,-0.850404231233985,0.843833450581089
2.88059589599501,0.0398731070849487,-0.86637036300833,0.826497255923365
2.88066350920596,0.0606240362364021,-0.875821433681067,0.815197397444635
2.88073112241692,0.0813474428721322,-0.884877270839577,0.803529827967424
2.88079873562787,0.102034069185809,-0.893533834494315,0.791499765308494
2.88086634883883,0.122674583644014,-0.901787212488042,0.779112628843992
2.88095850808546,0.150716808911382,-0.912380655962979,0.76166384705158
2.88105066733208,0.178632781641941,-0.922209358280625,0.743576576638656
2.88111086723092,0.196789044461598,-0.928212927139968,0.731423882678367
2.88117106712976,0.214874827366436,-0.933884465558026,0.719009638191576
2.88123126702859,0.232883718337926,-0.939221970121394,0.706338251783431
2.88129146692743,0.250809262808287,-0.944223519619673,0.693414256811399
2.88136396718974,0.272277597492966,-0.949798514336031,0.677520916843037
2.88143646745205,0.293604685523499,-0.954880784252107,0.661276098728614
2.88150896771436,0.314779475617465,-0.959467706495006,0.64468823087756
2.88158146797667,0.335790958339019,-0.963556887269504,0.627765928930494
2.88165396823899,0.356628251724232,-0.967146219063743,0.610517967339486
2.8817264685013,0.377280526331541,-0.970233827010043,0.592953300678495
2.8818146357923,0.402130599784148,-0.973310242297701,0.571179642513533
2.88190280308331,0.426672236194148,-0.97563996884421,0.548967732650053
2.88199097037432,0.450886584323291,-0.977221229481837,0.526334645158503
2.88207913766533,0.474755042215788,-0.978052798212464,0.503297755996662
2.88216730495634,0.498259301096709,-0.978134048249841,0.479874747153098
2.88225547224735,0.521381316460231,-0.977464905732253,0.456083589272005
2.88234363953835,0.544103357291173,-0.976045894918831,0.431942537627674
2.88243180682936,0.566407982252245,-0.973878093636565,0.407470111384304
2.88251997412037,0.588278088146786,-0.970963175367662,0.382685087220867
2.8826283783527,0.614547172693427,-0.966358542515831,0.351811369822374
2.88273678258504,0.640103721967143,-0.960633202673934,0.320529480706778
2.88284518681738,0.664918006926524,-0.953793805607028,0.288875798680492
2.88295359104971,0.688961238095901,-0.945848294199418,0.256887056103495
2.88306199528205,0.712205502161188,-0.936805878413394,0.224600376252204
2.88317039951438,0.734623852454069,-0.926677050376519,0.192053197922441
2.88327880374672,0.75619026964927,-0.915473550436364,0.159283280787088
2.88338720797905,0.776879755854121,-0.903208376133659,0.126328620279499
2.88349561221139,0.796668299098518,-0.889895745479213,0.0932274463806674
2.88360401644373,0.815532963549519,-0.875551101819618,0.0600181382700506
2.88371242067606,0.833451854760354,-0.86019107507481,0.0267392203144419
2.8838208249084,0.850404204962592,-0.843833482875781,-0.00657072208680001
2.88392922914073,0.866370338449501,-0.826497289905314,-0.0398730485441687
2.88399684241029,0.875821418233102,-0.815197422500837,-0.0606239957323094
2.88406445567985,0.88487726382553,-0.803529843450367,-0.0813474203751514
2.8841320689494,0.893533835226328,-0.791499770584301,-0.102034064642039
2.88419968221896,0.901787220267932,-0.77911262329261,-0.122674596975326
2.88429184148107,0.912380665072167,-0.76166383818705,-0.150716826885091
2.88438400074318,0.922209368456367,-0.743576564256649,-0.178632804199745
2.88444420061333,0.928212934106513,-0.731423875808822,-0.196789058297704
2.88450440048348,0.933884469630033,-0.719009637087534,-0.214874832542522
2.88456460035363,0.939221971616563,-0.706338256691581,-0.232883714925046
2.88462480022378,0.944223518858408,-0.693414267971782,-0.250809250886658
2.88469730048835,0.949798513991562,-0.677520927683593,-0.272277586308007
2.88476980075292,0.954880784295107,-0.661276109223336,-0.293604675071757
2.8848423010175,0.959467706895611,-0.644688241001251,-0.314779465894409
2.88491480128207,0.963556887997691,-0.627765938658686,-0.335790949339048
2.88498730154664,0.967146220089011,-0.61051797664832,-0.356628243440702
2.88505980181122,0.970233828301721,-0.592953309545085,-0.377280518756658
2.88514796910696,0.973310243932515,-0.571179650317988,-0.402130593614533
2.8852361364027,0.975639970742369,-0.548967739341693,-0.426672231400718
2.88532430369844,0.977221231563258,-0.526334650689414,-0.450886580873849
2.88541247099418,0.978052800396744,-0.50329776032161,-0.474755040075155
2.88550063828992,0.978134050456459,-0.479874750229804,-0.498259300226677
2.88558880558566,0.977464907880685,-0.456083591060933,-0.521381316819758
2.8856769728814,0.976045896928595,-0.431942538092285,-0.544103358836318
2.88576514017715,0.97387809542738,-0.407470110491128,-0.566407984936271
2.88585330747289,0.970963176859691,-0.382685084939422,-0.588278091920297
2.88596171170523,0.96635854380883,-0.35181136746457,-0.614547176344288
2.88607011593756,0.960633203768932,-0.320529478278957,-0.640103725489965
2.8861785201699,0.953793806505225,-0.288875796189159,-0.664918010316089
2.88628692440224,0.945848294902366,-0.256887053555204,-0.688961241347158
2.88639532863458,0.936805878922667,-0.224600373653499,-0.712205505269209
2.88650373286692,0.926677050694066,-0.192053195279936,-0.734623855414123
2.88661213709926,0.915473550564298,-0.159283278107538,-0.756190272456772
2.8867205413316,0.903208376074376,-0.126328617569611,-0.776879758504747
2.88682894556394,0.889895745235158,-0.0932274436472166,-0.796668301587973
2.88693734979627,0.875551101393687,-0.0600181355198346,-0.815532965873862
2.88704575402861,0.860191074469982,-0.0267392175543343,-0.833451856915681
2.88715415826095,0.843833482095309,0.00657072484991031,-0.850404206945253
2.88726256249329,0.826497288952551,0.0398730513034916,-0.866370340256045
2.88733017576193,0.815197421598424,0.0606239982040257,-0.875821419802438
2.88739778903057,0.803529842609733,0.0813474225574688,-0.884877265167215
2.88746540229921,0.79149976981663,0.102034066533561,-0.893533836350164
2.88753301556785,0.77911262260894,0.122674598575021,-0.901787221183981
2.88762517485904,0.761663831788008,0.150716837293604,-0.912380669081606
2.88771733415022,0.743576551746434,0.178632823326219,-0.922209375072686
2.88777753399608,0.731423867933273,0.196789070028343,-0.928212937961599
2.88783773384193,0.71900963406136,0.214874836928802,-0.933884470990155
2.88789793368778,0.706338258724226,0.232883712026282,-0.939221970750507
2.88795813353364,0.693414275267339,0.250809240769918,-0.944223516037273
2.888030633798,0.677520935141943,0.272277576171772,-0.949798511313692
2.88810313406235,0.661276116843811,0.293604664920565,-0.95488078176436
2.88817563432671,0.644688248783112,0.314779455732723,-0.959467704515821
2.88824813459107,0.627765946600946,0.335790939171487,-0.963556885772425
2.88832063485543,0.610517984750061,0.356628233271972,-0.96714621802201
2.88839313511979,0.592953317805054,0.377280508591482,-0.970233826396511
2.88848130244107,0.571179652331411,0.402130590688406,-0.973310243019829
2.88856946976236,0.548967734854704,0.426672235534942,-0.975639970389636
2.88865763708364,0.526334639463077,0.45088659187325,-0.977221231336342
2.88874580440492,0.503297742132294,0.474755057728519,-0.978052799860773
2.88883397172621,0.479874724869394,0.498259324307075,-0.978134049176426
2.88892213904749,0.456083558337253,0.521381347084836,-0.977464905422094
2.88901030636878,0.43194249782944,0.54410339502874,-0.976045892858172
2.88909847369006,0.407470062529685,0.56640802678403,-0.973878089313709
2.88918664101134,0.382685029136716,0.588278139137126,-0.970963168273836
2.88929504524376,0.351811310833167,0.614547222260109,-0.966358533093309
2.88940344947618,0.320529420886763,0.640103770046703,-0.960633190933442
2.88951185370859,0.288875738104772,0.664918053457283,-0.953793791562021
2.88962025794101,0.25688699484808,0.688961283017975,-0.945848277866066
2.88972866217342,0.224600314393938,0.712205545416513,-0.936805859810437
2.88983706640584,0.192053135538881,0.734623893986534,-0.926677029525426
2.88994547063826,0.159283217956467,0.756190309404682,-0.915473527361114
2.89005387487067,0.126328557080592,0.77687979378034,-0.903208350860978
2.89016227910309,0.0932273828927896,0.796668335145455,-0.889895718038258
2.8902706833355,0.0600180745729119,0.815532997669295,-0.875551072242189
2.89037908756792,0.0267391564880048,0.833451886907213,-0.860191043395206
2.89048749180034,-0.00657078596231612,0.850404235093073,-0.843833449130753
2.89059589603275,-0.0398731123884921,0.866370366522452,-0.826497254133941
2.89066350924208,-0.0606240410282304,0.875821436753069,-0.815197395724828
2.89073112245141,-0.0813474471486488,0.884877273486279,-0.803529826337631
2.89079873566074,-0.10203407294394,0.893533836732893,-0.791499763788944
2.89086634887007,-0.12267458688144,0.90178721433599,-0.779112627454549
2.89095850817484,-0.150716829763078,0.912380663995658,-0.761663834232548
2.89105066747961,-0.178632819926278,0.922209371524955,-0.743576551598637
2.89111086732982,-0.196789067943675,0.928212934857896,-0.731423866914212
2.89117106718002,-0.21487483614916,0.933884468282397,-0.71900963213325
2.89123126703023,-0.232883712539931,0.93922196839024,-0.706338255850267
2.89129146688044,-0.250809242563898,0.944223513975562,-0.693414271411649
2.89136396714238,-0.27227757722577,0.949798508982756,-0.677520931756998
2.89143646740431,-0.293604665242306,0.95488077919666,-0.661276113954332
2.89150896766625,-0.314779455331117,0.959467701744116,-0.64468824641299
2.89158146792819,-0.33579093805649,0.963556882829887,-0.627765944773352
2.89165396819012,-0.356628231454641,0.967146214941792,-0.61051798348713
2.89172646845206,-0.37728050608401,0.970233823212177,-0.592953317128142
2.89181463579421,-0.402130594029295,0.973310240484121,-0.571179646454848
2.89190280313636,-0.426672244574026,0.975639968148786,-0.548967723574709
2.89199097047851,-0.45088660644707,0.97722122903541,-0.52633462258829
2.89207913782066,-0.474755077660543,0.978052797144357,-0.503297719483785
2.89216730516281,-0.498259349407955,0.978134045689045,-0.479874696281063
2.89225547250496,-0.521381377152793,0.977464900808859,-0.456083523656052
2.89234363984711,-0.544103429849689,0.976045886765309,-0.431942456915634
2.89243180718926,-0.566408066132017,0.973878081389185,-0.407470015257127
2.89251997453141,-0.588278182774618,0.970963158167654,-0.382684975392989
2.89262837876389,-0.614547264713012,0.96635852104844,-0.351811256335393
2.89273678299638,-0.640103811262172,0.960633176958803,-0.320529365696608
2.89284518722886,-0.664918093383997,0.953793775668746,-0.288875682284728
2.89295359146135,-0.688961321605985,0.945848260067483,-0.256886938461491
2.89306199569384,-0.712205582617472,0.936805840122144,-0.224600257504661
2.89317039992632,-0.734623929753669,0.926677007965184,-0.192053078211503
2.89327880415881,-0.756190343692874,0.915473503948994,-0.159283160256084
2.89338720839129,-0.776879826546154,0.90320832561906,-0.12632849907287
2.89349561262378,-0.796668366347057,0.889895690990813,-0.0932273246437276
2.89360401685626,-0.815533027266811,0.875551043415606,-0.0600180161488164
2.89371242108875,-0.833451914862479,0.860191012817992,-0.0267390979554501
2.89382082532124,-0.850404261369941,0.843833416833443,0.00657084453652378
2.89392922955372,-0.866370391086593,0.826497220149068,0.0398731709375382
2.89399684270444,-0.875821452204887,0.815197370667133,0.0606240815377531
2.89406445585516,-0.884877280502883,0.803529810854704,0.0813474696481873
2.89413206900587,-0.893533836002225,0.791499758514824,0.102034077487445
2.89419968215659,-0.901787206556336,0.77911263300932,0.122674573547037
2.89429184144589,-0.912380654888041,0.761663843098292,0.150716811789752
2.8943840007352,-0.922209361351963,0.743576563979623,0.178632797372328
2.89444420061408,-0.928212927893576,0.731423873783387,0.196789054110185
2.89450440049297,-0.933884464212178,0.719009633237735,0.214874830974435
2.89456460037186,-0.939221966896485,0.706338250943495,0.232883715952996
2.89462480025075,-0.944223514737919,0.693414260253452,0.250809254484514
2.89469730051046,-0.949798509330506,0.677520920912031,0.272277588418503
2.89476980077016,-0.954880779158781,0.661276103448315,0.293604675710477
2.89484230102987,-0.959467701349995,0.644688236270893,0.314779465079109
2.89491480128957,-0.963556882109192,0.627765935019363,0.33579094708983
2.89498730154928,-0.967146213924541,0.610517974144787,0.356628239779768
2.89505980180898,-0.970233821928605,0.592953308220133,0.377280513708486
2.89514796914642,-0.973310238856521,0.571179638603779,0.402130600252765
2.89523613648385,-0.975639966256524,0.548967716831129,0.426672249425418
2.89532430382128,-0.977221226958369,0.526334616999984,0.450886609958361
2.89541247115872,-0.978052794962568,0.503297715095829,0.474755079866781
2.89550063849615,-0.97813404348278,0.479874693135669,0.498259350347105
2.89558880583359,-0.977464898658361,0.456083521792685,0.521381376865695
2.89567697317102,-0.976045884750764,0.431942456370697,0.544103428380107
2.89576514050845,-0.973878079590474,0.407470016064065,0.566408063526446
2.89585330784589,-0.970963156664493,0.382684977582208,0.588278179082277
2.89596171207837,-0.966358519740967,0.351811258600442,0.61454726114053
2.89607011631085,-0.96063317584609,0.320529368031255,0.640103807814813
2.89617852054333,-0.953793774749643,0.288875684682642,0.664918090066998
2.89628692477581,-0.945848259340629,0.256886940916294,0.68896131842435
2.89639532900829,-0.936805839585955,0.224600260009909,0.712205579576029
2.89650373324077,-0.926677007617811,0.19205308076064,0.734623926857176
2.89661213747325,-0.915473503788366,0.159283162842532,0.756190340945851
2.89672054170573,-0.903208325642964,0.126328501690003,0.776879823952961
2.89682894593821,-0.88989569119676,0.0932273272848277,0.796668363911903
2.89693735017069,-0.875551043800925,0.0600180188072127,0.815533024993729
2.89704575440317,-0.860191013379763,0.0267391006244388,0.83345191275533
2.89715415863565,-0.843833417568557,-0.00657084186369611,0.85040425943226
2.89726256286813,-0.826497221054267,-0.0398731682675929,0.866370389321822
2.89733017601967,-0.815197371535505,-0.060624079127937,0.875821450663434
2.89739778917122,-0.803529811675792,-0.0813474675003506,0.884877279176121
2.89746540232276,-0.791499759278449,-0.102034075603011,0.893533834881462
2.89753301547431,-0.779112633705388,-0.122674571927194,0.901787205632616
2.89762517473454,-0.761663849508412,-0.150716801363987,0.912380650872401
2.89771733399477,-0.743576576499405,-0.178632778231454,0.922209354730842
2.89777753389798,-0.731423881665811,-0.196789042369535,0.928212924035332
2.89783773380118,-0.71900963626785,-0.214874826582562,0.9338844628504
2.89789793370438,-0.706338248911618,-0.232883718850569,0.939221967762153
2.89795813360758,-0.693414252955547,-0.250809264604382,0.94422351755992
2.89803063386747,-0.677520913457981,-0.272277598548853,0.949798512006858
2.89810313412736,-0.661276095839132,-0.293604685846908,0.954880781686058
2.89817563438725,-0.644688228507596,-0.31477947521721,0.959467703724806
2.89824813464713,-0.62776592710321,-0.335790957225117,0.963556884328348
2.89832063490702,-0.61051796607702,-0.356628249907775,0.967146215984777
2.89839313516691,-0.592953300002247,-0.37728052382461,0.970233823826837
2.89848130247879,-0.571179636637566,-0.402130603125537,0.973310239763115
2.89856946979066,-0.54896772137059,-0.426672245233772,0.975639966604346
2.89865763710253,-0.526334628284178,-0.450886598897631,0.977221227181817
2.89874580441441,-0.503297733348552,-0.4747550621483,0.978052795496851
2.89883397172628,-0.479874718565152,-0.498259326198039,0.978134044763184
2.89892213903815,-0.456083554591102,-0.521381346528579,0.977464901119696
2.89901030635003,-0.431942496714102,-0.544103392112511,0.976045888826602
2.8990984736619,-0.407470064111983,-0.566408021600562,0.97387808571255
2.89918664097377,-0.382685033477312,-0.588278131784612,0.970963165261875
2.89929504520618,-0.351811315325222,-0.614547215146164,0.966358530471379
2.89940344943858,-0.320529425517764,-0.640103763181945,0.960633188699711
2.89951185367098,-0.288875742862134,-0.66491804685208,0.9537937897142
2.89962025790339,-0.25688699971912,-0.688961276682327,0.945848276401482
2.89972866213579,-0.22460031936574,-0.712205539360144,0.936805858725852
2.8998370663682,-0.192053140598443,-0.734623888218823,0.926677028817239
2.8999454706006,-0.159283223090654,-0.756190303934712,0.915473527025327
2.900053874833,-0.126328562276238,-0.776879788616873,0.903208350893111
2.90016227906541,-0.0932273881365637,-0.796668330296776,0.889895718433352
2.90027068329781,-0.0600180798514685,-0.815532993143491,0.87555107299494
2.90037908753021,-0.0267391617879431,-0.833451882711877,0.860191044499826
2.90048749176262,0.00657078065439303,-0.850404231235505,0.843833450581092
2.90059589599502,0.0398731070860457,-0.866370363009475,0.826497255923423
2.90066350920597,0.0606240362361092,-0.875821433681555,0.81519739744539
2.90073112241692,0.0813474428705307,-0.884877270839435,0.803529827968876
2.90079873562787,0.102034069182833,-0.893533834493578,0.791499765310739
2.90086634883882,0.122674583639657,-0.901787212486754,0.779112628847066
2.90095850808545,0.150716808905301,-0.912380655961072,0.761663847055747
2.90105066733207,0.178632781634143,-0.922209358278218,0.743576576644067
2.90111086723091,0.196789044456361,-0.928212927138451,0.731423882682058
2.90117106712976,0.214874827363735,-0.933884465557276,0.719009638193535
2.9012312670286,0.23288371833774,-0.939221970121401,0.706338251783639
2.90129146692745,0.250809262810609,-0.944223519620318,0.693414256809675
2.90136396718978,0.272277597500694,-0.949798514337879,0.677520916837158
2.90143646745211,0.293604685536593,-0.954880784254935,0.661276098718323
2.90150896771444,0.314779475635801,-0.959467706498521,0.644688230862719
2.90158146797677,0.335790958362536,-0.963556887273514,0.62776592891097
2.9016539682391,0.356628251752885,-0.967146219067901,0.610517967315017
2.90172646850143,0.377280526365138,-0.970233827014181,0.592953300649026
2.90181463579247,0.402130599827902,-0.973310242301878,0.571179642473952
2.90190280308352,0.426672236247744,-0.975639968847803,0.548967732600045
2.90199097037457,0.450886584386396,-0.977221229484185,0.526334645097748
2.90207913766561,0.47475504228806,-0.978052798212915,0.503297755924823
2.90216730495666,0.498259301177739,-0.978134048247768,0.479874747070005
2.9022554722477,0.521381316549673,-0.977464905727038,0.456083589177329
2.90234363953875,0.54410335738862,-0.976045894909807,0.431942537521162
2.90243180682979,0.566407982357209,-0.973878093623065,0.407470111265841
2.90251997412084,0.588278088258858,-0.970963175349091,0.382685087090203
2.90262837835317,0.614547172802324,-0.966358542492385,0.351811369690053
2.90273678258551,0.640103722072742,-0.960633202645639,0.3205294805729
2.90284518681785,0.664918007028727,-0.953793805573944,0.288875798545209
2.90295359105018,0.688961238194557,-0.945848294161632,0.256887055967047
2.90306199528252,0.712205502256187,-0.936805878370924,0.224600376114708
2.90317039951485,0.734623852545334,-0.926677050329431,0.192053197784086
2.90327880374719,0.75619026973665,-0.91547355038471,0.159283280648019
2.90338720797952,0.776879755937647,-0.903208376077503,0.126328620139849
2.90349561221186,0.796668299177985,-0.88989574541858,0.093227446240615
2.90360401644419,0.815532963624915,-0.875551101754682,0.0600181381297553
2.90371242067653,0.833451854831539,-0.860191075005625,0.0267392201740629
2.90382082490886,0.850404205029497,-0.843833482802466,-0.00657072222704428
2.9039292291412,0.866370338512033,-0.826497289827931,-0.0398730486841377
2.90399684241062,0.875821418274988,-0.815197422443214,-0.0606239958317902
2.90406445568005,0.884877263848209,-0.803529843413973,-0.0813474204342445
2.90413206894947,0.89353383523137,-0.791499770570554,-0.102034064660826
2.9041996822189,0.901787220256921,-0.779112623302958,-0.122674596953981
2.90429184148101,0.912380665062014,-0.761663838197195,-0.150716826864837
2.90438400074312,0.922209368447041,-0.743576564266532,-0.17863280418052
2.9044442006133,0.928212934099772,-0.731423875814138,-0.196789058285648
2.90450440048347,0.933884469625679,-0.719009637088051,-0.214874832537627
2.90456460035364,0.939221971614237,-0.706338256687124,-0.232883714927187
2.90462480022382,0.944223518857891,-0.693414267962143,-0.250809250895766
2.90469730048837,0.949798513989031,-0.677520927679112,-0.272277586309936
2.90476980075292,0.954880784290845,-0.661276109224254,-0.29360467506659
2.90484230101747,0.959467706889989,-0.64468824100778,-0.31477946588224
2.90491480128201,0.963556887990997,-0.627765938670989,-0.335790949320022
2.90498730154656,0.96714622008159,-0.61051797666667,-0.356628243414929
2.90505980181111,0.970233828293935,-0.592953309569671,-0.377280518724286
2.90514796910685,0.973310243925412,-0.571179650344539,-0.402130593580895
2.90523613640258,0.975639970736054,-0.548967739370243,-0.426672231365848
2.90532430369832,0.977221231557862,-0.526334650720014,-0.450886580837875
2.90541247099405,0.978052800392379,-0.503297760354302,-0.474755040038089
2.90550063828979,0.978134050453201,-0.47987475026457,-0.498259300188628
2.90558880558552,0.977464907878601,-0.456083591097863,-0.521381316780774
2.90567697288126,0.976045896927824,-0.431942538131335,-0.544103358796518
2.905765140177,0.973878095428,-0.407470110532345,-0.56640798489571
2.90585330747273,0.970963176861814,-0.382685084982737,-0.588278091879101
2.90596171170507,0.966358543812502,-0.351811367507968,-0.61454717630456
2.90607011593741,0.960633203774107,-0.320529478322356,-0.640103725451758
2.90617852016975,0.953793806511835,-0.288875796232494,-0.664918010279373
2.90628692440209,0.945848294910346,-0.256887053598428,-0.688961241311965
2.90639532863443,0.936805878932055,-0.22460037369654,-0.712205505235499
2.90650373286677,0.926677050704764,-0.192053195322801,-0.734623855381963
2.90661213709911,0.915473550576216,-0.159283278150074,-0.756190272426157
2.90672054133145,0.903208376087437,-0.126328617611787,-0.776879758475666
2.9068289455638,0.889895745249425,-0.0932274436890366,-0.796668301560375
2.90693734979614,0.875551101409002,-0.060018135561224,-0.815532965847793
2.90704575402848,0.860191074486365,-0.0267392175952384,-0.833451856891128
2.90715415826082,0.843833482112666,0.006570724809565,-0.850404206922227
2.90726256249316,0.82649728897079,0.0398730512637423,-0.866370340234521
2.90733017576184,0.815197421610547,0.0606239981767207,-0.875821419787242
2.90739778903052,0.80352984261522,0.0813474225426461,-0.884877265157882
2.9074654022992,0.791499769815101,0.102034066531122,-0.893533836346221
2.90753301556788,0.779112622599956,0.122674598584947,-0.901787221184912
2.90762517485905,0.761663831781334,0.150716837299547,-0.912380669080902
2.90771733415023,0.743576551742231,0.178632823328246,-0.922209375070499
2.90777753399608,0.73142386792937,0.196789070029847,-0.928212937959249
2.90783773384193,0.719009634057862,0.214874836929777,-0.933884470987647
2.90789793368778,0.706338258721111,0.232883712026686,-0.939221970747851
2.90795813353363,0.693414275264635,0.25080924076982,-0.944223516034432
2.90803063379801,0.677520935135395,0.272277576176803,-0.949798511312248
2.90810313406238,0.661276116833323,0.293604664930599,-0.9548807817639
2.90817563432676,0.64468824876845,0.314779455747755,-0.959467704516197
2.90824813459114,0.627765946582027,0.335790939191425,-0.963556885773413
2.90832063485551,0.610517984726671,0.356628233296673,-0.967146218023309
2.90839313511989,0.592953317777063,0.377280508620862,-0.97023382639791
2.90848130244119,0.571179652299269,0.402130590721595,-0.97331024302085
2.90856946976248,0.548967734818281,0.426672235571742,-0.975639970390006
2.90865763708378,0.526334639422251,0.450886591913575,-0.977221231335817
2.90874580440508,0.503297742086988,0.47475505777218,-0.978052799859119
2.90883397172638,0.479874724819451,0.498259324353934,-0.978134049173394
2.90892213904768,0.456083558282664,0.52138134713474,-0.977464905417388
2.90901030636898,0.431942497770108,0.544103395081506,-0.976045892851589
2.90909847369028,0.4074700624655,0.566408026839487,-0.973878089304995
2.90918664101158,0.382685029067656,0.588278139195091,-0.970963168262721
2.90929504524399,0.351811310763502,0.614547222316332,-0.966358533079835
2.90940344947641,0.32052942081655,0.640103770101142,-0.960633190917651
2.90951185370882,0.28887573803407,0.664918053509846,-0.953793791543909
2.90962025794124,0.256886994777064,0.688961283068684,-0.945848277845742
2.90972866217365,0.224600314322634,0.712205545465291,-0.93680585978787
2.90983706640607,0.192053135467345,0.734623894033347,-0.926677029500672
2.90994547063848,0.159283217884779,0.7561903094495,-0.915473527334262
2.9100538748709,0.126328557008872,0.776879793823163,-0.90320835083201
2.91016227910331,0.0932273828211209,0.796668335186189,-0.889895718007297
2.91027068333573,0.0600180745013397,0.815532997707933,-0.875551072209232
2.91037908756814,0.0267391564166,0.833451886943727,-0.860191043360321
2.91048749180056,-0.00657078603343938,0.850404235127421,-0.843833449094001
2.91059589603297,-0.0398731124592802,0.866370366554683,-0.826497254095372
2.91066350924223,-0.0606240410769239,0.875821436774207,-0.815197395697235
2.91073112245149,-0.0813474471752653,0.884877273497134,-0.803529826321839
2.91079873566074,-0.102034072948553,0.893533836734307,-0.791499763785764
2.91086634887,-0.122674586864173,0.901787214328819,-0.779112627464666
2.91095850817475,-0.150716829739792,0.91238066398683,-0.761663834247022
2.9110506674795,-0.178632819897071,0.92220937151482,-0.743576551617747
2.91111086732975,-0.196789067926988,0.928212934852392,-0.731423866925373
2.91117106718,-0.214874836144899,0.933884468280992,-0.719009632136102
2.91123126703025,-0.232883712548031,0.939221968392513,-0.706338255844434
2.9112914668805,-0.250809242584178,0.944223513981081,-0.693414271396851
2.91136396714241,-0.272277577240541,0.949798508986547,-0.677520931745997
2.91143646740433,-0.293604665251627,0.95488077919896,-0.661276113947317
2.91150896766625,-0.314779455335036,0.959467701745232,-0.644688246410149
2.91158146792817,-0.335790938055079,0.963556882829945,-0.627765944774885
2.91165396819009,-0.356628231447963,0.967146214941184,-0.610517983493168
2.911726468452,-0.377280506072156,0.97023382321105,-0.592953317138862
2.91181463579411,-0.402130594004162,0.973310240482048,-0.571179646477846
2.91190280313621,-0.426672244536033,0.975639968146477,-0.548967723610461
2.91199097047831,-0.450886606396601,0.977221229033745,-0.52633462263712
2.91207913782041,-0.474755077597992,0.97805279714412,-0.503297719546122
2.91216730516251,-0.498259349333789,0.978134045691072,-0.479874696357258
2.91225547250462,-0.52138137706745,0.977464900813977,-0.456083523746478
2.91234363984672,-0.54410342975368,0.976045886774383,-0.431942457020644
2.91243180718882,-0.566408066025909,0.973878081402854,-0.407470015376935
2.91251997453092,-0.588278182658994,0.970963158186843,-0.382684975527852
2.91262837876341,-0.61454726460079,0.966358521072622,-0.351811256471808
2.9127367829959,-0.640103811153508,0.960633176987926,-0.320529365834399
2.91284518722838,-0.664918093278949,0.953793775702739,-0.288875682423751
2.91295359146087,-0.688961321504736,0.945848260106272,-0.256886938601523
2.91306199569336,-0.712205582520118,0.936805840165658,-0.224600257645524
2.91317039992584,-0.734623929660307,0.926677008013363,-0.192053078353049
2.91327880415833,-0.756190343603541,0.915473504001705,-0.15928316039813
2.91338720839082,-0.77687982646096,0.903208325676269,-0.126328499215275
2.9134956126233,-0.796668366266109,0.889895691052386,-0.0932273247862417
2.91360401685579,-0.815533027190212,0.875551043481502,-0.0600180162912789
2.91371242108828,-0.833451914790299,0.860191012888071,-0.0267390980977516
2.91382082532077,-0.850404261302165,0.843833416907576,0.0065708443945994
2.91392922955325,-0.866370391023301,0.826497220227228,0.0398731707961062
2.9139968427041,-0.875821452162781,0.815197370724974,0.0606240814378534
2.91406445585496,-0.884877280480439,0.803529810890636,0.0813474695898019
2.91413206900581,-0.89353383599782,0.791499758527451,0.102034077470395
2.91419968215666,-0.901787206568376,0.779112632997205,0.122674573571206
2.91429184144595,-0.912380654898481,0.761663843087478,0.150716811811024
2.91438400073525,-0.922209361360936,0.743576563970256,0.178632797390695
2.91444420061412,-0.928212927900115,0.731423873778286,0.196789054121861
2.91450440049298,-0.933884464216552,0.719009633237157,0.214874830979402
2.91456460037185,-0.939221966898856,0.706338250947528,0.23288371595135
2.91462480025072,-0.944223514738623,0.693414260262393,0.25080925447628
2.91469730051043,-0.949798509332185,0.677520920919029,0.272277588413147
2.91476980077015,-0.954880779161223,0.661276103453381,0.293604675707907
2.91484230102986,-0.959467701353126,0.644688236273849,0.314779465079311
2.91491480128957,-0.96355688211288,0.627765935020176,0.335790947092724
2.91498730154929,-0.967146213928653,0.610517974143315,0.356628239785376
2.915059801809,-0.970233821933029,0.592953308216361,0.377280513716697
2.91514796914641,-0.973310238860117,0.571179638605342,0.402130600254801
2.91523613648383,-0.975639966259697,0.548967716838191,0.42667224942148
2.91532430382124,-0.977221226961382,0.526334617012781,0.450886609948595
2.91541247115865,-0.978052794965885,0.503297715114507,0.47475507985137
2.91550063849606,-0.978134043486728,0.479874693160528,0.498259350326202
2.91558880583348,-0.977464898663342,0.45608352182379,0.521381376839556
2.91567697317089,-0.976045884757139,0.431942456408188,0.544103428348956
2.9157651405083,-0.973878079598623,0.407470016108136,0.566408063490475
2.91585330784571,-0.970963156674712,0.382684977632955,0.588278179041745
2.91596171207819,-0.966358519753025,0.351811258652058,0.614547261100995
2.91607011631067,-0.960633175859995,0.320529368083612,0.640103807776382
2.91617852054315,-0.953793774765382,0.288875684735703,0.664918090029675
2.91628692477563,-0.945848259358218,0.256886940969964,0.688961318388236
2.91639532900811,-0.936805839605379,0.224600260064157,0.712205579541195
2.91650373324059,-0.926677007639016,0.192053080815399,0.734623926823624
2.91661213747307,-0.915473503811375,0.159283162897745,0.75619034091363
2.91672054170555,-0.903208325667759,0.126328501745603,0.776879823922142
2.91682894593803,-0.889895691223356,0.0932273273407984,0.79666836388257
2.91693735017051,-0.875551043829256,0.0600180188634706,0.815533024965799
2.91704575440299,-0.860191013409827,0.0267391006808926,0.833451912728946
2.91715415863547,-0.843833417600321,-0.00657084180710593,0.850404259407411
2.91726256286795,-0.826497221087723,-0.039873168210889,0.866370389298642
2.91733017601955,-0.815197371559949,-0.0606240790893687,0.875821450649307
2.91739778917115,-0.803529811690594,-0.0813474674798902,0.88487727917046
2.91746540232276,-0.791499759282894,-0.102034075600655,0.893533834883542
2.91753301547436,-0.779112633698894,-0.12267457194284,0.901787205641746
2.91762517473461,-0.761663849498037,-0.150716801384994,0.912380650883041
2.91771733399487,-0.743576576484939,-0.178632778257785,0.922209354742729
2.91777753389804,-0.731423881657206,-0.196789042386539,0.928212924043723
2.91783773380121,-0.719009636265361,-0.214874826590287,0.933884462855671
2.91789793370438,-0.706338248915553,-0.232883718849115,0.939221967764667
2.91795813360755,-0.693414252966091,-0.250809264593799,0.94422351755991
2.91803063386744,-0.677520913467953,-0.27227759853933,0.94979851200728
2.91810313412733,-0.661276095848468,-0.293604685838454,0.954880781686894
2.91817563438722,-0.644688228516274,-0.314779475209773,0.959467703726021
2.91824813464712,-0.627765927111166,-0.335790957218714,0.963556884329866
2.91832063490701,-0.610517966084224,-0.356628249902385,0.967146215986595
2.9183931351669,-0.592953300008634,-0.377280523820271,0.970233823828888
2.91848130247878,-0.571179636643025,-0.40213060312233,0.973310239765349
2.91856946979066,-0.548967721375117,-0.426672245231629,0.97563996660673
2.91865763710253,-0.526334628287709,-0.450886598896573,0.977221227184278
2.91874580441441,-0.503297733351002,-0.474755062148309,0.9780527954993
2.91883397172629,-0.479874718566528,-0.498259326199062,0.9781340447656
2.91892213903817,-0.45608355459139,-0.521381346530576,0.977464901121972
2.91901030635004,-0.43194249671326,-0.544103392115451,0.976045888828704
2.91909847366192,-0.407470064109933,-0.566408021604451,0.97387808571435
2.9191866409738,-0.382685033474078,-0.588278131789323,0.970963165263376
2.9192950452062,-0.351811315321978,-0.614547215150653,0.966358530472651
2.91940344943861,-0.320529425514515,-0.640103763186253,0.960633188700749
2.91951185367101,-0.288875742858914,-0.664918046856108,0.953793789715031
2.91962025790341,-0.256886999715934,-0.688961276686143,0.945848276402057
2.91972866213582,-0.224600319362566,-0.712205539363715,0.936805858726269
2.91983706636822,-0.192053140595325,-0.734623888222131,0.92667702881746
2.91994547060062,-0.159283223087607,-0.756190303937793,0.915473527025375
2.92005387483302,-0.126328562273268,-0.776879788619706,0.903208350892953
2.92016227906543,-0.0932273881337312,-0.796668330299378,0.889895718433082
2.92027068329783,-0.0600180798487329,-0.815532993145828,0.875551072994545
2.92037908753023,-0.0267391617853217,-0.833451882713987,0.860191044499283
2.92048749176264,0.00657078065686015,-0.85040423123734,0.84383345058043
2.92059589599504,0.0398731070883807,-0.866370363011125,0.826497255922695
2.92066350920599,0.0606240362395435,-0.875821433683545,0.815197397443973
2.92073112241695,0.0813474428750193,-0.884877270841744,0.80352982796671
2.9207987356279,0.10203406918845,-0.893533834496203,0.791499765307738
2.92086634883886,0.122674583646356,-0.901787212489635,0.77911262884326
2.92095850808552,0.150716808924344,-0.912380655968215,0.761663847043845
2.92105066733218,0.178632781665423,-0.922209358288934,0.743576576623477
2.92111086723099,0.196789044476051,-0.928212927144818,0.73142388266874
2.9211710671298,0.214874827371879,-0.933884465559774,0.719009638187886
2.9212312670286,0.232883718334468,-0.939221970120372,0.706338251785921
2.92129146692741,0.25080926279599,-0.944223519616265,0.693414256820234
2.92136396718973,0.272277597484274,-0.949798514333564,0.677520916849284
2.92143646745206,0.293604685518401,-0.954880784250493,0.661276098732082
2.92150896771438,0.314779475615903,-0.959467706494079,0.644688230878165
2.92158146797671,0.335790958340967,-0.963556887269134,0.62776592892815
2.92165396823903,0.35662825172963,-0.967146219063654,0.610517967334013
2.92172646850135,0.377280526340286,-0.970233827010127,0.592953300669841
2.92181463579243,0.402130599811315,-0.973310242299356,0.571179642487999
2.9219028030835,0.426672236239306,-0.975639968846284,0.548967732606953
2.92199097037458,0.450886584385856,-0.977221229483196,0.526334645097317
2.92207913766565,0.474755042295198,-0.978052798211951,0.503297755916755
2.92216730495673,0.498259301192327,-0.978134048246332,0.479874747054017
2.9222554722478,0.521381316571437,-0.977464905724672,0.45608358915322
2.92234363953888,0.54410335741727,-0.976045894906062,0.431942537488761
2.92243180682995,0.566407982392486,-0.973878093617425,0.407470111224904
2.92251997412103,0.588278088300429,-0.970963175341014,0.382685087040601
2.92262837835336,0.614547172842756,-0.966358542482427,0.35181136963963
2.9227367825857,0.640103722112012,-0.960633202633766,0.320529480521755
2.92284518681803,0.664918007066714,-0.953793805560209,0.288875798493435
2.92295359105037,0.688961238231325,-0.945848294145981,0.256887055914686
2.9230619952827,0.712205502291562,-0.936805878353432,0.224600376061829
2.92317039951504,0.734623852579303,-0.926677050310069,0.192053197730762
2.92327880374737,0.75619026976921,-0.915473550363524,0.159283280594307
2.92338720797971,0.776879755968688,-0.903208376054547,0.126328620085841
2.92349561221204,0.796668299207474,-0.889895745393877,0.093227446186359
2.92360401644438,0.815532963652857,-0.875551101728172,0.0600181380753227
2.92371242067671,0.833451854857847,-0.860191074977393,0.026739220119535
2.92382082490905,0.850404205054132,-0.843833482772536,-0.00657072228161409
2.92392922914138,0.866370338534988,-0.826497289796345,-0.039873048738688
2.92399684241075,0.875821418289548,-0.815197422419623,-0.0606239958699436
2.92406445568013,0.884877263855044,-0.803529843399054,-0.0813474204559967
2.9241320689495,0.893533835231072,-0.791499770564815,-0.10203406466629
2.92419968221887,0.90178722025012,-0.779112623306933,-0.122674596943168
2.92429184148099,0.912380665056342,-0.761663838199876,-0.150716826856488
2.92438400074311,0.922209368442339,-0.743576564267763,-0.178632804174621
2.92444420061329,0.928212934095906,-0.731423875813893,-0.196789058282026
2.92450440048347,0.933884469622453,-0.719009637086302,-0.214874832536218
2.92456460035365,0.939221971611717,-0.70633825668371,-0.232883714928036
2.92462480022384,0.944223518855895,-0.693414267957048,-0.250809250898856
2.92469730048839,0.949798513987316,-0.677520927672601,-0.27227758631472
2.92476980075295,0.954880784289342,-0.661276109216275,-0.29360467507306
2.9248423010175,0.959467706888657,-0.644688240998321,-0.314779465890328
2.92491480128206,0.963556887989696,-0.627765938660039,-0.335790949329691
2.92498730154661,0.967146220080299,-0.610517976654145,-0.356628243426152
2.92505980181117,0.970233828292574,-0.592953309555556,-0.377280518737011
2.92514796910694,0.973310243924705,-0.57117965032111,-0.402130593603621
2.92523613640271,0.975639970735403,-0.548967739337082,-0.426672231398319
2.92532430369848,0.977221231556589,-0.526334650676862,-0.450886580879759
2.92541247099425,0.978052800389908,-0.503297760300798,-0.474755040089123
2.92550063829002,0.978134050448915,-0.47987475020051,-0.498259300248417
2.9255888055858,0.977464907871907,-0.456083591022937,-0.521381316848978
2.92567697288157,0.976045896918059,-0.431942538045338,-0.544103358872765
2.92576514017734,0.973878095414606,-0.407470110435042,-0.566407984979573
2.92585330747311,0.970963176844127,-0.382685084873968,-0.588278091970161
2.92596171170545,0.96635854379086,-0.351811367397803,-0.614547176393073
2.92607011593779,0.960633203748554,-0.320529478210996,-0.640103725537564
2.92617852017013,0.953793806482468,-0.288875796119997,-0.66491801036244
2.92628692440247,0.945848294877138,-0.256887053484967,-0.688961241392191
2.92639532863481,0.936805878895028,-0.224600373582241,-0.7122055053128
2.92650373286715,0.926677050664026,-0.192053195207772,-0.734623855456241
2.92661213709949,0.915473550531782,-0.159283278034498,-0.756190272497303
2.92672054133183,0.903208376039409,-0.126328617495781,-0.776879758543612
2.92682894556417,0.88989574519781,-0.0932274435727125,-0.796668301625107
2.92693734979651,0.875551101353904,-0.0600181354447187,-0.815532965909198
2.92704575402885,0.860191074427819,-0.0267392174786752,-0.833451856949119
2.92715415826119,0.843833482050771,0.00657072492599924,-0.850404206976773
2.92726256249353,0.82649728890561,0.0398730513799481,-0.866370340285568
2.9273301757621,0.815197421562599,0.0606239982579242,-0.875821419820527
2.92739778903067,0.80352984258584,0.0813474225889088,-0.884877265174725
2.92746540229923,0.791499769805405,0.102034066542559,-0.893533836347966
2.9275330155678,0.779112622611212,0.122674598561661,-0.901787221172897
2.92762517485894,0.761663831800121,0.150716837265439,-0.912380669065553
2.92771733415008,0.743576551768993,0.17863282328342,-0.922209375052454
2.92777753399598,0.731423867945182,0.196789070002341,-0.928212937947565
2.92783773384189,0.719009634062225,0.214874836919441,-0.933884470981652
2.9278979336878,0.70633825871356,0.232883712033386,-0.939221970746963
2.92795813353371,0.69341427524466,0.250809240793386,-0.944223516038036
2.92803063379808,0.677520935116592,0.272277576198201,-0.949798511314778
2.92810313406245,0.661276116815722,0.293604664949867,-0.954880781765549
2.92817563432682,0.644688248752085,0.314779455764912,-0.959467704517007
2.92824813459118,0.627765946566976,0.335790939206505,-0.963556885773501
2.92832063485555,0.610517984712987,0.356628233309728,-0.967146218022723
2.92839313511992,0.592953317764858,0.37728050863193,-0.970233826396825
2.92848130244121,0.571179652289641,0.402130590729434,-0.97331024301908
2.9285694697625,0.548967734811389,0.426672235576389,-0.975639970387787
2.92865763708379,0.52633463941817,0.450886591915143,-0.977221231333293
2.92874580440507,0.503297742085797,0.474755057770763,-0.978052799856564
2.92883397172636,0.479874724821284,0.498259324349626,-0.978134049170899
2.92892213904765,0.456083558287622,0.521381347127623,-0.977464905415217
2.92901030636894,0.431942497778212,0.544103395071696,-0.976045892849918
2.92909847369022,0.407470062476864,0.566408026827099,-0.97387808930397
2.92918664101151,0.382685029082382,0.58827813918022,-0.970963168262628
2.92929504524393,0.351811310778476,0.614547222301911,-0.966358533080385
2.92940344947634,0.320529420831717,0.640103770087165,-0.960633190918852
2.92951185370876,0.288875738049444,0.664918053496358,-0.953793791545821
2.92962025794117,0.256886994792571,0.688961283055662,-0.945848277848235
2.92972866217359,0.224600314338313,0.712205545452741,-0.936805859791054
2.929837066406,0.19205313548317,0.734623894021316,-0.926677029504519
2.92994547063842,0.159283217900726,0.75619030943801,-0.915473527338704
2.93005387487083,0.126328557024895,0.776879793812222,-0.903208350837089
2.93016227910325,0.093227382837169,0.796668335175775,-0.889895718012951
2.93027068333566,0.0600180745174713,0.815532997698088,-0.87555107221554
2.93037908756808,0.026739156432772,0.833451886934454,-0.860191043367218
2.93048749180049,-0.00657078601727259,0.850404235118763,-0.843833449101508
2.93059589603291,-0.0398731124431322,0.866370366546592,-0.826497254103418
2.93066350924218,-0.0606240410661204,0.875821436768841,-0.815197395702713
2.93073112245146,-0.0813474471698029,0.884877273494314,-0.80352982632454
2.93079873566073,-0.102034072948422,0.893533836733848,-0.791499763785418
2.93086634887,-0.122674586869295,0.901787214330521,-0.779112627461211
2.9309585081747,-0.150716829728997,0.91238066398266,-0.761663834253652
2.9310506674794,-0.178632819870495,0.922209371505695,-0.743576551635204
2.93111086732968,-0.196789067909997,0.928212934846813,-0.731423866936783
2.93117106717996,-0.214874836137416,0.933884468278719,-0.71900963214126
2.93123126703024,-0.232883712549997,0.939221968393107,-0.706338255843085
2.93129146688052,-0.250809242595554,0.944223513984237,-0.693414271388684
2.93136396714247,-0.272277577259419,0.949798508991411,-0.677520931731975
2.93143646740441,-0.293604665277915,0.954880779205169,-0.661276113927271
2.93150896766635,-0.314779455368592,0.95946770175243,-0.644688246383804
2.9315814679283,-0.335790938095802,0.96355688283784,-0.627765944742007
2.93165396819024,-0.356628231495724,0.967146214949289,-0.610517983453579
2.93172646845219,-0.377280506126806,0.970233823219128,-0.592953317092329
2.9318146357943,-0.402130594060936,0.973310240488872,-0.571179646427937
2.93190280313641,-0.426672244594822,0.975639968151951,-0.548967723557078
2.93199097047852,-0.450886606457256,0.977221229037638,-0.526334622580353
2.93207913782063,-0.474755077660418,0.97805279714627,-0.503297719485834
2.93216730516274,-0.498259349397879,0.97813404569131,-0.479874696293405
2.93225547250485,-0.521381377133037,0.977464900812141,-0.456083523679077
2.93234363984697,-0.544103429820675,0.976045886770296,-0.431942456949591
2.93243180718908,-0.566408066094108,0.973878081396395,-0.407470015302265
2.93251997453119,-0.588278182728265,0.970963158177844,-0.382684975449549
2.93262837876367,-0.61454726466755,0.966358521060961,-0.351811256393416
2.93273678299616,-0.640103811217705,0.960633176973761,-0.320529365756055
2.93284518722864,-0.664918093340526,0.953793775686098,-0.288875682345553
2.93295359146112,-0.688961321563669,0.945848260087344,-0.256886938523656
2.93306199569361,-0.712205582576421,0.936805840144495,-0.22460025756807
2.93317039992609,-0.734623929713939,0.926677007990034,-0.192053078276082
2.93327880415857,-0.756190343654548,0.91547350397632,-0.159283160321771
2.93338720839106,-0.77687982650929,0.903208325648899,-0.126328499139577
2.93349561262354,-0.796668366311813,0.889895691023233,-0.0932273247113832
2.93360401685602,-0.815533027233256,0.875551043450605,-0.0600180162173307
2.93371242108851,-0.833451914830732,0.860191012855499,-0.0267390980247454
2.93382082532099,-0.850404261339999,0.843833416873486,0.00657084446654258
2.93392922955347,-0.866370391058564,0.826497220191688,0.0398731708668925
2.93399684270426,-0.875821452187596,0.815197370699577,0.0606240814880187
2.93406445585505,-0.884877280495516,0.803529810876212,0.0813474696193396
2.93413206900583,-0.893533836004025,0.791499758524667,0.102034077479398
2.93419968215662,-0.901787206566468,0.779112633006743,0.122674573559764
2.93429184144589,-0.912380654895389,0.76166384310011,0.150716811795298
2.93438400073517,-0.922209361356806,0.743576563986111,0.178632797370744
2.93444420061406,-0.928212927898753,0.731423873789615,0.19678905410916
2.93450440049296,-0.933884464217651,0.719009633243695,0.214874830973968
2.93456460037185,-0.939221966902162,0.7063382509491,0.232883715953097
2.93462480025074,-0.944223514743901,0.693414260258744,0.250809254485172
2.93469730051046,-0.949798509337353,0.677520920915009,0.272277588422366
2.93476980077017,-0.954880779166362,0.661276103448911,0.29360467571747
2.93484230102989,-0.959467701358184,0.644688236269014,0.314779465089173
2.9349148012896,-0.963556882117823,0.627765935014928,0.335790947102899
2.93498730154932,-0.967146213933469,0.610517974137616,0.356628239795881
2.93505980180903,-0.970233821937715,0.592953308210184,0.377280513727534
2.93514796914643,-0.973310238864038,0.571179638603035,0.40213060026104
2.93523613648382,-0.975639966263121,0.5489677168399,0.426672249423253
2.93532430382122,-0.977221226964631,0.52633461701864,0.450886609946027
2.93541247115862,-0.978052794969193,0.503297715124653,0.474755079844585
2.93550063849601,-0.978134043490402,0.479874693175029,0.498259350315366
2.93558880583341,-0.977464898667643,0.456083521842881,0.521381376824771
2.93567697317081,-0.976045884762332,0.431942456431972,0.544103428330388
2.9357651405082,-0.97387807960495,0.407470016136675,0.566408063468295
2.9358533078456,-0.970963156682488,0.38268497766634,0.58827817901615
2.93596171207808,-0.966358519761975,0.351811258685783,0.614547261076198
2.93607011631056,-0.960633175870083,0.320529368117664,0.640103807752463
2.93617852054304,-0.953793774776607,0.288875684770005,0.664918090006645
2.93628692477552,-0.945848259370577,0.256886941004493,0.688961318366095
2.936395329008,-0.936805839618824,0.224600260098822,0.712205579520032
2.93650373324048,-0.92667700765358,0.192053080850188,0.734623926803378
2.93661213747296,-0.91547350382697,0.159283162932636,0.756190340894374
2.93672054170544,-0.903208325684392,0.126328501780548,0.776879823903869
2.93682894593792,-0.889895691240961,0.093227327375711,0.796668363865273
2.9369373501704,-0.875551043847883,0.0600180188983355,0.815533024949565
2.93704575440288,-0.86019101342941,0.0267391007156882,0.83345191271374
2.93715415863536,-0.843833417620856,-0.00657084177241188,0.850404259393279
2.93726256286784,-0.826497221109166,-0.0398731681763789,0.866370389285518
2.93733017601948,-0.815197371575823,-0.0606240790659466,0.875821450641779
2.93739778917112,-0.803529811700539,-0.0813474674675711,0.884877279168107
2.93746540232276,-0.791499759286557,-0.102034075599363,0.893533834885899
2.9375330154744,-0.779112633695839,-0.122674571952552,0.901787205648424
2.93762517473466,-0.761663849492699,-0.150716801397935,0.912380650890608
2.93771733399492,-0.743576576477128,-0.178632778273871,0.922209354751001
2.93777753389807,-0.731423881652837,-0.196789042397121,0.928212924049941
2.93783773380123,-0.719009636264627,-0.214874826595394,0.933884462860012
2.93789793370438,-0.7063382489186,-0.232883718848765,0.939221967767359
2.93795813360753,-0.693414252973072,-0.250809264588073,0.944223517561147
2.93803063386743,-0.677520913474448,-0.272277598534396,0.94979851200882
2.93810313412732,-0.661276095854385,-0.293604685834302,0.954880781688723
2.93817563438722,-0.644688228521621,-0.314779475206484,0.959467703728084
2.93824813464711,-0.627765927115904,-0.335790957216216,0.963556884332149
2.93832063490701,-0.610517966088358,-0.356628249900655,0.967146215988995
2.9383931351669,-0.59295330001212,-0.377280523819284,0.970233823831405
2.93848130247879,-0.571179636642977,-0.402130603125368,0.973310239768322
2.93856946979069,-0.548967721371331,-0.426672245238609,0.975639966609931
2.93865763710258,-0.526334628280105,-0.450886598907324,0.977221227187403
2.93874580441447,-0.50329773333944,-0.474755062162721,0.978052795502156
2.93883397172636,-0.479874718550884,-0.498259326217035,0.978134044767889
2.93892213903825,-0.456083554571567,-0.521381346551943,0.977464901123504
2.93901030635014,-0.431942496689167,-0.544103392140057,0.976045888829221
2.93909847366204,-0.40747006408151,-0.566408021632144,0.97387808571365
2.93918664097393,-0.382685033441223,-0.588278131819988,0.970963165261171
2.93929504520633,-0.35181131528831,-0.614547215180734,0.96635853046903
2.93940344943874,-0.320529425480018,-0.640103763215724,0.96063318869574
2.93951185367114,-0.288875742823626,-0.664918046884972,0.953793789708586
2.93962025790355,-0.25688699967991,-0.688961276714282,0.945848276394192
2.93972866213595,-0.224600319325813,-0.712205539391093,0.936805858716928
2.93983706636835,-0.192053140557878,-0.734623888248783,0.926677028806647
2.93994547060076,-0.159283223049545,-0.756190303963545,0.915473527013095
2.94005387483316,-0.126328562234598,-0.776879788644598,0.903208350879175
2.94016227906557,-0.0932273880944813,-0.796668330323318,0.889895718417795
2.94027068329797,-0.0600180798090039,-0.815532993168754,0.875551072977724
2.94037908753038,-0.0267391617451144,-0.833451882735902,0.860191044480989
2.94048749176278,0.00657078069748275,-0.850404231258137,0.843833450560655
2.94059589599519,0.0398731071293491,-0.866370363030764,0.826497255901388
2.94066350920611,0.06062403627086,-0.875821433698041,0.815197397427182
2.94073112241703,0.0813474428966626,-0.884877270851486,0.803529827954808
2.94079873562795,0.102034069200389,-0.893533834501521,0.791499765301109
2.94086634883888,0.122674583648663,-0.901787212490903,0.779112628842219
2.94095850808559,0.150716808941817,-0.912380655974863,0.761663847033051
2.9410506673323,0.17863278169793,-0.922209358300107,0.743576576602196
2.94111086723107,0.196789044495806,-0.928212927151289,0.731423882655461
2.94117106712983,0.214874827379008,-0.933884465561957,0.719009638182956
2.9412312670286,0.232883718329024,-0.939221970118773,0.706338251789734
2.94129146692736,0.250809262778137,-0.94422351961128,0.693414256833147
2.94136396718969,0.272277597467739,-0.949798514329252,0.677520916861487
2.94143646745202,0.293604685503163,-0.954880784246784,0.661276098743569
2.94150896771435,0.31477947560194,-0.959467706490849,0.644688230888884
2.94158146797667,0.335790958328281,-0.963556887266378,0.627765928938078
2.941653968239,0.356628251718184,-0.967146219061303,0.610517967343083
2.94172646850133,0.377280526330057,-0.970233827008144,0.592953300678083
2.94181463579243,0.402130599809174,-0.973310242298416,0.571179642489269
2.94190280308354,0.426672236245008,-0.975639968845934,0.548967732600937
2.94199097037464,0.450886584399196,-0.977221229482965,0.526334645083746
2.94207913766574,0.474755042315942,-0.978052798211404,0.503297755895444
2.94216730495685,0.498259301220223,-0.97813404824495,0.479874747024674
2.94225547224795,0.52138131660621,-0.977464905721916,0.456083589115683
2.94234363953905,0.54410335745865,-0.976045894901426,0.431942537442803
2.94243180683015,0.566407982440135,-0.973878093610501,0.407470111170349
2.94251997412126,0.588278088354038,-0.970963175331333,0.382685086977278
2.94262837835359,0.614547172894951,-0.966358542470273,0.351811369575299
2.94273678258593,0.640103722162712,-0.960633202619251,0.320529480456511
2.94284518681826,0.664918007115852,-0.953793805543226,0.288875798427329
2.9429535910506,0.688961238278821,-0.945848294126576,0.256887055847739
2.94306199528294,0.712205502337467,-0.936805878331612,0.224600375994178
2.94317039951527,0.734623852623475,-0.926677050285886,0.192053197662426
2.94327880374761,0.756190269811567,-0.915473550336951,0.159283280525406
2.94338720797994,0.77687975600919,-0.903208376025623,0.126328620016453
2.94349561221228,0.796668299246045,-0.889895745362653,0.0932274461165879
2.94360401644461,0.815532963689421,-0.875551101694703,0.0600181380052501
2.94371242067695,0.833451854892425,-0.860191074941619,0.0267392200491791
2.94382082490928,0.850404205086655,-0.84383348273454,-0.00657072235212213
2.94392922914162,0.866370338565347,-0.826497289756158,-0.0398730488092551
2.94399684241092,0.875821418309248,-0.81519742238969,-0.060623995919578
2.94406445568023,0.884877263864844,-0.803529843380082,-0.0813474204847755
2.94413206894953,0.893533835231772,-0.791499770557587,-0.102034064674185
2.94419968221884,0.901787220242509,-0.779112623312201,-0.122674596930343
2.94429184148098,0.912380665051206,-0.761663838201575,-0.150716826849625
2.94438400074312,0.922209368439298,-0.743576564265636,-0.178632804173677
2.9444442006133,0.928212934092959,-0.731423875811463,-0.196789058281457
2.94450440048348,0.933884469619606,-0.719009637083563,-0.214874832536046
2.94456460035366,0.939221971608887,-0.706338256680689,-0.232883714928206
2.94462480022385,0.944223518853104,-0.693414267953778,-0.250809250899356
2.94469730048838,0.949798513982942,-0.677520927673801,-0.272277586309155
2.94476980075292,0.95488078428369,-0.661276109222154,-0.293604675061531
2.94484230101745,0.959467706881958,-0.644688241009071,-0.314779465872897
2.94491480128198,0.963556887982304,-0.627765938675823,-0.335790949306484
2.94498730154652,0.967146220072407,-0.610517976675177,-0.356628243397249
2.94505980181105,0.970233828284523,-0.592953309581964,-0.377280518702565
2.94514796910683,0.973310243917779,-0.571179650346479,-0.402130593571307
2.94523613640261,0.975639970729514,-0.548967739361436,-0.426672231368099
2.94532430369839,0.977221231551638,-0.526334650700059,-0.45088658085161
2.94541247099417,0.978052800385789,-0.503297760322815,-0.474755040062985
2.94550063828994,0.978134050445539,-0.479874750221214,-0.498259300224317
2.94558880558572,0.977464907869123,-0.456083591042299,-0.521381316826837
2.9456769728815,0.976045896915821,-0.431942538063274,-0.544103358852542
2.94576514017728,0.973878095412742,-0.407470110451478,-0.566407984961286
2.94585330747306,0.970963176842564,-0.382685084888897,-0.588278091953652
2.94596171170539,0.966358543789975,-0.351811367413303,-0.614547176376654
2.94607011593773,0.960633203748327,-0.320529478227048,-0.640103725521289
2.94617852017007,0.953793806482921,-0.288875796136674,-0.664918010346248
2.94628692440241,0.945848294878324,-0.25688705350219,-0.688961241376126
2.94639532863475,0.936805878896956,-0.224600373600023,-0.712205505296933
2.94650373286709,0.926677050666693,-0.192053195226102,-0.734623855440565
2.94661213709943,0.915473550535235,-0.159283278053347,-0.756190272481888
2.94672054133177,0.903208376043657,-0.126328617515135,-0.776879758528526
2.9468289455641,0.889895745202866,-0.0932274435925052,-0.796668301610381
2.94693734979644,0.875551101359819,-0.0600181354650303,-0.815532965894798
2.94704575402878,0.860191074434556,-0.0267392174994147,-0.833451856935138
2.94715415826112,0.843833482058315,0.00657072490488417,-0.850404206963202
2.94726256249346,0.826497288914065,0.0398730513583874,-0.866370340272454
2.94733017576205,0.815197421567693,0.0606239982431914,-0.875821419810912
2.94739778903064,0.803529842587326,0.081347422580969,-0.884877265168314
2.94746540229923,0.791499769803065,0.102034066541438,-0.893533836344491
2.94753301556782,0.779112622604788,0.122674598567329,-0.901787221172118
2.94762517485895,0.761663831793363,0.150716837271384,-0.912380669064752
2.94771733415009,0.743576551761961,0.178632823289608,-0.922209375051576
2.94777753399599,0.73142386793946,0.196789070006517,-0.928212937945957
2.9478377338419,0.719009634057766,0.214874836921637,-0.933884470979411
2.9478979336878,0.706338258710528,0.232883712033618,-0.939221970744123
2.9479581335337,0.693414275243083,0.250809240791631,-0.944223516034695
2.94803063379805,0.677520935118266,0.272277576192189,-0.94979851131045
2.94810313406241,0.661276116820781,0.293604664939681,-0.954880781760458
2.94817563432676,0.644688248760741,0.314779455750543,-0.959467704511272
2.94824813459112,0.627765946579296,0.335790939188087,-0.963556885767374
2.94832063485547,0.610517984729127,0.35662823328729,-0.967146218016429
2.94839313511982,0.592953317784958,0.37728050860555,-0.970233826390504
2.94848130244108,0.571179652318301,0.402130590694285,-0.973310243012574
2.94856946976234,0.548967734848886,0.426672235532777,-0.975639970381646
2.94865763708359,0.52633463946486,0.450886591863281,-0.977221231328133
2.94874580440485,0.503297742141933,0.474755057710958,-0.978052799852877
2.9488339717261,0.479874724887093,0.498259324282191,-0.978134049169307
2.94892213904736,0.456083558363256,0.521381347052913,-0.977464905416165
2.94901030636861,0.431942497863949,0.544103394990058,-0.976045892853989
2.94909847368987,0.407470062572831,0.566408026738922,-0.973878089311756
2.94918664101112,0.382685029188706,0.588278139085893,-0.970963168274602
2.94929504524354,0.351811310886226,0.614547222210163,-0.966358533096387
2.94940344947595,0.320529420940769,0.640103769998081,-0.960633190938859
2.94951185370837,0.288875738159651,0.664918053410094,-0.953793791569742
2.94962025794079,0.256886994903812,0.688961282972273,-0.945848277876118
2.9497286621732,0.224600314450399,0.712205545372349,-0.936805859822746
2.94983706640562,0.192053135595995,0.734623893943998,-0.926677029540003
2.94994547063803,0.159283218014143,0.756190309363847,-0.91547352737796
2.95005387487045,0.126328557138814,0.776879793741251,-0.903208350880061
2.95016227910286,0.0932273829514338,0.796668335108174,-0.889895718059586
2.95027068333528,0.0600180746318746,0.815532997633866,-0.875551072265709
2.95037908756769,0.026739156547234,0.833451886873682,-0.860191043420923
2.95048749180011,-0.00657078590288598,0.850404235061515,-0.843833449158619
2.95059589603252,-0.0398731123289606,0.866370366492905,-0.826497254163949
2.95066350924191,-0.0606240409865495,0.875821436732801,-0.815197395746229
2.9507311224513,-0.0813474471247474,0.88487727347458,-0.80352982634983
2.95079873566068,-0.102034072937808,0.893533836729072,-0.791499763791275
2.95086634887007,-0.122674586892952,0.901787214339421,-0.779112627446439
2.95095850817475,-0.150716829747423,0.912380663989139,-0.761663834241703
2.95105066747943,-0.178632819883679,0.92220937151,-0.743576551626305
2.95111086732969,-0.196789067917245,0.928212934849027,-0.731423866931757
2.95117106717995,-0.214874836138799,0.933884468279114,-0.719009632140308
2.95123126703022,-0.232883712545557,0.939221968391861,-0.706338255846307
2.95129146688048,-0.250809242585304,0.944223513981574,-0.693414271396238
2.9513639671424,-0.272277577244077,0.94979850898777,-0.677520931743645
2.95143646740433,-0.293604665257489,0.954880779200787,-0.661276113943288
2.95150896766625,-0.314779455343194,0.959467701747526,-0.644688246404316
2.95158146792818,-0.335790938065527,0.963556882832702,-0.627765944767152
2.95165396819011,-0.356628231460675,0.9671462149442,-0.610517983483491
2.95172646845203,-0.377280506087068,0.970233823214233,-0.592953317127175
2.95181463579407,-0.402130594000054,0.973310240482924,-0.571179646482832
2.9519028031361,-0.426672244513401,0.975639968146192,-0.548967723632774
2.95199097047814,-0.450886606355957,0.977221229033437,-0.526334622677475
2.95207913782017,-0.474755077539906,0.978052797144973,-0.503297719605048
2.9521673051622,-0.498259349258857,0.978134045694203,-0.479874696435334
2.95225547250424,-0.521381376976319,0.977464900820538,-0.456083523844218
2.95234363984627,-0.544103429647066,0.976045886785475,-0.431942457138427
2.95243180718831,-0.566408065904495,0.973878081419756,-0.40747001551523
2.95251997453034,-0.588278182523538,0.970963158210574,-0.38268497568704
2.95262837876283,-0.614547264469015,0.966358521102381,-0.351811256633346
2.95273678299531,-0.640103811025514,0.960633177023691,-0.320529365998168
2.9528451872278,-0.664918093154943,0.953793775744476,-0.288875682589493
2.95295359146029,-0.68896132138485,0.945848260153984,-0.256886938769115
2.95306199569277,-0.712205582404461,0.936805840219267,-0.224600257814777
2.95317039992526,-0.734623929549083,0.926677008072792,-0.192053078523719
2.95327880415775,-0.756190343496892,0.915473504066935,-0.159283160570048
2.95338720839023,-0.776879826359005,0.903208325747236,-0.126328499388223
2.95349561262272,-0.796668366169014,0.889895691129019,-0.0932273249599932
2.95360401685521,-0.815533027098009,0.875551043563713,-0.0600180164656957
2.95371242108769,-0.833451914703244,0.860191012975746,-0.0267390982725088
2.95382082532018,-0.850404261220296,0.843833417000712,0.00657084421961282
2.95392922955267,-0.866370390946743,0.826497220325616,0.0398731706211357
2.9539968427037,-0.875821452114336,0.815197370795983,0.0606240813184056
2.95406445585473,-0.884877280457973,0.803529810932238,0.081347469525773
2.95413206900576,-0.893533835999308,0.791499758537675,0.102034077461665
2.9541996821568,-0.901787206591591,0.779112632974119,0.122674573617496
2.95429184144607,-0.912380654918198,0.761663843067602,0.150716811850624
2.95438400073534,-0.922209361377491,0.743576563953862,0.17863279742364
2.95444420061417,-0.92821292791226,0.731423873769836,0.196789054142422
2.95450440049299,-0.933884464224654,0.719009633236996,0.214874830987674
2.95456460037182,-0.939221966903408,0.706338250955981,0.232883715947422
2.95462480025065,-0.944223514740085,0.693414260279782,0.250809254460315
2.95469730051039,-0.949798509336462,0.677520920929668,0.272277588406811
2.95476980077014,-0.954880779167917,0.661276103456839,0.293604675711126
2.95484230102989,-0.959467701361777,0.64468823626991,0.314779465091925
2.95491480128963,-0.963556882123103,0.627765935008476,0.335790947114608
2.95498730154938,-0.967146213939947,0.610517974123589,0.356628239816349
2.95505980180913,-0.970233821944932,0.592953308188312,0.377280513756631
2.95514796914651,-0.973310238870135,0.571179638583364,0.40213060028681
2.9552361364839,-0.975639966268249,0.548967716822555,0.426672249445724
2.95532430382128,-0.977221226969024,0.526334617003741,0.450886609965285
2.95541247115867,-0.978052794972993,0.503297715112332,0.474755079860686
2.95550063849605,-0.978134043493821,0.479874693165375,0.498259350328406
2.95558880583344,-0.977464898670801,0.456083521835939,0.521381376834861
2.95567697317082,-0.976045884765462,0.431942456427893,0.544103428337587
2.95576514050821,-0.973878079608225,0.407470016135504,0.566408063472729
2.9558533078456,-0.970963156686083,0.382684977668201,0.588278179017893
2.95596171207808,-0.96635851976552,0.351811258687325,0.614547261078207
2.95607011631056,-0.960633175873602,0.320529368118906,0.640103807754719
2.95617852054304,-0.953793774780083,0.288875684771004,0.664918090009093
2.95628692477552,-0.94584825937392,0.256886941005176,0.688961318368813
2.956395329008,-0.936805839622129,0.224600260099255,0.712205579522843
2.95650373324048,-0.926677007656759,0.192053080850361,0.734623926806412
2.95661213747296,-0.915473503830037,0.159283162932509,0.756190340897541
2.95672054170544,-0.903208325687293,0.126328501780158,0.776879823907155
2.95682894593792,-0.889895691243755,0.0932273273750169,0.796668363868702
2.9569373501704,-0.875551043850487,0.0600180188973824,0.815533024953119
2.95704575440288,-0.860191013431814,0.0267391007144728,0.833451912717314
2.95715415863537,-0.843833417623047,-0.00657084177391144,0.850404259396948
2.95726256286785,-0.826497221111128,-0.0398731681781457,0.866370389289264
2.95733017601948,-0.815197371578602,-0.0606240790662044,0.875821450644819
2.95739778917112,-0.803529811704124,-0.081347467466306,0.884877279170442
2.95746540232275,-0.791499759291046,-0.102034075596608,0.89353383488766
2.95753301547439,-0.77911263370131,-0.122674571948288,0.901787205649572
2.95762517473465,-0.761663849497666,-0.150716801394528,0.912380650892215
2.95771733399492,-0.743576576481636,-0.178632778271292,0.922209354752912
2.95777753389807,-0.731423881657302,-0.19678904239463,0.928212924051936
2.95783773380122,-0.719009636268997,-0.214874826593048,0.933884462862067
2.95789793370438,-0.7063382489229,-0.232883718846535,0.939221967769419
2.95795813360753,-0.693414252977295,-0.250809264585959,0.944223517563266
2.95803063386741,-0.67752091348256,-0.272277598527126,0.949798512009652
2.95810313412728,-0.661276095866618,-0.293604685821955,0.954880781688588
2.95817563438716,-0.6446882285381,-0.314779475189044,0.959467703727119
2.95824813464704,-0.627765927136797,-0.335790957193828,0.963556884330618
2.95832063490692,-0.610517966113845,-0.356628249873415,0.967146215987237
2.95839313516679,-0.592953300042319,-0.37728052378732,0.970233823829613
2.95848130247868,-0.571179636675135,-0.402130603092161,0.973310239767288
2.95856946979056,-0.54896772140552,-0.426672245204197,0.975639966609704
2.95865763710245,-0.526334628316341,-0.450886598871818,0.977221227188121
2.95874580441434,-0.50329773337778,-0.474755062126181,0.978052795503916
2.95883397172622,-0.479874718591341,-0.498259326179508,0.978134044770826
2.95892213903811,-0.456083554614162,-0.521381346513547,0.977464901127672
2.95901030634999,-0.431942496733919,-0.544103392100858,0.976045888834775
2.95909847366188,-0.4074700641284,-0.566408021592195,0.973878085720595
2.95918664097377,-0.382685033490291,-0.588278131779395,0.970963165269687
2.95929504520617,-0.351811315338021,-0.614547215141183,0.966358530479159
2.95940344943858,-0.320529425530352,-0.640103763177222,0.960633188707576
2.95951185367098,-0.288875742874463,-0.66491804684762,0.953793789722061
2.95962025790338,-0.256886999731216,-0.688961276678095,0.945848276409322
2.95972866213579,-0.224600319377566,-0.712205539356111,0.936805858733656
2.95983706636819,-0.19205314060997,-0.73462388821504,0.926677028824986
2.9599454706006,-0.159283223101949,-0.75619030393111,0.915473527033026
2.960053874833,-0.126328562287281,-0.776879788613435,0.903208350900693
2.96016227906541,-0.0932273881473352,-0.796668330293525,0.889895718440854
2.96027068329781,-0.0600180798619647,-0.815532993140376,0.875551073002312
2.96037908753022,-0.0267391617982023,-0.833451882708894,0.860191044507085
2.96048749176262,0.00657078064441242,-0.850404231232611,0.843833450588217
2.96059589599502,0.039873107076322,-0.866370363006724,0.826497255930408
2.96066350920599,0.0606240362318622,-0.875821433681191,0.815197397449312
2.96073112241696,0.0813474428716655,-0.884877270841249,0.803529827969571
2.96079873562793,0.102034069189406,-0.893533834497396,0.791499765307988
2.9608663488389,0.122674583651599,-0.901787212492379,0.77911262884074
2.96095850808564,0.150716808952524,-0.912380655979005,0.761663847026465
2.96105066733238,0.178632781716318,-0.922209358306474,0.743576576590151
2.96111086723112,0.196789044507722,-0.928212927155139,0.731423882647466
2.96117106712986,0.214874827384475,-0.933884465563613,0.719009638179142
2.96123126702861,0.232883718328095,-0.939221970118441,0.706338251790329
2.96129146692735,0.250809262770856,-0.944223519609211,0.693414256838324
2.96136396718967,0.272277597456856,-0.949798514326338,0.67752091686948
2.96143646745198,0.293604685488754,-0.954880784243207,0.661276098754439
2.9615089677143,0.314779475583999,-0.959467706486833,0.644688230902809
2.96158146797661,0.335790958306847,-0.963556887262011,0.627765928955138
2.96165396823893,0.356628251693402,-0.96714621905682,0.61051796736341
2.96172646850124,0.377280526301966,-0.970233827003666,0.592953300701674
2.96181463579236,0.402130599783991,-0.973310242294997,0.571179642511007
2.96190280308347,0.426672236222676,-0.975639968843358,0.548967732620681
2.96199097037458,0.450886584379653,-0.977221229481077,0.526334645101397
2.96207913766569,0.474755042299147,-0.978052798210072,0.503297755910887
2.96216730495681,0.498259301206093,-0.978134048243983,0.479874747037858
2.96225547224792,0.521381316594701,-0.977464905721206,0.456083589126457
2.96234363953903,0.544103357449628,-0.97604589490078,0.431942537451132
2.96243180683014,0.566407982433559,-0.973878093609757,0.407470111176176
2.96251997412125,0.588278088349814,-0.97096317533035,0.382685086980499
2.96262837835359,0.614547172891167,-0.966358542469226,0.351811369578071
2.96273678258593,0.640103722159312,-0.960633202618089,0.320529480458767
2.96284518681827,0.664918007112882,-0.953793805541948,0.288875798429072
2.9629535910506,0.688961238276143,-0.945848294125179,0.25688705584901
2.96306199528294,0.712205502335074,-0.936805878330031,0.224600375994934
2.96317039951528,0.734623852621384,-0.926677050284045,0.192053197662641
2.96327880374762,0.756190269809754,-0.915473550334855,0.15928328052508
2.96338720797995,0.776879756007632,-0.903208376023241,0.126328620015587
2.96349561221229,0.796668299244731,-0.889895745359909,0.093227446115149
2.96360401644463,0.815532963688267,-0.875551101691557,0.0600181380032635
2.96371242067697,0.833451854891403,-0.860191074938162,0.0267392200466979
2.9638208249093,0.850404205085749,-0.843833482730657,-0.00657072235512646
2.96392922914164,0.866370338564531,-0.826497289751777,-0.039873048812792
2.96399684241095,0.875821418308444,-0.815197422385076,-0.0606239959233816
2.96406445568025,0.884877263863986,-0.803529843375207,-0.0813474204888058
2.96413206894956,0.893533835230892,-0.791499770552427,-0.102034064678487
2.96419968221886,0.901787220241616,-0.779112623306754,-0.122674596934858
2.96429184148102,0.912380665052018,-0.761663838192547,-0.15071682685951
2.96438400074318,0.92220936844164,-0.74357656425277,-0.178632804188904
2.96444420061334,0.928212934093069,-0.731423875802326,-0.196789058290761
2.9645044004835,0.93388446961776,-0.719009637078274,-0.214874832539507
2.96456460035367,0.939221971605295,-0.706338256679412,-0.232883714925872
2.96462480022383,0.944223518847962,-0.693414267956713,-0.250809250891242
2.96469730048835,0.949798513976785,-0.677520927680253,-0.272277586296525
2.96476980075287,0.954880784276717,-0.661276109232328,-0.293604675044409
2.96484230101738,0.959467706874429,-0.644688241023026,-0.314779465851412
2.9649148012819,0.963556887974385,-0.627765938693711,-0.335790949280684
2.96498730154642,0.967146220064358,-0.610517976697189,-0.356628243367225
2.96505980181094,0.970233828276544,-0.592953309608135,-0.377280518668401
2.96514796910672,0.973310243910769,-0.571179650373218,-0.402130593537585
2.9652361364025,0.975639970723466,-0.548967739388683,-0.426672231334796
2.96532430369828,0.97722123154655,-0.526334650727771,-0.450886580818794
2.96541247099405,0.97805280038167,-0.503297760351039,-0.474755040030631
2.96550063828983,0.978134050442345,-0.479874750249881,-0.498259300192473
2.96558880558561,0.977464907866888,-0.456083591071398,-0.521381316795528
2.96567697288139,0.976045896914553,-0.431942538092784,-0.544103358821768
2.96576514017717,0.973878095412435,-0.407470110481395,-0.566407984931051
2.96585330747294,0.970963176843192,-0.382685084919169,-0.588278091924022
2.96596171170528,0.96635854379173,-0.351811367444083,-0.614547176347665
2.96607011593762,0.960633203751259,-0.320529478258282,-0.640103725492986
2.96617852016996,0.953793806486994,-0.288875796168304,-0.664918010318704
2.9662869244023,0.945848294883549,-0.256887053534181,-0.688961241349351
2.96639532863464,0.936805878903308,-0.224600373632322,-0.712205505270971
2.96650373286698,0.926677050674121,-0.192053195258687,-0.734623855415474
2.96661213709931,0.91547355054381,-0.159283278086154,-0.75619027245767
2.96672054133165,0.903208376053314,-0.126328617548128,-0.776879758505205
2.96682894556399,0.889895745213603,-0.0932274436256588,-0.796668301587924
2.96693734979633,0.875551101371599,-0.0600181354982814,-0.815532965873337
2.96704575402867,0.860191074447398,-0.0267392175327243,-0.833451856914652
2.96715415826101,0.843833482072147,0.00657072487153659,-0.850404206943709
2.96726256249335,0.826497288928938,0.0398730513250625,-0.866370340253984
2.96733017576197,0.815197421577482,0.0606239982201779,-0.875821419797678
2.96739778903059,0.803529842591679,0.0813474225682373,-0.884877265159923
2.96746540229921,0.791499769801595,0.102034066538935,-0.893533836340544
2.96753301556784,0.779112622597172,0.122674598575021,-0.901787221172222
2.96762517485897,0.761663831786091,0.150716837278309,-0.91238066906441
2.96771733415011,0.743576551755018,0.178632823295787,-0.922209375050826
2.96777753399601,0.73142386793371,0.196789070010802,-0.928212937944509
2.9678377338419,0.719009634053302,0.214874836924053,-0.933884470977367
2.9678979336878,0.70633825870736,0.232883712034138,-0.93922197074149
2.96795813353369,0.693414275241267,0.250809240790305,-0.944223516031552
2.96803063379805,0.677520935115065,0.272277576192732,-0.949798511307814
2.96810313406241,0.661276116816253,0.293604664941992,-0.954880781758247
2.96817563432677,0.644688248754732,0.314779455754679,-0.959467704509409
2.96824813459113,0.627765946571827,0.335790939193948,-0.963556885765746
2.96832063485549,0.610517984720068,0.356628233294903,-0.96714621801496
2.96839313511985,0.592953317774226,0.377280508614883,-0.970233826389102
2.96848130244112,0.571179652303763,0.402130590707703,-0.97331024301142
2.96856946976239,0.548967734830267,0.426672235550199,-0.97563997038044
2.96865763708367,0.526334639442076,0.450886591884584,-0.977221231326645
2.96874580440494,0.503297742114788,0.474755057736031,-0.97805279985079
2.96883397172621,0.47987472485553,0.498259324310872,-0.97813404916641
2.96892213904748,0.456083558327157,0.521381347085074,-0.97746490541222
2.96901030636875,0.431942497823206,0.544103395025527,-0.976045892848729
2.96909847369002,0.407470062527394,0.566408026777492,-0.97387808930488
2.96918664101129,0.382685029138512,0.588278139127396,-0.970963168265911
2.9692950452437,0.351811310835826,0.614547222250225,-0.966358533086048
2.96940344947612,0.320529420890237,0.640103770036719,-0.960633190926937
2.96951185370853,0.288875738109086,0.664918053447218,-0.953793791556286
2.96962025794094,0.256886994853301,0.688961283007888,-0.945848277861151
2.96972866217336,0.224600314399977,0.712205545406406,-0.936805859806387
2.96983706640577,0.192053135545741,0.734623893976513,-0.926677029522241
2.96994547063818,0.159283217964134,0.756190309394779,-0.915473527358918
2.9700538748706,0.126328557089099,0.776879793770649,-0.90320835085971
2.97016227910301,0.0932273829020723,0.796668335135954,-0.889895718038002
2.97027068333543,0.0600180745828949,0.815532997660088,-0.87555107224301
2.97037908756784,0.0267391564986884,0.833451886898369,-0.860191043397046
2.97048749180025,-0.00657078595091816,0.850404235084581,-0.843833449133674
2.97059589603267,-0.0398731123764179,0.866370366514415,-0.826497254137974
2.970663509242,-0.0606240410185072,0.875821436746576,-0.815197395728056
2.97073112245134,-0.0813474471412396,0.884877273481218,-0.803529826339975
2.97079873566067,-0.102034072938927,0.893533836729239,-0.791499763790256
2.97086634887001,-0.122674586878793,0.901787214333628,-0.779112627454819
2.97095850817467,-0.150716829725483,0.912380663980917,-0.761663834255422
2.97105066747932,-0.178632819854087,0.922209371499832,-0.743576551645747
2.97111086732962,-0.196789067899246,0.928212934843211,-0.731423866943932
2.97117106717992,-0.214874836132347,0.933884468277141,-0.719009632144792
2.97123126703022,-0.232883712550531,0.93922196839337,-0.706338255842814
2.97129146688052,-0.25080924260165,0.944223513986123,-0.693414271384454
2.97136396714246,-0.272277577263264,0.949798508992741,-0.677520931729474
2.97143646740439,-0.293604665279499,0.954880779206111,-0.661276113926571
2.97150896766633,-0.31477945536801,0.95946770175298,-0.644688246384948
2.97158146792826,-0.335790938093094,0.963556882838172,-0.62776594474508
2.9716539681902,-0.356628231490888,0.967146214949547,-0.610517983458637
2.97172646845214,-0.377280506119934,0.970233823219352,-0.592953317099393
2.97181463579417,-0.402130594032145,0.973310240487128,-0.571179646454938
2.9719028031362,-0.42667224454465,0.975639968149495,-0.548967723604825
2.97199097047823,-0.450886606386347,0.977221229035877,-0.526334622649506
2.97207913782027,-0.474755077569473,0.978052797146552,-0.503297719577073
2.9721673051623,-0.498259349287556,0.978134045694939,-0.479874696407396
2.97225547250433,-0.521381377004146,0.977464900820533,-0.456083523816333
2.97234363984636,-0.544103429674018,0.976045886784713,-0.43194245711065
2.9724318071884,-0.566408065930581,0.973878081418231,-0.407470015487619
2.97251997453043,-0.588278182548795,0.970963158208389,-0.382684975659558
2.97262837876292,-0.614547264493646,0.966358521099242,-0.351811256605584
2.9727367829954,-0.640103811049537,0.960633177019705,-0.320529365970144
2.97284518722789,-0.664918093178338,0.953793775739552,-0.28887568256118
2.97295359146038,-0.688961321407571,0.945848260148149,-0.256886938740566
2.97306199569286,-0.712205582426548,0.936805840212609,-0.22460025778603
2.97317039992535,-0.734623929570468,0.92667700806525,-0.192053078494766
2.97327880415784,-0.756190343517558,0.915473504058505,-0.159283160540936
2.97338720839032,-0.776879826378982,0.903208325737911,-0.126328499358938
2.97349561262281,-0.796668366188217,0.889895691118879,-0.0932273249306508
2.97360401685529,-0.815533027116462,0.87555104355279,-0.0600180164362861
2.97371242108778,-0.833451914720879,0.860191012963978,-0.0267390982430835
2.97382082532027,-0.850404261237164,0.84383341698814,0.00657084424905904
2.97392922955275,-0.866370390962832,0.826497220312313,0.039873170650544
2.97399684270375,-0.875821452125269,0.815197370787862,0.0606240813374919
2.97406445585475,-0.884877280464219,0.803529810929711,0.0813474695345477
2.97413206900575,-0.893533836001221,0.791499758541122,0.102034077460121
2.97419968215675,-0.901787206589592,0.779112632983916,0.122674573605704
2.974291841446,-0.912380654914099,0.761663843082102,0.150716811832019
2.97438400073525,-0.922209361371645,0.743576563973337,0.178632797398334
2.97444420061411,-0.928212927910089,0.731423873782988,0.196789054127099
2.97450440049297,-0.933884464225834,0.719009633243537,0.214874830982283
2.97456460037183,-0.939221966907541,0.706338250955708,0.232883715951841
2.97462480025069,-0.944223514746823,0.693414260272382,0.250809254474468
2.97469730051042,-0.949798509341991,0.677520920924814,0.27227758841723
2.97476980077015,-0.954880779172492,0.661276103454693,0.29360467571781
2.97484230102989,-0.959467701365492,0.644688236270534,0.31477946509497
2.97491480128962,-0.963556882126084,0.627765935012064,0.335790947114065
2.97498730154936,-0.967146213942445,0.610517974130179,0.356628239812286
2.97505980180909,-0.970233821947148,0.592953308198068,0.377280513749073
2.97514796914644,-0.973310238871678,0.571179638601404,0.402130600270279
2.9752361364838,-0.975639966269668,0.548967716849253,0.426672249420384
2.97532430382115,-0.97722122697083,0.526334617039387,0.45088660993144
2.9754124711585,-0.978052794975759,0.50329771515721,0.474755079818561
2.97550063849585,-0.978134043498092,0.479874693219775,0.498259350278322
2.97558880583321,-0.977464898677157,0.456083521900083,0.521381376777128
2.97567697317056,-0.976045884774509,0.431942456501959,0.544103428272549
2.97576514050791,-0.973878079620421,0.407470016219727,0.566408063400758
2.97585330784526,-0.970963156702059,0.382684977762679,0.588278178939392
2.97596171207775,-0.966358519784928,0.351811258783047,0.614547261001906
2.97607011631023,-0.960633175896406,0.320529368215715,0.640103807680685
2.97617852054271,-0.953793774806206,0.288875684868757,0.66491808993746
2.97628692477519,-0.94584825940341,0.256886941103835,0.688961318299563
2.97639532900767,-0.936805839654829,0.224600260198595,0.712205579456213
2.97650373324015,-0.926677007692692,0.1920530809503,0.734623926742391
2.97661213747263,-0.915473503869203,0.159283163032976,0.756190340836229
2.97672054170511,-0.90320832572958,0.126328501880984,0.776879823848599
2.9768289459376,-0.889895691289108,0.0932273274761588,0.796668363812962
2.97693735017008,-0.875551043898898,0.0600180189986426,0.815533024900233
2.97704575440256,-0.860191013483182,0.0267391008157206,0.833451912667449
2.97715415863504,-0.843833417677346,-0.00657084167272254,0.85040425935003
2.97726256286752,-0.826497221168214,-0.0398731680771896,0.866370389245395
2.97733017601926,-0.815197371619425,-0.0606240789979961,0.875821450617422
2.977397789171,-0.803529811727484,-0.0813474674308287,0.884877279158281
2.97746540232275,-0.791499759295717,-0.10203407559373,0.89353383488946
2.97753301547449,-0.779112633686199,-0.122674571977902,0.90178720566407
2.97762517473478,-0.761663849476237,-0.150716801432922,0.912380650909132
2.97771733399508,-0.743576576453365,-0.178632778318406,0.922209354771787
2.97777753389817,-0.731423881640185,-0.196789042424128,0.928212924064281
2.97783773380127,-0.719009636263606,-0.214874826604973,0.933884462868509
2.97789793370436,-0.706338248929655,-0.232883718841034,0.939221967770693
2.97795813360745,-0.693414252996779,-0.250809264563196,0.944223517559949
2.97803063386735,-0.677520913499537,-0.272277598508297,0.949798512007817
2.97810313412724,-0.661276095880968,-0.293604685806999,0.954880781687935
2.97817563438713,-0.64468822854967,-0.314779475177968,0.959467703727623
2.97824813464702,-0.627765927145523,-0.335790957186513,0.963556884332052
2.97832063490691,-0.610517966119545,-0.356628249869849,0.967146215989356
2.9783931351668,-0.592953300044924,-0.37728052378739,0.970233823832297
2.97848130247869,-0.571179636675006,-0.40213060309526,0.973310239770221
2.97856946979059,-0.548967721402547,-0.42667224521025,0.975639966612815
2.97865763710249,-0.526334628310395,-0.450886598880747,0.977221227191147
2.97874580441438,-0.503297733368789,-0.474755062137923,0.978052795506699
2.97883397172628,-0.479874718579213,-0.498259326193938,0.978134044773137
2.97892213903818,-0.456083554598779,-0.521381346530581,0.977464901129348
2.97901030635008,-0.431942496715223,-0.544103392120369,0.97604588883556
2.97909847366197,-0.407470064106364,-0.56640802161405,0.973878085720393
2.97918664097387,-0.382685033464803,-0.588278131803523,0.970963165268298
2.97929504520628,-0.351811315311893,-0.614547215164833,0.966358530476711
2.97940344943868,-0.320529425503665,-0.640103763200307,0.960633188703972
2.97951185367108,-0.288875742847278,-0.664918046870121,0.953793789717373
2.97962025790349,-0.256886999703569,-0.688961276699941,0.945848276403493
2.97972866213589,-0.224600319349476,-0.712205539377317,0.936805858726749
2.9798370663683,-0.192053140581515,-0.734623888235514,0.926677028816978
2.9799454706007,-0.159283223073101,-0.756190303950839,0.915473527023916
2.98005387483311,-0.126328562258077,-0.776879788632394,0.903208350890453
2.98016227906551,-0.0932273881178872,-0.796668330311684,0.889895718429533
2.98027068329792,-0.0600180798322619,-0.81553299315768,0.875551072989902
2.98037908753032,-0.0267391617683056,-0.833451882725339,0.860191044493595
2.98048749176273,0.00657078067446889,-0.850404231248166,0.843833450573665
2.98059589599513,0.0398731071064876,-0.866370363021348,0.826497255914842
2.98066350920608,0.0606240362539553,-0.875821433691546,0.815197397437564
2.98073112241702,0.081347442885718,-0.88487727084774,0.803529827961993
2.98079873562796,0.102034069195383,-0.893533834500268,0.791499765304856
2.9808663488389,0.12267458364958,-0.901787212491894,0.779112628842296
2.98095850808568,0.150716808961302,-0.912380655982427,0.761663847021109
2.98105066733245,0.178632781735784,-0.922209358313249,0.743576576577437
2.98111086723117,0.196789044520165,-0.928212927159306,0.731423882639123
2.98117106712989,0.214874827389975,-0.933884465565343,0.719009638175365
2.98123126702861,0.232883718326667,-0.939221970117999,0.706338251791342
2.98129146692733,0.25080926276257,-0.944223519606841,0.693414256844301
2.98136396718964,0.272277597446599,-0.949798514323608,0.677520916877001
2.98143646745195,0.293604685476512,-0.954880784240204,0.661276098763638
2.98150896771426,0.31477947556985,-0.959467706483584,0.644688230913705
2.98158146797657,0.335790958290852,-0.963556887258663,0.627765928967801
2.98165396823888,0.356628251675552,-0.967146219053452,0.610517967377883
2.98172646850119,0.377280526282335,-0.970233827000398,0.592953300718042
2.98181463579232,0.402130599770816,-0.973310242292849,0.571179642522031
2.98190280308346,0.426672236215771,-0.975639968842028,0.548967732626235
2.98199097037459,0.450886584378882,-0.977221229480149,0.526334645101244
2.98207913766573,0.474755042304277,-0.978052798209157,0.503297755904853
2.98216730495686,0.49825930121698,-0.978134048242761,0.47987474702574
2.98225547224799,0.521381316611108,-0.977464905719219,0.456083589108089
2.98234363953913,0.544103357471387,-0.976045894897747,0.43194253742632
2.98243180683026,0.5664079824604,-0.973878093605209,0.407470111144812
2.9825199741214,0.588278088381524,-0.970963175323965,0.3826850869424
2.98262837835374,0.614547172921837,-0.966358542461374,0.351811369539517
2.98273678258607,0.640103722188951,-0.960633202608796,0.320529480419817
2.98284518681841,0.664918007141426,-0.9537938055312,0.288875798389737
2.98295359105075,0.688961238303642,-0.945848294113035,0.256887055809372
2.98306199528308,0.712205502361378,-0.936805878316434,0.224600375955032
2.98317039951542,0.734623852646522,-0.926677050269129,0.192053197622574
2.98327880374776,0.756190269833707,-0.915473550318575,0.159283280484873
2.98338720798009,0.776879756030325,-0.903208376005648,0.126328619975268
2.98349561221243,0.796668299266168,-0.889895745341028,0.0932274460747873
2.98360401644477,0.815532963708504,-0.875551101671393,0.0600181379628817
2.9837124206771,0.833451854910317,-0.86019107491669,0.0267392200063577
2.98382082490944,0.850404205103346,-0.84383348270806,-0.00657072239533363
2.98392922914178,0.866370338580836,-0.826497289728031,-0.0398730488528335
2.98399684241105,0.875821418318729,-0.815197422366993,-0.0606239959517517
2.98406445568031,0.884877263868693,-0.803529843363199,-0.0813474205055334
2.98413206894958,0.893533835230497,-0.791499770546939,-0.102034064683581
2.98419968221885,0.90178722023655,-0.779112623308192,-0.122674596928411
2.98429184148104,0.91238066505054,-0.761663838187957,-0.150716826862647
2.98438400074323,0.922209368443282,-0.743576564241758,-0.178632804201536
2.98444420061337,0.928212934092754,-0.731423875794551,-0.196789058298224
2.98450440048352,0.933884469615695,-0.719009637073903,-0.214874832541833
2.98456460035366,0.939221971601686,-0.706338256678566,-0.232883714923142
2.98462480022381,0.944223518842973,-0.693414267959528,-0.250809250883488
2.98469730048833,0.949798513971679,-0.677520927683958,-0.272277586287747
2.98476980075284,0.954880784271539,-0.661276109236889,-0.293604675034637
2.98484230101736,0.95946770686917,-0.64468824102857,-0.314779465840651
2.98491480128187,0.963556887969179,-0.627765938700216,-0.335790949268962
2.98498730154639,0.96714622005921,-0.610517976704647,-0.356628243354552
2.9850598018109,0.970233828271438,-0.592953309616673,-0.377280518654796
2.9851479691067,0.973310243906653,-0.571179650376748,-0.40213059352989
2.9852361364025,0.975639970719957,-0.548967739387042,-0.42667223133295
2.9853243036983,0.977221231543279,-0.526334650720767,-0.450886580822543
2.9854124709941,0.978052800378285,-0.503297760338445,-0.47475504003989
2.9855006382899,0.978134050438549,-0.479874750231572,-0.498259300207004
2.9855888055857,0.977464907862307,-0.456083591047112,-0.521381316815184
2.98567697288149,0.976045896908784,-0.431942538062422,-0.544103358846343
2.98576514017729,0.97387809540513,-0.407470110444841,-0.566407984960302
2.98585330747309,0.970963176834051,-0.38268508487632,-0.588278091957761
2.98596171170543,0.966358543780999,-0.351811367400227,-0.614547176380769
2.98607011593777,0.960633203738896,-0.320529478213519,-0.640103725525389
2.98617852017011,0.953793806472978,-0.288875796122602,-0.664918010350364
2.98628692440245,0.94584829486784,-0.256887053487645,-0.688961241380242
2.98639532863479,0.936805878885975,-0.224600373585022,-0.712205505300965
2.98650373286713,0.926677050655123,-0.192053195210597,-0.734623855444534
2.98661213709947,0.915473550523152,-0.15928327803738,-0.756190272485751
2.98672054133181,0.903208376030898,-0.126328617498697,-0.776879758532204
2.98682894556415,0.889895745189519,-0.0932274435756678,-0.79666830161389
2.98693734979649,0.875551101345815,-0.0600181354477421,-0.815532965898078
2.98704575402883,0.860191074419887,-0.0267392174816915,-0.833451856938239
2.98715415826117,0.843833482043015,0.00657072492297548,-0.850404206965995
2.98726256249351,0.826497288898047,0.0398730513769044,-0.866370340274947
2.98733017576208,0.815197421554421,0.0606239982563057,-0.875821419810721
2.98739778903066,0.803529842576915,0.081347422588675,-0.884877265165591
2.98746540229923,0.791499769795732,0.10203406654376,-0.893533836339508
2.9875330155678,0.779112622600757,0.122674598564231,-0.901787221164974
2.9876251748589,0.76166383179648,0.15071683725725,-0.912380669053742
2.98771733415,0.743576551772711,0.178632823264563,-0.922209375037286
2.98777753399594,0.731423867944072,0.196789069991189,-0.928212937935264
2.98783773384187,0.719009634055952,0.214874836915999,-0.93388447097195
2.9878979336878,0.706338258702019,0.232883712037561,-0.939221970739595
2.98795813353374,0.693414275227629,0.250809240805056,-0.944223516032704
2.98803063379807,0.677520935107247,0.272277576199371,-0.949798511306611
2.9881031340624,0.661276116814475,0.293604664940638,-0.954880781755102
2.98817563432674,0.644688248759265,0.314779455745461,-0.959467704504723
2.98824813459107,0.627765946582892,0.335790939176998,-0.963556885759881
2.9883206348554,0.610517984737903,0.35662823327036,-0.967146218008267
2.98839313511974,0.592953317799141,0.377280508582858,-0.970233826381958
2.98848130244096,0.571179652341311,0.40213059066249,-0.973310243003796
2.98856946976218,0.548967734880918,0.42667223549221,-0.975639970373141
2.9886576370834,0.526334639506251,0.450886591814222,-0.977221231320502
2.98874580440463,0.50329774219295,0.4747550576537,-0.978052799846617
2.98883397172585,0.479874724947987,0.498259324217051,-0.978134049165005
2.98892213904707,0.456083558434261,0.521381346980222,-0.977464905414477
2.98901030636829,0.431942497945224,0.544103394910155,-0.976045892855371
2.98909847368951,0.407470062664645,0.566408026652208,-0.973878089316821
2.98918664101074,0.382685029291165,0.588278138992775,-0.970963168283943
2.98929504524315,0.35181131099027,0.614547222119495,-0.966358533109728
2.98940344947557,0.320529421046269,0.640103769909967,-0.960633190956194
2.98951185370798,0.288875738266487,0.66491805332463,-0.953793791591094
2.9896202579404,0.256886995011925,0.688961282889543,-0.945848277901464
2.98972866217281,0.224600314559627,0.712205545292477,-0.936805859852098
2.98983706640523,0.192053135706181,0.734623893867097,-0.926677029573239
2.98994547063764,0.159283218125183,0.756190309289948,-0.915473527415136
2.99005387487006,0.12632855725053,0.776879793670542,-0.903208350921033
2.99016227910247,0.0932273830637524,0.796668335040624,-0.889895718104379
2.99027068333489,0.0600180747446425,0.815532997569644,-0.875551072314274
2.9903790875673,0.0267391566602749,0.83345188681289,-0.860191043473139
2.99048749179972,-0.0065707857896826,0.850404235004186,-0.843833449214476
2.99059589603213,-0.0398731122157511,0.866370366439126,-0.826497254223373
2.99066350924162,-0.06062404090552,0.87582143669561,-0.815197395790046
2.99073112245111,-0.0813474470758905,0.884877273452744,-0.803529826376865
2.9907987356606,-0.102034072921027,0.893533836721439,-0.791499763800405
2.9908663488701,-0.12267458690819,0.9017872143447,-0.779112627436502
2.99095850817474,-0.15071682975055,0.912380663989776,-0.761663834239215
2.99105066747938,-0.178632819874857,0.922209371506719,-0.743576551631839
2.99111086732966,-0.196789067912513,0.928212934847325,-0.73142386693479
2.99117106717993,-0.214874836138129,0.933884468278823,-0.719009632140697
2.9912312670302,-0.232883712548929,0.939221968392901,-0.706338255843932
2.99129146688048,-0.250809242592646,0.944223513983743,-0.693414271391052
2.99136396714241,-0.272277577254338,0.949798508990669,-0.677520931736314
2.99143646740435,-0.293604665270602,0.954880779204254,-0.661276113933653
2.99150896766628,-0.314779455359119,0.959467701751431,-0.644688246392318
2.99158146792822,-0.335790938084213,0.963556882836929,-0.627765944752696
2.99165396819016,-0.356628231482063,0.967146214948571,-0.610517983466517
2.99172646845209,-0.377280506111096,0.970233823218703,-0.592953317107558
2.99181463579408,-0.402130594010617,0.973310240485437,-0.571179646474798
2.99190280313607,-0.426672244510784,0.975639968147557,-0.548967723636748
2.99199097047805,-0.45088660634053,0.977221229034453,-0.526334622693909
2.99207913782004,-0.474755077512081,0.978052797146487,-0.503297719634334
2.99216730516203,-0.49825934921901,0.978134045696939,-0.479874696477908
2.99225547250401,-0.521381376924934,0.977464900825361,-0.456083523900408
2.992343639846,-0.544103429584596,0.976045886793202,-0.431942457208566
2.99243180718799,-0.566408065831484,0.973878081431149,-0.407470015599632
2.99251997452997,-0.588278182440499,0.97096315822645,-0.38268497578593
2.99262837876246,-0.614547264387994,0.966358521122126,-0.351811256734129
2.99273678299494,-0.640103810946675,0.960633177047315,-0.320529366100647
2.99284518722743,-0.664918093078406,0.95379377577196,-0.288875682693562
2.99295359145991,-0.688961321310684,0.945848260185381,-0.256886938874675
2.9930619956924,-0.712205582332841,0.936805840254567,-0.224600257921688
2.99317039992488,-0.734623929480098,0.92667700811197,-0.192053078631856
2.99327880415737,-0.756190343430636,0.915473504109962,-0.159283160679307
2.99338720838985,-0.77687982629561,0.903208325794037,-0.126328499498424
2.99349561262234,-0.796668366108559,0.889895691179665,-0.0932273250710478
2.99360401685483,-0.815533027040615,0.875551043618124,-0.0600180165774737
2.99371242108731,-0.833451914648942,0.860191013033891,-0.0267390983849093
2.9938208253198,-0.850404261169287,0.843833417062518,0.00657084410679547
2.99392922955228,-0.866370390899108,0.826497220391056,0.0398731705080422
2.99399684270341,-0.875821452082267,0.815197370846983,0.0606240812352806
2.99406445585454,-0.884877280440329,0.803529810967743,0.0813474694725905
2.99413206900567,-0.893533835994939,0.791499758556664,0.102034077438304
2.9941996821568,-0.901787206599405,0.779112632975513,0.122674573623871
2.99429184144604,-0.912380654922129,0.761663843075568,0.150716811846611
2.99438400073528,-0.9222093613782,0.743576563968856,0.178632797409361
2.99444420061412,-0.928212927914678,0.731423873782177,0.196789054132536
2.99450440049296,-0.933884464228658,0.719009633246456,0.214874830982204
2.9945646003718,-0.939221966908879,0.706338250962578,0.232883715946301
2.99462480025064,-0.944223514746807,0.693414260283311,0.250809254463512
2.99469730051037,-0.949798509341615,0.677520920937905,0.272277588403731
2.99476980077009,-0.954880779171923,0.661276103470056,0.293604675701862
2.99484230102982,-0.959467701364834,0.644688236288219,0.314779465076605
2.99491480128954,-0.963556882125433,0.627765935032157,0.335790947093305
2.99498730154927,-0.967146213941938,0.610517974152787,0.356628239789158
2.99505980180899,-0.970233821946898,0.592953308223232,0.377280513723687
2.99514796914631,-0.973310238871324,0.571179638634618,0.402130600236684
2.99523613648364,-0.975639966269709,0.548967716890838,0.426672249378895
2.99532430382096,-0.977221226971818,0.526334617089568,0.450886609882248
2.99541247115828,-0.978052794978211,0.5032977152162,0.474755079762018
2.9955006384956,-0.97813404350251,0.479874693287788,0.498259350214714
2.99558880583293,-0.977464898684082,0.456083521977338,0.521381376706747
2.99567697317025,-0.976045884784373,0.431942456588637,0.544103428195733
2.99576514050757,-0.973878079633839,0.407470016315935,0.566408063317884
2.99585330784489,-0.970963156719467,0.382684977868678,0.588278178850755
2.99596171207737,-0.966358519806256,0.351811258891167,0.614547260915102
2.99607011630985,-0.960633175921734,0.320529368325924,0.640103807595826
2.99617852054233,-0.953793774835559,0.288875684980963,0.664918089854606
2.99628692477481,-0.945848259436811,0.256886941217851,0.688961318218971
2.99639532900729,-0.936805839692324,0.224600260314395,0.712205579377914
2.99650373323977,-0.926677007734259,0.192053081067738,0.734623926666532
2.99661213747224,-0.915473503914865,0.159283163151939,0.75619034076295
2.99672054170472,-0.903208325779349,0.126328502001299,0.776879823778053
2.9968289459372,-0.889895691342931,0.0932273275977146,0.796668363745281
2.99693735016968,-0.875551043956786,0.0600180191213351,0.815533024835461
2.99704575440216,-0.860191013545166,0.0267391009393907,0.833451912605783
2.99715415863464,-0.843833417743356,-0.00657084154822169,0.850404259291592
2.99726256286712,-0.826497221238308,-0.0398731679519537,0.866370389190253
2.99733017601898,-0.815197371670646,-0.0606240789109142,0.875821450581557
2.99739778917085,-0.80352981175849,-0.0813474673817989,0.884877279140322
2.99746540232271,-0.791499759305232,-0.102034075582641,0.893533834887883
2.99753301547458,-0.779112633672912,-0.122674572004579,0.90178720567748
2.9976251747349,-0.761663849457465,-0.15071680146706,0.912380650924527
2.99771733399522,-0.743576576428926,-0.178632778359844,0.922209354788729
2.99777753389826,-0.731423881626373,-0.196789042448757,0.928212924075147
2.9978377338013,-0.719009636260861,-0.214874826612993,0.933884462873859
2.99789793370434,-0.706338248938522,-0.232883718832571,0.939221967771094
2.99795813360738,-0.693414253017664,-0.250809264538406,0.944223517556037
2.99803063386726,-0.677520913520947,-0.272277598483507,0.949798512004438
2.99810313412715,-0.661276095902812,-0.293604685782277,0.954880781685072
2.99817563438704,-0.644688228572019,-0.314779475153268,0.959467703725303
2.99824813464693,-0.627765927168323,-0.335790957161916,0.963556884330209
2.99832063490682,-0.610517966142813,-0.356628249845315,0.967146215988118
2.99839313516671,-0.592953300068658,-0.377280523762951,0.970233823831616
2.9984813024786,-0.571179636702286,-0.402130603067583,0.973310239769851
2.99856946979048,-0.548967721433433,-0.426672245179531,0.975639966612958
2.99865763710237,-0.526334628345031,-0.450886598847041,0.977221227192015
2.99874580441425,-0.503297733407207,-0.474755062101314,0.978052795508508
2.99883397172614,-0.479874718621525,-0.498259326154617,0.978134044776141
2.99892213903802,-0.456083554645075,-0.52138134648866,0.977464901133732
2.99901030634991,-0.431942496765566,-0.544103392076016,0.97604588884154
2.99909847366179,-0.4074700641608,-0.566408021567397,0.973878085728159
2.99918664097368,-0.382685033523343,-0.588278131754725,0.970963165278065
2.99929504520608,-0.351811315370966,-0.614547215117513,0.966358530488451
2.99940344943849,-0.320529425563141,-0.640103763154515,0.96063318871762
2.99951185367089,-0.288875742907128,-0.664918046825869,0.953793789732956
2.9996202579033,-0.2568869997637,-0.688961276657292,0.945848276420979
2.9997286621357,-0.224600319409826,-0.712205539336268,0.936805858746074
2.99983706636811,-0.192053140642007,-0.734623888196107,0.926677028838103
2.99994547060052,-0.159283223133675,-0.756190303913143,0.915473527046796
3.00005387483292,-0.126328562318701,-0.776879788596424,0.903208350915082
3.00016227906533,-0.0932273881784424,-0.796668330277415,0.889895718455831
3.00027068329773,-0.0600180798927222,-0.815532993125174,0.875551073017863
3.00037908753014,-0.0267391618285436,-0.833451882694627,0.860191044523156
3.00048749176255,0.00657078061447263,-0.850404231219225,0.843833450604743
3.00059589599495,0.0398731070468303,-0.866370362994232,0.826497255947369
3.00066350920595,0.0606240362129541,-0.87582143367382,0.815197397460851
3.00073112241696,0.0813474428633934,-0.884877270838638,0.803529827975261
3.00079873562796,0.102034069191688,-0.893533834499156,0.791499765307434
3.00086634883896,0.122674583664406,-0.901787212498025,0.779112628833574
3.00095850808576,0.150716808982767,-0.912380655990519,0.761663847007719
3.00105066733256,0.178632781763745,-0.922209358322857,0.743576576559096
3.00111086723124,0.196789044535466,-0.928212927164349,0.731423882628859
3.00117106712991,0.214874827392672,-0.93388446556622,0.719009638173545
3.00123126702859,0.232883718316925,-0.939221970115231,0.706338251798261
3.00129146692727,0.250809262740489,-0.944223519600823,0.693414256860375
3.0013639671896,0.272277597431438,-0.949798514319736,0.677520916888264
3.00143646745193,0.293604685468218,-0.954880784238125,0.661276098769888
3.00150896771427,0.31477947556833,-0.959467706483006,0.644688230914673
3.0015814679766,0.335790958295996,-0.963556887259261,0.627765928963229
3.00165396823893,0.356628251687262,-0.967146219054918,0.610517967367612
3.00172646850126,0.377280526300438,-0.970233827002408,0.592953300701946
3.00181463579243,0.402130599798581,-0.973310242295309,0.571179642496701
3.0019028030836,0.426672236252922,-0.975639968844312,0.548967732591373
3.00199097037477,0.450886584425139,-0.977221229481674,0.526334645056535
3.00207913766594,0.474755042359348,-0.978052798209285,0.503297755849919
3.00216730495711,0.498259301280508,-0.978134048240909,0.479874746960354
3.00225547224828,0.521381316682725,-0.977464905714827,0.456083589032052
3.00234363953945,0.544103357550712,-0.976045894890129,0.431942537339406
3.00243180683062,0.566407982547074,-0.973878093593841,0.407470111046747
3.00251997412179,0.588278088475055,-0.970963175308198,0.382685086833104
3.00262837835413,0.614547173012572,-0.966358542441564,0.351811369428974
3.00273678258647,0.640103722276807,-0.960633202584928,0.320529480308116
3.0028451868188,0.664918007226304,-0.953793805503382,0.288875798277065
3.00295359105114,0.688961238385426,-0.945848294081333,0.256887055695873
3.00306199528347,0.712205502440055,-0.936805878280873,0.224600375840795
3.00317039951581,0.734623852721995,-0.926677050229726,0.192053197507731
3.00327880374815,0.756190269905857,-0.915473550275435,0.159283280369552
3.00338720798048,0.776879756099142,-0.903208375958811,0.126328619859671
3.00349561221282,0.796668299331517,-0.889895745290604,0.0932274459590556
3.00360401644515,0.815532963770323,-0.875551101617442,0.0600181378471103
3.00371242067749,0.833451854968609,-0.860191074859318,0.026739219890718
3.00382082490983,0.850404205157992,-0.843833482647296,-0.00657072251072913
3.00392922914216,0.866370338631815,-0.826497289663958,-0.0398730489678773
3.00399684241132,0.875821418351878,-0.815197422320189,-0.0606239960317083
3.00406445568047,0.884877263885367,-0.803529843334951,-0.0813474205504437
3.00413206894962,0.893533835232006,-0.791499770538409,-0.102034064693597
3.00419968221878,0.901787220224198,-0.779112623320626,-0.122674596903622
3.00429184148096,0.912380665038402,-0.761663838201778,-0.150716826836648
3.00438400074315,0.922209368431274,-0.743576564256989,-0.17863280417431
3.00444420061333,0.928212934084656,-0.731423875803021,-0.19678905828162
3.00450440048351,0.933884469611015,-0.719009637075274,-0.214874832535736
3.00456460035369,0.939221971600061,-0.706338256672583,-0.232883714927483
3.00462480022387,0.944223518844004,-0.693414267945831,-0.25080925089818
3.00469730048839,0.949798513973044,-0.677520927667876,-0.27227758630514
3.00476980075292,0.954880784273064,-0.661276109218382,-0.293604675054697
3.00484230101744,0.959467706870737,-0.644688241007503,-0.314779465863278
3.00491480128197,0.963556887970617,-0.627765938676561,-0.335790949294102
3.00498730154649,0.967146220060446,-0.610517976678298,-0.356628243382161
3.00505980181102,0.97023382827234,-0.592953309587528,-0.377280518684816
3.00514796910685,0.973310243907634,-0.571179650338326,-0.402130593569342
3.00523613640269,0.97563997072047,-0.548967739338874,-0.426672231381612
3.00532430369852,0.977221231542737,-0.526334650662632,-0.450886580880101
3.00541247099435,0.978052800376067,-0.503297760270063,-0.47475504010601
3.00550063829019,0.978134050433999,-0.479874750152662,-0.498259300281349
3.00558880558602,0.977464907854881,-0.456083590957518,-0.521381316897379
3.00567697288185,0.976045896897894,-0.431942537961936,-0.544103358935982
3.00576514017769,0.973878095390199,-0.407470110333175,-0.566407985057016
3.00585330747352,0.970963176814442,-0.382685084753327,-0.588278092061134
3.00596171170586,0.966358543756897,-0.351811367275311,-0.614547176481567
3.0060701159382,0.960633203710262,-0.320529478086769,-0.640103725623539
3.00617852017055,0.953793806439919,-0.28887579599424,-0.66491801044564
3.00628692440289,0.945848294830333,-0.256887053357754,-0.688961241472581
3.00639532863523,0.936805878843962,-0.224600373453726,-0.712205505390226
3.00650373286757,0.926677050608667,-0.192053195078058,-0.734623855530627
3.00661213709991,0.915473550472297,-0.159283277903735,-0.756190272568536
3.00672054133225,0.903208375975732,-0.126328617364129,-0.776879758611616
3.00682894556459,0.889895745129966,-0.0932274434402849,-0.796668301689751
3.00693734979693,0.875551101282046,-0.0600181353117441,-0.815532965970313
3.00704575402927,0.8601910743519,-0.0267392173452399,-0.833451857006682
3.00715415826161,0.843833481970876,0.00657072505977462,-0.850404207030647
3.00726256249395,0.826497288821864,0.0398730515138568,-0.866370340335717
3.00733017576239,0.815197421499342,0.0606239983504954,-0.87582141984985
3.00739778903082,0.803529842544589,0.08134742264013,-0.884877265184715
3.00746540229925,0.791499769787633,0.10203406655261,-0.893533836340269
3.00753301556768,0.779112622618347,0.122674598530686,-0.901787221149056
3.00762517485878,0.761663831816615,0.150716837221149,-0.912380669037752
3.00771733414987,0.743576551795484,0.178632823225945,-0.922209375021421
3.00777753399585,0.731423867958106,0.196789069966435,-0.928212937924501
3.00783773384183,0.719009634060862,0.214874836905015,-0.93388447096588
3.00789793368781,0.706338258697366,0.232883712040268,-0.939221970737605
3.00795813353379,0.693414275213042,0.250809240821314,-0.944223516034348
3.00803063379812,0.677520935092699,0.272277576215169,-0.949798511307904
3.00810313406245,0.661276116799944,0.293604664955993,-0.954880781755922
3.00817563432678,0.644688248744808,0.314779455760312,-0.959467704505104
3.00824813459112,0.627765946568484,0.335790939191403,-0.963556885759891
3.00832063485545,0.610517984723629,0.356628233284272,-0.9671462180079
3.00839313511978,0.592953317784956,0.377280508596313,-0.970233826381271
3.008481302441,0.571179652327336,0.402130590675313,-0.973310243002655
3.00856946976222,0.548967734867253,0.426672235504345,-0.975639970371585
3.00865763708344,0.526334639492901,0.450886591825705,-0.977221231318574
3.00874580440466,0.503297742179883,0.474755057664528,-0.978052799844379
3.00883397172588,0.47987472493521,0.498259324227272,-0.978134049162452
3.0089221390471,0.456083558421808,0.52138134698983,-0.977464905411637
3.00901030636832,0.431942497933166,0.544103394919194,-0.976045892852343
3.00909847368954,0.407470062652952,0.566408026660627,-0.973878089313559
3.00918664101076,0.382685029279889,0.588278139000604,-0.970963168280468
3.00929504524318,0.35181131097853,0.614547222127418,-0.966358533105903
3.0094034494756,0.320529421034091,0.640103769917975,-0.960633190952068
3.00951185370801,0.288875738253879,0.664918053332697,-0.95379379158652
3.00962025794043,0.256886994998817,0.68896128289769,-0.945848277896451
3.00972866217285,0.224600314546033,0.71220554530062,-0.936805859846643
3.00983706640526,0.192053135692157,0.734623893875187,-0.926677029567314
3.00994547063768,0.159283218110698,0.756190309298038,-0.915473527408714
3.01005387487009,0.12632855723564,0.776879793678535,-0.903208350914147
3.01016227910251,0.0932273830483767,0.796668335048572,-0.889895718096957
3.01027068333493,0.0600180747288483,0.815532997577472,-0.875551072306279
3.01037908756734,0.0267391566440681,0.833451886820537,-0.86019104346459
3.01048749179976,-0.00657078580628145,0.850404235011668,-0.843833449205359
3.01059589603218,-0.0398731122327338,0.866370366446379,-0.82649725421363
3.01066350924165,-0.0606240409171265,0.875821436700176,-0.815197395783041
3.01073112245112,-0.0813474470820816,0.884877273454898,-0.803529826372834
3.0107987356606,-0.102034072921877,0.893533836721386,-0.791499763799508
3.01086634887007,-0.122674586903652,0.901787214342587,-0.779112627438929
3.01095850817467,-0.150716829734895,0.912380663983821,-0.761663834248906
3.01105066747928,-0.178632819848188,0.922209371497511,-0.743576551649309
3.01111086732959,-0.196789067895897,0.928212934841886,-0.731423866945989
3.01117106717989,-0.214874836131449,0.933884468276787,-0.719009632145317
3.0112312670302,-0.232883712552131,0.939221968393884,-0.706338255841713
3.01129146688051,-0.250809242605708,0.944223513987384,-0.693414271381659
3.01136396714248,-0.272277577276702,0.949798508996433,-0.677520931719729
3.01143646740444,-0.293604665302209,0.954880779211737,-0.661276113909511
3.01150896766641,-0.314779455399781,0.959467701760177,-0.644688246360389
3.01158146792838,-0.335790938133831,0.963556882846479,-0.627765944712642
3.01165396819035,-0.356628231540409,0.967146214958508,-0.610517983418086
3.01172646845231,-0.377280506178019,0.970233823228544,-0.592953317050504
3.01181463579432,-0.402130594080729,0.973310240493788,-0.571179646413055
3.01190280313632,-0.42667224458395,0.975639968154218,-0.54896772357028
3.01199097047832,-0.450886606416583,0.977221229039197,-0.526334622622602
3.01207913782032,-0.474755077590838,0.978052797148968,-0.503297719558127
3.01216730516232,-0.498259349300343,0.978134045697073,-0.47987469639669
3.01225547250432,-0.521381377008633,0.977464900822805,-0.456083523814132
3.01234363984632,-0.544103429670493,0.976045886787725,-0.43194245711723
3.01243180718832,-0.566408065919337,0.973878081422491,-0.407470015503148
3.01251997453032,-0.588278182530139,0.970963158214471,-0.382684975684312
3.01262837876281,-0.614547264475463,0.966358521106461,-0.351811256630961
3.0127367829953,-0.6401038110319,0.960633177028022,-0.320529365996108
3.01284518722778,-0.664918093161209,0.95379377574905,-0.288875682587778
3.01295359146027,-0.688961321391071,0.945848260158812,-0.256886938767712
3.01306199569275,-0.712205582410691,0.936805840224401,-0.224600257813695
3.01317039992524,-0.734623929555288,0.926677008078231,-0.192053078522952
3.01327880415772,-0.756190343503103,0.915473504072691,-0.159283160569581
3.01338720839021,-0.776879826365227,0.903208325753279,-0.126328499388031
3.0134956126227,-0.7966683661753,0.889895691135489,-0.0932273249601323
3.01360401685518,-0.815533027104389,0.875551043570545,-0.0600180164661421
3.01371242108767,-0.833451914709625,0.860191012982945,-0.0267390982732951
3.01382082532015,-0.850404261226793,0.843833417008287,0.00657084421856114
3.01392922955264,-0.866370390953392,0.826497220333574,0.0398731706198326
3.01399684270366,-0.875821452119791,0.815197370805783,0.0606240813140218
3.01406445585468,-0.884877280462306,0.803529810944022,0.081347469518271
3.01413206900571,-0.893533836002666,0.7914997585516,0.102034077451084
3.01419968215673,-0.901787206594106,0.779112632990235,0.122674573603867
3.01429184144595,-0.912380654915398,0.761663843094465,0.150716811820937
3.01438400073516,-0.922209361370246,0.743576563992188,0.178632797378077
3.01444420061405,-0.928212927911359,0.73142387379756,0.196789054113813
3.01450440049293,-0.933884464229513,0.719009633253563,0.214874830975952
3.01456460037181,-0.939221966913443,0.706338250961026,0.232883715952421
3.0146248002507,-0.944223514754611,0.693414260272715,0.250809254481898
3.01469730051043,-0.949798509350015,0.677520920924317,0.272277588425709
3.01476980077017,-0.954880779180653,0.661276103453306,0.293604675727371
3.01484230102991,-0.959467701373765,0.644688236268261,0.314779465105531
3.01491480128964,-0.963556882134446,0.627765935008827,0.335790947125623
3.01498730154938,-0.967146213950794,0.610517974126019,0.35662823982483
3.01505980180912,-0.97023382195546,0.592953308192889,0.377280513762561
3.01514796914643,-0.973310238878332,0.571179638607329,0.402130600271016
3.01523613648374,-0.975639966275454,0.548967716866724,0.42667224940876
3.01532430382104,-0.977221226976493,0.526334617068729,0.450886609907803
3.01541247115835,-0.97805279498212,0.503297715198868,0.47475507978329
3.01550063849566,-0.978134043505833,0.479874693274071,0.498259350231807
3.01558880583297,-0.97746489868716,0.456083521967349,0.521381376719791
3.01567697317028,-0.976045884787361,0.431942456582553,0.544103428204858
3.01576514050758,-0.973878079637039,0.407470016313821,0.566408063323232
3.01585330784489,-0.970963156723122,0.382684977870659,0.588278178852467
3.01596171207737,-0.966358519809937,0.351811258892799,0.614547260917135
3.01607011630985,-0.960633175925364,0.320529368327196,0.640103807598176
3.01617852054233,-0.953793774839099,0.288875684981836,0.664918089857241
3.01628692477481,-0.945848259440219,0.256886941218372,0.688961318221872
3.01639532900729,-0.936805839695578,0.224600260314516,0.712205579381098
3.01650373323977,-0.926677007737387,0.192053081067445,0.734623926669945
3.01661213747225,-0.915473503917792,0.159283163151208,0.756190340766595
3.01672054170473,-0.903208325782079,0.126328502000192,0.776879823781869
3.01682894593721,-0.889895691345428,0.0932273275962331,0.796668363749228
3.01693735016969,-0.875551043959066,0.0600180191194496,0.815533024839609
3.01704575440217,-0.860191013547151,0.0267391009371347,0.833451912609983
3.01715415863465,-0.843833417745039,-0.00657084155089828,0.850404259295914
3.01726256286713,-0.826497221239629,-0.0398731679550456,0.866370389194676
3.01733017601899,-0.815197371673168,-0.0606240789116756,0.875821450584834
3.01739778917085,-0.803529811762345,-0.0813474673802336,0.884877279142586
3.0174654023227,-0.791499759310444,-0.102034075578804,0.893533834889238
3.01753301547456,-0.779112633679506,-0.122674571998453,0.901787205677973
3.01762517473489,-0.761663849463401,-0.150716801462262,0.912380650925648
3.01771733399521,-0.743576576434025,-0.178632778356414,0.922209354790444
3.01777753389825,-0.731423881630939,-0.196789042446183,0.928212924077122
3.01783773380129,-0.719009636264887,-0.214874826611236,0.933884462876155
3.01789793370434,-0.70633824894199,-0.23288371883163,0.939221967773626
3.01795813360738,-0.693414253020516,-0.250809264538291,0.944223517558819
3.01803063386729,-0.67752091351954,-0.272277598489019,0.949798512008549
3.0181031341272,-0.661276095897037,-0.293604685793294,0.954880781690344
3.0181756343871,-0.644688228561676,-0.314779475169741,0.959467703731397
3.01824813464701,-0.627765927153169,-0.335790957183753,0.963556884336908
3.01832063490692,-0.610517966122734,-0.356628249872413,0.967146215995123
3.01839313516683,-0.592953300043495,-0.377280523795181,0.970233823838678
3.01848130247873,-0.571179636673073,-0.402130603103327,0.973310239776353
3.01856946979063,-0.548967721400071,-0.426672245218578,0.975639966618647
3.01865763710253,-0.526334628307415,-0.450886598889303,0.977221227196689
3.01874580441443,-0.503297733365239,-0.474755062146679,0.978052795511917
3.01883397172632,-0.479874718575115,-0.498259326202877,0.978134044777992
3.01892213903822,-0.456083554594131,-0.521381346539711,0.977464901133833
3.01901030635012,-0.431942496710061,-0.54410339212964,0.976045888839682
3.01909847366202,-0.407470064100655,-0.566408021623459,0.973878085724095
3.01918664097392,-0.382685033458532,-0.588278131813015,0.970963165271567
3.01929504520632,-0.351811315305067,-0.614547215174334,0.966358530479413
3.01940344943873,-0.320529425496277,-0.640103763209819,0.960633188706091
3.01951185367114,-0.288875742839381,-0.66491804687952,0.953793789718898
3.01962025790354,-0.256886999695074,-0.688961276709351,0.945848276404384
3.01972866213595,-0.224600319340449,-0.712205539386593,0.936805858727005
3.01983706636835,-0.192053140571951,-0.734623888244607,0.926677028816568
3.01994547060076,-0.159283223063055,-0.756190303959773,0.915473527022831
3.02005387483317,-0.126328562247537,-0.776879788641142,0.903208350888674
3.02016227906557,-0.0932273881068499,-0.796668330320164,0.88989571842701
3.02027068329798,-0.060018079820796,-0.815532993165872,0.875551072986665
3.02037908753039,-0.0267391617563802,-0.833451882733246,0.86019104448958
3.02048749176279,0.00657078068682557,-0.850404231255694,0.84383345056886
3.0205958959952,0.0398731071192582,-0.866370363028499,0.826497255909202
3.02066350920613,0.0606240362624176,-0.875821433696413,0.815197397434012
3.02073112241706,0.0813474428898996,-0.884877270850476,0.803529827960574
3.02079873562798,0.102034069195321,-0.893533834501061,0.791499765305704
3.02086634883891,0.122674583645281,-0.901787212490892,0.779112628845593
3.02095850808575,0.150716808975362,-0.912380655988069,0.761663847012663
3.02105066733258,0.178632781768014,-0.92220935832448,0.743576576556433
3.02111086723126,0.19678904453956,-0.928212927165736,0.731423882626165
3.02117106712994,0.214874827396611,-0.933884465567452,0.719009638170813
3.02123126702862,0.232883718320694,-0.939221970116226,0.70633825179555
3.0212914669273,0.250809262744062,-0.94422351960171,0.693414256857646
3.02136396718961,0.272277597428769,-0.949798514318866,0.677520916890067
3.02143646745192,0.293604685459418,-0.954880784235806,0.661276098776384
3.02150896771423,0.314779475553456,-0.959467706479599,0.64468823092611
3.02158146797654,0.335790958275162,-0.963556887255005,0.627765928979828
3.02165396823885,0.356628251660558,-0.9671462190501,0.610517967389531
3.02172646850116,0.377280526268014,-0.970233826997304,0.592953300729242
3.02181463579235,0.402130599772472,-0.973310242291718,0.571179642519218
3.02190280308354,0.426672236233029,-0.975639968841881,0.548967732608813
3.02199097037474,0.450886584411337,-0.977221229480043,0.526334645068673
3.02207913766593,0.474755042351452,-0.978052798208113,0.503297755856631
3.02216730495712,0.498259301278315,-0.978134048239772,0.47987474696142
3.02225547224831,0.521381316686065,-0.977464905713351,0.456083589027262
3.0223436395395,0.544103357559381,-0.976045894888041,0.431942537328647
3.02243180683069,0.566407982560855,-0.973878093590709,0.407470111029832
3.02251997412188,0.588278088493758,-0.970963175303683,0.382685086809908
3.02262837835422,0.614547173030837,-0.966358542436087,0.351811369405237
3.02273678258656,0.640103722294571,-0.960633202578483,0.320529480283903
3.02284518681889,0.664918007243587,-0.953793805495965,0.288875798252368
3.02295359105123,0.688961238402164,-0.945848294072912,0.256887055670749
3.02306199528357,0.712205502456214,-0.936805878271532,0.224600375815284
3.0231703995159,0.734623852737505,-0.926677050219368,0.192053197481871
3.02327880374824,0.756190269920748,-0.915473550264154,0.159283280343378
3.02338720798058,0.776879756113354,-0.9032083759465,0.126328619833162
3.02349561221291,0.796668299345042,-0.88989574527733,0.0932274459322795
3.02360401644525,0.815532963783097,-0.875551101603236,0.0600181378201253
3.02371242067759,0.833451854980627,-0.860191074844186,0.0267392198635435
3.02382082490992,0.850404205169231,-0.843833482631134,-0.00657072253810025
3.02392922914226,0.866370338642182,-0.826497289646912,-0.0398730489953261
3.02399684241138,0.875821418357931,-0.815197422307269,-0.0606239960506901
3.02406445568051,0.884877263887431,-0.803529843326516,-0.0813474205609486
3.02413206894964,0.893533835230337,-0.791499770534706,-0.10203406469562
3.02419968221876,0.901787220219187,-0.779112623321973,-0.12267459689723
3.02429184148098,0.912380665036934,-0.761663838197132,-0.150716826839801
3.0243840007432,0.922209368432914,-0.74357656424594,-0.178632804186973
3.02444420061336,0.928212934084409,-0.731423875795036,-0.196789058289435
3.02450440048352,0.933884469609205,-0.719009637070402,-0.214874832538795
3.02456460035369,0.939221971596787,-0.70633825667102,-0.232883714925755
3.02462480022385,0.944223518839476,-0.69341426794773,-0.250809250891733
3.02469730048836,0.949798513967365,-0.677520927673444,-0.272277586293938
3.02476980075287,0.95488078426647,-0.66127610922774,-0.293604675038769
3.02484230101738,0.959467706863517,-0.64468824102078,-0.314779465842783
3.02491480128189,0.963556887962968,-0.627765938693915,-0.335790949269082
3.0249873015464,0.967146220052597,-0.610517976699845,-0.356628243352747
3.02505980181091,0.970233828264509,-0.59295330961345,-0.377280518651074
3.02514796910675,0.973310243900852,-0.571179650363707,-0.402130593537179
3.02523613640258,0.975639970714687,-0.548967739363703,-0.426672231350988
3.02532430369842,0.977221231537853,-0.526334650686805,-0.450886580851054
3.02541247099426,0.978052800372019,-0.503297760293492,-0.474755040078528
3.0255006382901,0.978134050430727,-0.479874750175314,-0.498259300255427
3.02558880558594,0.977464907852277,-0.456083590979308,-0.521381316872992
3.02567697288178,0.976045896895915,-0.431942537982819,-0.544103358913091
3.02576514017761,0.97387809538876,-0.407470110353161,-0.566407985035607
3.02585330747345,0.970963176813465,-0.382685084772325,-0.588278092041139
3.02596171170579,0.966358543756626,-0.351811367294584,-0.614547176462076
3.02607011593813,0.960633203710783,-0.320529478106279,-0.640103725604537
3.02617852017048,0.953793806441089,-0.288875796013903,-0.66491801042719
3.02628692440282,0.945848294832182,-0.256887053377606,-0.688961241454623
3.02639532863516,0.936805878846595,-0.224600373473784,-0.712205505372818
3.0265037328675,0.926677050612021,-0.192053195098276,-0.734623855513723
3.02661213709984,0.915473550476293,-0.159283277924062,-0.756190272552203
3.02672054133218,0.903208375980438,-0.126328617384568,-0.776879758595865
3.02682894556452,0.889895745135399,-0.0932274434608044,-0.796668301674559
3.02693734979686,0.875551101288063,-0.0600181353322747,-0.815532965955819
3.0270457540292,0.860191074358574,-0.0267392173657816,-0.833451856992822
3.02715415826154,0.843833481978238,0.00657072503918945,-0.850404207017426
3.02726256249388,0.82649728882981,0.0398730514932831,-0.866370340323119
3.02733017576234,0.815197421503272,0.0606239983379183,-0.875821419841189
3.0273977890308,0.8035298425442,0.08134742263558,-0.884877265179771
3.02746540229926,0.791499769782624,0.102034066556039,-0.893533836338655
3.02753301556772,0.779112622608432,0.122674598542096,-0.901787221150551
3.02762517485881,0.76166383180712,0.150716837231434,-0.912380669038552
3.0277173341499,0.743576551786476,0.178632823235087,-0.922209375021578
3.02777753399587,0.731423867951006,0.196789069972529,-0.928212937923516
3.02783773384184,0.719009634055852,0.214874836908018,-0.933884470963887
3.02789793368781,0.706338258694531,0.232883712040176,-0.939221970734668
3.02795813353378,0.693414275212406,0.250809240818249,-0.944223516030654
3.02803063379814,0.677520935084178,0.272277576222695,-0.949798511306893
3.02810313406251,0.661276116783179,0.293604664974003,-0.954880781757188
3.02817563432688,0.644688248719491,0.314779455788639,-0.959467704508146
3.02824813459125,0.627765946534284,0.335790939229859,-0.96355688576413
3.02832063485562,0.610517984680268,0.356628233332652,-0.967146218012907
3.02839313511998,0.592953317732105,0.377280508654422,-0.970233826386519
3.02848130244123,0.571179652267537,0.402130590739393,-0.97331024300695
3.02856946976247,0.548967734800336,0.426672235574184,-0.975639970374477
3.02865763708371,0.526334639418688,0.450886591901021,-0.977221231319702
3.02874580440496,0.503297742098202,0.4747550577451,-0.978052799843299
3.0288339717262,0.479874724845964,0.498259324312829,-0.97813404915879
3.02892213904745,0.45608355832487,0.521381347080119,-0.977464905404988
3.02901030636869,0.43194249782838,0.544103395013906,-0.976045892842268
3.02909847368993,0.407470062540256,0.566408026759465,-0.973878089299753
3.02918664101118,0.382685029159148,0.588278139103329,-0.970963168262453
3.02929504524359,0.351811310855903,0.614547222227684,-0.966358533083605
3.02940344947601,0.320529420909736,0.640103770015649,-0.960633190925378
3.02951185370843,0.288875738127897,0.66491805342765,-0.95379379155554
3.02962025794085,0.25688699487137,0.688961282989836,-0.945848277861171
3.02972866217326,0.224600314417241,0.712205545389841,-0.936805859807066
3.02983706640568,0.192053135562143,0.734623893961366,-0.926677029523514
3.0299454706381,0.159283217979623,0.756190309381034,-0.915473527360639
3.03005387487052,0.126328557103637,0.776879793758285,-0.903208350861886
3.03016227910293,0.0932273829156133,0.796668335124909,-0.889895718040484
3.03027068333535,0.0600180745954409,0.815532997650358,-0.875551072245759
3.03037908756777,0.0267391565101958,0.833451886889812,-0.860191043399997
3.03048749180019,-0.00657078594048615,0.850404235077241,-0.843833449136739
3.0305958960326,-0.0398731123670967,0.866370366508203,-0.826497254141071
3.03066350924194,-0.0606240410100052,0.875821436741107,-0.815197395731095
3.03073112245128,-0.0813474471335993,0.884877273476449,-0.80352982634285
3.03079873566062,-0.102034072932088,0.893533836725125,-0.791499763793004
3.03086634886996,-0.122674586872807,0.901787214330145,-0.779112627457336
3.03095850817451,-0.150716829688582,0.912380663966643,-0.761663834278015
3.03105066747907,-0.178632819786538,0.922209371476413,-0.74357655168985
3.03111086732945,-0.19678906785784,0.92821293482952,-0.731423866971643
3.03117106717983,-0.214874836116825,0.93388446827223,-0.719009632155397
3.03123126703022,-0.232883712560712,0.939221968396321,-0.706338255835581
3.0312914668806,-0.250809242637316,0.944223513995964,-0.69341427135862
3.03136396714257,-0.272277577307749,0.949798509004267,-0.677520931696517
3.03143646740454,-0.293604665332695,0.954880779218881,-0.661276113886146
3.0315089676665,-0.314779455429729,0.959467701766571,-0.644688246336859
3.03158146792847,-0.335790938163174,0.963556882852227,-0.627765944688998
3.03165396819044,-0.356628231569165,0.967146214963532,-0.610517983394362
3.0317264684524,-0.377280506206184,0.970233823232899,-0.592953317026704
3.03181463579439,-0.402130594104608,0.973310240497024,-0.571179646392373
3.03190280313638,-0.426672244603644,0.975639968156503,-0.54896772355286
3.03199097047836,-0.450886606432209,0.977221229040794,-0.526334622608557
3.03207913782035,-0.474755077602477,0.978052797150121,-0.503297719547634
3.03216730516234,-0.498259349308119,0.978134045697976,-0.479874696389861
3.03225547250432,-0.52138137701263,0.977464900823784,-0.456083523811115
3.03234363984631,-0.544103429670849,0.976045886788969,-0.431942457118102
3.0324318071883,-0.566408065916215,0.973878081424278,-0.407470015508035
3.03251997453028,-0.588278182523664,0.970963158216975,-0.382684975693297
3.03262837876277,-0.61454726446902,0.966358521109455,-0.3518112566404
3.03273678299525,-0.6401038110255,0.960633177031474,-0.320529366005922
3.03284518722774,-0.664918093154976,0.953793775752974,-0.288875682598048
3.03295359146022,-0.68896132138492,0.945848260163274,-0.256886938778356
3.03306199569271,-0.71220558240464,0.936805840229409,-0.224600257824728
3.03317039992519,-0.734623929549399,0.926677008083773,-0.192053078534364
3.03327880415768,-0.7561903434974,0.915473504078812,-0.159283160581384
3.03338720839016,-0.776879826359748,0.903208325759918,-0.126328499400156
3.03349561262265,-0.796668366170048,0.88989569114271,-0.0932273249726038
3.03360401685513,-0.81553302709939,0.875551043578347,-0.0600180164789245
3.03371242108762,-0.833451914704975,0.860191012991372,-0.0267390982863464
3.0338208253201,-0.850404261222454,0.84383341701729,0.00657084420520147
3.03392922955259,-0.866370390949408,0.82649722034319,0.0398731706062299
3.03399684270362,-0.87582145211809,0.815197370813193,0.0606240813049001
3.03406445585466,-0.884877280462751,0.803529810949102,0.0813474695136695
3.0341320690057,-0.893533836005079,0.791499758554117,0.10203407745095
3.03419968215673,-0.901787206598309,0.779112632990115,0.122674573608183
3.03429184144592,-0.912380654915605,0.761663843101134,0.150716811814463
3.0343840007351,-0.922209361367065,0.743576564006144,0.178632797360923
3.034444200614,-0.92821292791073,0.731423873807227,0.196789054103489
3.03450440049291,-0.933884464231142,0.719009633258799,0.214874830972371
3.03456460037181,-0.939221966917129,0.706338250961596,0.232883715955545
3.03462480025072,-0.944223514760077,0.693414260268487,0.250809254491613
3.03469730051045,-0.949798509354863,0.677520920921347,0.272277588433535
3.03476980077018,-0.954880779184942,0.661276103451668,0.293604675733304
3.03484230102991,-0.959467701377622,0.644688236267977,0.314779465109649
3.03491480128964,-0.96355688213791,0.627765935010013,0.335790947127916
3.03498730154938,-0.967146213953979,0.610517974128712,0.356628239825277
3.03505980180911,-0.970233821958442,0.592953308197127,0.377280513761317
3.03514796914642,-0.973310238881512,0.571179638610985,0.402130600270549
3.03523613648373,-0.97563996627877,0.548967716869703,0.426672249409088
3.03532430382104,-0.977221226979927,0.526334617071128,0.450886609908826
3.03541247115835,-0.978052794985635,0.503297715200554,0.474755079785071
3.03550063849566,-0.97813404350935,0.479874693275028,0.498259350234328
3.03558880583297,-0.977464898690623,0.456083521967596,0.521381376723017
3.03567697317028,-0.976045884790762,0.431942456582023,0.544103428208767
3.03576514050759,-0.973878079640362,0.407470016312615,0.566408063327712
3.0358533078449,-0.970963156726201,0.382684977868637,0.588278178857577
3.03596171207738,-0.966358519812898,0.351811258890641,0.614547260922264
3.03607011630986,-0.960633175928193,0.320529368324895,0.640103807603308
3.03617852054234,-0.953793774841792,0.288875684979391,0.66491808986241
3.03628692477482,-0.945848259442789,0.256886941215786,0.688961318226994
3.0363953290073,-0.936805839697981,0.224600260311745,0.712205579386229
3.03650373323978,-0.926677007739589,0.192053081064526,0.734623926675061
3.03661213747226,-0.915473503919809,0.159283163148145,0.756190340771648
3.03672054170474,-0.903208325783906,0.126328501996986,0.776879823786908
3.03682894593723,-0.889895691347072,0.093227327592857,0.79666836375423
3.03693735016971,-0.875551043960465,0.060018019115887,0.815533024844587
3.03704575440219,-0.860191013548334,0.0267391009334248,0.833451912614947
3.03715415863467,-0.843833417746009,-0.00657084155472207,0.850404259300782
3.03726256286715,-0.826497221240423,-0.0398731679589914,0.866370389199431
3.037330176019,-0.81519737167401,-0.0606240789154504,0.875821450589431
3.03739778917086,-0.803529811763214,-0.0813474673837787,0.884877279146994
3.03746540232272,-0.791499759311325,-0.102034075582142,0.893533834893472
3.03753301547457,-0.779112633680519,-0.122674572001544,0.901787205682055
3.03762517473492,-0.761663849460492,-0.150716801471271,0.912380650931745
3.03771733399526,-0.743576576426999,-0.178632778371303,0.922209354798293
3.03777753389829,-0.731423881627246,-0.196789042455769,0.928212924082996
3.03783773380131,-0.719009636264684,-0.214874826615575,0.933884462880246
3.03789793370434,-0.70633824894539,-0.232883718830796,0.939221967776159
3.03795813360736,-0.693414253027667,-0.250809264532268,0.944223517559965
3.03803063386725,-0.677520913531346,-0.272277598476943,0.949798512008304
3.03810313412714,-0.661276095913681,-0.293604685775265,0.954880781688931
3.03817563438703,-0.644688228583323,-0.314779475145882,0.959467703729141
3.03824813464692,-0.627765927180031,-0.335790957154121,0.963556884334138
3.0383206349068,-0.610517966154969,-0.356628249837119,0.967146215992084
3.03839313516669,-0.592953300081228,-0.377280523754388,0.970233823835622
3.03848130247859,-0.57117963671167,-0.402130603062816,0.973310239774491
3.03856946979049,-0.548967721439571,-0.426672245178415,0.975639966617979
3.03865763710238,-0.526334628347736,-0.450886598849486,0.977221227197228
3.03874580441428,-0.503297733406425,-0.474755062107231,0.978052795513656
3.03883397172618,-0.479874718617108,-0.498259326163852,0.978134044780965
3.03892213903808,-0.456083554636953,-0.521381346501094,0.977464901138049
3.03901030634997,-0.431942496753646,-0.544103392091514,0.976045888845162
3.03909847366187,-0.407470064144973,-0.566408021585828,0.973878085730814
3.03918664097377,-0.382685033503653,-0.588278131775913,0.970963165279572
3.03929504520617,-0.351811315351921,-0.614547215137191,0.966358530489137
3.03940344943857,-0.320529425544866,-0.640103763172722,0.960633188717555
3.03951185367098,-0.288875742889637,-0.664918046842632,0.953793789732243
3.03962025790338,-0.256886999747046,-0.688961276672645,0.945848276419685
3.03972866213578,-0.22460031939406,-0.712205539350286,0.936805858744329
3.03983706636818,-0.192053140627133,-0.734623888208818,0.926677028835937
3.03994547060059,-0.159283223119763,-0.756190303924537,0.915473527044279
3.04005387483299,-0.126328562305782,-0.776879788606547,0.90320835091232
3.04016227906539,-0.0932273881665457,-0.796668330286394,0.889895718452924
3.04027068329779,-0.0600180798818303,-0.815532993133019,0.875551073014817
3.04037908753019,-0.026739161818726,-0.833451882701348,0.860191044520082
3.0404874917626,0.00657078062319162,-0.850404231224951,0.843833450601719
3.040595895995,0.0398731070544304,-0.866370362998928,0.826497255944481
3.040663509206,0.0606240362195159,-0.875821433677826,0.815197397458255
3.040731122417,0.0813474428688501,-0.884877270841909,0.803529827973031
3.040798735628,0.10203406919607,-0.893533834501764,0.791499765305679
3.040866348839,0.122674583667704,-0.901787212499988,0.779112628832264
3.04095850808587,0.150716809010068,-0.912380656000968,0.761663846990894
3.04105066733275,0.17863278181487,-0.922209358340491,0.743576576525615
3.04111086723137,0.196789044567699,-0.928212927174873,0.731423882607156
3.04117106712998,0.214874827406208,-0.933884465570395,0.71900963816416
3.0412312670286,0.232883718311923,-0.939221970113666,0.706338251801712
3.04129146692722,0.250809262717053,-0.9442235195943,0.693414256877213
3.04136396718951,0.272277597395325,-0.94979851431032,0.677520916914987
3.04143646745179,0.293604685419558,-0.954880784226505,0.661276098806942
3.04150896771408,0.314779475507335,-0.959467706469755,0.644688230962411
3.04158146797637,0.335790958222868,-0.963556887244996,0.627765929022135
3.04165396823866,0.35662825160225,-0.967146219040236,0.610517967437947
3.04172646850095,0.377280526203864,-0.970233826987891,0.592953300784002
3.04181463579215,0.402130599710955,-0.973310242284331,0.571179642573361
3.04190280308334,0.4266722361742,-0.97563996883642,0.548967732662196
3.04199097037454,0.450886584355127,-0.977221229476375,0.526334645121176
3.04207913766574,0.474755042297903,-0.978052798206087,0.503297755908148
3.04216730495694,0.498259301227419,-0.978134048239288,0.479874747011845
3.04225547224814,0.52138131663781,-0.977464905714349,0.456083589076517
3.04234363953934,0.54410335751369,-0.976045894890274,0.431942537376597
3.04243180683054,0.5664079825177,-0.973878093594163,0.407470111076451
3.04251997412173,0.588278088453129,-0.970963175308231,0.38268508685508
3.04262837835407,0.614547172991084,-0.966358542442208,0.351811369451117
3.04273678258641,0.640103722255768,-0.960633202586201,0.320529480330422
3.04284518681874,0.664918007205729,-0.953793805505246,0.288875798299522
3.04295359105108,0.688961238365282,-0.945848294083778,0.256887055718475
3.04306199528341,0.712205502420421,-0.93680587828393,0.224600375863529
3.04317039951575,0.734623852702816,-0.92667705023342,0.192053197530582
3.04327880374809,0.756190269887195,-0.915473550279738,0.159283280392492
3.04338720798042,0.776879756080946,-0.903208375963635,0.126328619882664
3.04349561221276,0.796668299313869,-0.889895745295986,0.0932274459821009
3.04360401644509,0.815532963753184,-0.875551101623404,0.0600181378701937
3.04371242067743,0.833451854951986,-0.860191074865841,0.0267392199138162
3.04382082490977,0.850404205141941,-0.843833482654312,-0.00657072248764981
3.0439292291421,0.866370338616323,-0.826497289671495,-0.0398730489448281
3.04399684241128,0.875821418339809,-0.815197422324204,-0.0606239960156358
3.04406445568045,0.884877263876514,-0.803529843335217,-0.0813474205413054
3.04413206894963,0.893533835226016,-0.791499770534699,-0.102034064691369
3.04419968221881,0.901787220220919,-0.779112623312654,-0.122674596908302
3.04429184148106,0.912380665042209,-0.761663838180658,-0.150716826861574
3.04438400074331,0.922209368441144,-0.743576564221825,-0.178632804219336
3.04444420061344,0.928212934088153,-0.731423875778557,-0.196789058309604
3.04450440048356,0.933884469608819,-0.719009637062006,-0.21487483254683
3.04456460035369,0.939221971592743,-0.706338256670952,-0.232883714921799
3.04462480022381,0.94422351883225,-0.693414267956341,-0.250809250875905
3.04469730048833,0.949798513961483,-0.677520927679196,-0.272277586282292
3.04476980075286,0.954880784261763,-0.661276109230484,-0.293604675031299
3.04484230101738,0.959467706859743,-0.644688241020389,-0.314779465839357
3.0449148012819,0.963556887959959,-0.62776593869028,-0.335790949269698
3.04498730154642,0.967146220050166,-0.610517976692886,-0.356628243357293
3.04505980181095,0.970233828262433,-0.592953309602959,-0.377280518659481
3.04514796910682,0.97331024389944,-0.57117965034517,-0.402130593554281
3.04523613640269,0.975639970713391,-0.548967739336812,-0.42667223137656
3.04532430369856,0.977221231536119,-0.526334650651249,-0.450886580884853
3.04541247099443,0.978052800369281,-0.503297760249065,-0.474755040120234
3.04550063829029,0.978134050426513,-0.479874750121732,-0.498259300304783
3.04558880558616,0.977464907846031,-0.45608359091637,-0.521381316929651
3.04567697288203,0.976045896887062,-0.431942537910312,-0.544103358976758
3.0457651401779,0.973878095376825,-0.407470110270898,-0.566407985105935
3.04585330747377,0.970963176797882,-0.382685084680158,-0.588278092117743
3.04596171170611,0.966358543737859,-0.351811367201631,-0.614547176536211
3.04607011593845,0.960633203688777,-0.320529478012654,-0.640103725676088
3.04617852017079,0.953793806415923,-0.288875795919762,-0.664918010496167
3.04628692440313,0.945848294803958,-0.25688705328305,-0.688961241520915
3.04639532863547,0.936805878815305,-0.224600373378905,-0.712205505436393
3.04650373286781,0.926677050577773,-0.19205319500321,-0.734623855574568
3.04661213710015,0.915473550439191,-0.159283277828951,-0.756190272610233
3.04672054133249,0.903208375940518,-0.126328617289515,-0.776879758650999
3.04682894556483,0.889895745092722,-0.0932274433659152,-0.796668301726829
3.04693734979717,0.875551101242773,-0.0600181352376746,-0.815532966005085
3.04704575402951,0.86019107431072,-0.0267392172715866,-0.833451857039177
3.04715415826184,0.843833481927853,0.00657072513292399,-0.850404207060771
3.04726256249418,0.826497288777038,0.0398730515863754,-0.866370340363406
3.04733017576254,0.815197421465957,0.0606239984001204,-0.875821419866055
3.0473977890309,0.80352984252337,0.0813474226669613,-0.884877265190302
3.04746540229926,0.791499769779385,0.102034066556663,-0.893533836336052
3.04753301556762,0.779112622623837,0.122674598512124,-0.901787221135952
3.04762517485868,0.76166383182832,0.150716837193614,-0.912380669021936
3.04771733414974,0.743576551813823,0.178632823189564,-0.922209375003356
3.04777753399577,0.731423867967186,0.196789069944632,-0.9282129379118
3.0478377338418,0.719009634060352,0.214874836897644,-0.933884470957981
3.04789793368783,0.706338258686764,0.232883712047252,-0.939221970734033
3.04795813353385,0.693414275191993,0.250809240842527,-0.944223516034502
3.04803063379819,0.677520935069238,0.272277576239001,-0.949798511308238
3.04810313406254,0.661276116774074,0.293604664982363,-0.954880781756422
3.04817563432688,0.644688248716381,0.314779455789217,-0.959467704505583
3.04824813459122,0.627765946537492,0.335790939222733,-0.963556885760206
3.04832063485556,0.610517984689966,0.356628233318002,-0.967146218007975
3.0483931351199,0.592953317748507,0.377280508632396,-0.970233826380918
3.04848130244113,0.571179652287357,0.402130590714298,-0.973310243001641
3.04856946976236,0.548967734823677,0.426672235546111,-0.97563997036975
3.0486576370836,0.526334639445568,0.450886591870103,-0.97722123131569
3.04874580440483,0.5032977421288,0.474755057711451,-0.978052799840241
3.04883397172606,0.479874724880316,0.498259324276558,-0.97813404915684
3.04892213904729,0.456083558363053,0.521381347041358,-0.977464905404407
3.04901030636852,0.431942497870477,0.544103394972804,-0.976045892843257
3.04909847368976,0.407470062586286,0.566408026716161,-0.973878089302415
3.04918664101099,0.382685029209154,0.588278139057961,-0.970963168267132
3.04929504524341,0.351811310906419,0.614547222183763,-0.966358533090181
3.04940344947582,0.320529420960666,0.640103769973223,-0.960633190933841
3.04951185370824,0.288875738179143,0.664918053386765,-0.953793791565891
3.04962025794066,0.256886994922879,0.688961282950472,-0.945848277873334
3.04972866217308,0.224600314468934,0.712205545352077,-0.936805859821022
3.0498370664055,0.192053135613997,0.734623893925233,-0.926677029539221
3.04994547063791,0.159283218031585,0.756190309346506,-0.915473527378078
3.05005387487033,0.126328557155581,0.776879793725438,-0.903208350880995
3.05016227910275,0.0932273829675091,0.796668335093769,-0.889895718061262
3.05027068333517,0.0600180746472468,0.81553299762086,-0.8755510722681
3.05037908756759,0.0267391565617822,0.833451886862094,-0.860191043423874
3.05048749180001,-0.00657078588913908,0.850404235051314,-0.843833449162137
3.05059589603242,-0.0398731123160896,0.86637036648405,-0.826497254167938
3.05066350924181,-0.0606240409745984,0.875821436724878,-0.815197395750304
3.0507311224512,-0.0813474471137749,0.884877273467637,-0.803529826353865
3.05079873566059,-0.102034072927802,0.893533836723098,-0.791499763795273
3.05086634886998,-0.122674586883952,0.901787214334334,-0.779112627450351
3.0509585081745,-0.150716829687642,0.912380663966188,-0.761663834278523
3.05105066747901,-0.178632819773648,0.922209371471999,-0.743576551698332
3.05111086732941,-0.196789067850105,0.928212934827047,-0.731423866976939
3.05117106717981,-0.214874836114227,0.933884468271553,-0.719009632157304
3.05123126703021,-0.232883712563226,0.93922196839723,-0.706338255833955
3.05129146688062,-0.25080924264484,0.944223513998262,-0.693414271353364
3.05136396714257,-0.272277577310391,0.949798509005248,-0.677520931694794
3.05143646740452,-0.293604665330457,0.954880779218709,-0.661276113888252
3.05150896766647,-0.314779455422684,0.959467701765593,-0.644688246342904
3.05158146792842,-0.335790938151448,0.963556882850554,-0.627765944699104
3.05165396819037,-0.356628231552818,0.967146214961526,-0.610517983408665
3.05172646845232,-0.377280506185336,0.970233823230691,-0.59295331704536
3.05181463579426,-0.402130594071018,0.97331024049407,-0.571179646423065
3.0519028031362,-0.426672244557613,0.975639968153655,-0.54896772359602
3.05199097047814,-0.450886606374135,0.977221229038825,-0.526334622664652
3.05207913782008,-0.474755077532798,0.978052797149854,-0.503297719617026
3.05216730516202,-0.498259349227197,0.978134045700187,-0.479874696472959
3.05225547250396,-0.521381376921,0.977464900829216,-0.456083523908189
3.0523436398459,-0.544103429568999,0.976045886798464,-0.431942457229447
3.05243180718784,-0.566408065804657,0.973878081438608,-0.40747001563391
3.05251997452978,-0.588278182402976,0.970963158236954,-0.38268497583395
3.05262837876226,-0.614547264351674,0.966358521134676,-0.351811256782956
3.05273678299475,-0.640103810911587,0.960633177061912,-0.320529366150289
3.05284518722723,-0.664918093044581,0.953793775788585,-0.288875682743969
3.05295359145972,-0.688961321278257,0.945848260204027,-0.256886938925768
3.0530619956922,-0.712205582301818,0.936805840275218,-0.224600257973371
3.05317039992469,-0.734623929450475,0.926677008134642,-0.192053078684124
3.05327880415717,-0.75619034340253,0.915473504134593,-0.159283160732046
3.05338720838966,-0.776879826269058,0.903208325820682,-0.126328499551609
3.05349561262214,-0.796668366083627,0.889895691208287,-0.0932273251246509
3.05360401685463,-0.815533027017342,0.875551043648671,-0.0600180166313252
3.05371242108711,-0.833451914627375,0.860191013066392,-0.0267390984389922
3.0538208253196,-0.850404261149452,0.843833417096924,0.00657084405256612
3.05392922955208,-0.866370390881036,0.826497220427359,0.0398731704536968
3.05399684270326,-0.875821452072771,0.815197370875131,0.0606240811976798
3.05406445585445,-0.884877280438835,0.803529810987203,0.0813474694516542
3.05413206900563,-0.89353383600077,0.791499758566802,0.102034077434003
3.05419968215682,-0.901787206611908,0.779112632975838,0.122674573636106
3.05429184144599,-0.91238065492793,0.761663843087292,0.15071681184065
3.05438400073517,-0.922209361378172,0.743576563992846,0.178632797385344
3.05444420061404,-0.92821292791825,0.731423873800249,0.196789054118007
3.05450440049292,-0.933884464235504,0.719009633258444,0.214874830977081
3.05456460037179,-0.939221966918617,0.706338250968102,0.232883715950534
3.05462480025066,-0.94422351475913,0.693414260282161,0.250809254476996
3.05469730051039,-0.949798509354409,0.677520920934989,0.272277588419425
3.05476980077013,-0.954880779184966,0.661276103465247,0.293604675719718
3.05484230102986,-0.959467701378069,0.644688236281535,0.314779465096558
3.05491480128959,-0.963556882138821,0.627765935023484,0.335790947115343
3.05498730154932,-0.967146213955321,0.610517974142076,0.35662823981325
3.05505980180906,-0.97023382196016,0.59295330821039,0.377280513749783
3.05514796914632,-0.973310238882282,0.571179638636137,0.40213060024615
3.05523613648358,-0.975639966279268,0.548967716907166,0.426672249372138
3.05532430382085,-0.977221226981054,0.52633461712133,0.450886609859731
3.05541247115811,-0.97805279498808,0.503297715263896,0.474755079724199
3.05550063849538,-0.978134043513988,0.479874693351882,0.498259350162113
3.05558880583264,-0.977464898698221,0.456083522058268,0.521381376639948
3.0556769731699,-0.976045884802092,0.431942456686852,0.544103428115288
3.05576514050717,-0.973878079656181,0.407470016431805,0.566408063224418
3.05585330784443,-0.970963156747392,0.38268497800246,0.588278178744938
3.05596171207691,-0.966358519838838,0.351811259025696,0.614547260813133
3.0560701163094,-0.960633175958794,0.320529368461021,0.640103807497781
3.05617852054188,-0.953793774877015,0.288875685116344,0.664918089760666
3.05628692477436,-0.945848259482516,0.256886941353445,0.688961318129096
3.05639532900685,-0.93680583974216,0.224600260449983,0.712205579292223
3.05650373323933,-0.926677007788141,0.192053081203108,0.734623926585038
3.05661213747181,-0.915473503972615,0.159283163286919,0.756190340685688
3.05672054170429,-0.903208325840845,0.12632850213579,0.776879823705066
3.05682894593678,-0.889895691408076,0.0932273277314781,0.796668363676615
3.05693735016926,-0.875551044025412,0.0600180192542375,0.815533024771168
3.05704575440174,-0.860191013617116,0.0267391010713328,0.833451912545806
3.05715415863422,-0.843833417818525,-0.00657084141747625,0.850404259236012
3.05726256286671,-0.826497221316487,-0.0398731678225393,0.866370389139032
3.05733017601869,-0.815197371730561,-0.0606240788186968,0.87582145054927
3.05739778917068,-0.803529811798839,-0.0813474673267321,0.884877279125555
3.05746540232266,-0.791499759324622,-0.102034075564675,0.893533834889289
3.05753301547465,-0.779112633670089,-0.122674572023483,0.901787205693567
3.05762517473499,-0.761663849450106,-0.150716801492186,0.9123806509423
3.05771733399533,-0.743576576416721,-0.178632778391191,0.922209354807936
3.05777753389833,-0.731423881621447,-0.196789042468507,0.928212924089955
3.05783773380133,-0.719009636263564,-0.214874826621203,0.933884462884752
3.05789793370434,-0.706338248949212,-0.232883718829327,0.939221967778541
3.05795813360734,-0.693414253036602,-0.250809264523855,0.944223517560472
3.05803063386724,-0.677520913536912,-0.272277598473212,0.949798512010154
3.05810313412714,-0.661276095915718,-0.293604685776138,0.954880781691902
3.05817563438705,-0.644688228581768,-0.314779475151254,0.959467703732985
3.05824813464695,-0.62776592717472,-0.335790957163948,0.963556884338633
3.05832063490686,-0.610517966145691,-0.356628249851362,0.967146215997061
3.05839313516676,-0.592953300067934,-0.377280523772924,0.970233823840835
3.05848130247868,-0.571179636692779,-0.402130603087044,0.973310239779782
3.0585694697906,-0.54896772141479,-0.426672245208155,0.975639966622971
3.05865763710252,-0.526334628316949,-0.450886598884614,0.977221227201557
3.05874580441444,-0.503297733369425,-0.474755062147525,0.978052795516954
3.05883397172636,-0.479874718573711,-0.498259326209154,0.978134044782861
3.05892213903827,-0.45608355458709,-0.521381346551136,0.977464901138205
3.05901030635019,-0.431942496697178,-0.544103392146031,0.976045888843192
3.05909847366211,-0.40747006408176,-0.566408021644651,0.973878085726413
3.05918664097403,-0.38268503343355,-0.588278131838762,0.970963165272305
3.05929504520644,-0.35181131527952,-0.614547215199458,0.966358530478976
3.05940344943884,-0.320529425470216,-0.640103763234244,0.960633188704488
3.05951185367125,-0.288875742812829,-0.664918046903262,0.953793789716072
3.05962025790366,-0.256886999668065,-0.688961276732328,0.945848276400345
3.05972866213606,-0.224600319313052,-0.712205539408781,0.936805858721784
3.05983706636847,-0.192053140544155,-0.734623888266021,0.926677028810149
3.05994547060088,-0.159283223034906,-0.756190303980312,0.915473527015181
3.06005387483328,-0.126328562219091,-0.776879788660816,0.903208350879882
3.06016227906569,-0.093227388078156,-0.796668330338913,0.889895718417069
3.0602706832981,-0.0600180797918506,-0.815532993183699,0.875551072975551
3.0603790875305,-0.0267391617272539,-0.833451882750056,0.860191044477302
3.06048749176291,0.00657078071609129,-0.850404231271539,0.843833450555424
3.06059589599532,0.039873107148614,-0.866370363043284,0.826497255894651
3.06066350920623,0.0606240362856667,-0.875821433707837,0.815197397422173
3.06073112241713,0.0813474429070489,-0.884877270858727,0.803529827951622
3.06079873562804,0.102034069206358,-0.893533834506343,0.791499765299969
3.06086634883895,0.122674583650242,-0.901787212493476,0.779112628843227
3.06095850808586,0.150716809001166,-0.912380655997942,0.761663846996761
3.06105066733276,0.178632781814425,-0.922209358340535,0.743576576526062
3.06111086723138,0.196789044568251,-0.928212927175127,0.731423882606843
3.06117106713,0.214874827407685,-0.933884465570884,0.719009638163163
3.06123126702862,0.232883718314284,-0.939221970114342,0.706338251800052
3.06129146692724,0.250809262720321,-0.94422351959509,0.69341425687476
3.06136396718955,0.272277597405338,-0.949798514312689,0.677520916907286
3.06143646745186,0.293604685436213,-0.954880784230048,0.661276098793811
3.06150896771417,0.314779475530514,-0.959467706474203,0.64468823094367
3.06158146797649,0.33579095825251,-0.96355688725003,0.627765928997489
3.0616539682388,0.35662825163818,-0.96714621904552,0.6105179674073
3.06172646850111,0.377280526245905,-0.970233826993119,0.59295330074719
3.06181463579235,0.402130599763597,-0.973310242289427,0.571179642525795
3.06190280308358,0.426672236237076,-0.975639968840674,0.548967732603554
3.06199097037482,0.450886584427918,-0.977221229479116,0.526334645051194
3.06207913766606,0.474755042380171,-0.97805279820668,0.503297755826486
3.0621673049573,0.498259301318841,-0.978134048237051,0.479874746918183
3.06225547224854,0.521381316737924,-0.977464905708535,0.456083588970596
3.06234363953977,0.544103357622102,-0.976045894880344,0.431942537258205
3.06243180683101,0.566407982633931,-0.973878093579353,0.407470110945421
3.06251997412225,0.588278088576658,-0.970963175287895,0.382685086711214
3.06262837835459,0.614547173110958,-0.966358542416583,0.351811369305595
3.06273678258692,0.64010372237184,-0.960633202555364,0.320529480183468
3.06284518681925,0.664918007317935,-0.953793805469231,0.28887579815128
3.06295359105159,0.688961238473491,-0.945848294042627,0.256887055569134
3.06306199528392,0.712205502524461,-0.936805878237784,0.224600375713281
3.06317039951626,0.734623852802672,-0.926677050182251,0.19205319737957
3.06327880374859,0.75619026998271,-0.915473550223684,0.159283280240966
3.06338720798093,0.77687975617206,-0.903208375902865,0.12632861973078
3.06349561221326,0.796668299400494,-0.889895745230512,0.0932274458299865
3.0636040164456,0.815532963835219,-0.875551101553351,0.0600181377180774
3.06371242067793,0.833451855029379,-0.860191074791257,0.0267392197618802
3.06382082491027,0.8504042052146,-0.843833482575372,-0.00657072263925537
3.0639292291426,0.866370338684194,-0.826497289588283,-0.039873049095905
3.06399684241163,0.875821418383869,-0.815197422264252,-0.0606239961196246
3.06406445568065,0.884877263898477,-0.803529843300147,-0.0813474205983488
3.06413206894967,0.893533835227724,-0.791499770526161,-0.102034064701585
3.06419968221869,0.901787220204169,-0.779112623332292,-0.122674596871869
3.06429184148092,0.912380665023416,-0.761663838206236,-0.150716826817194
3.06438400074315,0.922209368420752,-0.743576564253675,-0.178632804167087
3.06444420061334,0.928212934075108,-0.731423875797622,-0.196789058277478
3.06450440048353,0.933884469602323,-0.719009637067671,-0.214874832534693
3.06456460035372,0.939221971592161,-0.706338256662737,-0.232883714929419
3.06462480022391,0.944223518836774,-0.693414267933627,-0.250809250903132
3.06469730048843,0.949798513965011,-0.677520927656877,-0.272277586308159
3.06476980075295,0.954880784264361,-0.661276109208633,-0.293604675055768
3.06484230101747,0.959467706861497,-0.644688240999027,-0.314779465862472
3.06491480128198,0.963556887960896,-0.62776593866946,-0.335790949291418
3.0649873015465,0.967146220050284,-0.610517976672689,-0.356628243377619
3.06505980181102,0.970233828261852,-0.592953309583387,-0.37728051867847
3.06514796910694,0.97331024389974,-0.571179650312968,-0.402130593586775
3.06523613640286,0.975639970713674,-0.54896773929152,-0.426672231422157
3.06532430369878,0.977221231535612,-0.526334650592481,-0.450886580943156
3.0654124709947,0.978052800367223,-0.503297760176407,-0.474755040190809
3.06550063829062,0.978134050421943,-0.479874750034815,-0.498259300387151
3.06558880558653,0.977464907838152,-0.456083590814828,-0.521381317023332
3.06567697288245,0.976045896875077,-0.431942537793854,-0.544103359081232
3.06576514017837,0.973878095359833,-0.407470110139211,-0.566407985220652
3.06585330747429,0.970963176775176,-0.382685084533033,-0.588278092242143
3.06596171170663,0.966358543709746,-0.351811367052436,-0.6145471766573
3.06607011593897,0.9606332036553,-0.320529477861532,-0.640103725793792
3.06617852017131,0.953793806377149,-0.288875795766829,-0.664918010610353
3.06628692440365,0.945848294759934,-0.256887053128503,-0.688961241631427
3.06639532863599,0.936805878765983,-0.224600373222904,-0.712205505543078
3.06650373286833,0.926677050523269,-0.192053194845971,-0.734623855677333
3.06661213710067,0.915473550379531,-0.15928327767063,-0.756190272708913
3.06672054133301,0.903208375875754,-0.126328617130251,-0.77687975874549
3.06682894556535,0.889895745022934,-0.0932274432059222,-0.796668301817019
3.06693734979769,0.875551101167992,-0.0600181350771338,-0.815532966090875
3.06704575403003,0.86019107423108,-0.0267392171106952,-0.833451857120372
3.06715415826237,0.843833481843403,0.00657072529396896,-0.850404207137378
3.0672625624947,0.826497288687845,0.0398730517474476,-0.86637034043531
3.06733017576291,0.815197421399893,0.0606239985140755,-0.875821419913942
3.06739778903112,0.803529842482149,0.0813474227338256,-0.884877265215978
3.06746540229932,0.791499769764695,0.102034066576602,-0.893533836341285
3.06753301556753,0.779112622637302,0.122674598485293,-0.901787221122599
3.06762517485856,0.761663831847264,0.150716837159242,-0.912380669006538
3.0677173341496,0.74357655183858,0.178632823147727,-0.922209374986302
3.06777753399568,0.73142386798199,0.196789069918592,-0.928212937900604
3.06783773384176,0.719009634064723,0.21487483688732,-0.93388447095202
3.06789793368784,0.706338258680255,0.232883712052473,-0.939221970732706
3.06795813353392,0.693414275174152,0.250809240863183,-0.944223516037321
3.06803063379826,0.677520935051991,0.27227757625834,-0.949798511310312
3.06810313406259,0.661276116757376,0.293604665000447,-0.954880781757818
3.06817563432693,0.644688248700356,0.314779455806012,-0.959467704506364
3.06824813459127,0.627765946522135,0.335790939238262,-0.963556885760398
3.06832063485561,0.610517984675356,0.356628233332261,-0.96714621800763
3.06839313511994,0.592953317734711,0.377280508645386,-0.9702338263801
3.06848130244117,0.571179652273408,0.402130590727095,-0.973310243000452
3.06856946976241,0.548967734809504,0.426672235558731,-0.975639970368241
3.06865763708364,0.526334639431198,0.450886591882562,-0.977221231313777
3.06874580440487,0.503297742114234,0.474755057723744,-0.978052799837964
3.0688339717261,0.479874724865605,0.498259324288651,-0.978134049154214
3.06892213904733,0.456083558348175,0.521381347053248,-0.977464905401388
3.06901030636857,0.431942497855411,0.544103394984495,-0.976045892839917
3.0690984736898,0.407470062571097,0.566408026727669,-0.97387808929874
3.06918664101103,0.382685029193865,0.588278139069204,-0.970963168263053
3.06929504524345,0.351811310891597,0.614547222194204,-0.966358533085738
3.06940344947586,0.320529420946291,0.640103769982942,-0.960633190929161
3.06951185370828,0.288875738165306,0.664918053395705,-0.953793791560996
3.06962025794069,0.256886994909597,0.688961282958691,-0.94584827786825
3.06972866217311,0.224600314456271,0.712205545359579,-0.936805859815784
3.06983706640553,0.192053135601888,0.734623893932051,-0.926677029533872
3.06994547063794,0.159283218020069,0.756190309352675,-0.915473527372748
3.07005387487036,0.126328557144731,0.776879793730923,-0.903208350875653
3.07016227910277,0.0932273829573182,0.796668335098693,-0.88989571805595
3.07027068333519,0.0600180746376514,0.815532997625259,-0.875551072262905
3.07037908756761,0.0267391565528951,0.833451886865926,-0.860191043418833
3.07048749180002,-0.00657078589735502,0.850404235054644,-0.843833449157278
3.07059589603244,-0.0398731123235891,0.866370366486915,-0.826497254163303
3.07066350924182,-0.0606240409796841,0.875821436726655,-0.815197395746951
3.0707311224512,-0.081347447116394,0.884877273468319,-0.8035298263519
3.07079873566058,-0.102034072928014,0.893533836722792,-0.791499763794763
3.07086634886996,-0.122674586881768,0.901787214333142,-0.779112627451353
3.07095850817446,-0.150716829681576,0.91238066396373,-0.761663834282126
3.07105066747897,-0.178632819763773,0.922209371468505,-0.743576551704701
3.07111086732938,-0.196789067844035,0.928212934825007,-0.731423866980953
3.07117106717979,-0.214874836111945,0.933884468270837,-0.719009632158864
3.07123126703021,-0.232883712564711,0.939221968397703,-0.706338255832943
3.07129146688062,-0.250809242650036,0.944223513999758,-0.693414271349691
3.07136396714256,-0.272277577312644,0.949798509006004,-0.67752093169331
3.0714364674045,-0.293604665329883,0.954880779218856,-0.661276113888939
3.07150896766644,-0.314779455419305,0.959467701765233,-0.64468824634594
3.07158146792838,-0.335790938145308,0.96355688284988,-0.62776594470456
3.07165396819032,-0.356628231543977,0.967146214960603,-0.610517983416581
3.07172646845226,-0.377280506173808,0.970233823229758,-0.592953317055927
3.07181463579415,-0.402130594043602,0.973310240491812,-0.571179646448207
3.07190280313603,-0.426672244514773,0.975639968151078,-0.548967723636267
3.07199097047791,-0.450886606316251,0.977221229036834,-0.526334622720582
3.07207913781979,-0.474755077460422,0.978052797149477,-0.503297719689045
3.07216730516168,-0.498259349140908,0.978134045702376,-0.479874696561464
3.07225547250356,-0.521381376821313,0.977464900835011,-0.456083524013694
3.07234363984544,-0.544103429456532,0.9760458868088,-0.431942457352266
3.07243180718733,-0.566408065680038,0.973878081454455,-0.407470015774396
3.07251997452921,-0.58827818226682,0.970963158259228,-0.382684975992414
3.07262837876169,-0.614547264218778,0.966358521162932,-0.351811256944159
3.07273678299417,-0.640103810782075,0.9606331770962,-0.320529366314055
3.07284518722666,-0.664918092918711,0.953793775828861,-0.288875682910136
3.07295359145914,-0.688961321156166,0.945848260250285,-0.256886939094095
3.07306199569162,-0.712205582183652,0.936805840327439,-0.224600258143766
3.07317039992411,-0.734623929336453,0.926677008192779,-0.192053078856329
3.07327880415659,-0.756190343292773,0.915473504198673,-0.159283160905905
3.07338720838907,-0.77687982616374,0.903208325890635,-0.126328499726866
3.07349561262156,-0.796668365982881,0.889895691284047,-0.0932273253011243
3.07360401685404,-0.815533026921389,0.87555104373019,-0.0600180168088275
3.07371242108652,-0.833451914536298,0.860191013153641,-0.0267390986173144
3.073820825319,-0.850404261063407,0.843833417189787,0.00657084387362436
3.07392922955149,-0.866370390800157,0.826497220525764,0.0398731702744044
3.07399684270284,-0.875821452018529,0.815197370948011,0.0606240810705574
3.0740644558542,-0.88487728040929,0.80352981103264,0.0813474693766654
3.07413206900555,-0.893533835993906,0.791499758582929,0.102034077411002
3.0741996821569,-0.901787206625764,0.779112632960888,0.122674573664882
3.07429184144607,-0.912380654939513,0.761663843074434,0.150716811865121
3.07438400073523,-0.922209361387803,0.743576563982238,0.178632797405558
3.07444420061408,-0.928212927925113,0.731423873794471,0.196789054130682
3.07450440049293,-0.933884464239938,0.719009633257602,0.214874830982333
3.07456460037177,-0.93922196692086,0.706338250972492,0.232883715948378
3.07462480025062,-0.944223514759463,0.693414260292001,0.250809254467478
3.07469730051033,-0.949798509353547,0.677520920949465,0.272277588404084
3.07476980077005,-0.954880779183203,0.661276103484549,0.293604675698657
3.07484230102976,-0.959467701375681,0.64468823630584,0.314779465069872
3.07491480128947,-0.963556882136031,0.627765935052919,0.335790947083134
3.07498730154918,-0.967146213952439,0.610517974176874,0.356628239775591
3.0750598018089,-0.970233821957523,0.592953308250688,0.377280513706838
3.07514796914612,-0.973310238879834,0.571179638686223,0.402130600193623
3.07523613648335,-0.975639966277725,0.548967716967447,0.426672249310317
3.07532430382058,-0.977221226980898,0.526334617192006,0.450886609788943
3.07541247115781,-0.978052794990075,0.503297715345267,0.474755079644788
3.07550063849504,-0.978134043518668,0.479874693444208,0.49825935007446
3.07558880583226,-0.977464898706271,0.456083522161829,0.521381376544422
3.07567697316949,-0.976045884814086,0.431942456801798,0.544103428012288
3.07576514050672,-0.973878079672691,0.407470016558316,0.566408063114397
3.07585330784395,-0.970963156769036,0.382684978140731,0.588278178628309
3.07596171207643,-0.966358519865612,0.351811259166584,0.614547260699039
3.07607011630891,-0.960633175990734,0.320529368604381,0.640103807386379
3.07617852054139,-0.953793774914157,0.288875685262114,0.664918089652058
3.07628692477387,-0.94584825952488,0.256886941501412,0.688961318023463
3.07639532900635,-0.936805839789733,0.224600260599991,0.712205579189754
3.07650373323883,-0.926677007840972,0.192053081355048,0.734623926485907
3.07661213747131,-0.915473504030639,0.159283163440596,0.756190340590023
3.07672054170379,-0.903208325904082,0.126328502291014,0.776879823613081
3.07682894593627,-0.889895691476523,0.0932273278881311,0.796668363588367
3.07693735016875,-0.875551044099014,0.0600180194121123,0.815533024686902
3.07704575440123,-0.860191013695854,0.0267391012302369,0.833451912465606
3.07715415863371,-0.843833417902339,-0.00657084125767958,0.850404259160035
3.07726256286619,-0.826497221405385,-0.039873167662057,0.866370389067452
3.07733017601834,-0.815197371793898,-0.060624078709671,0.875821450503549
3.07739778917049,-0.80352981183477,-0.0813474672690487,0.884877279103827
3.07746540232265,-0.791499759331409,-0.102034075558136,0.893533834889523
3.0775330154748,-0.779112633645931,-0.1226745720679,0.901787205713809
3.07762517473518,-0.76166384941642,-0.150716801549811,0.912380650966221
3.07771733399557,-0.743576576372853,-0.178632778461864,0.922209354834739
3.07777753389848,-0.731423881594348,-0.196789042512721,0.928212924107063
3.0778377338014,-0.719009636253939,-0.214874826639148,0.933884462893076
3.07789793370431,-0.706338248957768,-0.232883718821252,0.93922196777901
3.07795813360723,-0.693414253064147,-0.250809264489942,0.94422351755406
3.07803063386713,-0.677520913566185,-0.272277598437935,0.949798512004109
3.07810313412702,-0.661276095946747,-0.293604685739531,0.954880781686279
3.07817563438692,-0.644688228614554,-0.31477947511339,0.959467703727932
3.07824813464682,-0.627765927209318,-0.335790957124858,0.963556884334175
3.07832063490672,-0.610517966182163,-0.356628249811075,0.967146215993224
3.07839313516662,-0.592953300106329,-0.37728052373147,0.970233823837794
3.07848130247852,-0.571179636737117,-0.402130603040184,0.973310239777285
3.07856946979041,-0.548967721465282,-0.426672245156077,0.975639966621374
3.07865763710231,-0.526334628373733,-0.450886598827499,0.977221227201201
3.07874580441421,-0.503297733432617,-0.474755062085638,0.97805279551825
3.07883397172611,-0.479874718643522,-0.498259326142667,0.97813404478615
3.07892213903801,-0.456083554663584,-0.521381346480301,0.977464901143872
3.0790103063499,-0.431942496780442,-0.544103392071104,0.976045888851544
3.0790984736618,-0.40747006417195,-0.566408021565859,0.973878085737819
3.0791866409737,-0.382685033530722,-0.588278131756399,0.970963165287086
3.0792950452061,-0.351811315378575,-0.614547215118743,0.966358530497278
3.07940344943851,-0.320529425571068,-0.640103763155283,0.960633188726296
3.07951185367091,-0.288875742915387,-0.664918046826165,0.953793789741538
3.07962025790332,-0.256886999772253,-0.688961276657171,0.945848276429398
3.07972866213572,-0.224600319418741,-0.712205539335744,0.936805858754446
3.07983706636813,-0.192053140651299,-0.734623888195171,0.926677028846471
3.07994547060053,-0.15928322314332,-0.756190303911834,0.915473527055113
3.08005387483294,-0.126328562328716,-0.776879788594738,0.903208350923425
3.08016227906534,-0.0932273881888604,-0.796668330275391,0.889895718464222
3.08027068329774,-0.0600180799035069,-0.815532993122814,0.875551073026297
3.08037908753015,-0.026739161839733,-0.833451882691945,0.860191044531668
3.08048749176255,0.00657078060285487,-0.850404231216275,0.843833450613397
3.08059589599496,0.0398731070348349,-0.866370362991003,0.826497255956179
3.08066350920598,0.0606240362070037,-0.875821433673262,0.815197397466261
3.080731122417,0.081347442863428,-0.88487727084051,0.80352982797708
3.08079873562803,0.102034069197719,-0.893533834503212,0.791499765305459
3.08086634883905,0.122674583676385,-0.90178721250403,0.779112628827627
3.08095850808599,0.150716809038457,-0.912380656011796,0.76166384697333
3.08105066733293,0.178632781862792,-0.92220935835706,0.743576576494242
3.08111086723149,0.196789044597429,-0.928212927184641,0.731423882587184
3.08117106713005,0.214874827417848,-0.933884465574001,0.719009638156132
3.0812312670286,0.232883718305603,-0.939221970111832,0.706338251806209
3.08129146692716,0.250809262692973,-0.944223519587629,0.693414256894634
3.08136396718947,0.272277597377354,-0.949798514305547,0.677520916928161
3.08143646745178,0.29360468540765,-0.954880784223331,0.66127609881568
3.08150896771409,0.314779475501375,-0.959467706467919,0.644688230966522
3.08158146797639,0.335790958222797,-0.963556887244213,0.627765929021387
3.0816539682387,0.356628251607968,-0.967146219040188,0.610517967432235
3.08172646850101,0.377280526215213,-0.970233826988329,0.592953300773121
3.08181463579228,0.402130599740638,-0.973310242286301,0.571179642545626
3.08190280308354,0.426672236221693,-0.975639968838712,0.548967732616961
3.08199097037481,0.450886584419903,-0.977221229477858,0.526334645057939
3.08207913766607,0.474755042379357,-0.978052798205702,0.503297755826296
3.08216730495734,0.498259301324991,-0.978134048235883,0.479874746910858
3.0822554722486,0.521381316750767,-0.977464905706744,0.456083588955961
3.08234363953986,0.544103357641447,-0.976045894877481,0.431942537236016
3.08243180683113,0.566407982659472,-0.973878093574943,0.407470110915448
3.08251997412239,0.588278088608126,-0.970963175281548,0.382685086673354
3.08262837835473,0.614547173141363,-0.966358542408745,0.351811369267342
3.08273678258706,0.640103722401098,-0.960633202546048,0.320529480144944
3.0828451868194,0.664918007345959,-0.953793805458582,0.288875798112583
3.08295359105173,0.688961238500322,-0.945848294030597,0.256887055530273
3.08306199528406,0.712205502550085,-0.936805878224443,0.224600375674331
3.0831703995164,0.734623852827032,-0.926677050167633,0.192053197340571
3.08327880374873,0.756190270005791,-0.915473550207759,0.159283280201951
3.08338720798106,0.776879756193857,-0.903208375885691,0.126328619691828
3.0834956122134,0.796668299420957,-0.889895745212156,0.0932274457911794
3.08360401644573,0.81553296385438,-0.875551101533848,0.0600181376794186
3.08371242067807,0.833451855047224,-0.860191074770655,0.0267392197234113
3.0838208249104,0.850404205231109,-0.843833482553674,-0.0065707226774477
3.08392922914273,0.86637033869933,-0.826497289565581,-0.0398730491337582
3.08399684241173,0.87582141839398,-0.81519742224608,-0.0606239961479253
3.08406445568072,0.884877263903946,-0.803529843286891,-0.0813474206170892
3.08413206894971,0.89353383522892,-0.791499770518165,-0.102034064710786
3.0841996822187,0.901787220201426,-0.779112623329842,-0.122674596871603
3.08429184148097,0.912380665024993,-0.761663838196088,-0.150716826828954
3.08438400074323,0.92220936842603,-0.743576564235283,-0.178632804190784
3.08444420061339,0.928212934076841,-0.731423875785292,-0.196789058291581
3.08450440048355,0.933884469600914,-0.71900963706168,-0.214874832539265
3.08456460035371,0.939221971587882,-0.706338256663295,-0.232883714924616
3.08462480022387,0.944223518830029,-0.693414267941094,-0.250809250888964
3.08469730048837,0.949798513957332,-0.67752092766821,-0.272277586289131
3.08476980075287,0.954880784255948,-0.661276109223988,-0.293604675031988
3.08484230101738,0.959467706852548,-0.644688241018563,-0.314779465834017
3.08491480128188,0.963556887951697,-0.627765938693309,-0.335790949258391
3.08498730154638,0.967146220041066,-0.610517976700911,-0.356628243340165
3.08505980181088,0.970233828252813,-0.592953309616221,-0.37728051863664
3.08514796910679,0.973310243891383,-0.571179650350262,-0.40213059354117
3.08523613640269,0.975639970706313,-0.548967739333439,-0.4266722313729
3.08532430369859,0.97722123152947,-0.526334650639097,-0.450886580890383
3.0854124709945,0.978052800362518,-0.503297760227805,-0.474755040134732
3.0855006382904,0.978134050419002,-0.479874750091127,-0.498259300327897
3.08558880558631,0.977464907837247,-0.456083590876117,-0.521381316961105
3.08567697288221,0.976045896876379,-0.431942537860238,-0.544103359016163
3.08576514017811,0.973878095363675,-0.407470110210742,-0.566407985152958
3.08585330747402,0.97096317678176,-0.382685084609736,-0.588278092172039
3.08596171170636,0.966358543718982,-0.351811367129124,-0.614547176589859
3.0860701159387,0.96063320366714,-0.320529477938133,-0.640103725729037
3.08617852017105,0.953793806391523,-0.288875795843277,-0.664918010548233
3.08628692440339,0.945848294776663,-0.256887053204664,-0.688961241572036
3.08639532863573,0.936805878785065,-0.224600373298662,-0.71220550548643
3.08650373286808,0.926677050544537,-0.192053194921208,-0.734623855623359
3.08661213710042,0.91547355040291,-0.159283277745246,-0.756190272657642
3.08672054133276,0.903208375901159,-0.126328617204178,-0.776879758696976
3.0868289455651,0.889895745050261,-0.0932274432790606,-0.796668301771185
3.08693734979745,0.875551101197093,-0.060018135149368,-0.815532966047749
3.08704575402979,0.860191074261885,-0.0267392171819407,-0.833451857079944
3.08715415826213,0.843833481875786,0.00657072522381148,-0.8504042070996
3.08726256249448,0.826497288721717,0.0398730516784539,-0.866370340400168
3.08733017576274,0.815197421424462,0.0606239984641981,-0.875821419888654
3.08739778903101,0.803529842496718,0.0813474227030572,-0.884877265199811
3.08746540229928,0.7914997697686,0.102034066564898,-0.893533836333483
3.08753301556755,0.779112622629876,0.122674598492582,-0.901787221122457
3.08762517485858,0.761663831840571,0.150716837165167,-0.912380669005716
3.08771733414961,0.743576551832622,0.178632823152309,-0.922209374984969
3.08777753399569,0.731423867976866,0.196789069921879,-0.928212937898763
3.08783773384176,0.719009634060458,0.214874836889324,-0.933884470949766
3.08789793368784,0.70633825867694,0.23288371205316,-0.939221970730097
3.08795813353391,0.693414275171758,0.250809240862585,-0.944223516034329
3.08803063379826,0.677520935048245,0.27227757625963,-0.949798511307854
3.0881031340626,0.661276116752202,0.293604665003572,-0.954880781755777
3.08817563432694,0.644688248693698,0.314779455810952,-0.959467704504648
3.08824813459129,0.627765946513954,0.335790939244977,-0.963556885758947
3.08832063485563,0.610517984665569,0.356628233340738,-0.96714621800629
3.08839313511997,0.592953317723266,0.377280508655591,-0.970233826378851
3.0884813024412,0.571179652262828,0.402130590736002,-0.973310242998839
3.08856946976243,0.54896773479988,0.426672235566367,-0.97563997036625
3.08865763708366,0.526334639422573,0.450886591888976,-0.977221231311529
3.08874580440489,0.503297742106602,0.474755057728944,-0.978052799835556
3.08883397172611,0.479874724859019,0.498259324292709,-0.978134049151676
3.08892213904734,0.456083558342664,0.521381347056165,-0.977464905398805
3.08901030636857,0.431942497851001,0.544103394986351,-0.976045892837324
3.0890984736898,0.407470062567787,0.566408026728463,-0.973878089296253
3.08918664101102,0.382685029191697,0.588278139069014,-0.970963168260704
3.08929504524344,0.351811310889655,0.614547222193864,-0.966358533083501
3.08940344947586,0.320529420944615,0.640103769982432,-0.960633190927023
3.08951185370827,0.288875738163878,0.664918053395099,-0.953793791558965
3.08962025794069,0.256886994908454,0.688961282957908,-0.945848277866375
3.0897286621731,0.224600314455406,0.712205545358687,-0.93680585981403
3.08983706640552,0.192053135601302,0.734623893931061,-0.926677029532373
3.08994547063793,0.159283218019749,0.756190309351613,-0.915473527371352
3.09005387487035,0.126328557144665,0.776879793729866,-0.903208350874483
3.09016227910276,0.0932273829575465,0.796668335097491,-0.889895718055016
3.09027068333518,0.0600180746381934,0.815532997624013,-0.875551072262207
3.09037908756759,0.0267391565536935,0.833451886864726,-0.860191043418378
3.09048749180001,-0.00657078589630389,0.850404235053414,-0.843833449157093
3.09059589603242,-0.0398731123223024,0.866370366485694,-0.826497254163392
3.09066350924179,-0.060624040975529,0.875821436724237,-0.815197395748699
3.09073112245116,-0.0813474471094335,0.884877273464841,-0.803529826355412
3.09079873566054,-0.102034072918198,0.893533836718384,-0.791499763800167
3.09086634886991,-0.122674586869158,0.901787214327888,-0.779112627458704
3.09095850817436,-0.150716829655249,0.912380663953869,-0.761663834298626
3.09105066747882,-0.178632819723844,0.922209371454845,-0.743576551730963
3.09111086732929,-0.196789067819635,0.92821293481706,-0.731423866997432
3.09117106717975,-0.214874836102924,0.933884468268046,-0.719009632165075
3.09123126703022,-0.232883712570957,0.939221968399513,-0.706338255828529
3.09129146688068,-0.250809242671417,0.944223514005574,-0.693414271334136
3.09136396714262,-0.272277577334107,0.949798509011489,-0.67752093167734
3.09143646740456,-0.293604665351361,0.954880779223983,-0.661276113872627
3.0915089676665,-0.314779455440823,0.959467701769991,-0.644688246329154
3.09158146792844,-0.335790938166834,0.963556882854203,-0.627765944687366
3.09165396819038,-0.356628231565475,0.967146214964559,-0.610517983399039
3.09172646845233,-0.377280506195315,0.970233823233284,-0.592953317037926
3.0918146357942,-0.402130594063008,0.973310240494603,-0.571179646431591
3.09190280313608,-0.426672244532123,0.975639968153246,-0.548967723621093
3.09199097047795,-0.450886606331656,0.977221229038496,-0.526334622706805
3.09207913781983,-0.474755077473865,0.978052797150768,-0.503297719676868
3.09216730516171,-0.498259349152423,0.978134045703377,-0.479874696550944
3.09225547250358,-0.521381376830979,0.977464900835848,-0.456083524004843
3.09234363984546,-0.544103429464394,0.976045886809585,-0.431942457345133
3.09243180718734,-0.566408065686162,0.973878081455266,-0.407470015769066
3.09251997452921,-0.588278182271263,0.970963158260217,-0.382684975988924
3.09262837876169,-0.614547264223275,0.966358521163847,-0.35181125694058
3.09273678299418,-0.640103810786657,0.960633177097019,-0.320529366310353
3.09284518722666,-0.664918092923267,0.953793775829654,-0.288875682906341
3.09295359145915,-0.688961321160746,0.945848260250992,-0.256886939090197
3.09306199569163,-0.712205582188332,0.936805840328038,-0.224600258139703
3.09317039992411,-0.734623929341139,0.92667700819333,-0.192053078852122
3.0932788041566,-0.756190343297515,0.915473504199057,-0.159283160901534
3.09338720838908,-0.776879826168491,0.90320832589093,-0.126328499722421
3.09349561262156,-0.796668365987658,0.88989569128421,-0.0932273252965255
3.09360401685405,-0.815533026926129,0.875551043730231,-0.0600180168040897
3.09371242108653,-0.833451914541055,0.860191013153498,-0.0267390986124201
3.09382082531901,-0.850404261068138,0.84383341718953,0.00657084387865112
3.0939292295515,-0.866370390804904,0.826497220525399,0.0398731702794995
3.09399684270285,-0.875821452023216,0.815197370947605,0.060624081075641
3.0940644558542,-0.884877280413931,0.803529811032197,0.0813474693817291
3.09413206900556,-0.893533835998502,0.791499758582483,0.102034077416067
3.09419968215691,-0.901787206630263,0.779112632960325,0.122674573669974
3.09429184144607,-0.912380654943559,0.761663843074557,0.150716811869029
3.09438400073523,-0.922209361391372,0.743576563983111,0.178632797408268
3.09444420061407,-0.928212927928269,0.731423873796319,0.196789054131957
3.09450440049292,-0.933884464242614,0.719009633260545,0.214874830982102
3.09456460037176,-0.939221966923201,0.706338250976493,0.232883715946705
3.0946248002506,-0.94422351476148,0.693414260297096,0.250809254464411
3.09469730051036,-0.949798509358838,0.67752092094512,0.272277588413747
3.09476980077011,-0.954880779191219,0.661276103470335,0.293604675720882
3.09484230102987,-0.959467701385794,0.644688236281366,0.314779465104456
3.09491480128962,-0.963556882147665,0.627765935017835,0.335790947129847
3.09498730154938,-0.967146213965024,0.610517974130773,0.356628239834283
3.09505980180914,-0.970233821970374,0.592953308193212,0.377280513777206
3.09514796914638,-0.973310238891283,0.571179638622721,0.402130600268567
3.09523613648363,-0.975639966287429,0.548967716897769,0.426672249389668
3.09532430382088,-0.97722122698854,0.526334617116053,0.450886609872499
3.09541247115812,-0.978052794995272,0.503297715262931,0.474755079732333
3.09550063849537,-0.978134043521127,0.479874693355372,0.498259350165755
3.09558880583262,-0.977464898705573,0.456083522066338,0.521381376639225
3.09567697316987,-0.976045884810048,0.431942456699636,0.544103428110393
3.09576514050711,-0.973878079664943,0.407470016449456,0.566408063215465
3.09585330784436,-0.97096315675721,0.382684978025095,0.588278178732131
3.09596171207684,-0.966358519849596,0.351811259049616,0.614547260799996
3.09607011630932,-0.960633175970558,0.320529368486179,0.640103807484383
3.0961785205418,-0.953793774889818,0.28887568514282,0.664918089747004
3.09628692477428,-0.945848259496477,0.256886941381159,0.688961318115305
3.09639532900675,-0.936805839757286,0.224600260478974,0.712205579278329
3.09650373323923,-0.926677007804495,0.19205308123336,0.734623926571138
3.09661213747171,-0.915473503990274,0.159283163318404,0.756190340671866
3.09672054170419,-0.90320832585992,0.126328502168477,0.776879823691391
3.09682894593667,-0.889895691428551,0.0932273277653822,0.796668363663171
3.09693735016915,-0.875551044047322,0.0600180192892835,0.81553302475804
3.09704575440163,-0.860191013640585,0.0267391011075057,0.833451912533055
3.09715415863411,-0.84383341784349,-0.00657084138021023,0.850404259223704
3.09726256286659,-0.826497221343122,-0.0398731677842051,0.866370389127314
3.09733017601862,-0.815197371750431,-0.0606240787937676,0.875821450544206
3.09739778917065,-0.803529811811462,-0.0813474673151743,0.884877279126652
3.09746540232268,-0.79149975932959,-0.102034075566421,0.893533834895982
3.09753301547471,-0.779112633666866,-0.122674572038517,0.901787205705348
3.09762517473509,-0.761663849437896,-0.150716801520699,0.912380650958598
3.09771733399548,-0.743576576394897,-0.17863277843302,0.922209354827916
3.09777753389842,-0.731423881609947,-0.196789042494012,0.928212924103982
3.09783773380137,-0.7190096362629,-0.214874826630468,0.933884462893355
3.09789793370432,-0.706338248959777,-0.232883718822519,0.9392219677823
3.09795813360727,-0.693414253058883,-0.250809264501124,0.944223517559976
3.09803063386719,-0.677520913555675,-0.272277598455728,0.949798512011379
3.09810313412711,-0.661276095930818,-0.293604685763853,0.954880781694695
3.09817563438703,-0.644688228592957,-0.314779475144108,0.95946770373708
3.09824813464695,-0.627765927181878,-0.335790957161877,0.963556884343782
3.09832063490687,-0.610517966148709,-0.356628249854245,0.967146216002983
3.09839313516679,-0.592953300066664,-0.377280523780692,0.97023382384732
3.09848130247872,-0.571179636688542,-0.402130603097786,0.973310239786314
3.09856946979065,-0.548967721407553,-0.426672245221783,0.975639966629347
3.09865763710258,-0.526334628306539,-0.450886598901048,0.977221227207596
3.09874580441451,-0.503297733355835,-0.474755062166665,0.978052795522465
3.09883397172644,-0.479874718556848,-0.498259326230863,0.978134044787705
3.09892213903837,-0.456083554566838,-0.521381346575326,0.977464901142128
3.0990103063503,-0.431942496673433,-0.544103392172611,0.976045888846054
3.09909847366223,-0.407470064054535,-0.566408021673441,0.973878085727977
3.09918664097416,-0.382685033402747,-0.588278131869669,0.970963165272423
3.09929504520657,-0.351811315248636,-0.614547215229123,0.966358530477762
3.09940344943898,-0.320529425439311,-0.640103763262647,0.960633188701969
3.09951185367138,-0.288875742781872,-0.664918046930437,0.9537937897123
3.09962025790379,-0.256886999637187,-0.6889612767582,0.945848276395396
3.09972866213619,-0.224600319282222,-0.712205539433424,0.936805858715641
3.0998370663686,-0.192053140513473,-0.734623888289387,0.92667702880284
3.099945470601,-0.159283223004436,-0.756190304002371,0.915473527006803
3.10005387483341,-0.126328562188874,-0.776879788681591,0.903208350870423
3.10016227906581,-0.0932273880481965,-0.796668330358412,0.889895718406609
3.10027068329822,-0.0600180797622138,-0.815532993201911,0.875551072964112
3.10037908753062,-0.0267391616979605,-0.833451882767018,0.860191044464966
3.10048749176303,0.00657078074491526,-0.85040423128718,0.843833450542234
3.10059589599543,0.0398731071770042,-0.866370363057628,0.826497255880624
3.10066350920633,0.0606240363088803,-0.875821433719233,0.815197397410352
3.10073112241722,0.0813474429250276,-0.884877270867299,0.803529827942246
3.10079873562811,0.102034069219121,-0.893533834512321,0.791499765293172
3.100866348839,0.122674583657789,-0.90178721249706,0.779112628839241
3.10095850808599,0.150716809033901,-0.912380656010345,0.761663846976412
3.10105066733298,0.178632781872111,-0.922209358360309,0.743576576488216
3.10111086723152,0.196789044603139,-0.928212927186517,0.731423882583393
3.10117106713006,0.214874827419918,-0.933884465574626,0.719009638154676
3.10123126702861,0.232883718304079,-0.939221970111302,0.706338251807205
3.10129146692715,0.250809262687896,-0.944223519586098,0.693414256898209
3.10136396718947,0.272277597374091,-0.949798514304523,0.677520916930391
3.10143646745178,0.293604685406169,-0.954880784222701,0.661276098816508
3.1015089677141,0.314779475501708,-0.959467706467589,0.644688230965876
3.10158146797641,0.335790958224892,-0.963556887244112,0.627765929019233
3.10165396823873,0.356628251611776,-0.967146219040293,0.610517967428499
3.10172646850104,0.377280526220689,-0.970233826988461,0.592953300767771
3.10181463579234,0.402130599755342,-0.973310242287168,0.571179642531779
3.10190280308364,0.426672236245367,-0.975639968839758,0.548967732594398
3.10199097037494,0.450886584452294,-0.977221229478543,0.526334645026235
3.10207913766624,0.474755042420196,-0.978052798205414,0.503297755785229
3.10216730495753,0.498259301373915,-0.978134048234087,0.479874746860165
3.10225547224883,0.521381316807501,-0.977464905702912,0.456083588895386
3.10234363954013,0.544103357705587,-0.976045894870956,0.431942537165335
3.10243180683143,0.566407982730707,-0.973878093565232,0.407470110834511
3.10251997412273,0.58827808868606,-0.970963175268008,0.382685086581923
3.10262837835506,0.61454717321767,-0.966358542391682,0.351811369174013
3.1027367825874,0.640103722475647,-0.960633202525471,0.320529480049764
3.10284518681973,0.664918007418722,-0.953793805434353,0.288875798015617
3.10295359105207,0.688961238571107,-0.945848294002796,0.256887055431663
3.10306199528441,0.712205502618782,-0.936805878192965,0.224600375574169
3.10317039951674,0.734623852893522,-0.926677050132523,0.192053197238984
3.10327880374908,0.756190270070007,-0.915473550169029,0.159283280099058
3.10338720798141,0.776879756255615,-0.903208375843357,0.126328619587732
3.10349561221375,0.796668299480194,-0.889895745166141,0.0932274456859605
3.10360401644609,0.815532963910918,-0.875551101484198,0.0600181375732577
3.10371242067842,0.833451855100995,-0.860191074717399,0.0267392196164182
3.10382082491076,0.850404205282021,-0.843833482496847,-0.00657072278518408
3.1039292291431,0.866370338747247,-0.826497289505185,-0.0398730492420951
3.10399684241198,0.875821418425192,-0.815197422201871,-0.0606239962233493
3.10406445568087,0.884877263919642,-0.803529843260049,-0.0813474206596382
3.10413206894975,0.893533835230352,-0.791499770509846,-0.102034064720541
3.10419968221864,0.901787220189897,-0.779112623341214,-0.122674596848702
3.10429184148091,0.912380665015468,-0.761663838205438,-0.15071682681003
3.10438400074319,0.922209368418258,-0.743576564242471,-0.178632804175792
3.10444420061337,0.928212934071066,-0.731423875788907,-0.196789058282175
3.10450440048355,0.933884469596956,-0.719009637061595,-0.214874832535386
3.10456460035372,0.939221971585523,-0.706338256659378,-0.232883714926177
3.1046248002239,0.944223518829048,-0.693414267933125,-0.250809250895962
3.10469730048842,0.949798513957228,-0.677520927656905,-0.272277586300321
3.10476980075293,0.954880784256456,-0.661276109209207,-0.293604675047291
3.10484230101745,0.959467706853551,-0.644688241000174,-0.314779465853394
3.10491480128197,0.963556887952953,-0.627765938671209,-0.335790949281748
3.10498730154648,0.967146220042348,-0.610517976674993,-0.356628243367378
3.105059801811,0.97023382825399,-0.592953309586357,-0.377280518667633
3.10514796910695,0.973310243892916,-0.571179650308649,-0.402130593584269
3.1052361364029,0.975639970707439,-0.548967739279706,-0.426672231427802
3.10532430369885,0.977221231529472,-0.526334650572768,-0.450886580956704
3.10541247099479,0.978052800360615,-0.503297760148538,-0.474755040212058
3.10550063829074,0.978134050414425,-0.479874749998644,-0.4982593004158
3.10558880558669,0.977464907829176,-0.456083590770078,-0.521381317059123
3.10567697288264,0.976045896864144,-0.431942537740292,-0.54410335912388
3.10576514017859,0.973878095346494,-0.407470110076713,-0.566407985269792
3.10585330747454,0.970963176758839,-0.382685084461378,-0.588278092297471
3.10596171170688,0.966358543690796,-0.351811366979373,-0.614547176711427
3.10607011593922,0.960633203633759,-0.32052947778722,-0.640103725846534
3.10617852017156,0.953793806352947,-0.288875795691361,-0.664918010661601
3.1062869244039,0.945848294733061,-0.256887053051913,-0.688961241681155
3.10639532863624,0.936805878736499,-0.224600373145276,-0.712205505591229
3.10650373286858,0.926677050491133,-0.192053194767349,-0.734623855723785
3.10661213710092,0.915473550344723,-0.159283277591114,-0.756190272753591
3.10672054133326,0.903208375838297,-0.126328617049959,-0.776879758788337
3.10682894556561,0.889895744982866,-0.0932274431249722,-0.796668301857934
3.10693734979795,0.875551101125318,-0.060018134995569,-0.815532966129791
3.10704575403029,0.86019107418581,-0.0267392170285959,-0.83345185715723
3.10715415826263,0.84383348179552,0.00657072537652742,-0.850404207172054
3.10726256249497,0.826497288637405,0.0398730518303585,-0.866370340467761
3.10733017576308,0.815197421363253,0.0606239985693664,-0.875821419932613
3.1073977890312,0.80352984246029,0.0813474227615977,-0.884877265221905
3.10746540229932,0.791499769758572,0.102034066576907,-0.893533836335469
3.10753301556743,0.779112622647886,0.122674598458263,-0.901787221106143
3.10762517485842,0.761663831867614,0.15071683711804,-0.91238066898566
3.10771733414941,0.743576551869289,0.17863282309253,-0.922209374961813
3.10777753399556,0.731423867998863,0.196789069885208,-0.928212937884112
3.10783773384171,0.719009634067198,0.214874836875535,-0.933884470942744
3.10789793368786,0.706338258667783,0.232883712062093,-0.939221970729847
3.10795813353402,0.693414275146018,0.250809240894039,-0.944223516040047
3.10803063379837,0.677520935019644,0.272277576294021,-0.949798511313644
3.10810313406272,0.661276116720678,0.293604665040845,-0.954880781761532
3.10817563432708,0.6446882486591,0.31477945585108,-0.959467704510204
3.10824813459143,0.627765946476233,0.335790939287855,-0.96355688576412
3.10832063485579,0.610517984624677,0.356628233386312,-0.967146218010986
3.10839313512014,0.592953317679097,0.377280508703763,-0.970233826382847
3.10848130244139,0.571179652212295,0.402130590789827,-0.973310243002089
3.10856946976264,0.548967734742726,0.426672235625685,-0.975639970368434
3.10865763708389,0.526334639358703,0.450886591953526,-0.977221231312208
3.10874580440514,0.503297742035789,0.474755057798557,-0.978052799834378
3.10883397172639,0.479874724781163,0.498259324367105,-0.978134049148268
3.10892213904764,0.45608355825762,0.521381347135152,-0.977464905392718
3.10901030636889,0.431942497758683,0.544103395069604,-0.976045892828298
3.10909847369014,0.407470062468114,0.566408026815719,-0.973878089283818
3.10918664101139,0.382685029084542,0.588278139160011,-0.970963168244534
3.10929504524381,0.351811310780419,0.614547222283043,-0.966358533063451
3.10940344947623,0.320529420833413,0.640103770069642,-0.960633190903009
3.10951185370864,0.288875738050847,0.664918053480176,-0.953793791531033
3.10962025794106,0.256886994793639,0.688961283040825,-0.945848277834418
3.10972866217348,0.224600314338989,0.71220554543923,-0.936805859778205
3.1098370664059,0.192053135483412,0.734623894009109,-0.926677029492497
3.10994547063831,0.159283217900484,0.756190309427075,-0.915473527327535
3.11005387487073,0.126328557024158,0.776879793802557,-0.903208350826714
3.11016227910315,0.093227382835868,0.796668335167397,-0.889895718003258
3.11027068333556,0.0600180745155158,0.815532997691006,-0.875551072206525
3.11037908756798,0.0267391564301564,0.833451886928605,-0.860191043358742
3.1104874918004,-0.00657078602055136,0.850404235114105,-0.843833449093558
3.11059589603282,-0.0398731124471202,0.866370366543107,-0.826497254095983
3.11066350924207,-0.0606240410638668,0.875821436763103,-0.81519739569925
3.11073112245132,-0.0813474471613106,0.884877273486563,-0.80352982632523
3.11079873566058,-0.102034072933747,0.893533836724326,-0.791499763790558
3.11086634886983,-0.122674586848527,0.901787214319482,-0.779112627470948
3.11095850817425,-0.150716829623893,0.912380663942175,-0.761663834318252
3.11105066747867,-0.178632819681962,0.92220937144044,-0.74357655175846
3.11111086732919,-0.196789067794107,0.928212934808759,-0.731423867014606
3.11117106717971,-0.214874836093687,0.933884468265194,-0.719009632171489
3.11123126703023,-0.232883712577817,0.93922196840146,-0.70633825582364
3.11129146688075,-0.250809242694201,0.944223514011863,-0.693414271317623
3.11136396714268,-0.272277577354395,0.949798509016689,-0.677520931662262
3.11143646740461,-0.293604665369185,0.954880779228284,-0.661276113859092
3.11150896766654,-0.314779455456169,0.959467701773416,-0.644688246317262
3.11158146792848,-0.335790938179761,0.963556882856982,-0.627765944677191
3.11165396819041,-0.35662823157602,0.967146214966719,-0.610517983390652
3.11172646845234,-0.377280506203517,0.970233823234898,-0.592953317031373
3.11181463579419,-0.402130594062131,0.973310240495151,-0.57117964643297
3.11190280313603,-0.426672244522346,0.975639968153192,-0.548967723630825
3.11199097047787,-0.450886606313231,0.977221229038424,-0.526334622725163
3.11207913781972,-0.474755077447023,0.978052797151166,-0.503297719704133
3.11216730516156,-0.498259349117522,0.978134045704888,-0.479874696587368
3.11225547250341,-0.521381376788335,0.977464900838959,-0.45608352405059
3.11234363984525,-0.544103429414268,0.976045886814867,-0.431942457400576
3.11243180718709,-0.566408065628934,0.97387808146328,-0.407470015834316
3.11251997452894,-0.58827818220733,0.970963158271459,-0.382684976064137
3.11262837876142,-0.614547264161931,0.966358521177835,-0.351811257015858
3.11273678299391,-0.640103810727982,0.960633177113571,-0.32052936638557
3.1128451872264,-0.664918092867329,0.953793775848683,-0.288875682981334
3.11295359145888,-0.688961321107484,0.945848260272442,-0.256886939164913
3.11306199569137,-0.712205582137772,0.936805840351836,-0.22460025821405
3.11317039992386,-0.734623929293274,0.926677008219322,-0.192053078925999
3.11327880415635,-0.756190343252365,0.91547350422718,-0.159283160974809
3.11338720838883,-0.776879826126064,0.903208325920995,-0.126328499794932
3.11349561262132,-0.79666836594795,0.889895691316217,-0.093227325368243
3.11360401685381,-0.815533026889134,0.875551043764063,-0.0600180168749172
3.11371242108629,-0.833451914506744,0.860191013189039,-0.026739098682291
3.11382082531878,-0.85040426103651,0.843833417226662,0.00657084380984089
3.11392922955127,-0.866370390775875,0.826497220563994,0.0398731702118917
3.11399684270268,-0.875821452003756,0.815197370977184,0.0606240810266027
3.1140644558541,-0.884877280403348,0.803529811052133,0.0813474693512052
3.11413206900551,-0.893533835996118,0.79149975859213,0.102034077404029
3.11419968215692,-0.901787206635334,0.779112632959019,0.122674573676327
3.11429184144607,-0.912380654947225,0.761663843075437,0.150716811871828
3.11438400073522,-0.922209361393807,0.743576563986274,0.178632797407541
3.11444420061406,-0.928212927930817,0.731423873799359,0.196789054131498
3.11450440049291,-0.933884464245326,0.719009633263422,0.214874830981926
3.11456460037175,-0.939221966926034,0.706338250979241,0.232883715946786
3.1146248002506,-0.94422351476444,0.693414260299686,0.250809254464777
3.11469730051035,-0.949798509361949,0.677520920947424,0.272277588414516
3.11476980077011,-0.954880779194442,0.661276103472364,0.293604675722062
3.11484230102987,-0.959467701389122,0.644688236283113,0.314779465106037
3.11491480128962,-0.963556882151119,0.627765935019249,0.33579094713187
3.11498730154938,-0.967146213968528,0.610517974131809,0.356628239836696
3.11505980180914,-0.970233821973948,0.592953308193935,0.377280513780008
3.11514796914634,-0.973310238893567,0.571179638633547,0.402130600260049
3.11523613648355,-0.975639966289147,0.548967716919055,0.426672249370095
3.11532430382076,-0.977221226990417,0.526334617148223,0.450886609842165
3.11541247115796,-0.978052794997942,0.503297715306309,0.474755079691631
3.11550063849517,-0.978134043525268,0.479874693410291,0.498259350115004
3.11558880583238,-0.977464898711914,0.456083522133076,0.521381376578855
3.11567697316958,-0.976045884819246,0.431942456778471,0.544103428040802
3.11576514050679,-0.973878079677679,0.40747001654061,0.566408063137092
3.115853307844,-0.970963156774246,0.382684978128782,0.588278178645479
3.11596171207648,-0.966358519870252,0.351811259154222,0.614547260716065
3.11607011630896,-0.960633175994846,0.320529368591569,0.640103807403288
3.11617852054144,-0.953793774917716,0.288875685248892,0.664918089668802
3.11628692477392,-0.945848259527837,0.256886941487816,0.688961318040002
3.1163953290064,-0.936805839792038,0.224600260585992,0.712205579206053
3.11650373323888,-0.926677007842624,0.192053081340654,0.734623926501979
3.11661213747136,-0.915473504031685,0.159283163425815,0.756190340605864
3.11672054170384,-0.903208325904479,0.126328502275917,0.776879823628612
3.11682894593632,-0.889895691476294,0.0932273278727071,0.796668363603603
3.11693735016881,-0.875551044098128,0.0600180193963552,0.815533024701765
3.11704575440129,-0.860191013694315,0.0267391012141921,0.833451912480129
3.11715415863377,-0.843833417900107,-0.00657084127401747,0.85040425917413
3.11726256286625,-0.826497221402457,-0.0398731676786396,0.866370389081112
3.11733017601839,-0.815197371793276,-0.0606240787215173,0.875821450514796
3.11739778917052,-0.80352981183656,-0.0813474672762018,0.884877279112758
3.11746540232266,-0.791499759335754,-0.102034075560615,0.89353383489637
3.1175330154748,-0.779112633653032,-0.122674572065719,0.901787205718723
3.1176251747352,-0.761663849421367,-0.150716801551045,0.912380650972391
3.11771733399559,-0.743576576375586,-0.178632778466378,0.922209354841959
3.11777753389849,-0.731423881599586,-0.196789042513321,0.928212924112881
3.11783773380139,-0.719009636261828,-0.214874826635867,0.933884462897691
3.1178979337043,-0.706338248968466,-0.232883718814105,0.939221967782546
3.1179581336072,-0.693414253077671,-0.250809264479006,0.944223517556659
3.11803063386711,-0.677520913575936,-0.272277598432269,0.949798512008192
3.11810313412703,-0.66127609595256,-0.293604685739077,0.954880781691609
3.11817563438695,-0.644688228616219,-0.314779475118069,0.959467703734303
3.11824813464686,-0.627765927206721,-0.335790957134579,0.963556884341288
3.11832063490678,-0.610517966175114,-0.356628249825788,0.967146216000879
3.1183931351667,-0.592953300094675,-0.377280523751074,0.97023382384569
3.11848130247862,-0.571179636717152,-0.402130603068409,0.973310239785553
3.11856946979055,-0.548967721436751,-0.426672245192675,0.975639966629387
3.11865763710248,-0.526334628336322,-0.450886598872202,0.977221227208492
3.11874580441441,-0.503297733386157,-0.47475506213812,0.978052795524239
3.11883397172634,-0.479874718587746,-0.498259326202608,0.978134044790366
3.11892213903827,-0.456083554598299,-0.521381346547415,0.977464901145703
3.1190103063502,-0.431942496705407,-0.544103392145089,0.976045888850448
3.11909847366213,-0.407470064086982,-0.566408021646309,0.973878085733314
3.11918664097406,-0.382685033435716,-0.588278131842933,0.970963165278635
3.11929504520646,-0.351811315282606,-0.614547215202558,0.966358530485161
3.11940344943887,-0.320529425474243,-0.640103763236366,0.960633188710574
3.11951185367127,-0.288875742817811,-0.664918046904384,0.9537937897222
3.11962025790367,-0.256886999674094,-0.688961276732497,0.945848276406577
3.11972866213608,-0.224600319320048,-0.712205539408068,0.936805858728119
3.11983706636848,-0.192053140552251,-0.734623888264494,0.92667702881673
3.11994547060088,-0.159283223044061,-0.756190303978031,0.915473527022083
3.12005387483329,-0.126328562229371,-0.776879788657781,0.903208350887116
3.12016227906569,-0.0932273880895166,-0.796668330335274,0.889895718424762
3.12027068329809,-0.0600180798043085,-0.815532993179457,0.875551072983736
3.1203790875305,-0.0267391617408236,-0.833451882745292,0.860191044486107
3.1204874917629,0.00657078070141489,-0.850404231266296,0.843833450564873
3.1205958959953,0.039873107132869,-0.866370363037692,0.82649725590479
3.12066350920623,0.0606240362748477,-0.875821433704537,0.815197397429644
3.12073112241715,0.0813474429011319,-0.884877270857472,0.803529827956325
3.12079873562808,0.102034069205316,-0.893533834507049,0.791499765301689
3.120866348839,0.122674583654035,-0.901787212495878,0.7791126288418
3.120958508086,0.150716809032984,-0.912380656010199,0.761663846977187
3.12105066733299,0.178632781873948,-0.922209358361061,0.743576576487064
3.12111086723153,0.196789044603963,-0.928212927186829,0.731423882582864
3.12117106713008,0.214874827419806,-0.933884465574582,0.719009638154746
3.12123126702862,0.232883718303002,-0.939221970110876,0.706338251807867
3.12129146692716,0.25080926268585,-0.944223519585402,0.69341425689955
3.12136396718945,0.272277597363219,-0.949798514301591,0.677520916938367
3.12143646745173,0.293604685386621,-0.954880784217932,0.661276098831294
3.12150896771402,0.314779475473561,-0.959467706461418,0.644688230987875
3.1215814679763,0.335790958188326,-0.963556887236969,0.627765929048594
3.12165396823859,0.356628251566953,-0.967146219032467,0.610517967465517
3.12172646850087,0.377280526167826,-0.970233826980551,0.592953300812685
3.12181463579216,0.402130599700525,-0.973310242280404,0.571179642579876
3.12190280308345,0.426672236188687,-0.975639968834361,0.548967732645654
3.12199097037474,0.450886584393852,-0.977221229474643,0.526334645080774
3.12207913766603,0.474755042360036,-0.978052798203215,0.503297755843147
3.12216730495731,0.498259301312198,-0.978134048233717,0.479874746921513
3.1222554722486,0.521381316744366,-0.977464905704528,0.456083588960132
3.12234363953989,0.544103357641175,-0.976045894874718,0.43194253723352
3.12243180683118,0.566407982665091,-0.973878093571258,0.407470110906135
3.12251997412247,0.588278088619413,-0.970963175276508,0.382685086657057
3.12262837835481,0.614547173152556,-0.966358542402909,0.351811369250336
3.12273678258714,0.640103722412152,-0.960633202539351,0.320529480127177
3.12284518681948,0.664918007356871,-0.953793805450927,0.288875798093999
3.12295359105181,0.688961238511071,-0.945848294022002,0.256887055510905
3.12306199528415,0.712205502560577,-0.936805878214833,0.22460037565423
3.12317039951648,0.734623852837238,-0.926677050157031,0.192053197319778
3.12327880374882,0.75619027001566,-0.915473550196182,0.159283280180488
3.12338720798115,0.776879756203312,-0.903208375873019,0.126328619669693
3.12349561221349,0.796668299429996,-0.889895745198424,0.093227445768406
3.12360401644583,0.815532963862943,-0.875551101519006,0.0600181376560214
3.12371242067816,0.83345185505524,-0.860191074754688,0.026739219699423
3.1238208249105,0.850404205238518,-0.843833482536566,-0.00657072270199162
3.12392922914283,0.866370338706109,-0.826497289547324,-0.0398730491588213
3.1239968424118,0.875821418397442,-0.81519742223074,-0.0606239961667019
3.12406445568078,0.884877263904291,-0.803529843274709,-0.0813474206295963
3.12413206894975,0.893533835226344,-0.79149977050934,-0.10203406471702
3.12419968221872,0.9017872201962,-0.779112623324673,-0.122674596871555
3.12429184148101,0.912380665022902,-0.761663838185149,-0.150716826837769
3.12438400074331,0.922209368426547,-0.743576564218182,-0.178632804208378
3.12444420061344,0.928212934074689,-0.731423875772654,-0.196789058302037
3.12450440048358,0.933884469596322,-0.719009637053754,-0.214874832542631
3.12456460035372,0.939221971581119,-0.706338256660253,-0.232883714920906
3.12462480022385,0.9442235188214,-0.693414267943074,-0.250809250878309
3.12469730048837,0.949798513949721,-0.677520927667501,-0.272277586282246
3.12476980075288,0.954880784249222,-0.661276109220419,-0.293604675028833
3.1248423010174,0.959467706846609,-0.644688241012085,-0.314779465834521
3.12491480128191,0.963556887946284,-0.627765938683763,-0.335790949262516
3.12498730154642,0.967146220035999,-0.610517976688235,-0.356628243347788
3.12505980181094,0.970233828247994,-0.59295330960027,-0.3772805186477
3.12514796910688,0.973310243887324,-0.571179650323774,-0.402130593563592
3.12523613640283,0.975639970702333,-0.548967739295972,-0.426672231406385
3.12532430369877,0.977221231524914,-0.52633465059033,-0.450886580934612
3.12541247099472,0.978052800356631,-0.503297760167346,-0.474755040189328
3.12550063829066,0.97813405041114,-0.479874750018648,-0.498259300392478
3.12558880558661,0.977464907826615,-0.456083590791378,-0.521381317035258
3.12567697288255,0.97604589686238,-0.431942537762885,-0.544103359099494
3.1257651401785,0.973878095345545,-0.407470110100603,-0.566407985244967
3.12585330747444,0.970963176758766,-0.382685084486579,-0.588278092272213
3.12596171170678,0.966358543691682,-0.351811367004848,-0.614547176686847
3.12607011593913,0.960633203635569,-0.320529477812881,-0.640103725822688
3.12617852017147,0.953793806355685,-0.288875795717174,-0.664918010638505
3.12628692440381,0.945848294736703,-0.256887053077826,-0.688961241658877
3.12639532863615,0.93680587874099,-0.2246003731713,-0.712205505569701
3.12650373286849,0.926677050496455,-0.192053194793463,-0.734623855703033
3.12661213710083,0.915473550350931,-0.159283277617266,-0.756190272733676
3.12672054133317,0.90320837584537,-0.126328617076127,-0.77687975876923
3.12682894556552,0.889895744990725,-0.0932274431510804,-0.796668301839642
3.12693734979786,0.875551101133961,-0.0600181350216243,-0.815532966112332
3.1270457540302,0.860191074195144,-0.026739217054545,-0.833451857140631
3.12715415826254,0.84383348180563,0.00657072535068085,-0.850404207156296
3.12726256249488,0.82649728864825,0.0398730518046618,-0.866370340452914
3.12733017576302,0.815197421370009,0.0606239985518861,-0.875821419921888
3.12739778903117,0.803529842462712,0.0813474227522917,-0.884877265215005
3.12746540229931,0.79149976975637,0.102034066575779,-0.893533836332146
3.12753301556745,0.779112622640752,0.122674598465291,-0.90178722110605
3.12762517485845,0.761663831857601,0.150716837129356,-0.912380668986948
3.12771733414946,0.743576551856238,0.178632823108062,-0.92220937496427
3.12777753399559,0.731423867990028,0.196789069894202,-0.928212937884208
3.12783773384172,0.719009634062622,0.214874836878113,-0.933884470940749
3.12789793368785,0.706338258667724,0.232883712058278,-0.939221970726009
3.12795813353398,0.693414275150663,0.250809240883886,-0.944223516034555
3.12803063379832,0.677520935026566,0.272277576281175,-0.949798511307752
3.12810313406267,0.661276116729918,0.29360466502536,-0.954880781755259
3.12817563432701,0.644688248670807,0.314779455832953,-0.959467704503772
3.12824813459136,0.627765946490459,0.335790939267191,-0.963556885757627
3.1283206348557,0.610517984641451,0.356628233363158,-0.967146218004617
3.12839313512005,0.592953317698565,0.377280508678158,-0.970233826376686
3.12848130244126,0.571179652242371,0.402130590753082,-0.973310242995486
3.12856946976246,0.548967734783968,0.426672235578044,-0.975639970362001
3.12865763708367,0.526334639411434,0.450886591895354,-0.977221231306767
3.12874580440488,0.503297742100359,0.474755057730202,-0.978052799830576
3.12883397172609,0.479874724857843,0.498259324288961,-0.978134049146783
3.1289221390473,0.456083558346752,0.521381347047612,-0.977464905394334
3.12901030636851,0.431942497860521,0.544103394973111,-0.976045892833631
3.12909847368972,0.407470062582817,0.566408026710776,-0.973878089293583
3.12918664101093,0.382685029212392,0.588278139047065,-0.970963168259458
3.12929504524334,0.351811310910762,0.614547222172537,-0.966358533083281
3.12940344947576,0.320529420966073,0.640103769961732,-0.960633190927814
3.12951185370817,0.288875738185751,0.664918053375009,-0.953793791560803
3.12962025794059,0.256886994930589,0.688961282938581,-0.945848277869177
3.129728662173,0.224600314477784,0.712205545340088,-0.936805859817853
3.12983706640542,0.192053135623921,0.734623893913207,-0.9266770295371
3.12994547063783,0.159283218042549,0.756190309334561,-0.915473527377126
3.13005387487025,0.126328557167674,0.77687979371357,-0.903208350881201
3.13016227910266,0.0932273829806304,0.796668335082078,-0.889895718062696
3.13027068333508,0.0600180746613597,0.815532997609447,-0.87555107227079
3.13037908756749,0.0267391565769063,0.833451886851035,-0.860191043427901
3.13048749179991,-0.00657078587308411,0.850404235040613,-0.843833449167466
3.13059589603232,-0.0398731122990561,0.866370366473789,-0.826497254174676
3.13066350924172,-0.0606240409597578,0.875821436716191,-0.815197395756466
3.13073112245111,-0.0813474471011521,0.884877273460421,-0.803529826359245
3.13079873566051,-0.102034072917406,0.893533836717299,-0.791499763799879
3.13086634886991,-0.122674586875804,0.901787214329842,-0.779112627454006
3.13095850817429,-0.150716829639784,0.912380663947798,-0.761663834308011
3.13105066747867,-0.178632819686528,0.922209371441865,-0.743576551755332
3.13111086732919,-0.196789067796725,0.928212934809531,-0.731423867012795
3.1311710671797,-0.214874836094391,0.933884468265432,-0.719009632170995
3.13123126703021,-0.232883712576645,0.939221968401216,-0.70633825582456
3.13129146688072,-0.250809242691229,0.944223514011177,-0.693414271319911
3.13136396714267,-0.272277577355488,0.949798509017143,-0.677520931661659
3.13143646740462,-0.293604665374323,0.954880779229681,-0.661276113855358
3.13150896766656,-0.314779455465278,0.959467701775685,-0.644688246310358
3.13158146792851,-0.335790938192773,0.963556882859791,-0.62776594466698
3.13165396819046,-0.356628231592928,0.967146214969878,-0.610517983376936
3.1317264684524,-0.37728050622416,0.97023382323833,-0.592953317014155
3.13181463579421,-0.402130594073333,0.97331024049699,-0.571179646423677
3.13190280313602,-0.426672244524341,0.975639968154107,-0.548967723629725
3.13199097047784,-0.450886606306257,0.977221229038897,-0.526334622732619
3.13207913781965,-0.474755077431397,0.978052797151804,-0.503297719720396
3.13216730516146,-0.498259349093456,0.978134045706233,-0.479874696612753
3.13225547250327,-0.52138137675614,0.977464900841592,-0.456083524085403
3.13234363984508,-0.544103429374317,0.976045886819333,-0.431942457444965
3.13243180718689,-0.566408065581562,0.973878081470111,-0.407470015888516
3.1325199745287,-0.588278182152893,0.970963158281298,-0.382684976128369
3.13262837876119,-0.614547264108383,0.966358521190124,-0.351811257081763
3.13273678299367,-0.640103810675403,0.960633177128518,-0.320529366453098
3.13284518722615,-0.66491809281585,0.953793775866292,-0.288875683050422
3.13295359145864,-0.68896132105718,0.945848260292657,-0.256886939235479
3.13306199569112,-0.712205582088721,0.936805840374786,-0.224600258286053
3.13317039992361,-0.734623929245648,0.926677008245018,-0.192053078999341
3.13327880415609,-0.756190343206193,0.915473504255691,-0.159283161049458
3.13338720838858,-0.776879826081505,0.903208325952324,-0.12632849987078
3.13349561262106,-0.796668365905086,0.889895691350298,-0.0932273254452022
3.13360401685355,-0.815533026848022,0.875551043800996,-0.0600180169529316
3.13371242108603,-0.833451914467517,0.860191013228792,-0.0267390987612437
3.13382082531851,-0.850404260999268,0.843833417269204,0.00657084373006946
3.133929229551,-0.866370390740745,0.82649722060941,0.0398731701313421
3.13399684270249,-0.875821451981122,0.815197371010561,0.0606240809705964
3.13406445585399,-0.884877280392269,0.803529811072579,0.0813474693196975
3.13413206900548,-0.893533835995651,0.791499758598729,0.10203407739694
3.13419968215697,-0.901787206644541,0.779112632951061,0.122674573693503
3.13429184144608,-0.912380654951837,0.761663843074389,0.150716811877473
3.13438400073519,-0.922209361394497,0.743576563992725,0.178632797401793
3.13444420061405,-0.928212927932644,0.731423873803834,0.196789054128833
3.1345044004929,-0.933884464248138,0.719009633265873,0.214874830982305
3.13456460037176,-0.939221966929761,0.70633825097954,0.232883715950241
3.13462480025061,-0.94422351476897,0.693414260297798,0.250809254471197
3.13469730051035,-0.949798509365167,0.677520920949191,0.272277588415946
3.13476980077009,-0.95488077919653,0.661276103477996,0.293604675718562
3.13484230102983,-0.959467701390353,0.6446882362927,0.314779465097678
3.13491480128957,-0.963556882151681,0.62776593503297,0.335790947118731
3.13498730154931,-0.967146213968732,0.610517974149874,0.356628239818865
3.13505980180905,-0.970233821973982,0.592953308216397,0.377280513757572
3.13514796914623,-0.973310238893662,0.571179638662255,0.402130600231433
3.13523613648342,-0.975639966289673,0.548967716954173,0.426672249335512
3.1353243038206,-0.977221226991726,0.526334617189912,0.450886609801826
3.13541247115778,-0.978052795000478,0.503297715354777,0.474755079645713
3.13550063849497,-0.978134043529452,0.479874693465685,0.498259350063771
3.13558880583215,-0.977464898718089,0.456083522195584,0.521381376522506
3.13567697316933,-0.976045884827846,0.431942456848214,0.544103427979614
3.13576514050652,-0.973878079689058,0.40747001661771,0.56640806307136
3.1358533078437,-0.970963156788792,0.382684978213365,0.588278178575426
3.13596171207618,-0.966358519887997,0.351811259240715,0.614547260647258
3.13607011630866,-0.960633176015806,0.320529368679949,0.640103807335862
3.13617852054114,-0.953793774941905,0.288875685339023,0.664918089602886
3.13628692477361,-0.945848259555328,0.256886941579608,0.688961317975713
3.13639532900609,-0.93680583982291,0.224600260679364,0.712205579143553
3.13650373323857,-0.926677007876837,0.192053081435527,0.734623926441287
3.13661213747105,-0.91547350406924,0.15928316352211,0.756190340547123
3.13672054170353,-0.903208325945408,0.126328502373493,0.776879823571914
3.13682894593601,-0.889895691520582,0.0932273279714543,0.796668363549129
3.13693735016848,-0.875551044145796,0.0600180194962101,0.815533024649583
3.13704575440096,-0.860191013745343,0.0267391013150067,0.833451912430343
3.13715415863344,-0.843833417954492,-0.00657084117237223,0.850404259126896
3.13726256286592,-0.826497221460246,-0.039873167576284,0.866370389036534
3.13733017601815,-0.815197371836475,-0.0606240786488236,0.875821450485292
3.13739778917039,-0.803529811864174,-0.0813474672331182,0.884877279097262
3.13746540232262,-0.791499759346675,-0.102034075547051,0.89353383489373
3.13753301547486,-0.779112633646246,-0.12267457208159,0.901787205727821
3.13762517473529,-0.761663849406355,-0.150716801579176,0.91238065098554
3.13771733399573,-0.743576576351773,-0.178632778506678,0.922209354858451
3.13777753389858,-0.731423881584515,-0.196789042539662,0.928212924124199
3.13783773380144,-0.719009636255904,-0.21487482664837,0.933884462904284
3.1378979337043,-0.706338248972083,-0.232883718812883,0.939221967784942
3.13795813360715,-0.693414253091223,-0.250809264464155,0.944223517555371
3.13803063386705,-0.677520913593548,-0.272277598412401,0.949798512005943
3.13810313412695,-0.661276095974419,-0.293604685714258,0.954880781688626
3.13817563438685,-0.644688228642411,-0.314779475088411,0.959467703730836
3.13824813464675,-0.62776592723742,-0.335790957100167,0.96355688433761
3.13832063490665,-0.610517966210555,-0.356628249786668,0.967146215997225
3.13839313516655,-0.592953300134922,-0.377280523707372,0.970233823842281
3.13848130247847,-0.571179636760587,-0.402130603022492,0.973310239783055
3.13856946979039,-0.548967721483461,-0.426672245144626,0.975639966628079
3.1386576371023,-0.52633462838639,-0.450886598822098,0.977221227208462
3.13874580441422,-0.503297733439597,-0.474755062086108,0.978052795525738
3.13883397172614,-0.479874718644605,-0.49825932614883,0.978134044793454
3.13892213903806,-0.456083554658632,-0.521381346491965,0.977464901150589
3.13901030634998,-0.431942496769262,-0.544103392088069,0.976045888857309
3.1390984736619,-0.407470064154364,-0.566408021587928,0.973878085742265
3.13918664097382,-0.382685033506628,-0.588278131783282,0.970963165289921
3.13929504520623,-0.351811315353819,-0.614547215144993,0.966358530498783
3.13940344943863,-0.320529425545678,-0.640103763180869,0.960633188726529
3.13951185367104,-0.288875742889349,-0.664918046851035,0.953793789740387
3.13962025790344,-0.256886999745626,-0.688961276681348,0.945848276426956
3.13972866213585,-0.224600319391519,-0.712205539359125,0.936805858750625
3.13983706636826,-0.192053140623513,-0.734623888217789,0.926677028841253
3.13994547060066,-0.159283223115104,-0.756190303933526,0.915473527048594
3.14005387483307,-0.126328562300047,-0.776879788615532,0.903208350915546
3.14016227906547,-0.0932273881597742,-0.796668330295261,0.889895718455027
3.14027068329788,-0.060018079874059,-0.815532993141693,0.875551073015723
3.14037908753028,-0.0267391618099514,-0.833451882709808,0.860191044519758
3.14048749176269,0.00657078063290481,-0.850404231233076,0.843833450600131
3.14059589599509,0.0398731070650727,-0.866370363006713,0.826497255941613
3.1406635092061,0.0606240362321737,-0.875821433685952,0.815197397453753
3.14073112241711,0.0813474428835179,-0.884877270850357,0.803529827966829
3.14079873562811,0.102034069212711,-0.893533834510366,0.791499765297645
3.14086634883912,0.12267458368631,-0.901787212508726,0.779112628822406
3.14095850808617,0.150716809080777,-0.912380656027798,0.761663846946993
3.14105066733321,0.17863278193706,-0.92220935838252,0.743576576445438
3.14111086723168,0.196789044642659,-0.928212927199304,0.731423882556639
3.14117106713014,0.214874827434215,-0.933884465578937,0.719009638144651
3.1412312670286,0.232883718293324,-0.939221970107999,0.706338251814652
3.14129146692706,0.250809262652331,-0.944223519576181,0.693414256923822
3.14136396718937,0.272277597338067,-0.949798514295094,0.677520916956999
3.14143646745169,0.293604685369712,-0.954880784213754,0.66127609884404
3.141508967714,0.31477947546481,-0.959467706459243,0.644688230994384
3.14158146797631,0.335790958187588,-0.963556887236353,0.627765929048735
3.14165396823862,0.3566282515741,-0.967146219033135,0.610517967459016
3.14172646850094,0.37728052618268,-0.970233826981998,0.592953300799302
3.14181463579227,0.402130599728446,-0.973310242282778,0.571179642554289
3.14190280308361,0.426672236229373,-0.97563996883684,0.548967732607421
3.14199097037494,0.450886584446862,-0.977221229476428,0.526334645029533
3.14207913766628,0.474755042425022,-0.978052798203472,0.503297755778415
3.14216730495762,0.49825930138868,-0.978134048231649,0.479874746842952
3.14225547224895,0.521381316831886,-0.977464905699292,0.456083588867384
3.14234363954029,0.544103357739205,-0.976045894865555,0.431942537126317
3.14243180683163,0.566407982773108,-0.973878093557375,0.40747011078425
3.14251997412296,0.588278088736875,-0.970963175257071,0.382685086520176
3.1426283783553,0.614547173266803,-0.966358542378339,0.3518113691115
3.14273678258763,0.64010372252314,-0.960633202509698,0.320529479986553
3.14284518681997,0.664918007464412,-0.953793805416255,0.288875797951803
3.1429535910523,0.68896123861498,-0.945848293982335,0.256887055367305
3.14306199528464,0.712205502660822,-0.936805878170174,0.224600375509382
3.14317039951698,0.734623852933644,-0.926677050107501,0.19205319717383
3.14327880374931,0.75619027010814,-0.915473550141761,0.159283280033612
3.14338720798165,0.776879756291771,-0.903208375813878,0.126328619522066
3.14349561221398,0.796668299514293,-0.889895745134496,0.0932274456201586
3.14360401644632,0.815532963942991,-0.875551101450399,0.0600181375074049
3.14371242067865,0.833451855130972,-0.86019107468156,0.0267392195505982
3.14382082491099,0.850404205309837,-0.843833482458951,-0.00657072285086939
3.14392922914332,0.866370338772855,-0.826497289465315,-0.0398730493075679
3.14399684241215,0.87582141844137,-0.815197422170795,-0.0606239962705932
3.14406445568098,0.884877263927084,-0.803529843238402,-0.0813474206886802
3.1441320689498,0.893533835229715,-0.791499770498298,-0.102034064731459
3.14419968221863,0.901787220181909,-0.779112623340351,-0.122674596841556
3.14429184148094,0.912380665011154,-0.761663838198401,-0.150716826812744
3.14438400074325,0.922209368417032,-0.743576564228768,-0.178632804188299
3.14444420061341,0.928212934068265,-0.731423875777565,-0.19678905829071
3.14450440048358,0.933884469592726,-0.719009637052727,-0.214874832539994
3.14456460035374,0.93922197157999,-0.706338256653123,-0.232883714926888
3.14462480022391,0.944223518822381,-0.693414267929638,-0.250809250892782
3.14469730048841,0.949798513949341,-0.677520927656813,-0.272277586292552
3.14476980075291,0.954880784247649,-0.661276109212668,-0.293604675034972
3.14484230101741,0.959467706843955,-0.644688241007366,-0.314779465836588
3.14491480128191,0.963556887942778,-0.62776593868228,-0.335790949260529
3.14498730154641,0.967146220031873,-0.610517976690034,-0.356628243341842
3.14505980181091,0.970233828243402,-0.592953309605508,-0.377280518637892
3.14514796910689,0.97331024388394,-0.571179650320923,-0.402130593563048
3.14523613640287,0.975639970699624,-0.548967739284743,-0.426672231414905
3.14532430369885,0.977221231522311,-0.526334650570379,-0.450886580951956
3.14541247099482,0.978052800353593,-0.503297760138395,-0.474755040215194
3.1455006382908,0.978134050407002,-0.479874749980462,-0.498259300426605
3.14558880558678,0.97746490782095,-0.45608359074371,-0.52138131707726
3.14567697288276,0.976045896854587,-0.431942537705477,-0.544103359149116
3.14576514017874,0.973878095335095,-0.407470110033275,-0.566407985301801
3.14585330747471,0.970963176745115,-0.382685084409127,-0.588278092335974
3.14596171170706,0.966358543675168,-0.351811366926096,-0.614547176749064
3.1460701159394,0.960633203616143,-0.320529477732853,-0.640103725883319
3.14617852017174,0.95379380633343,-0.288875795636019,-0.664918010697441
3.14628692440408,0.945848294711626,-0.256887052995639,-0.68896124171598
3.14639532863643,0.936805878713102,-0.224600373088104,-0.712205505624981
3.14650373286877,0.926677050465741,-0.192053194709394,-0.734623855756377
3.14661213710111,0.915473550317378,-0.159283277532393,-0.756190272784988
3.14672054133345,0.903208375809008,-0.126328616990575,-0.776879758818431
3.14682894556579,0.889895744951603,-0.0932274430649117,-0.796668301886698
3.14693734979814,0.875551101092088,-0.0600181349349599,-0.81553296615712
3.14704575403048,0.860191074150556,-0.0267392169674776,-0.833451857183134
3.14715415826282,0.843833481758354,0.00657072543805363,-0.850404207196413
3.14726256249516,0.826497288598322,0.0398730518922527,-0.866370340490524
3.14733017576322,0.815197421333599,0.0606239986121544,-0.875821419945775
3.14739778903127,0.80352984244083,0.0813474227852919,-0.884877265226109
3.14746540229932,0.791499769749967,0.102034066581576,-0.893533836331522
3.14753301556738,0.779112622650756,0.122674598444015,-0.901787221094768
3.14762517485836,0.761663831872087,0.150716837101948,-0.912380668974015
3.14771733414935,0.743576551875421,0.178632823074631,-0.922209374950076
3.14777753399552,0.731423868000484,0.196789069874517,-0.928212937875
3.1478377338417,0.719009634064,0.214874836872061,-0.933884470936098
3.14789793368787,0.706338258659481,0.232883712065805,-0.939221970725299
3.14795813353404,0.693414275132618,0.250809240904794,-0.944223516037415
3.14803063379837,0.677520935013598,0.272277576294745,-0.949798511308333
3.14810313406269,0.661276116722273,0.293604665031663,-0.954880781753925
3.14817563432701,0.644688248668696,0.314779455832151,-0.959467704500851
3.14824813459133,0.627765946494099,0.335790939259344,-0.963556885753452
3.14832063485565,0.610517984651124,0.356628233348383,-0.967146217999506
3.14839313511997,0.592953317714403,0.377280508656608,-0.970233826371061
3.14848130244116,0.571179652261936,0.402130590728147,-0.97331024299009
3.14856946976236,0.548967734807292,0.426672235549825,-0.975639970357098
3.14865763708356,0.526334639438577,0.450886591864004,-0.977221231302568
3.14874580440475,0.503297742131473,0.474755057695846,-0.978052799827304
3.14883397172595,0.47987472489304,0.498259324251711,-0.978134049144719
3.14892213904714,0.456083558386013,0.521381347007609,-0.977464905393619
3.14901030636834,0.431942497903912,0.544103394930561,-0.976045892834483
3.14909847368953,0.407470062630463,0.566408026665817,-0.973878089296292
3.14918664101073,0.382685029264351,0.588278138999837,-0.970963168264166
3.14929504524315,0.351811310963574,0.614547222126473,-0.966358533090032
3.14940344947556,0.320529421019759,0.640103769916898,-0.960633190936637
3.14951185370797,0.288875738240135,0.664918053331507,-0.953793791571609
3.14962025794039,0.256886994985656,0.688961282896405,-0.945848277882007
3.1497286621728,0.224600314533511,0.712205545299295,-0.936805859832806
3.14983706640522,0.192053135680227,0.734623893873858,-0.926677029554072
3.14994547063763,0.1592832180994,0.756190309296691,-0.915473527396091
3.15005387487005,0.126328557224901,0.776879793677274,-0.903208350902167
3.15016227910246,0.0932273830382602,0.796668335047373,-0.889895718085656
3.15027068333488,0.0600180747192824,0.815532997576402,-0.875551072295651
3.15037908756729,0.0267391566350409,0.83345188681967,-0.860191043454687
3.15048749179971,-0.00657078581476048,0.850404235010994,-0.843833449196205
3.15059589603212,-0.0398731122406916,0.866370366445984,-0.826497254205271
3.15066350924157,-0.0606240409186141,0.875821436697218,-0.815197395778547
3.15073112245103,-0.0813474470771846,0.88487727344963,-0.803529826372437
3.15079873566048,-0.102034072910602,0.893533836714034,-0.791499763803402
3.15086634886993,-0.122674586886097,0.901787214333448,-0.779112627447335
3.1509585081743,-0.150716829645891,0.912380663949672,-0.761663834303773
3.15105066747867,-0.178632819688452,0.922209371442318,-0.74357655175386
3.15111086732918,-0.196789067798044,0.928212934809774,-0.731423867011694
3.15117106717969,-0.214874836095102,0.933884468265558,-0.719009632170426
3.1512312670302,-0.232883712576708,0.939221968401224,-0.706338255824464
3.15129146688071,-0.250809242690666,0.944223514011037,-0.693414271320337
3.15136396714265,-0.272277577353528,0.949798509016768,-0.677520931663207
3.15143646740459,-0.293604665370955,0.954880779229128,-0.661276113858137
3.15150896766654,-0.314779455460577,0.959467701774959,-0.644688246314357
3.15158146792848,-0.335790938186719,0.963556882858981,-0.627765944672281
3.15165396819042,-0.356628231585534,0.967146214969179,-0.610517983383571
3.15172646845236,-0.377280506215509,0.970233823237663,-0.592953317022129
3.15181463579415,-0.402130594058376,0.973310240496023,-0.571179646437627
3.15190280313594,-0.426672244503256,0.97563996815314,-0.548967723649858
3.15199097047772,-0.450886606279263,0.977221229038389,-0.526334622759109
3.15207913781951,-0.47475507739867,0.978052797152172,-0.503297719753465
3.1521673051613,-0.498259349055251,0.978134045707823,-0.479874696652566
3.15225547250309,-0.521381376712655,0.977464900844762,-0.456083524132097
3.15234363984487,-0.544103429325795,0.976045886824501,-0.431942457498707
3.15243180718666,-0.56640806552823,0.973878081477732,-0.407470015949474
3.15251997452845,-0.588278182095025,0.970963158291671,-0.382684976196619
3.15262837876094,-0.61454726405231,0.966358521203112,-0.351811257150799
3.15273678299342,-0.640103810621191,0.960633177144012,-0.320529366522817
3.15284518722591,-0.664918092763521,0.953793775884271,-0.288875683120704
3.15295359145839,-0.688961321006838,0.945848260313148,-0.256886939306286
3.15306199569088,-0.712205582040409,0.936805840397649,-0.224600258357214
3.15317039992336,-0.734623929199437,0.926677008270259,-0.192053079070785
3.15327880415585,-0.756190343162119,0.915473504283236,-0.159283161121072
3.15338720838833,-0.776879826039546,0.90320832598217,-0.12632849994256
3.15349561262082,-0.796668365865341,0.889895691382398,-0.0932273255169934
3.1536040168533,-0.81553302681055,0.875551043835179,-0.0600180170246253
3.15371242108579,-0.833451914432318,0.860191013265117,-0.0267390988327964
3.15382082531827,-0.850404260966337,0.843833417307635,0.00657084365872422
3.15392922955076,-0.866370390710152,0.826497220649814,0.0398731700603484
3.15399684270232,-0.875821451961071,0.815197371040871,0.0606240809202174
3.15406445585388,-0.884877280382004,0.80352981109205,0.0813474692899496
3.15413206900544,-0.893533835994396,0.791499758606723,0.102034077387697
3.154199682157,-0.901787206651498,0.779112632946797,0.122674573704741
3.1542918414461,-0.912380654957477,0.761663843071782,0.150716811885712
3.1543840007352,-0.922209361398965,0.743576563991933,0.17863279740704
3.15444420061405,-0.928212927936358,0.731423873804528,0.19678905413184
3.1545044004929,-0.933884464251167,0.719009633268105,0.214874830983099
3.15456460037174,-0.939221966932203,0.706338250983399,0.232883715948795
3.15462480025059,-0.944223514770855,0.693414260303284,0.250809254467605
3.15469730051035,-0.949798509368788,0.67752092095011,0.272277588418699
3.15476980077011,-0.954880779201578,0.661276103474035,0.293604675727566
3.15484230102987,-0.95946770139657,0.644688236283699,0.314779465112868
3.15491480128963,-0.96355688215875,0.62776593501876,0.335790947139989
3.1549873015494,-0.967146213976301,0.610517974130201,0.35662823984608
3.15505980180916,-0.970233821981794,0.592953308191149,0.377280513790637
3.15514796914634,-0.973310238900518,0.571179638636665,0.402130600263866
3.15523613648352,-0.975639966295571,0.548967716928357,0.426672249367267
3.1553243038207,-0.977221226996775,0.526334617163851,0.450886609832928
3.15541247115789,-0.978052795004601,0.503297715328493,0.474755079676115
3.15550063849507,-0.978134043532685,0.47987469343924,0.498259350093482
3.15558880583225,-0.977464898720501,0.456083522168989,0.521381376551505
3.15567697316944,-0.976045884829385,0.431942456821489,0.544103428007887
3.15576514050662,-0.97387807968974,0.407470016590822,0.566408063098928
3.1558533078438,-0.970963156788652,0.382684978186398,0.588278178602273
3.15596171207628,-0.966358519886805,0.351811259213068,0.614547260673745
3.15607011630876,-0.960633176013516,0.320529368651599,0.640103807361934
3.15617852054124,-0.953793774938528,0.288875685310055,0.664918089628474
3.15628692477372,-0.9458482595508,0.256886941550031,0.688961318000812
3.1563953290062,-0.936805839817284,0.224600260649262,0.712205579168031
3.15650373323867,-0.926677007870072,0.192053081404878,0.734623926465203
3.15661213747115,-0.915473504061334,0.159283163490979,0.756190340570386
3.15672054170363,-0.903208325936379,0.126328502341886,0.776879823594487
3.15682894593611,-0.889895691510426,0.0932273279394575,0.796668363570976
3.15693735016859,-0.875551044134504,0.0600180194638121,0.815533024670672
3.15704575440107,-0.860191013732917,0.026739101282277,0.833451912450637
3.15715415863355,-0.843833417940963,-0.00657084120538253,0.850404259146327
3.15726256286603,-0.826497221445552,-0.0398731676095179,0.866370389055053
3.15733017601823,-0.81519737182599,-0.0606240786733349,0.875821450499346
3.15739778917044,-0.80352981185817,-0.0813474672488953,0.884877279107095
3.15746540232265,-0.791499759345552,-0.102034075554136,0.893533834899676
3.15753301547485,-0.77911263365023,-0.122674572080029,0.901787205730263
3.1576251747353,-0.761663849407907,-0.150716801581481,0.912380650989381
3.15771733399575,-0.743576576350689,-0.178632778512848,0.922209354863539
3.1577775338986,-0.731423881584962,-0.19678904254342,0.928212924128368
3.15783773380145,-0.719009636257972,-0.214874826649686,0.933884462907615
3.15789793370429,-0.706338248975788,-0.232883718811791,0.939221967787568
3.15795813360714,-0.693414253096683,-0.250809264460696,0.944223517557372
3.15803063386706,-0.677520913594971,-0.272277598414382,0.949798512009336
3.15810313412698,-0.661276095971646,-0.293604685721581,0.954880781693228
3.15817563438689,-0.644688228635311,-0.314779475100986,0.959467703736318
3.15824813464681,-0.627765927225781,-0.33579095711794,0.96355688434373
3.15832063490673,-0.610517966194234,-0.356628249809484,0.967146216003707
3.15839313516665,-0.592953300113756,-0.377280523735183,0.970233823848943
3.15848130247859,-0.571179636733,-0.40213060305661,0.973310239789581
3.15856946979053,-0.548967721449151,-0.426672245184934,0.975639966634079
3.15865763710248,-0.526334628345185,-0.450886598868374,0.977221227213558
3.15874580441442,-0.503297733391322,-0.474755062138124,0.978052795529446
3.15883397172636,-0.479874718589055,-0.498259326206317,0.978134044795393
3.15892213903831,-0.456083554595617,-0.521381346554739,0.977464901150329
3.15901030635025,-0.431942496698682,-0.544103392155865,0.976045888854546
3.1590984736622,-0.407470064076137,-0.566408021660409,0.973878085736549
3.15918664097414,-0.382685033420598,-0.588278131860198,0.970963165280783
3.15929504520654,-0.35181131526684,-0.614547215219584,0.966358530486429
3.15940344943895,-0.320529425457824,-0.640103763253145,0.960633188710948
3.15951185367135,-0.288875742800721,-0.664918046920914,0.953793789721646
3.15962025790376,-0.25688699965639,-0.688961276748712,0.945848276405103
3.15972866213616,-0.224600319301775,-0.712205539423928,0.936805858725708
3.15983706636857,-0.192053140533341,-0.734623888279974,0.926677028813284
3.15994547060097,-0.159283223024602,-0.756190303993059,0.915473527017653
3.16005387483337,-0.126328562209371,-0.776879788672341,0.903208350881729
3.16016227906578,-0.0932273880689827,-0.796668330349279,0.889895718418281
3.16027068329818,-0.0600180797833132,-0.815532993192911,0.875551072976214
3.16037908753059,-0.026739161719377,-0.833451882758145,0.860191044477548
3.16048749176299,0.00657078072328126,-0.850404231278539,0.843833450555259
3.1605958959954,0.0398731071550962,-0.866370363049227,0.826497255894132
3.16066350920631,0.0606240362929228,-0.87582143371366,0.815197397420735
3.16073112241722,0.0813474429150836,-0.884877270864394,0.803529827949283
3.16079873562813,0.102034069215135,-0.893533834511849,0.791499765296682
3.16086634883904,0.122674583659725,-0.901787212498787,0.779112628839033
3.16095850808609,0.15071680905517,-0.91238065601879,0.761663846963606
3.16105066733314,0.178632781912477,-0.92220935837441,0.743576576461932
3.16111086723164,0.196789044627816,-0.928212927194679,0.731423882566845
3.16117106713013,0.214874827429021,-0.933884465577429,0.71900963814839
3.16123126702862,0.232883718297696,-0.939221970109288,0.706338251811572
3.16129146692712,0.250809262666194,-0.944223519579912,0.693414256913679
3.16136396718944,0.272277597354424,-0.949798514299067,0.677520916944611
3.16143646745176,0.293604685388532,-0.954880784217863,0.661276098829331
3.16150896771408,0.314779475486067,-0.959467706463364,0.644688230977279
3.1615814679764,0.335790958211179,-0.963556887240342,0.62776592902915
3.16165396823873,0.356628251600006,-0.967146219036863,0.610517967436834
3.16172646850105,0.377280526210839,-0.970233826985401,0.592953300774523
3.16181463579243,0.402130599768335,-0.973310242286548,0.571179642518182
3.16190280308381,0.426672236280591,-0.975639968840219,0.548967732559654
3.16199097037519,0.45088658450909,-0.977221229478735,0.526334644969651
3.16207913766656,0.474755042497873,-0.978052798203937,0.503297755706038
3.16216730495794,0.498259301471714,-0.978134048229525,0.479874746757803
3.16225547224932,0.521381316924654,-0.977464905693918,0.456083588769229
3.1623436395407,0.544103357841262,-0.976045894856174,0.43194253701488
3.16243180683208,0.566407982883991,-0.973878093543207,0.407470110659212
3.16251997412346,0.588278088856051,-0.970963175237483,0.382685086381414
3.1626283783558,0.614547173383,-0.966358542353539,0.351811368970507
3.16273678258813,0.640103722636129,-0.960633202479698,0.32052947984352
3.16284518682047,0.6649180075741,-0.953793805381023,0.288875797806899
3.16295359105281,0.688961238721259,-0.945848293941945,0.256887055220651
3.16306199528514,0.712205502763494,-0.936805878124636,0.224600375361132
3.16317039951748,0.734623853032629,-0.92667705005684,0.192053197024169
3.16327880374982,0.756190270203252,-0.915473550086023,0.159283279882748
3.16338720798215,0.776879756382915,-0.903208375753093,0.126328619370126
3.16349561221449,0.796668299601337,-0.889895745068729,0.0932274454674053
3.16360401644683,0.815532964025761,-0.875551101379742,0.0600181373539597
3.16371242067916,0.833451855209384,-0.860191074606069,0.0267392193966547
3.1638208249115,0.850404205383802,-0.843833482378659,-0.00657072300515944
3.16392922914384,0.866370338842319,-0.826497289380341,-0.0398730494620383
3.1639968424125,0.875821418486263,-0.815197422109784,-0.0606239963765182
3.16406445568117,0.884877263949249,-0.803529843203116,-0.0813474207461324
3.16413206894984,0.893533835230986,-0.79149977049046,-0.102034064740567
3.16419968221851,0.901787220164161,-0.779112623361616,-0.122674596802539
3.16429184148083,0.912380664995112,-0.761663838219179,-0.150716826775944
3.16438400074314,0.922209368402646,-0.743576564248986,-0.178632804153671
3.16444420061335,0.92821293405826,-0.731423875790308,-0.196789058267976
3.16450440048355,0.933884469586658,-0.719009637057637,-0.214874832529039
3.16456460035375,0.939221971577474,-0.706338256649809,-0.232883714927669
3.16462480022396,0.944223518822918,-0.693414267917787,-0.250809250905164
3.16469730048847,0.949798513950192,-0.677520927642711,-0.272277586307528
3.16476980075298,0.954880784248707,-0.661276109196222,-0.293604675052521
3.16484230101749,0.959467706845095,-0.644688240988419,-0.314779465856686
3.164914801282,0.96355688794387,-0.627765938660766,-0.335790949283107
3.16498730154651,0.96714622003281,-0.610517976665922,-0.356628243366861
3.16505980181102,0.97023382824396,-0.592953309578715,-0.377280518665283
3.16514796910703,0.973310243884517,-0.571179650286565,-0.402130593597931
3.16523613640303,0.975639970699687,-0.548967739242637,-0.426672231457046
3.16532430369904,0.977221231521379,-0.526334650520287,-0.450886581001073
3.16541247099504,0.978052800351192,-0.503297760080119,-0.474755040271061
3.16550063829105,0.978134050402677,-0.479874749913719,-0.498259300488969
3.16558880558705,0.977464907814157,-0.456083590668333,-0.521381317145837
3.16567697288306,0.976045896844906,-0.431942537621339,-0.544103359223567
3.16576514017907,0.973878095322029,-0.407470109940236,-0.566407985381805
3.16585330747507,0.970963176728226,-0.382685084307064,-0.588278092421161
3.16596171170741,0.96635854365463,-0.351811366822959,-0.614547176831685
3.16607011593975,0.960633203592071,-0.320529477628806,-0.640103725963257
3.16617852017209,0.95379380630579,-0.288875795531156,-0.664918010774644
3.16628692440444,0.945848294680466,-0.25688705289016,-0.688961241790332
3.16639532863678,0.936805878678544,-0.224600372982138,-0.712205505696399
3.16650373286912,0.926677050427823,-0.192053194603014,-0.734623855824818
3.16661213710146,0.91547355027612,-0.159283277425759,-0.756190272850413
3.1667205413338,0.903208375764516,-0.126328616883778,-0.776879758880749
3.16682894556614,0.889895744903965,-0.0932274429581059,-0.796668301945857
3.16693734979848,0.875551101041315,-0.0600181348282426,-0.815532966213132
3.16704575403082,0.86019107409686,-0.026739216861042,-0.833451857235839
3.16715415826316,0.843833481701718,0.00657072554413272,-0.85040420724588
3.1672625624955,0.826497288538816,0.0398730519978324,-0.866370340536667
3.16733017576345,0.815197421290076,0.0606239986854729,-0.875821419975559
3.1673977890314,0.803529842414417,0.0813474228263924,-0.884877265240793
3.16746540229935,0.791499769741783,0.102034066590556,-0.893533836332339
3.1675330155673,0.779112622661921,0.122674598421019,-0.901787221082928
3.16762517485826,0.761663831887925,0.150716837072533,-0.912380668960467
3.16771733414922,0.743576551896242,0.178632823038897,-0.922209374935118
3.16777753399544,0.731423868012533,0.196789069852619,-0.928212937865168
3.16783773384166,0.719009634066896,0.214874836863896,-0.933884470930757
3.16789793368788,0.706338258652922,0.23288371207123,-0.939221970724129
3.1679581335341,0.69341427511605,0.250809240923738,-0.944223516039767
3.16803063379843,0.677520934996033,0.272277576314498,-0.94979851131053
3.16810313406275,0.661276116703737,0.293604665052197,-0.954880781755937
3.16817563432708,0.644688248649146,0.314779455853424,-0.959467704502563
3.1682481345914,0.627765946473534,0.335790939281367,-0.963556885754879
3.16832063485572,0.610517984629497,0.356628233371082,-0.967146218000536
3.16839313512005,0.592953317691672,0.377280508680017,-0.970233826371672
3.16848130244125,0.571179652237048,0.402130590753261,-0.973310242990292
3.16856946976245,0.548967734780111,0.426672235576681,-0.97563997035677
3.16865763708365,0.526334639409118,0.450886591892455,-0.977221231301563
3.16874580440486,0.503297742099713,0.474755057725778,-0.978052799825479
3.16883397172606,0.479874724858864,0.498259324283129,-0.978134049141957
3.16892213904726,0.456083558349447,0.521381347040404,-0.977464905389853
3.16901030636847,0.431942497864889,0.544103394964629,-0.976045892829503
3.16909847368967,0.40747006258898,0.566408026701044,-0.97387808929
3.16918664101087,0.38268502922036,0.588278139036118,-0.970963168256503
3.16929504524329,0.351811310919573,0.614547222161403,-0.966358533080971
3.1694034494757,0.320529420975758,0.640103769950463,-0.960633190926186
3.16951185370811,0.288875738196241,0.66491805336366,-0.953793791559902
3.16962025794052,0.25688699494193,0.688961282927175,-0.945848277869031
3.16972866217294,0.224600314489993,0.712205545328631,-0.936805859818605
3.16983706640535,0.192053135636965,0.734623893901781,-0.926677029538726
3.16994547063776,0.159283218056393,0.756190309323252,-0.915473527379597
3.17005387487018,0.126328557182287,0.776879793702392,-0.903208350884654
3.17016227910259,0.0932273829960125,0.796668335071112,-0.889895718067112
3.170270683335,0.0600180746774754,0.815532997598755,-0.875551072276198
3.17037908756741,0.0267391565937779,0.833451886840586,-0.860191043434346
3.17048749179983,-0.00657078585550396,0.850404235030516,-0.843833449175014
3.17059589603224,-0.0398731122808671,0.866370366464164,-0.826497254183262
3.17066350924164,-0.0606240409442251,0.875821436708216,-0.815197395763971
3.17073112245105,-0.0813474470882531,0.884877273454001,-0.803529826365709
3.17079873566045,-0.10203407290714,0.893533836712329,-0.791499763805123
3.17086634886986,-0.122674586868147,0.90178721432621,-0.779112627458074
3.17095850817418,-0.15071682961185,0.912380663937121,-0.761663834325284
3.17105066747849,-0.178632819638514,0.922209371425331,-0.743576551786795
3.17111086732906,-0.196789067766842,0.92821293479977,-0.731423867032877
3.17117106717964,-0.214874836082484,0.933884468261735,-0.719009632179234
3.17123126703021,-0.232883712582576,0.939221968403029,-0.706338255820412
3.17129146688078,-0.25080924271482,0.944223514017735,-0.693414271302905
3.17136396714273,-0.272277577378567,0.949798509023255,-0.677520931644672
3.17143646740467,-0.293604665396868,0.954880779235346,-0.661276113838458
3.17150896766662,-0.314779455487346,0.959467701780879,-0.644688246293484
3.17158146792856,-0.335790938214325,0.963556882864553,-0.627765944650201
3.17165396819051,-0.356628231613945,0.967146214974283,-0.610517983360302
3.17172646845245,-0.377280506244686,0.970233823242315,-0.592953316997585
3.17181463579422,-0.402130594081763,0.973310240499298,-0.571179646417499
3.17190280313599,-0.426672244520988,0.975639968155385,-0.548967723634341
3.17199097047776,-0.450886606291432,0.977221229039942,-0.526334622748458
3.17207913781952,-0.474755077405448,0.978052797153362,-0.503297719747846
3.17216730516129,-0.498259349056778,0.978134045708956,-0.479874696652126
3.17225547250306,-0.521381376709141,0.977464900846138,-0.456083524137013
3.17234363984483,-0.544103429317388,0.976045886826522,-0.431942457509127
3.1724318071866,-0.566408065515149,0.973878081480695,-0.407470015965507
3.17251997452837,-0.588278182077471,0.970963158295923,-0.382684976218407
3.17262837876085,-0.614547264035354,0.966358521208242,-0.351811257172865
3.17273678299334,-0.640103810604834,0.960633177150006,-0.320529366545168
3.17284518722582,-0.664918092747759,0.953793775891146,-0.28887568314339
3.17295359145831,-0.688961320991714,0.945848260320881,-0.256886939329166
3.17306199569079,-0.712205582025921,0.936805840406248,-0.224600258380308
3.17317039992328,-0.734623929185575,0.926677008279718,-0.1920530790941
3.17327880415576,-0.756190343148949,0.915473504293568,-0.159283161144564
3.17338720838825,-0.776879826027088,0.903208325993274,-0.126328499966123
3.17349561262073,-0.796668365853644,0.889895691394285,-0.0932273255406434
3.17360401685322,-0.815533026799532,0.875551043847979,-0.0600180170483847
3.1737124210857,-0.833451914422087,0.86019101327868,-0.0267390988565651
3.17382082531819,-0.8504042609569,0.843833417321992,0.00657084363495964
3.17392922955067,-0.866370390701462,0.826497220664933,0.0398731700365492
3.17399684270226,-0.875821451956978,0.815197371051394,0.0606240809056245
3.17406445585385,-0.884877280382166,0.803529811097634,0.0813474692845589
3.17413206900545,-0.893533835998452,0.791499758606994,0.102034077391495
3.17419968215704,-0.901787206659106,0.779112632941445,0.122674573717648
3.1742918414461,-0.912380654961296,0.76166384307232,0.150716811889012
3.17438400073517,-0.922209361399554,0.743576563998807,0.178632797400773
3.17444420061403,-0.928212927937925,0.73142387380972,0.196789054128256
3.17450440049288,-0.933884464253665,0.719009633271529,0.214874830982176
3.17456460037174,-0.939221966935526,0.706338250985017,0.232883715950514
3.17462480025059,-0.944223514774915,0.693414260303032,0.250809254471895
3.17469730051033,-0.949798509370594,0.677520920956187,0.272277588414447
3.17476980077006,-0.95488077920166,0.661276103486806,0.293604675714874
3.17484230102979,-0.959467701395221,0.644688236303393,0.314779465091858
3.17491480128952,-0.963556882156451,0.627765935045648,0.335790947110801
3.17498730154926,-0.967146213973382,0.61051797416456,0.356628239808869
3.17505980180899,-0.970233821978749,0.592953308233188,0.377280513745574
3.17514796914611,-0.973310238897089,0.571179638694011,0.402130600203114
3.17523613648324,-0.975639966292824,0.548967717001542,0.42667224929127
3.17532430382036,-0.977221226995588,0.526334617253432,0.450886609742171
3.17541247115749,-0.978052795006036,0.503297715434926,0.474755079571115
3.17550063849461,-0.97813404353774,0.479874693562969,0.498259349974783
3.17558880583174,-0.977464898730095,0.456083522310355,0.521381376419759
3.17567697316886,-0.976045884844547,0.431942456980867,0.544103427863671
3.17576514050599,-0.973878079711484,0.407470016768619,0.566408062942875
3.17585330784311,-0.970963156817936,0.382684978382792,0.588278178435126
3.17596171207559,-0.966358519923071,0.351811259411422,0.614547260511663
3.17607011630807,-0.960633176056739,0.320529368851757,0.640103807205004
3.17617852054056,-0.953793774988609,0.288875685511674,0.664918089476913
3.17628692477304,-0.945848259607654,0.256886941752886,0.68896131785478
3.17639532900552,-0.93680583988073,0.224600260853073,0.712205579027652
3.176503733238,-0.926677007940001,0.192053081609422,0.73462392633056
3.17661213747048,-0.915473504137627,0.15928316369598,0.756190340441663
3.17672054170296,-0.903208326018895,0.126328502547121,0.776879823471792
3.17682894593545,-0.889895691599006,0.0932273281446511,0.796668363454353
3.17693735016793,-0.875551044229031,0.0600180196687832,0.815533024560223
3.17704575440041,-0.860191013833219,0.0267391014867544,0.833451912346488
3.17715415863289,-0.843833418046895,-0.00657084100162185,0.850404259048531
3.17726256286537,-0.82649722155695,-0.0398731674067515,0.866370388963713
3.17733017601778,-0.815197371906626,-0.0606240785328104,0.875821450439462
3.17739778917019,-0.803529811905838,-0.0813474671705213,0.884877279076379
3.1774654023226,-0.791499759358087,-0.102034075537694,0.893533834895775
3.177533015475,-0.779112633625465,-0.12267457212524,0.901787205750697
3.17762517473548,-0.761663849376739,-0.150716801634891,0.912380651011645
3.17771733399596,-0.743576576312822,-0.178632778574299,0.922209354887124
3.17777753389873,-0.731423881562296,-0.196789042580847,0.928212924143165
3.1778377338015,-0.719009636251224,-0.214874826663271,0.933884462914492
3.17789793370426,-0.706338248985641,-0.232883718801724,0.939221967787379
3.17795813360703,-0.693414253123762,-0.250809264427208,0.944223517550972
3.17803063386696,-0.677520913621355,-0.272277598382762,0.949798512004101
3.17810313412688,-0.661276095997225,-0.293604685691856,0.954880781689088
3.1781756343868,-0.644688228660068,-0.314779475073114,0.959467703733168
3.17824813464673,-0.62776592724962,-0.335790957091919,0.963556884341543
3.17832063490665,-0.610517966217006,-0.356628249785366,0.967146216002363
3.17839313516657,-0.59295330013551,-0.377280523712869,0.97023382384837
3.1784813024785,-0.57117963675917,-0.402130603030027,0.973310239789192
3.17856946979043,-0.548967721479928,-0.426672245154136,0.97563996663407
3.17865763710235,-0.526334628380701,-0.450886598833565,0.977221227214251
3.17874580441428,-0.503297733431659,-0.47475506209943,0.97805279553108
3.17883397172621,-0.47987471863438,-0.498259326163943,0.978134044798315
3.17892213903814,-0.456083554646039,-0.521381346508786,0.977464901154785
3.17901030635006,-0.431942496754319,-0.544103392106493,0.976045888860789
3.17909847366199,-0.407470064137036,-0.56640802160785,0.973878085744881
3.17918664097392,-0.382685033486862,-0.588278131804648,0.970963165291501
3.17929504520632,-0.351811315333921,-0.614547215165534,0.966358530499472
3.17940344943873,-0.320529425525686,-0.640103763200571,0.960633188726246
3.17951185367113,-0.288875742869329,-0.664918046869906,0.953793789739242
3.17962025790353,-0.256886999725572,-0.688961276699363,0.945848276424915
3.17972866213594,-0.22460031937152,-0.71220553937626,0.936805858747754
3.17983706636834,-0.192053140603598,-0.734623888234013,0.926677028837632
3.17994547060075,-0.159283223095239,-0.756190303948881,0.915473527044102
3.18005387483315,-0.126328562280321,-0.776879788629994,0.903208350910279
3.18016227906556,-0.0932273881402229,-0.79666833030879,0.889895718449034
3.18027068329796,-0.0600180798547045,-0.815532993154346,0.875551073009084
3.18037908753037,-0.026739161790843,-0.833451882721607,0.860191044512401
3.18048749176277,0.00657078065176452,-0.850404231243933,0.843833450592135
3.18059589599517,0.0398731070836652,-0.866370363016687,0.826497255933004
3.18066350920616,0.0606240362451353,-0.875821433692939,0.815197397447796
3.18073112241715,0.0813474428908912,-0.884877270854571,0.8035298279637
3.18079873562814,0.102034069214463,-0.893533834512034,0.791499765297568
3.18086634883913,0.122674583682499,-0.901787212508079,0.779112628825569
3.18095850808624,0.150716809095235,-0.912380656033696,0.761663846938493
3.18105066733334,0.178632781969658,-0.922209358394026,0.74357657642436
3.18111086723176,0.196789044662006,-0.928212927205868,0.731423882543856
3.18117106713018,0.214874827440436,-0.93388446558104,0.719009638140597
3.1812312670286,0.232883718286533,-0.939221970106144,0.706338251819599
3.18129146692702,0.250809262632632,-0.944223519570847,0.693414256938161
3.18136396718934,0.272277597320401,-0.949798514290535,0.677520916970105
3.18143646745165,0.293604685354082,-0.95488078420989,0.66127609885578
3.18150896771397,0.314779475451178,-0.959467706455957,0.644688231004785
3.18158146797629,0.33579095817594,-0.963556887233582,0.627765929057604
3.18165396823861,0.356628251564393,-0.967146219030759,0.610517967466343
3.18172646850093,0.377280526174885,-0.970233826979943,0.592953300805052
3.18181463579233,0.402130599736586,-0.973310242282504,0.571179642545876
3.18190280308372,0.426672236252975,-0.975639968837336,0.548967732584385
3.18199097037511,0.450886584485584,-0.977221229476776,0.526334644991182
3.1820791376665,0.47475504247832,-0.9780527982027,0.503297755724353
3.1821673049579,0.498259301456057,-0.978134048228771,0.479874746772703
3.18225547224929,0.521381316912771,-0.977464905693343,0.45608358878054
3.18234363954068,0.544103357833038,-0.976045894855576,0.431942537022519
3.18243180683208,0.56640798287925,-0.973878093542409,0.407470110663121
3.18251997412347,0.588278088854719,-0.97096317523615,0.382685086381431
3.18262837835581,0.614547173381825,-0.966358542352099,0.351811368970241
3.18273678258814,0.640103722635117,-0.960633202478113,0.320529479842956
3.18284518682048,0.66491800757322,-0.953793805379258,0.288875797806016
3.18295359105282,0.688961238720481,-0.945848293940007,0.256887055219461
3.18306199528516,0.712205502762781,-0.936805878122437,0.224600375359667
3.18317039951749,0.734623853031983,-0.92667705005445,0.19205319702243
3.18327880374983,0.756190270202692,-0.915473550083404,0.159283279880693
3.18338720798217,0.776879756382386,-0.903208375750232,0.126328619367806
3.18349561221451,0.796668299600831,-0.889895745065615,0.0932274454647652
3.18360401644684,0.815532964025255,-0.875551101376346,0.0600181373510386
3.18371242067918,0.833451855208866,-0.860191074602329,0.0267392193934382
3.18382082491152,0.850404205383272,-0.843833482374638,-0.00657072300863508
3.18392922914386,0.866370338841721,-0.826497289375993,-0.0398730494657645
3.18399684241252,0.875821418485624,-0.815197422105218,-0.0606239963804501
3.18406445568119,0.884877263948561,-0.803529843198346,-0.0813474207502372
3.18413206894986,0.893533835230291,-0.791499770485436,-0.102034064744838
3.18419968221853,0.901787220163396,-0.779112623356423,-0.122674596806991
3.18429184148089,0.91238066499854,-0.761663838206245,-0.15071682679228
3.18438400074324,0.922209368409565,-0.743576564227761,-0.178632804181851
3.18444420061342,0.928212934061608,-0.73142387577499,-0.196789058286639
3.18450440048359,0.933884469586778,-0.7190096370485,-0.214874832538252
3.18456460035376,0.939221971574658,-0.706338256647159,-0.232883714927511
3.18462480022394,0.944223518817569,-0.693414267921847,-0.250809250895731
3.18469730048843,0.94979851394425,-0.6775209276492,-0.272277586295052
3.18476980075293,0.95488078424227,-0.66127610920519,-0.293604675037053
3.18484230101743,0.959467706838341,-0.644688241000149,-0.314779465838195
3.18491480128193,0.963556887936952,-0.62776593867521,-0.335790949261716
3.18498730154643,0.967146220025796,-0.610517976683207,-0.356628243342618
3.18505980181093,0.970233828237124,-0.592953309598938,-0.377280518638197
3.18514796910694,0.973310243878391,-0.571179650307133,-0.402130593571296
3.18523613640294,0.975639970694338,-0.548967739263494,-0.426672231430845
3.18532430369895,0.97722123151673,-0.526334650541433,-0.450886580975323
3.18541247099496,0.978052800347281,-0.503297760101486,-0.474755040245785
3.18550063829096,0.978134050399497,-0.479874749935379,-0.498259300464149
3.18558880558697,0.977464907811737,-0.45608359069022,-0.521381317121518
3.18567697288298,0.976045896843117,-0.431942537643424,-0.544103359199752
3.18576514017898,0.973878095320975,-0.407470109962489,-0.566407985358505
3.18585330747499,0.970963176727878,-0.382685084329484,-0.588278092398401
3.18596171170733,0.966358543655288,-0.351811366846331,-0.614547176808922
3.18607011593967,0.960633203593676,-0.320529477653156,-0.640103725940535
3.186178520172,0.953793806308476,-0.28887579555646,-0.664918010752013
3.18628692440434,0.945848294684234,-0.256887052916399,-0.688961241767841
3.18639532863668,0.936805878683407,-0.224600373009266,-0.712205505674153
3.18650373286902,0.926677050433865,-0.192053194631015,-0.734623855802835
3.18661213710136,0.915473550283379,-0.159283277454603,-0.75619027282878
3.1867205413337,0.903208375772993,-0.126328616913484,-0.776879758859494
3.18682894556604,0.889895744913667,-0.0932274429886132,-0.796668301925036
3.18693734979838,0.87555110105236,-0.060018134859521,-0.815532966192807
3.18704575403071,0.860191074109132,-0.0267392168930503,-0.833451857216085
3.18715415826305,0.843833481715331,0.00657072551143456,-0.850404207226748
3.18726256249539,0.826497288553774,0.0398730519644883,-0.866370340518277
3.18733017576337,0.815197421300155,0.0606239986620683,-0.875821419962231
3.18739778903135,0.803529842419234,0.08134742281294,-0.884877265232162
3.18746540229933,0.791499769741002,0.10203406658702,-0.893533836328025
3.18753301556731,0.779112622655224,0.122674598427369,-0.901787221082545
3.18762517485827,0.761663831882352,0.150716837076873,-0.912380668959223
3.18771733414923,0.74357655189188,0.178632823041266,-0.922209374933132
3.18777753399545,0.731423868008465,0.196789069854526,-0.928212937863019
3.18783773384167,0.71900963406313,0.214874836865325,-0.933884470928433
3.18789793368788,0.706338258649451,0.232883712072208,-0.93922197072163
3.1879581335341,0.693414275112934,0.250809240924232,-0.944223516037177
3.18803063379843,0.677520934991231,0.272277576317237,-0.949798511308449
3.18810313406277,0.661276116697197,0.293604665057179,-0.954880781754344
3.1881756343271,0.6446882486408,0.314779455860543,-0.959467704501338
3.18824813459143,0.627765946463302,0.335790939290613,-0.963556885753894
3.18832063485576,0.610517984617316,0.35662823338242,-0.967146217999737
3.18839313512009,0.592953317677519,0.377280508693392,-0.970233826370909
3.18848130244129,0.571179652224216,0.402130590764754,-0.973310242988925
3.18856946976248,0.54896773476873,0.42667223558625,-0.975639970354966
3.18865763708368,0.526334639399225,0.450886591900198,-0.977221231299374
3.18874580440488,0.503297742091271,0.474755057731773,-0.978052799823041
3.18883397172607,0.479874724852035,0.498259324287365,-0.978134049139382
3.18892213904727,0.456083558344278,0.521381347042921,-0.977464905387202
3.18901030636847,0.43194249786146,0.544103394965522,-0.976045892826977
3.18909847368966,0.407470062587302,0.566408026700359,-0.973878089287655
3.18918664101086,0.382685029220477,0.588278139033932,-0.970963168254388
3.18929504524328,0.351811310919198,0.614547222159759,-0.966358533078968
3.18940344947569,0.320529420974917,0.640103769949296,-0.960633190924185
3.1895118537081,0.288875738194873,0.664918053362968,-0.953793791557806
3.18962025794052,0.256886994940029,0.688961282926939,-0.945848277866962
3.18972866217293,0.224600314487536,0.712205545328845,-0.9368058598164
3.18983706640535,0.192053135633964,0.734623893902399,-0.926677029536345
3.18994547063776,0.159283218052893,0.756190309324201,-0.915473527377079
3.19005387487018,0.126328557178212,0.7768797937037,-0.903208350881926
3.19016227910259,0.0932273829914149,0.796668335072694,-0.889895718064115
3.19027068333501,0.060018074672332,0.815532997600638,-0.875551072272961
3.19037908756742,0.0267391565880289,0.833451886842729,-0.86019104343074
3.19048749179984,-0.00657078586178069,0.850404235032844,-0.843833449171058
3.19059589603225,-0.0398731122876789,0.86637036646665,-0.826497254178952
3.19066350924165,-0.0606240409502205,0.875821436710303,-0.815197395760043
3.19073112245106,-0.0813474470933967,0.884877273455681,-0.803529826362264
3.19079873566046,-0.102034072911464,0.893533836713645,-0.791499763802143
3.19086634886986,-0.122674586871655,0.901787214327176,-0.779112627455497
3.19095850817416,-0.150716829609871,0.912380663936088,-0.761663834326211
3.19105066747846,-0.178632819631084,0.922209371422605,-0.743576551791509
3.19111086732903,-0.196789067761479,0.928212934797867,-0.731423867036397
3.19117106717961,-0.214874836079214,0.933884468260693,-0.719009632181438
3.19123126703019,-0.232883712581341,0.939221968402651,-0.706338255821302
3.19129146688077,-0.250809242715634,0.944223514018005,-0.693414271302356
3.19136396714272,-0.272277577379935,0.949798509023757,-0.677520931643788
3.19143646740466,-0.293604665398785,0.954880779236,-0.661276113837206
3.19150896766661,-0.314779455489768,0.959467701781663,-0.644688246291875
3.19158146792856,-0.335790938217258,0.963556882865462,-0.627765944648186
3.19165396819051,-0.356628231617417,0.967146214975293,-0.610517983357847
3.19172646845245,-0.377280506248668,0.970233823243423,-0.59295331699472
3.19181463579419,-0.402130594078262,0.973310240499556,-0.571179646421293
3.19190280313594,-0.42667224451024,0.975639968155268,-0.548967723644999
3.19199097047768,-0.450886606273592,0.977221229039895,-0.526334622766311
3.19207913781942,-0.474755077380797,0.978052797153827,-0.503297719773009
3.19216730516116,-0.498259349025524,0.978134045710404,-0.479874696684878
3.1922554725029,-0.521381376671503,0.97746490084912,-0.456083524177578
3.19234363984464,-0.544103429273739,0.976045886831375,-0.431942457557619
3.19243180718639,-0.566408065465713,0.973878081487864,-0.407470016022134
3.19251997452813,-0.588278182022608,0.970963158305888,-0.382684976283282
3.19262837876061,-0.614547263981937,0.966358521220704,-0.351811257238742
3.1927367829931,-0.640103810553012,0.960633177164909,-0.320529366611904
3.19284518722558,-0.664918092697585,0.953793775908457,-0.288875683210879
3.19295359145807,-0.688961320943248,0.945848260340649,-0.25688693939739
3.19306199569055,-0.712205581979241,0.93680584042843,-0.22460025844917
3.19317039992304,-0.734623929140749,0.926677008304239,-0.19205307916346
3.19327880415552,-0.756190343106013,0.915473504320412,-0.159283161214404
3.19338720838801,-0.776879825986136,0.903208326022522,-0.126328500036362
3.19349561262049,-0.79666836581462,0.889895691425821,-0.0932273256111716
3.19360401685298,-0.815533026762586,0.875551043881733,-0.0600180171191133
3.19371242108546,-0.833451914387224,0.860191013314682,-0.0267390989274168
3.19382082531795,-0.850404260924192,0.843833417360099,0.00657084356409005
3.19392922955044,-0.866370390670955,0.826497220705169,0.0398731699657845
3.19399684270209,-0.875821451936321,0.815197371082498,0.0606240808538216
3.19406445585374,-0.884877280370597,0.803529811118914,0.0813474692516917
3.19413206900539,-0.89353383599526,0.791499758617714,0.102034077377551
3.19419968215704,-0.901787206663573,0.779112632941074,0.122674573722517
3.19429184144609,-0.912380654962857,0.761663843076803,0.150716811886095
3.19438400073513,-0.922209361398658,0.743576564008456,0.17863279739019
3.194444200614,-0.928212927938359,0.73142387381728,0.196789054121058
3.19450440049286,-0.933884464255303,0.719009633276937,0.214874830978375
3.19456460037173,-0.939221966938202,0.706338250988139,0.232883715950084
3.1946248002506,-0.944223514778575,0.69341426030376,0.250809254474826
3.19469730051034,-0.949798509375454,0.677520920953375,0.272277588422068
3.19476980077009,-0.954880779207456,0.661276103480304,0.293604675727127
3.19484230102984,-0.95946770140174,0.644688236293054,0.314779465108707
3.19491480128959,-0.963556882163442,0.627765935031301,0.335790947132146
3.19498730154934,-0.967146213980704,0.610517974146094,0.356628239834619
3.19505980180909,-0.970233821986093,0.592953308210497,0.377280513775641
3.19514796914621,-0.973310238903638,0.571179638670768,0.402130600232884
3.19523613648334,-0.975639966298516,0.548967716977811,0.426672249320697
3.19532430382046,-0.977221227000465,0.52633461722922,0.45088660977128
3.19541247115759,-0.978052795010134,0.503297715410243,0.47475507959986
3.19550063849471,-0.978134043540966,0.479874693537842,0.498259350003143
3.19558880583183,-0.97746489873252,0.456083522284816,0.521381376447715
3.19567697316896,-0.976045884846122,0.431942456954938,0.544103427891194
3.19576514050608,-0.973878079712265,0.407470016742333,0.566408062969931
3.19585330784321,-0.970963156817868,0.382684978356158,0.588278178461725
3.19596171207569,-0.966358519922072,0.351811259384794,0.614547260537332
3.19607011630817,-0.960633176054815,0.320529368825119,0.640103807229723
3.19617852054065,-0.953793774985761,0.28887568548513,0.664918089500688
3.19628692477313,-0.945848259603987,0.256886941726434,0.688961317877548
3.19639532900561,-0.936805839876234,0.224600260826756,0.712205579049509
3.19650373323809,-0.926677007934765,0.192053081583319,0.734623926351449
3.19661213747057,-0.915473504131629,0.159283163670108,0.756190340461566
3.19672054170305,-0.90320832601221,0.126328502521525,0.776879823490695
3.19682894593553,-0.889895691591662,0.0932273281193683,0.796668363472316
3.19693735016801,-0.875551044221061,0.0600180196437769,0.815533024577258
3.19704575440049,-0.860191013824636,0.026739101462092,0.833451912362547
3.19715415863297,-0.843833418037775,-0.00657084102587983,0.850404259063638
3.19726256286545,-0.826497221547289,-0.0398731674305802,0.866370388977878
3.19733017601784,-0.815197371900406,-0.0606240785496083,0.875821450450016
3.19739778917022,-0.803529811903305,-0.0813474671802949,0.884877279083584
3.19746540232261,-0.791499759359429,-0.102034075540498,0.893533834899934
3.19753301547499,-0.779112633631016,-0.122674572121041,0.901787205752036
3.19762517473545,-0.761663849385522,-0.150716801625682,0.912380651011227
3.19771733399592,-0.743576576325076,-0.178632778560164,0.922209354885219
3.1977775338987,-0.731423881571532,-0.196789042571489,0.928212924143009
3.19783773380148,-0.719009636257326,-0.214874826658641,0.933884462915962
3.19789793370427,-0.706338248988473,-0.232883718801783,0.939221967790269
3.19795813360705,-0.693414253123195,-0.2508092644319,0.944223517555087
3.19803063386698,-0.677520913619428,-0.272277598389118,0.949798512008546
3.19810313412691,-0.661276095993825,-0.293604685699879,0.954880781693704
3.19817563438684,-0.64468822865518,-0.314779475082757,0.959467703737936
3.19824813464677,-0.627765927243191,-0.33579095710315,0.963556884346353
3.1983206349067,-0.610517966209069,-0.35662824979813,0.967146216007202
3.19839313516662,-0.592953300125883,-0.377280523727165,0.970233823853024
3.19848130247859,-0.571179636740449,-0.402130603054075,0.973310239794524
3.19856946979055,-0.548967721451785,-0.426672245187675,0.975639966639419
3.19865763710251,-0.526334628342718,-0.450886598876304,0.977221227219003
3.19874580441448,-0.503297733383641,-0.474755062151031,0.978052795534677
3.19883397172644,-0.479874718576045,-0.498259326224084,0.978134044800094
3.1989221390384,-0.456083554577133,-0.521381346577111,0.977464901154239
3.19901030635036,-0.43194249667452,-0.544103392182677,0.976045888857209
3.19909847366233,-0.407470064046217,-0.566408021691478,0.97387808573769
3.19918664097429,-0.382685033384855,-0.588278131895271,0.970963165280122
3.19929504520669,-0.351811315230883,-0.614547215253409,0.966358530484263
3.1994034494391,-0.320529425421685,-0.640103763285633,0.96063318870733
3.1995118536715,-0.288875742764525,-0.664918046952048,0.953793789716592
3.1996202579039,-0.256886999620127,-0.688961276778498,0.945848276398635
3.19972866213631,-0.22460031926552,-0.712205539452347,0.936805858717888
3.19983706636871,-0.192053140497204,-0.734623888306993,0.926677028804147
3.19994547060111,-0.159283222988583,-0.756190304018698,0.915473527007238
3.20005387483351,-0.126328562173514,-0.776879788696566,0.903208350870095
3.20016227906592,-0.0932273880334097,-0.796668330372103,0.889895718405483
3.20027068329832,-0.0600180797480224,-0.815532993214297,0.875551072962302
3.20037908753072,-0.0267391616843921,-0.833451882778104,0.860191044462482
3.20048749176313,0.00657078075783073,-0.850404231297027,0.843833450539202
3.20059589599553,0.0398731071892211,-0.866370363066292,0.826497255877043
3.20066350920642,0.0606240363199387,-0.875821433726796,0.815197397406837
3.20073112241731,0.0813474429349969,-0.884877270873894,0.803529827938867
3.2007987356282,0.102034069227962,-0.893533834517933,0.791499765289926
3.20086634883908,0.122674583665504,-0.901787212501724,0.779112628836201
3.20095850808621,0.150716809083529,-0.912380656029687,0.761663846946121
3.20105066733334,0.178632781963237,-0.922209358391981,0.743576576428724
3.20111086723177,0.196789044659695,-0.92821292720516,0.731423882545456
3.2011710671302,0.214874827442199,-0.933884465581536,0.719009638139346
3.20123126702863,0.232883718292341,-0.939221970107714,0.706338251815359
3.20129146692706,0.250809262642452,-0.94422351957334,0.693414256930834
3.20136396718936,0.272277597324094,-0.94979851429118,0.677520916967105
3.20143646745166,0.293604685351719,-0.954880784209077,0.661276098857284
3.20150896771396,0.314779475442852,-0.95946770645388,0.64468823101096
3.20158146797626,0.335790958161743,-0.963556887230494,0.627765929068748
3.20165396823856,0.356628251544437,-0.967146219026978,0.610517967482567
3.20172646850086,0.377280526149275,-0.970233826975732,0.592953300826481
3.20181463579227,0.40213059971799,-0.973310242279704,0.571179642561688
3.20190280308369,0.426672236241251,-0.975639968835555,0.548967732594299
3.20199097037511,0.450886584480481,-0.977221229475571,0.526334644995059
3.20207913766652,0.474755042479692,-0.978052798201635,0.503297755721895
3.20216730495794,0.498259301463676,-0.978134048227482,0.479874746763779
3.20225547224936,0.521381316926451,-0.977464905691422,0.456083588764936
3.20234363954077,0.544103357852563,-0.976045894852579,0.431942537000016
3.20243180683219,0.566407982904359,-0.973878093537958,0.407470110633588
3.20251997412361,0.588278088885139,-0.970963175229849,0.382685086344684
3.20262837835594,0.614547173410787,-0.966358542344434,0.351811368933613
3.20273678258828,0.640103722662645,-0.960633202469174,0.320529479806498
3.20284518682061,0.664918007599323,-0.95379380536912,0.288875797769777
3.20295359105295,0.688961238745147,-0.945848293928683,0.256887055183509
3.20306199528528,0.712205502785983,-0.936805878110093,0.224600375324093
3.20317039951762,0.734623853053712,-0.926677050040994,0.19205319698725
3.20327880374995,0.756190270222985,-0.915473550068979,0.159283279845961
3.20338720798229,0.776879756401264,-0.903208375734856,0.126328619333556
3.20349561221462,0.796668299618295,-0.889895745049366,0.093227445431053
3.20360401644696,0.815532964041346,-0.875551101359258,0.0600181373179242
3.2037124206793,0.833451855223568,-0.860191074584473,0.0267392193609388
3.20382082491163,0.850404205396556,-0.843833482356133,-0.00657072304047253
3.20392922914397,0.866370338853708,-0.82649728935681,-0.039873049496892
3.20399684241261,0.875821418493192,-0.815197422090118,-0.0606239964031021
3.20406445568125,0.884877263952071,-0.803529843187644,-0.081347420764427
3.20413206894989,0.893533835230017,-0.791499770479406,-0.102034064750628
3.20419968221853,0.90178722015969,-0.779112623355346,-0.122674596804366
3.2042918414809,0.912380664996447,-0.761663838202424,-0.150716826794028
3.20438400074327,0.922209368408825,-0.743576564220984,-0.178632804187853
3.20444420061344,0.928212934059866,-0.731423875769938,-0.196789058289962
3.2045044004836,0.933884469584123,-0.719009637045171,-0.214874832538929
3.20456460035376,0.939221971571192,-0.706338256645681,-0.232883714925531
3.20462480022393,0.944223518813378,-0.693414267922255,-0.250809250891158
3.20469730048843,0.949798513940594,-0.677520927648264,-0.272277586292345
3.20476980075294,0.954880784239022,-0.661276109202887,-0.293604675036166
3.20484230101744,0.959467706835463,-0.644688240996307,-0.314779465839158
3.20491480128195,0.963556887934307,-0.627765938669899,-0.335790949264425
3.20498730154646,0.967146220023346,-0.610517976676322,-0.356628243347053
3.20505980181096,0.970233828234756,-0.592953309590406,-0.377280518644363
3.20514796910702,0.973310243877257,-0.571179650286605,-0.402130593590637
3.20523613640307,0.975639970693541,-0.548967739230539,-0.426672231463019
3.20532430369912,0.977221231515524,-0.526334650495596,-0.450886581019977
3.20541247099518,0.978052800344836,-0.50329776004236,-0.474755040302508
3.20550063829123,0.978134050395077,-0.479874749862618,-0.498259300532454
3.20558880558728,0.977464907804426,-0.456083590603445,-0.521381317200984
3.20567697288334,0.976045896832195,-0.431942537542344,-0.544103359289896
3.20576514017939,0.973878095305595,-0.407470109846832,-0.566407985458788
3.20585330747545,0.970963176707236,-0.382685084198975,-0.588278092508273
3.20596171170779,0.966358543629734,-0.351811366713111,-0.614547176916617
3.20607011594013,0.960633203563193,-0.320529477517351,-0.640103726045901
3.20617852017247,0.953793806273011,-0.288875795418204,-0.664918010854845
3.20628692440481,0.945848294643804,-0.256887052775828,-0.688961241868005
3.20639532863715,0.936805878637976,-0.224600372866569,-0.712205505771418
3.2065037328695,0.926677050383391,-0.192053194486305,-0.734623855897105
3.20661213710184,0.915473550227909,-0.159283277308072,-0.756190272919836
3.20672054133418,0.9032083757125,-0.126328616765246,-0.77687975894725
3.20682894556652,0.889895744848114,-0.0932274428388376,-0.796668302009291
3.20693734979886,0.875551100981773,-0.0600181347083937,-0.815532966273388
3.20704575403121,0.860191074033579,-0.0267392167407183,-0.833451857292862
3.20715415826355,0.843833481634759,0.00657072566480397,-0.850404207299554
3.20726256249589,0.82649728846828,0.0398730521186787,-0.866370340586967
3.20733017576371,0.815197421238478,0.0606239987681734,-0.875821420006653
3.20739778903154,0.803529842383124,0.0813474228709895,-0.884877265254087
3.20746540229936,0.791499769732129,0.102034066597204,-0.893533836329314
3.20753301556719,0.779112622675209,0.122674598389846,-0.901787221065068
3.20762517485811,0.761663831909702,0.150716837029363,-0.912380668939047
3.20771733414903,0.743576551927011,0.178632822983864,-0.922209374910882
3.20777753399532,0.731423868029891,0.196789069818791,-0.928212937848717
3.20783773384161,0.719009634070242,0.214874836851076,-0.933884470921375
3.2078979336879,0.706338258641653,0.232883712079279,-0.939221970720965
3.20795813353419,0.69341427508967,0.250809240952414,-0.944223516042056
3.20803063379852,0.677520934967553,0.272277576345209,-0.949798511312784
3.20810313406286,0.661276116673076,0.293604665084913,-0.954880781757983
3.20817563432719,0.644688248616267,0.314779455888082,-0.959467704504356
3.20824813459152,0.627765946438402,0.335790939317906,-0.963556885756293
3.20832063485585,0.610517984592002,0.356628233409512,-0.967146218001499
3.20839313512018,0.592953317651817,0.377280508720214,-0.970233826372019
3.20848130244139,0.571179652194827,0.402130590794873,-0.973310242989675
3.2085694697626,0.548967734735527,0.426672235619604,-0.975639970355135
3.20865763708381,0.526334639362123,0.450886591936632,-0.977221231298723
3.20874580440502,0.503297742050256,0.474755057771125,-0.978052799821377
3.20883397172623,0.479874724806931,0.49825932432952,-0.978134049136433
3.20892213904744,0.456083558295014,0.521381347087797,-0.977464905382802
3.20901030636865,0.431942497807974,0.544103395012876,-0.97604589282085
3.20909847368986,0.407470062529558,0.566408026750081,-0.97387808927963
3.20918664101107,0.382685029158438,0.588278139085879,-0.970963168244294
3.20929504524348,0.35181131085645,0.61454722221025,-0.966358533066689
3.2094034494759,0.32052942091152,0.640103769998292,-0.960633190909818
3.20951185370831,0.288875738130967,0.664918053410438,-0.953793791541375
3.20962025794072,0.256886994875645,0.688961282972828,-0.945848277848457
3.20972866217314,0.224600314422751,0.712205545373122,-0.936805859795856
3.20983706640555,0.192053135568895,0.734623893944975,-0.926677029513858
3.20994547063797,0.159283217987518,0.756190309365094,-0.915473527352569
3.21005387487038,0.126328557112675,0.776879793742807,-0.903208350855484
3.2101622791028,0.0932273829257677,0.79666833511005,-0.889895718035841
3.21027068333521,0.0600180746066413,0.815532997636107,-0.8755510722428
3.21037908756762,0.0267391565224094,0.833451886876382,-0.860191043398777
3.21048749180004,-0.00657078592728879,0.850404235064627,-0.843833449137319
3.21059589603245,-0.0398731123530088,0.866370366496491,-0.826497254143492
3.21066350924179,-0.0606240409948687,0.875821436729766,-0.815197395734889
3.21073112245112,-0.0813474471174391,0.884877273465572,-0.803529826348115
3.21079873566046,-0.102034072914962,0.893533836714741,-0.791499763799763
3.21086634886979,-0.122674586854738,0.901787214320332,-0.779112627465572
3.21095850817406,-0.150716829583288,0.91238066392623,-0.761663834342934
3.21105066747832,-0.178632819595,0.92220937141029,-0.743576551815318
3.21111086732895,-0.196789067740356,0.928212934791043,-0.731423867050669
3.21117106717958,-0.214874836072941,0.933884468258789,-0.719009632185837
3.21123126703021,-0.23288371258984,0.939221968405197,-0.706338255815326
3.21129146688084,-0.250809242738746,0.944223514024444,-0.693414271285674
3.21136396714278,-0.272277577401368,0.949798509029339,-0.677520931627925
3.21143646740472,-0.29360466541854,0.95488077924079,-0.661276113822262
3.21150896766666,-0.314779455507886,0.959467701785792,-0.644688246277869
3.2115814679286,-0.335790938233751,0.963556882868979,-0.627765944635197
3.21165396819054,-0.356628231632255,0.967146214978243,-0.610517983345923
3.21172646845249,-0.377280506261903,0.97023382324587,-0.592953316983965
3.21181463579421,-0.402130594085787,0.97331024050109,-0.571179646415313
3.21190280313593,-0.426672244512132,0.975639968156243,-0.548967723644095
3.21199097047765,-0.450886606270039,0.977221229040645,-0.526334622770596
3.21207913781937,-0.474755077371934,0.9780527971547,-0.503297719782738
3.21216730516109,-0.498259349011557,0.978134045711762,-0.479874696700184
3.21225547250282,-0.521381376652623,0.97746490085125,-0.45608352419858
3.21234363984454,-0.544103429250154,0.976045886834621,-0.431942457584456
3.21243180718626,-0.566408065437613,0.973878081492558,-0.407470016054945
3.21251997452798,-0.5882781819902,0.970963158312426,-0.382684976322223
3.21262837876046,-0.6145472639497,0.966358521228924,-0.351811257279186
3.21273678299294,-0.640103810520972,0.960633177174874,-0.320529366653879
3.21284518722543,-0.664918092665865,0.953793775920253,-0.288875683254382
3.21295359145791,-0.688961320911908,0.945848260354262,-0.256886939442355
3.21306199569039,-0.712205581948353,0.936805840444001,-0.224600258495635
3.21317039992287,-0.734623929110405,0.926677008321788,-0.192053079211362
3.21327880415535,-0.756190343076317,0.915473504339973,-0.159283161263652
3.21338720838783,-0.776879825957166,0.903208326044145,-0.126328500086928
3.21349561262032,-0.796668365786529,0.889895691449568,-0.0932273256630254
3.2136040168528,-0.815533026735448,0.875551043907639,-0.0600180171721643
3.21371242108528,-0.833451914361142,0.860191013342749,-0.0267390989816126
3.21382082531776,-0.850404260899221,0.843833417390439,0.00657084350876914
3.21392922955024,-0.866370390647191,0.826497220737798,0.0398731699093904
3.21399684270196,-0.8758214519219,0.815197371105941,0.0606240808160222
3.21406445585367,-0.8848772803649,0.803529811132455,0.0813474692324488
3.21413206900538,-0.893533835997508,0.791499758620766,0.102034077376761
3.21419968215709,-0.901787206673079,0.77911263293291,0.122674573740186
3.21429184144615,-0.912380654973912,0.761663843064891,0.150716811909049
3.21438400073522,-0.922209361410916,0.743576563992625,0.178632797418333
3.21444420061405,-0.928212927946891,0.731423873808039,0.196789054138841
3.21450440049288,-0.933884464260405,0.719009633274593,0.214874830985842
3.21456460037171,-0.939221966940261,0.706338250992972,0.232883715947303
3.21462480025054,-0.944223514777991,0.693414260316067,0.250809254461927
3.21469730051031,-0.949798509376299,0.677520920962692,0.272277588413602
3.21476980077007,-0.954880779209516,0.661276103486452,0.293604675723064
3.21484230102983,-0.959467701404854,0.64468823629591,0.314779465108968
3.2149148012896,-0.963556882167404,0.627765935030735,0.335790947136674
3.21498730154936,-0.967146213985253,0.610517974141982,0.356628239843331
3.21505980180912,-0.970233821991073,0.592953308202626,0.377280513788462
3.21514796914623,-0.973310238907863,0.571179638666584,0.402130600241304
3.21523613648334,-0.975639966302249,0.548967716977381,0.426672249324822
3.21532430382045,-0.977221227003901,0.526334617232676,0.450886609771209
3.21541247115756,-0.978052795013516,0.503297715417782,0.474755079595753
3.21550063849467,-0.978134043544643,0.479874693549556,0.498259349995098
3.21558880583178,-0.977464898736699,0.456083522300842,0.521381376435888
3.21567697316889,-0.976045884851073,0.43194245697531,0.544103427875774
3.215765140506,-0.973878079718238,0.407470016767187,0.566408062951051
3.21585330784311,-0.970963156825133,0.382684978385591,0.588278178439542
3.21596171207559,-0.966358519930469,0.351811259415152,0.614547260515309
3.21607011630806,-0.960633176064385,0.32052936885637,0.640103807207989
3.21617852054054,-0.953793774996514,0.288875685517207,0.664918089479294
3.21628692477302,-0.945848259615913,0.256886941759374,0.688961317856528
3.2163953290055,-0.936805839889399,0.22460026086055,0.712205579028867
3.21650373323798,-0.926677007949177,0.192053081617849,0.734623926331314
3.21661213747046,-0.915473504147358,0.159283163705402,0.756190340441949
3.21672054170294,-0.903208326029224,0.126328502557548,0.776879823471694
3.21682894593541,-0.88989569161,0.0932273281560865,0.796668363453926
3.21693735016789,-0.87555104424073,0.0600180196811456,0.815533024559581
3.21704575440037,-0.860191013845675,0.0267391015000697,0.833451912345624
3.21715415863285,-0.843833418060173,-0.00657084098733728,0.850404259047497
3.21726256286533,-0.826497221571081,-0.0398731673915441,0.866370388962609
3.21733017601775,-0.815197371918149,-0.0606240785227739,0.875821450440897
3.21739778917018,-0.803529811914538,-0.0813474671656282,0.88487727908019
3.2174654023226,-0.791499759363752,-0.102034075537957,0.893533834901733
3.21753301547503,-0.779112633627999,-0.122674572130596,0.901787205758578
3.21762517473552,-0.761663849377236,-0.150716801643163,0.912380651020394
3.217717333996,-0.743576576311113,-0.178632778585464,0.92220935489658
3.21777753389875,-0.731423881563956,-0.196789042586748,0.928212924150666
3.21783773380151,-0.719009636256362,-0.214874826663945,0.933884462920337
3.21789793370426,-0.706338248994422,-0.232883718797233,0.939221967791628
3.21795813360701,-0.693414253136368,-0.250809264417559,0.944223517553911
3.21803063386692,-0.677520913636534,-0.272277598369854,0.949798512006387
3.21810313412683,-0.6612760960151,-0.293604685675749,0.954880781690865
3.21817563438674,-0.644688228680727,-0.314779475053883,0.959467703734605
3.21824813464666,-0.627765927273159,-0.335790957069606,0.963556884342791
3.21832063490657,-0.610517966243569,-0.35662824976002,0.967146216003555
3.21839313516648,-0.592953300165095,-0.377280523684584,0.970233823849702
3.21848130247843,-0.571179636783631,-0.402130603008349,0.973310239791973
3.21856946979038,-0.548967721498949,-0.426672245139008,0.975639966637935
3.21865763710233,-0.526334628394033,-0.450886598824786,0.977221227218821
3.21874580441428,-0.503297733439223,-0.474755062096773,0.978052795535972
3.21883397172623,-0.479874718635901,-0.498259326167246,0.978134044803177
3.21892213903818,-0.456083554641298,-0.521381346517907,0.977464901159205
3.21901030635013,-0.431942496743137,-0.544103392121215,0.976045888864362
3.21909847366208,-0.407470064119321,-0.56640802162792,0.973878085747223
3.21918664097403,-0.382685033462436,-0.588278131829814,0.970963165292222
3.21929504520643,-0.351811315309232,-0.614547215189826,0.966358530499043
3.21940344943884,-0.320529425500739,-0.640103763224026,0.960633188724753
3.21951185367124,-0.288875742844153,-0.664918046892485,0.953793789736602
3.21962025790365,-0.256886999700257,-0.68896127672098,0.945848276421205
3.21972866213605,-0.224600319346035,-0.712205539396967,0.93680585874301
3.21983706636845,-0.192053140577995,-0.734623888253783,0.926677028831746
3.21994547060086,-0.159283223069596,-0.756190303967702,0.9154735270373
3.22005387483326,-0.126328562254663,-0.776879788647845,0.903208350902493
3.22016227906566,-0.0932273881145722,-0.796668330325661,0.889895718440222
3.22027068329807,-0.0600180798291371,-0.815532993170176,0.875551072999337
3.22037908753047,-0.0267391617653812,-0.833451882736397,0.860191044501735
3.22048749176288,0.00657078067710533,-0.850404231257736,0.843833450580591
3.22059589599528,0.0398731071088507,-0.866370363029431,0.826497255920537
3.22066350920624,0.0606240362628093,-0.875821433701722,0.815197397438902
3.22073112241721,0.0813474429010355,-0.884877270859701,0.803529827958646
3.22079873562817,0.102034069217121,-0.893533834513775,0.79149976529663
3.22086634883914,0.122674583677674,-0.901787212506694,0.779112628829005
3.22095850808631,0.150716809109674,-0.91238065603931,0.761663846929632
3.22105066733348,0.178632782003174,-0.922209358405573,0.743576576402398
3.22111086723186,0.196789044684172,-0.928212927213043,0.731423882528873
3.22117106713024,0.21487482745132,-0.933884465584229,0.719009638132895
3.22123126702862,0.232883718286221,-0.939221970105845,0.706338251819598
3.221291466927,0.250809262621184,-0.944223519567374,0.693414256946191
3.22136396718929,0.272277597301076,-0.949798514285213,0.677520916984133
3.22143646745159,0.293604685326997,-0.954880784203058,0.661276098876064
3.22150896771388,0.314779475416467,-0.959467706448026,0.644688231031508
3.22158146797617,0.335790958133737,-0.963556887224847,0.627765929091111
3.22165396823847,0.35662825151482,-0.967146219021632,0.610517967506829
3.22172646850076,0.377280526118136,-0.970233826970837,0.592953300852672
3.22181463579219,0.402130599691355,-0.973310242276055,0.571179642584652
3.22190280308362,0.426672236219055,-0.975639968832912,0.54896773261384
3.22199097037505,0.450886584462653,-0.977221229473701,0.526334645011008
3.22207913766649,0.474755042466107,-0.978052798200292,0.503297755734146
3.22216730495792,0.49825930145428,-0.978134048226397,0.479874746772078
3.22225547224935,0.521381316921025,-0.977464905690326,0.456083588769251
3.22234363954078,0.544103357850986,-0.976045894851272,0.431942537000253
3.22243180683222,0.566407982906578,-0.973878093536115,0.407470110629541
3.22251997412365,0.588278088890912,-0.970963175227245,0.382685086336336
3.22262837835598,0.614547173416673,-0.966358542341412,0.351811368924688
3.22273678258832,0.64010372266861,-0.960633202465608,0.320529479797031
3.22284518682066,0.664918007605272,-0.95379380536506,0.288875797759767
3.22295359105299,0.688961238751068,-0.945848293924078,0.256887055172998
3.22306199528533,0.712205502791889,-0.936805878104922,0.224600375313001
3.22317039951767,0.734623853059597,-0.926677050035234,0.192053196975612
3.22327880375,0.756190270228759,-0.915473550062609,0.159283279833829
3.22338720798234,0.776879756406897,-0.903208375727873,0.126328619320937
3.22349561221468,0.796668299623749,-0.88989574504174,0.0932274454179982
3.22360401644701,0.815532964046594,-0.875551101350994,0.0600181373044027
3.22371242067935,0.833451855228581,-0.860191074575562,0.0267392193469677
3.22382082491169,0.850404205401322,-0.843833482346488,-0.00657072305484147
3.22392922914402,0.866370338858122,-0.826497289346474,-0.0398730495116632
3.22399684241265,0.875821418495553,-0.815197422081672,-0.0606239964139081
3.22406445568128,0.884877263952461,-0.803529843181217,-0.0813474207712616
3.22413206894991,0.893533835228631,-0.791499770475149,-0.102034064753493
3.22419968221854,0.901787220156681,-0.779112623353395,-0.122674596803298
3.22429184148094,0.912380664996771,-0.76166383819455,-0.150716826802221
3.22438400074334,0.922209368412005,-0.743576564206764,-0.178632804205252
3.22444420061348,0.928212934060872,-0.731423875759094,-0.196789058301802
3.22450440048363,0.933884469583193,-0.719009637037955,-0.214874832545251
3.22456460035378,0.939221971568561,-0.706338256642232,-0.232883714926347
3.22462480022392,0.944223518809209,-0.693414267922701,-0.250809250886533
3.22469730048843,0.949798513936826,-0.677520927647619,-0.272277586289247
3.22476980075294,0.954880784235685,-0.661276109201055,-0.293604675034632
3.22484230101745,0.959467706832348,-0.644688240993226,-0.314779465839139
3.22491480128197,0.963556887931424,-0.627765938665543,-0.335790949265907
3.22498730154648,0.96714622002061,-0.610517976670598,-0.356628243350033
3.22505980181099,0.970233828232067,-0.592953309583341,-0.377280518648762
3.22514796910706,0.973310243874879,-0.571179650275029,-0.402130593599902
3.22523613640313,0.975639970691254,-0.548967739214295,-0.426672231476965
3.2253243036992,0.977221231512995,-0.526334650474512,-0.450886581038474
3.22541247099527,0.978052800341756,-0.503297760016414,-0.474755040325382
3.22550063829134,0.978134050391105,-0.479874749831544,-0.498259300559561
3.22558880558741,0.977464907799308,-0.456083590567213,-0.521381317232131
3.22567697288348,0.976045896825659,-0.431942537500809,-0.544103359324871
3.22576514017956,0.973878095297308,-0.407470109799907,-0.566407985497412
3.22585330747563,0.970963176696918,-0.382685084146546,-0.588278092550381
3.22596171170797,0.966358543617544,-0.351811366660156,-0.614547176957393
3.22607011594031,0.960633203549229,-0.320529477463913,-0.640103726085291
3.22617852017265,0.953793806257221,-0.288875795364359,-0.664918010892897
3.22628692440499,0.945848294626237,-0.256887052721591,-0.688961241904625
3.22639532863733,0.936805878618631,-0.224600372812004,-0.712205505806605
3.22650373286968,0.926677050362312,-0.192053194431532,-0.734623855930763
3.22661213710202,0.915473550205099,-0.159283277253105,-0.756190272951981
3.22672054133436,0.903208375687964,-0.126328616710131,-0.77687975897783
3.2268289455667,0.889895744821964,-0.0932274427836694,-0.796668302038311
3.22693734979904,0.875551100954011,-0.0600181346532275,-0.815532966300791
3.22704575403138,0.860191074004269,-0.0267392166855995,-0.833451857318651
3.22715415826372,0.843833481603902,0.00657072571975809,-0.850404207323703
3.22726256249606,0.826497288435967,0.0398730521734523,-0.866370340609413
3.22733017576384,0.81519742121396,0.0606239988070566,-0.875821420020997
3.22739778903161,0.803529842366962,0.0813474228940417,-0.884877265260969
3.22746540229938,0.791499769724862,0.102034066604477,-0.893533836329339
3.22753301556716,0.779112622677429,0.122674598381403,-0.901787221058819
3.22762517485806,0.761663831916964,0.150716837013307,-0.912380668930286
3.22771733414895,0.743576551939674,0.178632822960327,-0.922209374900029
3.22777753399527,0.731423868037004,0.196789069804097,-0.928212937841118
3.22783773384159,0.71900963407146,0.214874836845239,-0.933884470916731
3.22789793368791,0.706338258636791,0.232883712082171,-0.939221970718948
3.22795813353423,0.69341427507838,0.250809240964022,-0.944223516042395
3.22803063379856,0.677520934956748,0.272277576355883,-0.949798511312596
3.22810313406289,0.661276116662781,0.293604665094655,-0.954880781757435
3.22817563432721,0.644688248606526,0.314779455896898,-0.959467704503423
3.22824813459154,0.627765946429239,0.335790939325816,-0.963556885755045
3.22832063485587,0.610517984583476,0.356628233416478,-0.967146217999932
3.2283931351202,0.592953317643935,0.377280508726278,-0.970233826370197
3.2284813024414,0.571179652188451,0.402130590799124,-0.973310242987551
3.2285694697626,0.548967734730688,0.426672235622071,-0.975639970352754
3.22865763708381,0.526334639358869,0.450886591937353,-0.977221231296219
3.22874580440501,0.503297742048637,0.474755057770197,-0.978052799818843
3.22883397172621,0.479874724807044,0.498259324326973,-0.97813404913399
3.22892213904742,0.456083558296863,0.521381347083698,-0.977464905380558
3.22901030636862,0.4319424978116,0.544103395007315,-0.976045892818891
3.22909847368983,0.40747006253504,0.56640802674305,-0.973878089278082
3.22918664101103,0.382685029165735,0.588278139077505,-0.970963168243186
3.22929504524344,0.351811310863492,0.614547222202453,-0.966358533065961
3.22940344947586,0.320529420918237,0.640103769991141,-0.960633190909385
3.22951185370828,0.288875738137302,0.664918053403914,-0.953793791541205
3.22962025794069,0.256886994881579,0.688961282966883,-0.945848277848422
3.22972866217311,0.224600314428255,0.712205545367761,-0.936805859795978
3.22983706640552,0.192053135573921,0.734623893940221,-0.926677029514125
3.22994547063794,0.159283217992133,0.756190309360849,-0.915473527352975
3.23005387487036,0.126328557116766,0.776879793739167,-0.903208350855886
3.23016227910277,0.09322738292935,0.796668335106882,-0.889895718036221
3.23027068333519,0.0600180746097428,0.815532997633448,-0.875551072243137
3.2303790875676,0.0267391565250048,0.833451886874115,-0.860191043399111
3.23048749180002,-0.00657078592527146,0.850404235062823,-0.843833449137545
3.23059589603244,-0.0398731123515062,0.866370366495146,-0.826497254143614
3.23066350924177,-0.0606240409916967,0.875821436727733,-0.81519739573605
3.23073112245109,-0.0813474471125335,0.884877273462945,-0.8035298263504
3.23079873566042,-0.102034072908338,0.893533836711557,-0.791499763803173
3.23086634886975,-0.122674586846394,0.901787214316635,-0.779112627470258
3.23095850817399,-0.150716829565692,0.912380663919504,-0.761663834353793
3.23105066747822,-0.178632819568235,0.922209371400998,-0.743576551832749
3.23111086732889,-0.196789067723853,0.928212934785597,-0.731423867061705
3.23117106717955,-0.214874836066613,0.93388446825675,-0.71900963219013
3.23123126703021,-0.232883712593594,0.939221968406199,-0.706338255812608
3.23129146688087,-0.250809242752479,0.944223514028154,-0.693414271275633
3.23136396714281,-0.272277577414506,0.949798509032692,-0.677520931618136
3.23143646740475,-0.293604665431087,0.954880779243785,-0.661276113812709
3.23150896766669,-0.314779455519867,0.959467701788453,-0.644688246268583
3.23158146792863,-0.335790938245141,0.963556882871364,-0.627765944626174
3.23165396819057,-0.35662823164307,0.967146214980356,-0.610517983337248
3.23172646845251,-0.377280506272137,0.970233823247714,-0.592953316975571
3.2318146357942,-0.4021305940881,0.973310240501924,-0.571179646413786
3.2319028031359,-0.426672244506755,0.975639968156495,-0.548967723649713
3.23199097047759,-0.450886606257202,0.977221229040809,-0.526334622783575
3.23207913781929,-0.47475507735184,0.978052797155216,-0.503297719803336
3.23216730516098,-0.498259348984407,0.978134045713067,-0.479874696728638
3.23225547250267,-0.521381376618739,0.977464900853875,-0.456083524235117
3.23234363984437,-0.544103429209767,0.976045886839055,-0.431942457629291
3.23243180718606,-0.56640806539109,0.973878081499291,-0.407470016108184
3.23251997452775,-0.588278181937812,0.970963158321869,-0.382684976384041
3.23262837876024,-0.614547263899471,0.966358521240571,-0.351811257341064
3.23273678299272,-0.640103810472961,0.960633177188694,-0.320529366715701
3.23284518722521,-0.664918092620058,0.953793775936144,-0.288875683316039
3.23295359145769,-0.688961320868361,0.945848260372111,-0.256886939503742
3.23306199569018,-0.712205581907087,0.936805840463719,-0.224600258556616
3.23317039992266,-0.734623929071415,0.926677008343334,-0.192053079271876
3.23327880415515,-0.756190343039588,0.915473504363246,-0.159283161323638
3.23338720838763,-0.776879825922739,0.903208326069012,-0.126328500146277
3.23349561262012,-0.796668365754329,0.889895691476058,-0.0932273257216947
3.2336040168526,-0.815533026705511,0.875551043935578,-0.0600180172300397
3.23371242108509,-0.833451914333411,0.860191013372067,-0.0267390990386557
3.23382082531757,-0.850404260873669,0.843833417421049,0.00657084345266083
3.23392922955006,-0.866370390623879,0.826497220769582,0.0398731698542935
3.23399684270182,-0.875821451906402,0.815197371130385,0.060624080775999
3.23406445585358,-0.884877280356565,0.803529811149162,0.0813474692074354
3.23413206900534,-0.893533835995854,0.791499758629088,0.102034077366777
3.2341996821571,-0.901787206677482,0.779112632932422,0.122674573745102
3.23429184144613,-0.912380654975054,0.761663843069899,0.150716811905196
3.23438400073517,-0.92220936140934,0.743576564003478,0.178632797405844
3.23444420061401,-0.928212927947103,0.731423873815805,0.196789054131247
3.23450440049286,-0.933884464262266,0.719009633279186,0.214874830983108
3.23456460037171,-0.939221966943633,0.706338250994213,0.232883715949404
3.23462480025056,-0.944223514782618,0.693414260313865,0.250809254468762
3.23469730051031,-0.949798509380058,0.677520920962761,0.272277588417307
3.23476980077006,-0.954880779212592,0.661276103488939,0.293604675723638
3.23484230102982,-0.959467701407307,0.644688236300877,0.314779465106424
3.23491480128957,-0.963556882169389,0.627765935038325,0.335790947131089
3.23498730154932,-0.967146213986991,0.610517974152216,0.356628239834798
3.23505980180907,-0.970233821992659,0.592953308215668,0.377280513777003
3.23514796914615,-0.973310238908749,0.571179638688691,0.402130600220082
3.23523613648322,-0.975639966303036,0.548967717008949,0.426672249294126
3.2353243038203,-0.977221227005306,0.526334617274065,0.450886609731243
3.23541247115737,-0.978052795016067,0.503297715469182,0.474755079546893
3.23550063849444,-0.978134043548944,0.479874693611255,0.498259349937667
3.23558880583152,-0.977464898743341,0.456083522373125,0.521381376370241
3.23567697316859,-0.976045884860701,0.431942457058453,0.544103427802256
3.23576514050566,-0.973878079731367,0.407470016861283,0.566408062870124
3.23585330784274,-0.970963156842382,0.382684978490895,0.588278178351503
3.23596171207522,-0.966358519951575,0.351811259521873,0.614547260429709
3.2360701163077,-0.960633176089257,0.320529368964418,0.640103807124878
3.23617852054017,-0.95379377502519,0.288875685626483,0.664918089398719
3.23628692477265,-0.945848259648346,0.256886941869741,0.688961317778629
3.23639532900513,-0.936805839925559,0.224600260971827,0.712205578953721
3.23650373323761,-0.92667700798898,0.19205308172998,0.73462392625903
3.23661213747009,-0.915473504190845,0.159283163818232,0.75619034037261
3.23672054170257,-0.903208326076286,0.126328502670908,0.776879823405381
3.23682894593505,-0.889895691660571,0.0932273282698632,0.796668363390724
3.23693735016752,-0.875551044294786,0.0600180197952557,0.815533024499569
3.2370457544,-0.860191013903193,0.0267391016143674,0.833451912288839
3.23715415863248,-0.843833418121036,-0.00657084087304012,0.850404258994077
3.23726256286496,-0.826497221635223,-0.0398731672773046,0.866370388912515
3.23733017601749,-0.815197371965779,-0.0606240784421425,0.875821450407907
3.23739778917003,-0.803529811944433,-0.0813474671185555,0.884877279063036
3.23746540232256,-0.791499759374755,-0.102034075524341,0.893533834899081
3.2375330154751,-0.779112633618883,-0.122674572150319,0.901787205769215
3.23762517473561,-0.761663849361984,-0.150716801671716,0.912380651033723
3.23771733399613,-0.74357657628933,-0.178632778622748,0.922209354912079
3.23777753389883,-0.731423881551351,-0.196789042609512,0.928212924160861
3.23783773380154,-0.719009636253436,-0.21487482667226,0.933884462925695
3.23789793370424,-0.706338249001547,-0.232883718791206,0.93922196779275
3.23795813360694,-0.693414253153932,-0.250809264397346,0.944223517551264
3.23803063386688,-0.677520913648803,-0.272277598357229,0.949798512006025
3.23810313412682,-0.661276096021804,-0.293604685670635,0.954880781692497
3.23817563438675,-0.644688228681659,-0.314779475056176,0.95946770373784
3.23824813464669,-0.627765927268145,-0.33579095707914,0.963556884347264
3.23832063490663,-0.610517966232288,-0.35662824977671,0.967146216009015
3.23839313516657,-0.592953300147381,-0.377280523708311,0.970233823855695
3.23848130247854,-0.571179636759107,-0.402130603038906,0.973310239797992
3.23856946979052,-0.548967721467475,-0.426672245176116,0.975639966643552
3.23865763710249,-0.526334628355373,-0.450886598868245,0.977221227223627
3.23874580441447,-0.503297733393091,-0.474755062146439,0.97805279553951
3.23883397172644,-0.479874718582218,-0.498259326222801,0.978134044805001
3.23892213903842,-0.456083554579877,-0.521381346579055,0.97746490115895
3.23901030635039,-0.431942496673809,-0.544103392187731,0.97604588886155
3.23909847366237,-0.407470064041938,-0.566408021699488,0.973878085741466
3.23918664097434,-0.382685033376904,-0.588278131906179,0.970963165283047
3.23929504520675,-0.351811315222355,-0.61454721526424,0.966358530486575
3.23940344943915,-0.320529425412559,-0.640103763296449,0.960633188708979
3.23951185367156,-0.28887574275482,-0.664918046962776,0.953793789717598
3.23962025790396,-0.256886999609902,-0.688961276789085,0.945848276398961
3.23972866213637,-0.22460031925471,-0.712205539462799,0.936805858717509
3.23983706636877,-0.192053140485862,-0.73462388831723,0.926677028803085
3.23994547060117,-0.15928322297669,-0.756190304028751,0.915473527005422
3.24005387483358,-0.126328562161141,-0.776879788706341,0.903208350867473
3.24016227906598,-0.0932273880205502,-0.796668330381552,0.889895718402077
3.24027068329839,-0.0600180797346886,-0.815532993223429,0.875551072958057
3.24037908753079,-0.0267391616706404,-0.833451882786843,0.860191044457471
3.2404874917632,0.00657078077200835,-0.850404231305368,0.843833450533377
3.2405958959956,0.0398731072038062,-0.866370363074209,0.826497255870387
3.24066350920647,0.0606240363295572,-0.875821433732093,0.815197397402487
3.24073112241735,0.0813474429396277,-0.884877270876753,0.803529827937094
3.24079873562822,0.102034069227629,-0.893533834518521,0.791499765290879
3.24086634883909,0.12267458366027,-0.901787212500275,0.779112628839986
3.2409585080863,0.15071680910421,-0.912380656037632,0.761663846933399
3.24105066733351,0.178632782009528,-0.922209358407903,0.743576576398357
3.24111086723188,0.196789044687006,-0.928212927214087,0.73142388252706
3.24117106713025,0.214874827450626,-0.933884465584117,0.719009638133482
3.24123126702862,0.232883718282051,-0.939221970104671,0.706338251822565
3.24129146692699,0.250809262613571,-0.944223519565313,0.693414256951701
3.24136396718928,0.272277597292806,-0.949798514283031,0.677520916990206
3.24143646745157,0.29360468531801,-0.954880784200875,0.661276098882813
3.24150896771386,0.314779475406821,-0.959467706445745,0.644688231038913
3.24158146797615,0.335790958123386,-0.963556887222641,0.62776592909925
3.24165396823844,0.356628251503844,-0.967146219019475,0.610517967515616
3.24172646850073,0.377280526106498,-0.970233826968736,0.592953300862214
3.24181463579218,0.402130599684936,-0.973310242274756,0.571179642589816
3.24190280308363,0.426672236217679,-0.97563996883214,0.548967732614434
3.24199097037508,0.450886584466242,-0.977221229473106,0.526334645006864
3.24207913766653,0.474755042474515,-0.978052798199572,0.503297755725031
3.24216730495798,0.498259301467262,-0.978134048225218,0.479874746757964
3.24225547224943,0.521381316938506,-0.977464905688438,0.456083588749916
3.24234363954088,0.544103357872756,-0.976045894848325,0.431942536975523
3.24243180683233,0.566407982932393,-0.973878093531819,0.407470110599417
3.24251997412378,0.588278088920625,-0.970963175221286,0.382685086300644
3.24262837835612,0.614547173445323,-0.966358542334071,0.351811368888745
3.24273678258845,0.640103722696117,-0.960633202456965,0.320529479760875
3.24284518682079,0.664918007631651,-0.953793805355151,0.288875797723467
3.24295359105312,0.688961238776309,-0.945848293912849,0.256887055136506
3.24306199528546,0.712205502815981,-0.936805878092447,0.224600375276436
3.2431703995178,0.73462385308247,-0.926677050021546,0.192053196939057
3.24327880375013,0.756190270250444,-0.915473550047731,0.159283279797297
3.24338720798247,0.776879756427347,-0.903208375711847,0.126328619284492
3.2434956122148,0.79666829964298,-0.889895745024647,0.0932274453816597
3.24360401644714,0.815532964064585,-0.87555110133285,0.0600181372682556
3.24371242067947,0.833451855245271,-0.860191074556315,0.0267392193110577
3.24382082491181,0.850404205416767,-0.843833482326232,-0.0065707230905312
3.24392922914414,0.866370338872311,-0.826497289325255,-0.039873049547057
3.24399684241273,0.875821418503634,-0.815197422066458,-0.0606239964371927
3.24406445568132,0.884877263954925,-0.803529843172405,-0.0813474207825462
3.24413206894991,0.8935338352259,-0.791499770473169,-0.102034064752767
3.2441996822185,0.901787220149277,-0.779112623358655,-0.122674596790637
3.24429184148089,0.912380664988371,-0.761663838202178,-0.150716826786199
3.24438400074328,0.922209368402857,-0.743576564216903,-0.178632804185949
3.24444420061345,0.928212934054272,-0.731423875764791,-0.196789058289506
3.24450440048362,0.933884469578908,-0.719009637038951,-0.214874832539947
3.24456460035379,0.93922197156629,-0.706338256638323,-0.232883714927971
3.24462480022396,0.944223518808743,-0.69341426791373,-0.250809250895032
3.24469730048846,0.949798513935813,-0.677520927639443,-0.272277586296369
3.24476980075297,0.954880784234087,-0.661276109193772,-0.293604675040338
3.24484230101748,0.95946770683031,-0.644688240986834,-0.314779465843487
3.24491480128198,0.963556887928984,-0.627765938660061,-0.335790949268927
3.24498730154649,0.967146220017805,-0.610517976666158,-0.356628243351704
3.245059801811,0.970233828229029,-0.592953309579855,-0.377280518649177
3.2451479691071,0.973310243872661,-0.571179650264338,-0.402130593608314
3.2452361364032,0.975639970689308,-0.548967739196104,-0.426672231493198
3.2453243036993,0.977221231510828,-0.526334650448565,-0.450886581062275
3.2454124709954,0.978052800338935,-0.503297759982389,-0.474755040356552
3.2455006382915,0.978134050387068,-0.479874749789291,-0.498259300597825
3.2455888055876,0.977464907793666,-0.45608359051649,-0.521381317277187
3.2456769728837,0.976045896817865,-0.431942537441459,-0.544103359376415
3.2457651401798,0.973878095286883,-0.407470109731673,-0.566407985555191
3.2458533074759,0.970963176683344,-0.382685084069347,-0.588278092614014
3.24596171170824,0.966358543601198,-0.351811366581764,-0.614547177019428
3.24607011594058,0.960633203530019,-0.320529477384351,-0.64010372614571
3.24617852017292,0.953793806235228,-0.288875795283764,-0.664918010951468
3.24628692440526,0.945848294601426,-0.256887052640054,-0.688961241961377
3.24639532863761,0.936805878591042,-0.224600372729612,-0.712205505861444
3.24650373286995,0.926677050331954,-0.192053194348363,-0.734623855983612
3.24661213710229,0.915473550172047,-0.159283277169301,-0.756190273002746
3.24672054133463,0.903208375652257,-0.126328616625797,-0.776879759026438
3.24682894556697,0.8898957447836,-0.0932274426988659,-0.796668302084696
3.24693734979931,0.875551100912987,-0.060018134568054,-0.815532966344891
3.24704575403166,0.860191073960567,-0.0267392166001681,-0.833451857360401
3.247154158264,0.843833481557657,0.00657072580539708,-0.850404207363079
3.24726256249634,0.82649728838715,0.0398730522591628,-0.866370340646317
3.24733017576402,0.815197421179014,0.0606239988648827,-0.875821420043911
3.24739778903171,0.803529842346917,0.0813474229240316,-0.88487726527093
3.24746540229939,0.7914997697207,0.102034066606696,-0.893533836327353
3.24753301556707,0.779112622690082,0.122674598355962,-0.901787221046027
3.24762517485794,0.761663831935807,0.150716836979226,-0.912380668915029
3.24771733414881,0.743576551965049,0.178632822917686,-0.92220937488273
3.24777753399518,0.731423868051738,0.196789069778256,-0.928212937829976
3.24783773384156,0.719009634075149,0.214874836835991,-0.933884470911148
3.24789793368793,0.706338258628883,0.232883712089436,-0.93922197071829
3.24795813353431,0.693414275058457,0.250809240987583,-0.944223516046077
3.24803063379863,0.677520934937794,0.272277576377568,-0.949798511315373
3.24810313406295,0.661276116644763,0.293604665114535,-0.954880781759303
3.24817563432727,0.644688248589563,0.314779455914944,-0.95946770450449
3.24824813459159,0.627765946413342,0.335790939342041,-0.963556885755417
3.24832063485592,0.610517984568745,0.356628233430911,-0.967146217999642
3.24839313512024,0.592953317630441,0.377280508738961,-0.970233826369362
3.24848130244144,0.571179652174615,0.402130590811794,-0.9733102429864
3.24856946976265,0.548967734716528,0.426672235634748,-0.975639970351259
3.24865763708385,0.526334639344394,0.450886591950012,-0.977221231294407
3.24874580440505,0.503297742033821,0.474755057782834,-0.978052799816637
3.24883397172626,0.47987472479186,0.498259324339577,-0.978134049131404
3.24892213904746,0.456083558281429,0.521381347096193,-0.977464905377618
3.24901030636867,0.431942497795908,0.544103395019707,-0.976045892815602
3.24909847368987,0.40747006251901,0.566408026755374,-0.973878089274388
3.24918664101107,0.382685029149423,0.588278139089713,-0.970963168239139
3.24929504524349,0.351811310847032,0.61454722221437,-0.966358533061349
3.24940344947591,0.320529420901642,0.640103770002716,-0.960633190904351
3.24951185370832,0.288875738120517,0.664918053415164,-0.953793791535711
3.24962025794074,0.256886994864703,0.688961282977835,-0.945848277842493
3.24972866217315,0.224600314411279,0.712205545378335,-0.936805859789612
3.24983706640557,0.192053135556865,0.734623893950443,-0.926677029507286
3.24994547063799,0.159283217974953,0.756190309370718,-0.915473527345704
3.2500538748704,0.126328557099552,0.776879793748623,-0.903208350848156
3.25016227910282,0.0932273829121098,0.796668335115957,-0.889895718028059
3.25027068333523,0.06001807459247,0.815532997642134,-0.875551072234585
3.25037908756765,0.0267391565076685,0.833451886882447,-0.860191043390107
3.25048749180007,-0.00657078594258429,0.85040423507076,-0.843833449128115
3.25059589603248,-0.0398731123687954,0.866370366502588,-0.826497254133764
3.2506635092418,-0.0606240410051003,0.875821436733247,-0.815197395728117
3.25073112245111,-0.0813474471220774,0.884877273466594,-0.803529826344467
3.25079873566043,-0.102034072914005,0.893533836713481,-0.791499763799473
3.25086634886975,-0.122674586848227,0.901787214317047,-0.779112627468812
3.25095850817395,-0.150716829557499,0.912380663916274,-0.761663834358732
3.25105066747815,-0.17863281955003,0.922209371394667,-0.743576551844657
3.25111086732884,-0.196789067712454,0.928212934781829,-0.731423867069348
3.25117106717952,-0.214874836061949,0.933884468255322,-0.719009632193362
3.25123126703021,-0.232883712595622,0.939221968406818,-0.706338255811197
3.25129146688089,-0.250809242761128,0.944223514030594,-0.693414271269444
3.25136396714284,-0.272277577425652,0.949798509035627,-0.677520931609956
3.25143646740479,-0.293604665444659,0.954880779247168,-0.661276113802499
3.25150896766673,-0.314779455535825,0.959467701792073,-0.644688246256239
3.25158146792868,-0.335790938263443,0.963556882875114,-0.62776594461168
3.25165396819063,-0.356628231663681,0.967146214984153,-0.61051798332045
3.25172646845258,-0.377280506294997,0.970233823251474,-0.592953316956423
3.25181463579425,-0.402130594103661,0.973310240504335,-0.571179646400645
3.25190280313591,-0.426672244515153,0.975639968157943,-0.548967723642779
3.25199097047758,-0.450886606258639,0.977221229041791,-0.52633462278312
3.25207913781925,-0.474755077346514,0.978052797156114,-0.503297719809563
3.25216730516092,-0.498259348972582,0.978134045714326,-0.479874696741765
3.25225547250259,-0.521381376600621,0.977464900855947,-0.456083524255309
3.25234363984426,-0.544103429185572,0.976045886842403,-0.431942457656792
3.25243180718593,-0.566408065361066,0.973878081504271,-0.407470016143194
3.25251997452759,-0.588278181902212,0.970963158328913,-0.382684976426679
3.25262837876008,-0.614547263864652,0.966358521249351,-0.351811257384676
3.25273678299256,-0.640103810438885,0.960633177199194,-0.32052936676025
3.25284518722504,-0.66491809258685,0.953793775948391,-0.288875683361466
3.25295359145753,-0.688961320836102,0.945848260386102,-0.256886939550049
3.25306199569001,-0.712205581875763,0.936805840479509,-0.224600258603748
3.25317039992249,-0.734623929041108,0.92667700836091,-0.192053079319788
3.25327880415498,-0.7561903430104,0.915473504382639,-0.159283161372233
3.25338720838746,-0.776879825894639,0.903208326090214,-0.12632850019555
3.25349561261995,-0.796668365727434,0.889895691499032,-0.0932273257715649
3.25360401685243,-0.815533026679843,0.875551043960342,-0.0600180172804764
3.25371242108491,-0.833451914309066,0.86019101339865,-0.0267390990895545
3.2538208253174,-0.85040426085073,0.843833417449422,0.0065708434013394
3.25392922954988,-0.866370390602369,0.826497220799742,0.0398731698026374
3.25399684270169,-0.875821451892603,0.815197371153199,0.0606240807394571
3.2540644558535,-0.884877280349974,0.80352981116395,0.0813474691860494
3.25413206900531,-0.893533835995896,0.791499758635438,0.10203407736048
3.25419968215712,-0.901787206683551,0.779112632929714,0.122674573753862
3.25429184144613,-0.912380654977896,0.761663843072365,0.150716811905569
3.25438400073513,-0.922209361409365,0.743576564011475,0.178632797397897
3.25444420061399,-0.928212927947988,0.731423873822618,0.196789054125412
3.25450440049284,-0.933884464263995,0.719009633284622,0.214874830979393
3.2545646003717,-0.93922196694603,0.706338250998287,0.23288371594776
3.25462480025055,-0.94422351478569,0.693414260316487,0.250809254469222
3.25469730051032,-0.94979850938409,0.677520920962562,0.272277588421551
3.25476980077008,-0.954880779217374,0.661276103485777,0.293604675731614
3.25484230102985,-0.959467701412725,0.644688236294663,0.314779465118109
3.25491480128961,-0.963556882175309,0.627765935028919,0.335790947146403
3.25498730154938,-0.967146213993154,0.610517974139545,0.356628239853661
3.25505980180914,-0.970233821998928,0.592953308199656,0.377280513799297
3.25514796914621,-0.973310238914099,0.57117963867509,0.402130600239013
3.25523613648327,-0.975639966307661,0.548967716997881,0.426672249309757
3.25532430382033,-0.977221227009279,0.52633461726559,0.450886609743743
3.2554124711574,-0.978052795019662,0.503297715463492,0.474755079556208
3.25550063849446,-0.978134043552375,0.479874693608475,0.498259349943925
3.25558880583152,-0.977464898746794,0.456083522373264,0.521381376373555
3.25567697316858,-0.976045884864318,0.431942457061637,0.5441034278027
3.25576514050565,-0.973878079735397,0.407470016867587,0.566408062867821
3.25585330784271,-0.970963156846984,0.382684978500413,0.588278178346587
3.25596171207519,-0.966358519956446,0.351811259531346,0.614547260425122
3.25607011630767,-0.960633176094403,0.320529368973802,0.640103807120621
3.25617852054015,-0.953793775030583,0.288875685635859,0.664918089394763
3.25628692477263,-0.94584825965401,0.256886941879016,0.68896131777499
3.2563953290051,-0.936805839931443,0.224600260981028,0.71220557895043
3.25650373323758,-0.926677007995128,0.192053081739086,0.734623926256068
3.25661213747006,-0.915473504197161,0.159283163827251,0.75619034036991
3.25672054170254,-0.903208326082811,0.126328502679831,0.776879823402987
3.25682894593502,-0.889895691667292,0.0932273282786614,0.796668363388657
3.2569373501675,-0.875551044301707,0.0600180198039073,0.815533024497776
3.25704575439998,-0.860191013910268,0.0267391016228951,0.833451912287336
3.25715415863246,-0.843833418128237,-0.00657084086463288,0.850404258992899
3.25726256286494,-0.826497221642576,-0.0398731672690667,0.866370388911657
3.25733017601748,-0.815197371971423,-0.0606240784371996,0.875821450408642
3.25739778917003,-0.803529811948336,-0.0813474671168674,0.884877279065198
3.25746540232257,-0.79149975937674,-0.102034075525915,0.893533834902641
3.25753301547512,-0.779112633618839,-0.122674572155157,0.901787205773987
3.25762517473566,-0.761663849356914,-0.150716801684229,0.912380651041147
3.2577173339962,-0.743576576278909,-0.178632778642808,0.922209354921737
3.25777753389888,-0.731423881545278,-0.196789042622653,0.928212924167922
3.25783773380156,-0.719009636251836,-0.214874826678558,0.933884462930414
3.25789793370424,-0.706338249004679,-0.232883718790691,0.939221967795354
3.25795813360692,-0.693414253161945,-0.250809264390117,0.944223517552075
3.25803063386685,-0.677520913658978,-0.272277598347299,0.949798512006306
3.25810313412678,-0.661276096034265,-0.293604685658057,0.954880781692325
3.25817563438671,-0.644688228696442,-0.314779475040953,0.959467703737375
3.25824813464663,-0.627765927285301,-0.335790957061365,0.963556884346644
3.25832063490656,-0.610517966251926,-0.356628249756408,0.967146216008374
3.25839313516649,-0.59295330016964,-0.377280523685543,0.970233823855177
3.25848130247845,-0.571179636785505,-0.402130603012141,0.973310239797648
3.25856946979041,-0.548967721498163,-0.426672245145508,0.975639966643665
3.25865763710237,-0.526334628390497,-0.450886598833922,0.977221227224395
3.25874580441433,-0.503297733432775,-0.474755062108522,0.978052795541285
3.25883397172629,-0.479874718626506,-0.498259326181485,0.978134044807994
3.25892213903825,-0.456083554628891,-0.521381346534516,0.977464901163394
3.25901030635021,-0.43194249672765,-0.544103392140072,0.976045888867731
3.25909847366217,-0.407470064100631,-0.566408021648965,0.97387808574957
3.25918664097413,-0.382685033440559,-0.588278131852899,0.970963165293442
3.25929504520654,-0.351811315286699,-0.614547215212471,0.966358530499161
3.25940344943894,-0.32052942547754,-0.640103763246186,0.960633188723732
3.25951185367135,-0.288875742820336,-0.664918046914103,0.953793789734413
3.25962025790375,-0.256886999675861,-0.688961276742072,0.945848276417902
3.25972866213616,-0.224600319321148,-0.712205539417436,0.936805858738576
3.25983706636856,-0.192053140552657,-0.73462388827358,0.926677028826229
3.25994547060096,-0.159283223043726,-0.756190303986839,0.915473527030546
3.26005387483337,-0.126328562228345,-0.77687978866627,0.903208350894597
3.26016227906577,-0.0932273880878771,-0.796668330343321,0.88989571843116
3.26027068329818,-0.0600180798020117,-0.815532993187086,0.875551072989075
3.26037908753058,-0.0267391617379189,-0.833451882752444,0.860191044490348
3.26048749176299,0.00657078070483371,-0.850404231272908,0.843833450568073
3.26059589599539,0.0398731071367625,-0.866370363043658,0.826497255906872
3.26066350920635,0.0606240362868698,-0.875821433713613,0.815197397426708
3.2607311224173,0.0813474429211889,-0.884877270869351,0.80352982794811
3.26079873562825,0.102034069233449,-0.893533834521357,0.791499765287875
3.2608663488392,0.122674583690129,-0.901787212512304,0.779112628822134
3.26095850808644,0.150716809142966,-0.912380656052025,0.761663846909044
3.26105066733368,0.178632782057026,-0.922209358424173,0.743576576367152
3.26111086723199,0.19678904471598,-0.928212927223516,0.731423882507533
3.2611710671303,0.214874827461208,-0.933884465587394,0.719009638126152
3.26123126702861,0.232883718274346,-0.939221970102416,0.706338251828062
3.26129146692691,0.250809262587881,-0.944223519558242,0.693414256970364
3.26136396718925,0.27227759727999,-0.949798514279655,0.677520916999667
3.26143646745158,0.293604685317877,-0.9548807842006,0.661276098882691
3.26150896771391,0.314779475419179,-0.959467706447984,0.644688231028775
3.26158146797625,0.3357909581481,-0.963556887226783,0.627765929078647
3.26165396823858,0.356628251540575,-0.967146219024914,0.610517967484324
3.26172646850091,0.377280526155088,-0.970233826974903,0.592953300819772
3.26181463579243,0.40213059975244,-0.973310242281488,0.571179642529026
3.26190280308395,0.426672236303592,-0.975639968838288,0.548967732534648
3.26199097037547,0.450886584569869,-0.977221229477427,0.52633464490755
3.26207913766699,0.4747550425953,-0.978052798200952,0.503297755605602
3.26216730495851,0.498259301604581,-0.978134048222412,0.479874746617828
3.26225547225003,0.52138131709154,-0.977464905680297,0.456083588588709
3.26234363954155,0.5441033580408,-0.976045894833596,0.431942536792795
3.26243180683307,0.566407983114632,-0.973878093509409,0.407470110394759
3.26251997412459,0.588278089116254,-0.970963175190023,0.382685086073733
3.26262837835693,0.614547173635813,-0.966358542294389,0.351811368658526
3.26273678258927,0.640103722881338,-0.960633202408887,0.320529479527521
3.2628451868216,0.664918007811325,-0.953793805298656,0.288875797487284
3.26295359105394,0.688961238950193,-0.945848293848084,0.256887054897883
3.26306199528627,0.712205502983843,-0.936805878019483,0.224600375035621
3.26317039951861,0.734623853244105,-0.926677049940468,0.192053196696314
3.26327880375095,0.756190270405674,-0.915473549958559,0.159283279552906
3.26338720798328,0.776879756576009,-0.903208375614668,0.126328619038656
3.26349561221562,0.796668299784837,-0.889895744919567,0.093227445134705
3.26360401644795,0.815532964199476,-0.875551101219983,0.0600181370204981
3.26371242068029,0.833451855373085,-0.860191074435912,0.0267392190628067
3.26382082491263,0.850404205537247,-0.843833482198312,-0.00657072333895337
3.26392922914496,0.866370338985338,-0.82649728918998,-0.0398730497953699
3.26399684241332,0.875821418580008,-0.815197421966285,-0.060623996613715
3.26406445568167,0.884877263997285,-0.803529843110011,-0.0813474208872945
3.26413206895003,0.893533835237019,-0.791499770451089,-0.102034064785927
3.26419968221838,0.901787220131858,-0.779112623379377,-0.12267459675249
3.26429184148078,0.912380664972941,-0.761663838222001,-0.150716826750931
3.26438400074318,0.922209368389247,-0.743576564235704,-0.178632804153532
3.26444420061339,0.928212934044956,-0.731423875776054,-0.196789058268935
3.2645044004836,0.933884469573503,-0.719009637042361,-0.214874832531127
3.26456460035381,0.939221971564323,-0.706338256633588,-0.232883714930761
3.26462480022401,0.944223518809808,-0.693414267900483,-0.25080925090935
3.2646973004885,0.949798513935061,-0.677520927630083,-0.272277586305003
3.26476980075299,0.954880784231873,-0.661276109188444,-0.293604675043433
3.26484230101748,0.959467706826824,-0.644688240985843,-0.314779465841
3.26491480128196,0.963556887924502,-0.627765938663542,-0.335790949260955
3.26498730154645,0.967146220012632,-0.610517976674283,-0.356628243338334
3.26505980181094,0.97023382822331,-0.592953309592804,-0.377280518630543
3.26514796910707,0.973310243868223,-0.571179650271158,-0.402130593597067
3.26523613640319,0.975639970685703,-0.54896773919656,-0.426672231489175
3.26532430369932,0.977221231507688,-0.526334650442388,-0.4508865810653
3.26541247099544,0.978052800335713,-0.5032977599693,-0.474755040366424
3.26550063829157,0.978134050383425,-0.479874749769141,-0.498259300614303
3.26558880558769,0.977464907789093,-0.456083590489011,-0.521381317300058
3.26567697288382,0.976045896811936,-0.43194253740655,-0.544103359405405
3.26576514017995,0.973878095279141,-0.407470109689152,-0.566407985590003
3.26585330747607,0.970963176673425,-0.382685084018978,-0.588278092654444
3.26596171170842,0.966358543589214,-0.351811366529491,-0.614547177059742
3.26607011594076,0.960633203515971,-0.320529477330257,-0.640103726185715
3.26617852017311,0.953793806219001,-0.288875795227729,-0.664918010991267
3.26628692440546,0.945848294582917,-0.256887052582194,-0.688961242000753
3.2663953286378,0.936805878570207,-0.224600372670006,-0.712205505900223
3.26650373287015,0.926677050308787,-0.192053194287033,-0.734623856021737
3.26661213710249,0.91547355014635,-0.159283277106219,-0.756190273040147
3.26672054133484,0.903208375624026,-0.126328616561051,-0.776879759062986
3.26682894556719,0.889895744752783,-0.093227442632582,-0.796668302120215
3.26693734979953,0.875551100879561,-0.0600181345001961,-0.81553296637936
3.26704575403188,0.860191073924492,-0.0267392165308543,-0.833451857393617
3.26715415826423,0.843833481518842,0.00657072587603873,-0.850404207394907
3.26726256249657,0.826497288345623,0.0398730523310569,-0.866370340676694
3.2673301757642,0.815197421145803,0.0606239989193852,-0.87582142006518
3.26739778903182,0.803529842322618,0.0813474229611599,-0.884877265283798
3.26746540229945,0.791499769706006,0.102034066626499,-0.893533836332483
3.26753301556708,0.779112622685517,0.122674598358541,-0.90178722104405
3.26762517485795,0.761663831930106,0.150716836983512,-0.91238066891362
3.26771733414883,0.743576551958251,0.178632822923556,-0.922209374881826
3.26777753399519,0.731423868047649,0.196789069779959,-0.928212937827617
3.26783773384155,0.719009634073891,0.214874836833611,-0.933884470907499
3.26789793368791,0.706338258630606,0.232883712082912,-0.939221970713566
3.26795813353427,0.693414275063308,0.250809240977022,-0.944223516040321
3.26803063379859,0.677520934941843,0.272277576368379,-0.949798511310215
3.26810313406292,0.661276116648019,0.293604665106656,-0.954880781754706
3.26817563432725,0.644688248591874,0.314779455908471,-0.959467704500365
3.26824813459157,0.627765946414745,0.335790939336915,-0.963556885751641
3.2683206348559,0.610517984569156,0.356628233427102,-0.967146217996259
3.26839313512023,0.592953317629834,0.377280508736428,-0.970233826366314
3.26848130244141,0.57117965217846,0.402130590804407,-0.973310242982862
3.2685694697626,0.548967734725012,0.426672235622571,-0.975639970347549
3.26865763708379,0.526334639357655,0.450886591933194,-0.977221231290887
3.26874580440497,0.503297742052128,0.474755057761462,-0.978052799813586
3.26883397172616,0.479874724815299,0.498259324313849,-0.978134049129107
3.26892213904734,0.456083558310067,0.521381347066325,-0.977464905376411
3.26901030636853,0.431942497829872,0.544103394985887,-0.976045892815764
3.26909847368972,0.407470062558433,0.56640802671778,-0.973878089276207
3.2691866410109,0.38268502919438,0.588278139048539,-0.970963168242932
3.26929504524332,0.351811310892885,0.614547222174128,-0.966358533066994
3.26940344947573,0.320529420948378,0.640103769963431,-0.960633190911803
3.26951185370815,0.288875738168045,0.664918053376944,-0.953793791545004
3.26962025794056,0.256886994913007,0.688961282940667,-0.945848277853622
3.26972866217298,0.22460031446022,0.712205545342354,-0.936805859802573
3.26983706640539,0.192053135606449,0.734623893915651,-0.926677029522095
3.26994547063781,0.159283218025183,0.756190309337165,-0.91547352736235
3.27005387487022,0.126328557150267,0.776879793716405,-0.903208350866644
3.27016227910264,0.0932273829632966,0.796668335085109,-0.889895718048409
3.27027068333505,0.0600180746440051,0.815532997612715,-0.875551072256679
3.27037908756747,0.0267391565595904,0.833451886854433,-0.860191043414001
3.27048749179988,-0.00657078589033316,0.850404235044235,-0.843833449153905
3.2705958960323,-0.0398731123163745,0.866370366477641,-0.826497254161298
3.27066350924166,-0.0606240409672244,0.875821436715823,-0.815197395748602
3.27073112245103,-0.0813474470986742,0.884877273456153,-0.80352982635746
3.27079873566039,-0.102034072905093,0.893533836709499,-0.791499763804382
3.27086634886975,-0.122674586853738,0.901787214318916,-0.779112627465145
3.27095850817396,-0.150716829562872,0.912380663918057,-0.761663834355164
3.27105066747816,-0.17863281955542,0.922209371396407,-0.743576551840973
3.27111086732884,-0.196789067716371,0.928212934783034,-0.731423867066651
3.27117106717952,-0.214874836064422,0.933884468256079,-0.719009632191665
3.2712312670302,-0.232883712596637,0.939221968407227,-0.706338255810565
3.27129146688088,-0.250809242760723,0.944223514030634,-0.693414271269889
3.27136396714282,-0.272277577424918,0.949798509035667,-0.677520931610742
3.27143646740477,-0.293604665443697,0.954880779247259,-0.661276113803517
3.27150896766672,-0.314779455534579,0.959467701792228,-0.644688246257639
3.27158146792866,-0.33579093826198,0.963556882875312,-0.627765944613316
3.27165396819061,-0.35662823166196,0.967146214984404,-0.610517983322437
3.27172646845256,-0.377280506293074,0.970233823251828,-0.592953316958723
3.27181463579419,-0.402130594092458,0.973310240503793,-0.571179646411308
3.27190280313583,-0.426672244494917,0.975639968157143,-0.548967723662218
3.27199097047746,-0.450886606229649,0.977221229041196,-0.526334622811582
3.2720791378191,-0.474755077308956,0.978052797156415,-0.503297719847427
3.27216730516073,-0.498259348926819,0.978134045716097,-0.47987469678924
3.27225547250237,-0.521381376546996,0.977464900859629,-0.456083524312631
3.272343639844,-0.544103429124442,0.976045886848601,-0.431942457724149
3.27243180718564,-0.566408065292814,0.973878081513596,-0.407470016220779
3.27251997452727,-0.588278181827236,0.970963158341914,-0.382684976514674
3.27262837875976,-0.614547263792067,0.966358521265577,-0.351811257473494
3.27273678299224,-0.640103810368813,0.960633177218629,-0.320529366849793
3.27284518722473,-0.66491809251924,0.953793775970944,-0.288875683451712
3.27295359145721,-0.68896132077101,0.945848260411811,-0.256886939640792
3.2730619956897,-0.71220558181335,0.936805840508251,-0.224600258694861
3.27317039992218,-0.734623928981428,0.926677008392603,-0.19205307941115
3.27327880415467,-0.756190342953438,0.915473504417321,-0.159283161463844
3.27338720838715,-0.776879825840462,0.903208326127779,-0.126328500287236
3.27349561261964,-0.796668365676124,0.889895691539328,-0.0932273258631541
3.27360401685212,-0.81553302663142,0.875551044003392,-0.0600180173719581
3.27371242108461,-0.833451914263564,0.860191013444327,-0.026739099180774
3.27382082531709,-0.850404260808198,0.843833417497705,0.00657084331051494
3.27392922954958,-0.866370390562761,0.826497220850462,0.0398731697123077
3.27399684270147,-0.875821451866233,0.815197371191428,0.0606240806748414
3.27406445585337,-0.884877280335814,0.803529811188708,0.0813474691471207
3.27413206900526,-0.893533835993007,0.791499758645847,0.102034077347187
3.27419968215715,-0.901787206690923,0.779112632924821,0.122674573766093
3.27429184144615,-0.912380654983963,0.761663843069088,0.150716811914904
3.27438400073514,-0.922209361414302,0.74357656400993,0.178632797404393
3.27444420061399,-0.928212927952333,0.731423873822078,0.19678905413028
3.27450440049284,-0.933884464267783,0.719009633285171,0.214874830982624
3.27456460037169,-0.939221966949349,0.70633825099998,0.232883715949399
3.27462480025054,-0.944223514788595,0.693414260319277,0.250809254469328
3.27469730051033,-0.949798509388361,0.677520920961612,0.272277588426735
3.27476980077011,-0.954880779222714,0.661276103480877,0.29360467574187
3.27484230102989,-0.959467701418953,0.644688236285604,0.314779465133363
3.27491480128967,-0.96355688218215,0.627765935015577,0.335790947166565
3.27498730154946,-0.967146214000351,0.610517974121744,0.356628239878639
3.27505980180924,-0.970233822006276,0.592953308177216,0.377280513829062
3.2751479691463,-0.97331023892056,0.571179638652734,0.402130600267827
3.27523613648336,-0.975639966313229,0.54896771697558,0.426672249337678
3.27532430382042,-0.977221227014085,0.526334617243444,0.450886609770648
3.27541247115748,-0.978052795023737,0.503297715441583,0.474755079582176
3.27550063849454,-0.978134043555659,0.479874693586668,0.498259349969011
3.2755888058316,-0.977464898749389,0.456083522351763,0.521381376397629
3.27567697316866,-0.976045884866261,0.431942457040445,0.544103427825819
3.27576514050572,-0.973878079736744,0.407470016846768,0.566408062889961
3.27585330784279,-0.970963156847726,0.3826849784799,0.588278178367831
3.27596171207527,-0.966358519956224,0.351811259509472,0.614547260446722
3.27607011630775,-0.960633176093163,0.320529368950599,0.640103807142563
3.27617852054023,-0.953793775028137,0.288875685611137,0.664918089417046
3.27628692477272,-0.945848259650344,0.256886941852887,0.688961317797471
3.2763953290052,-0.936805839926541,0.224600260953545,0.712205578972994
3.27650373323768,-0.926677007988874,0.192053081710246,0.734623926278625
3.27661213747017,-0.915473504189494,0.159283163796964,0.756190340392512
3.27672054170265,-0.90320832607365,0.126328502648195,0.776879823425453
3.27682894593513,-0.889895691656604,0.0932273282457284,0.796668363410905
3.27693735016762,-0.875551044289386,0.0600180197696328,0.815533024519731
3.2770457544001,-0.860191013896265,0.0267391015873311,0.833451912308951
3.27715415863258,-0.843833418112581,-0.00657084090139235,0.850404259013979
3.27726256286506,-0.826497221625195,-0.0398731673069627,0.866370388932153
3.27733017601759,-0.81519737195727,-0.0606240784679323,0.875821450425216
3.27739778917011,-0.803529811937704,-0.0813474671404009,0.884877279078096
3.27746540232263,-0.791499759369903,-0.102034075542238,0.89353383491213
3.27753301547515,-0.779112633616095,-0.122674572164242,0.901787205780326
3.27762517473569,-0.76166384935414,-0.150716801692988,0.912380651047114
3.27771733399623,-0.743576576276032,-0.178632778651351,0.922209354927381
3.2777775338989,-0.731423881544088,-0.196789042628433,0.928212924172508
3.27783773380157,-0.719009636252392,-0.214874826681625,0.933884462934056
3.27789793370425,-0.706338249007091,-0.232883718791055,0.939221967798141
3.27795813360692,-0.693414253166287,-0.250809264387807,0.944223517554074
3.27803063386685,-0.677520913662554,-0.272277598346056,0.949798512008603
3.27810313412678,-0.661276096037054,-0.2936046856578,0.954880781694859
3.27817563438671,-0.644688228698379,-0.314779475041767,0.95946770374012
3.27824813464664,-0.627765927286368,-0.335790957063168,0.963556884349556
3.27832063490658,-0.610517966252097,-0.356628249759257,0.967146216011371
3.27839313516651,-0.592953300168858,-0.377280523689331,0.970233823858162
3.27848130247848,-0.571179636781966,-0.402130603018882,0.97331023980088
3.27856946979045,-0.548967721491722,-0.426672245155179,0.975639966646884
3.27865763710242,-0.526334628381081,-0.450886598846376,0.977221227227486
3.27874580441439,-0.503297733420315,-0.474755062123659,0.97805279554398
3.27883397172636,-0.479874718610932,-0.498259326199188,0.978134044810114
3.27892213903833,-0.456083554610174,-0.521381346554648,0.977464901164787
3.2790103063503,-0.431942496705607,-0.544103392162628,0.976045888868212
3.27909847366227,-0.407470064075263,-0.56640802167373,0.973878085748969
3.27918664097424,-0.382685033411821,-0.58827813187977,0.970963165291562
3.27929504520665,-0.351811315258618,-0.614547215237698,0.966358530496303
3.27940344943905,-0.320529425450306,-0.640103763269715,0.960633188719993
3.27951185367145,-0.288875742793934,-0.664918046936025,0.953793789729946
3.27962025790385,-0.256886999650301,-0.688961276762362,0.94584827641265
3.27972866213625,-0.224600319296467,-0.712205539436207,0.936805858732685
3.27983706636865,-0.192053140528881,-0.734623888290856,0.926677028819733
3.27994547060105,-0.159283223021094,-0.756190304002576,0.915473527023659
3.28005387483345,-0.126328562206795,-0.776879788680553,0.903208350887338
3.28016227906585,-0.0932273880673847,-0.796668330356264,0.88989571842362
3.28027068329825,-0.0600180797827009,-0.815532993198639,0.875551072981323
3.28037908753065,-0.0267391617198458,-0.83345188276268,0.860191044482566
3.28048749176306,0.00657078072171241,-0.850404231281939,0.843833450560213
3.28059589599546,0.0398731071524664,-0.86637036305153,0.826497255899059
3.28066350920638,0.0606240362950196,-0.875821433717771,0.815197397422719
3.28073112241731,0.0813474429219182,-0.884877270870108,0.803529827948162
3.28079873562824,0.10203406922672,-0.893533834519007,0.791499765292239
3.28086634883916,0.122674583675965,-0.901787212507127,0.779112628831156
3.28095850808639,0.150716809125438,-0.91238065604591,0.761663846920436
3.28105066733362,0.178632782036197,-0.922209358417297,0.743576576381082
3.28111086723195,0.196789044702293,-0.928212927219246,0.731423882516962
3.28117106713029,0.214874827454636,-0.93388446558543,0.719009638130795
3.28123126702862,0.232883718274849,-0.939221970102559,0.706338251827695
3.28129146692695,0.250809262595328,-0.944223519560219,0.693414256964869
3.28136396718925,0.272277597277693,-0.949798514278973,0.677520917001227
3.28143646745155,0.293604685305986,-0.954880784197695,0.661276098891676
3.28150896771385,0.314779475397841,-0.959467706443301,0.64468823104547
3.28158146797615,0.335790958117462,-0.963556887220773,0.627765929103311
3.28165396823845,0.356628251500897,-0.967146219018078,0.610517967517174
3.28172646850075,0.377280526106524,-0.970233826967634,0.592953300861072
3.28181463579227,0.4021305997032,-0.973310242275453,0.571179642572223
3.28190280308379,0.426672236253659,-0.975639968833514,0.548967732579816
3.2819909703753,0.450886584519439,-0.977221229474062,0.526334644954576
3.28207913766682,0.474755042544332,-0.978052798198969,0.503297755654619
3.28216730495833,0.498259301553179,-0.978134048221982,0.479874746668778
3.28225547224985,0.521381317039805,-0.977464905681424,0.456083588641597
3.28234363954136,0.544103357988786,-0.976045894836389,0.431942536847607
3.28243180683288,0.566407983062457,-0.973878093513957,0.407470110451489
3.28251997412439,0.588278089063964,-0.970963175196385,0.382685086132393
3.28262837835673,0.614547173584997,-0.966358542302717,0.351811368717726
3.28273678258907,0.640103722832001,-0.960633202419246,0.320529479587214
3.28284518682141,0.66491800776353,-0.953793805310993,0.288875797547421
3.28295359105374,0.688961238904034,-0.945848293862321,0.256887054958283
3.28306199528608,0.712205502939344,-0.936805878035604,0.224600375096263
3.28317039951842,0.73462385320125,-0.926677049958413,0.192053196757149
3.28327880375075,0.756190270364527,-0.915473549978324,0.159283279613775
3.28338720798309,0.776879756536582,-0.903208375636236,0.126328619099654
3.28349561221543,0.796668299747239,-0.889895744942852,0.0932274451956174
3.28360401644776,0.815532964163647,-0.875551101244961,0.0600181370813082
3.2837124206801,0.833451855339037,-0.86019107446252,0.0267392191234623
3.28382082491244,0.850404205505053,-0.843833482226513,-0.00657072327860125
3.28392922914477,0.866370338955023,-0.826497289219726,-0.0398730497353441
3.28399684241318,0.875821418558154,-0.815197421987898,-0.0606239965702936
3.28406445568159,0.884877263983319,-0.803529843122822,-0.0813474208605065
3.28413206895,0.893533835230286,-0.791499770454544,-0.102034064775748
3.28419968221841,0.901787220131741,-0.77911262337289,-0.122674596758859
3.28429184148084,0.912380664975731,-0.761663838209798,-0.150716826765931
3.28438400074327,0.922209368394433,-0.74357656421743,-0.178632804177017
3.28444420061344,0.928212934046415,-0.731423875764399,-0.196789058282019
3.28450440048362,0.933884469571517,-0.719009637037599,-0.214874832533924
3.28456460035379,0.939221971559315,-0.706338256635951,-0.232883714923374
3.28462480022396,0.944223518802154,-0.693414267910287,-0.250809250891884
3.28469730048846,0.949798513928306,-0.67752092763852,-0.272277586289829
3.28476980075295,0.954880784225924,-0.661276109195412,-0.293604675030512
3.28484230101745,0.95946770682157,-0.644688240991201,-0.3147794658304
3.28491480128194,0.963556887919857,-0.62776593866725,-0.335790949252641
3.28498730154644,0.967146220008447,-0.610517976676257,-0.356628243332215
3.28505980181093,0.970233828219573,-0.592953309593003,-0.377280518626584
3.28514796910706,0.973310243864624,-0.571179650270501,-0.402130593594139
3.28523613640319,0.975639970682205,-0.548967739194966,-0.426672231487257
3.28532430369932,0.977221231504176,-0.526334650439852,-0.450886581064345
3.28541247099545,0.978052800332196,-0.503297759965793,-0.474755040366443
3.28550063829158,0.978134050379832,-0.479874749764585,-0.498259300615246
3.28558880558771,0.977464907785328,-0.456083590483467,-0.521381317301878
3.28567697288384,0.976045896807968,-0.431942537399891,-0.544103359408084
3.28576514017997,0.973878095274924,-0.407470109681437,-0.566407985593482
3.2858533074761,0.970963176668872,-0.382685084010251,-0.588278092658629
3.28596171170844,0.96635854358467,-0.351811366522228,-0.614547177062441
3.28607011594078,0.960633203511494,-0.320529477324559,-0.64010372618694
3.28617852017312,0.95379380621479,-0.288875795223789,-0.664918010991016
3.28628692440546,0.945848294579085,-0.256887052579973,-0.688961241999157
3.2863953286378,0.936805878566863,-0.224600372669418,-0.71220550589745
3.28650373287014,0.92667705030597,-0.192053194288166,-0.734623856017814
3.28661213710248,0.915473550144286,-0.159283277109187,-0.756190273035098
3.28672054133482,0.903208375622764,-0.126328616565751,-0.776879759057017
3.28682894556716,0.889895744752445,-0.0932274426390571,-0.796668302113381
3.2869373497995,0.875551100880269,-0.0600181345085314,-0.815532966371715
3.28704575403184,0.860191073926278,-0.0267392165409242,-0.833451857385355
3.28715415826418,0.843833481521856,0.00657072586420997,-0.850404207386075
3.28726256249652,0.826497288349952,0.0398730523174819,-0.866370340667462
3.28733017576416,0.815197421148306,0.0606239989096947,-0.875821420057972
3.2873977890318,0.803529842323033,0.0813474229554044,-0.884877265278424
3.28746540229944,0.791499769704231,0.102034066624615,-0.893533836328879
3.28753301556708,0.779112622681549,0.122674598360481,-0.901787221041983
3.28762517485791,0.761663831933589,0.150716836973653,-0.912380668907217
3.28771733414875,0.743576551969597,0.178632822902183,-0.922209374871742
3.28777753399515,0.731423868052185,0.196789069769206,-0.928212937821378
3.28783773384154,0.719009634071332,0.214874836833355,-0.933884470904706
3.28789793368794,0.706338258620555,0.232883712093236,-0.939221970713815
3.28795813353433,0.693414275045507,0.250809240997712,-0.944223516043212
3.28803063379865,0.677520934926104,0.272277576385731,-0.949798511311837
3.28810313406296,0.661276116634486,0.293604665120699,-0.954880781755177
3.28817563432728,0.644688248580807,0.314779455919101,-0.959467704499907
3.2882481345916,0.627765946406147,0.335790939344261,-0.963556885750402
3.28832063485591,0.610517984563095,0.356628233431256,-0.96714621799437
3.28839313512023,0.592953317626429,0.37728050873744,-0.970233826363892
3.2884813024414,0.571179652178106,0.402130590801978,-0.973310242980071
3.28856946976257,0.54896773472785,0.426672235616771,-0.975639970344629
3.28865763708375,0.526334639363727,0.450886591924261,-0.977221231287963
3.28874580440492,0.503297742061518,0.474755057749419,-0.978052799810934
3.2888339717261,0.479874724828139,0.498259324298819,-0.978134049126952
3.28892213904727,0.456083558326391,0.521381347048446,-0.977464905374804
3.28901030636845,0.431942497849803,0.54410339496524,-0.976045892815016
3.28909847368962,0.407470062582074,0.566408026694491,-0.973878089276575
3.28918664101079,0.382685029221832,0.588278139022734,-0.970963168244548
3.28929504524321,0.35181131092082,0.614547222148984,-0.966358533069788
3.28940344947562,0.320529420976717,0.640103769938992,-0.960633190915696
3.28951185370804,0.288875738196878,0.664918053353164,-0.953793791550036
3.28962025794045,0.256886994942214,0.688961282917643,-0.945848277859852
3.28972866217287,0.224600314489934,0.712205545320024,-0.936805859809967
3.28983706640528,0.192053135636506,0.734623893894119,-0.926677029530587
3.2899454706377,0.159283218055524,0.756190309316479,-0.915473527371945
3.29005387487011,0.126328557180915,0.776879793696526,-0.903208350877461
3.29016227910253,0.0932273829941404,0.796668335066134,-0.889895718060285
3.29027068333494,0.06001807467518,0.815532997594585,-0.875551072269757
3.29037908756735,0.0267391565909408,0.833451886837259,-0.860191043428198
3.29048749179977,-0.00657078585891355,0.850404235028062,-0.843833449169124
3.29059589603218,-0.0398731122848354,0.866370366462432,-0.826497254177612
3.29066350924157,-0.0606240409426233,0.875821436704382,-0.815197395761729
3.29073112245096,-0.0813474470810694,0.884877273448191,-0.8035298263671
3.29079873566034,-0.102034072894431,0.893533836704738,-0.7914997638103
3.29086634886973,-0.122674586849968,0.901787214317155,-0.779112627467153
3.29095850817386,-0.150716829537998,0.91238066390874,-0.761663834370745
3.291050667478,-0.178632819509573,0.922209371380733,-0.743576551871176
3.29111086732873,-0.196789067688186,0.928212934773856,-0.731423867085683
3.29117106717947,-0.214874836053822,0.933884468252863,-0.71900963219901
3.29123126703021,-0.232883712603445,0.939221968409235,-0.706338255805791
3.29129146688094,-0.250809242784756,0.944223514037271,-0.693414271252475
3.29136396714286,-0.272277577439372,0.949798509039452,-0.677520931600103
3.29143646740477,-0.293604665448607,0.954880779248633,-0.661276113800026
3.29150896766669,-0.31477945553013,0.959467701791655,-0.644688246261495
3.2915814679286,-0.335790938248207,0.963556882873243,-0.627765944624996
3.29165396819052,-0.356628231639123,0.967146214981285,-0.610517983342155
3.29172646845243,-0.377280506261309,0.970233823248065,-0.592953316986767
3.29181463579404,-0.402130594053094,0.973310240500192,-0.571179646447103
3.29190280313565,-0.426672244448239,0.975639968154226,-0.548967723705956
3.29199097047725,-0.450886606175933,0.977221229039493,-0.526334622863554
3.29207913781886,-0.474755077248469,0.978052797156293,-0.503297719907801
3.29216730516047,-0.498259348859883,0.978134045718102,-0.479874696858205
3.29225547250207,-0.521381376473872,0.977464900864252,-0.456083524390379
3.29234363984368,-0.544103429045408,0.97604588685635,-0.43194245781091
3.29243180718529,-0.566408065208224,0.973878081524884,-0.407470016316644
3.29251997452689,-0.588278181737463,0.970963158357249,-0.382684976619752
3.29262837875938,-0.614547263705439,0.966358521284671,-0.351811257579248
3.29273678299187,-0.640103810285369,0.960633177241456,-0.320529366956061
3.29284518722436,-0.664918092439123,0.953793775997413,-0.288875683558262
3.29295359145685,-0.688961320694255,0.945848260441792,-0.256886939747521
3.29306199568933,-0.712205581739993,0.936805840541678,-0.224600258801652
3.29317039992182,-0.734623928911453,0.926677008429414,-0.192053079517891
3.29327880415431,-0.756190342886945,0.91547350445726,-0.159283161570285
3.2933872083868,-0.776879825777531,0.903208326170873,-0.126328500393288
3.29349561261928,-0.796668365616705,0.88989569158544,-0.0932273259687215
3.29360401685177,-0.815533026575574,0.875551044052416,-0.0600180174768174
3.29371242108426,-0.833451914211268,0.860191013496141,-0.0267390992848605
3.29382082531675,-0.850404260759501,0.843833417552206,0.00657084320730712
3.29392922954924,-0.866370390517666,0.826497220907581,0.0398731696100998
3.29399684270124,-0.875821451837674,0.815197371232229,0.0606240806054633
3.29406445585324,-0.884877280322622,0.803529811212153,0.081347469110471
3.29413206900524,-0.89353383599386,0.791499758650752,0.102034077343155
3.29419968215724,-0.901787206704579,0.77911263291006,0.122674573794527
3.29429184144623,-0.912380654996285,0.761663843054801,0.150716811941518
3.29438400073522,-0.922209361425334,0.743576563996287,0.178632797429067
3.29444420061404,-0.928212927959846,0.731423873814643,0.196789054145226
3.29450440049285,-0.933884464272111,0.719009633284313,0.214874830987864
3.29456460037167,-0.939221966950883,0.706338251005855,0.232883715945057
3.29462480025049,-0.944223514787667,0.693414260332316,0.250809254455364
3.29469730051026,-0.949798509386614,0.677520920978404,0.272277588408245
3.29476980077002,-0.954880779220445,0.661276103501588,0.293604675718887
3.29484230102979,-0.959467701416355,0.644688236310444,0.314779465105883
3.29491480128956,-0.963556882179371,0.627765935044672,0.335790947134724
3.29498730154932,-0.967146213997678,0.610517974155198,0.356628239842533
3.29505980180909,-0.970233822003919,0.592953308215144,0.377280513788809
3.2951479691461,-0.973310238918007,0.571179638703514,0.4021306002145
3.29523613648311,-0.975639966311297,0.548967717039645,0.42667224927167
3.29532430382013,-0.977221227013619,0.526334617321259,0.450886609692379
3.29541247115714,-0.978052795025494,0.503297715533366,0.474755079492153
3.29550063849415,-0.97813404356057,0.479874693693006,0.498259349867573
3.29558880583116,-0.977464898758144,0.456083522472859,0.521381376285336
3.29567697316817,-0.976045884879811,0.431942457176552,0.544103427703266
3.29576514050519,-0.973878079755808,0.40747001699819,0.566408062757645
3.2958533078422,-0.97096315687317,0.382684978646855,0.588278178226311
3.29596171207468,-0.966358519987971,0.351811259680142,0.614547260307833
3.29607011630715,-0.960633176131238,0.320529369124713,0.640103807006543
3.29617852053963,-0.953793775072767,0.288875685788714,0.664918089284037
3.29628692477211,-0.945848259701428,0.256886942033628,0.688961317667817
3.29639532900459,-0.936805839984141,0.224600261137295,0.712205578846861
3.29650373323707,-0.926677008053042,0.192053081896781,0.734623926156265
3.29661213746955,-0.915473504260294,0.159283163986195,0.756190340274089
3.29672054170202,-0.903208326151062,0.126328502839836,0.776879823311248
3.2968289459345,-0.889895691740596,0.0932273284394931,0.796668363301113
3.29693735016698,-0.875551044380013,0.0600180199654928,0.815533024414522
3.29704575439946,-0.860191013993505,0.0267391017849332,0.833451912208548
3.29715415863194,-0.843833418216411,-0.00657084070222145,0.850404258918628
3.29726256286441,-0.826497221735519,-0.0398731671065259,0.866370388842086
3.29733017601712,-0.815197372039377,-0.0606240783250765,0.875821450364476
3.29739778916983,-0.803529811989526,-0.0813474670551101,0.884877279044645
3.29746540232254,-0.791499759389348,-0.102034075514362,0.893533834903729
3.29753301547525,-0.779112633601194,-0.122674572193546,0.901787205794735
3.2976251747358,-0.761663849335512,-0.150716801726927,0.912380651062435
3.29771733399636,-0.743576576253609,-0.17863277868969,0.922209354943287
3.29777753389898,-0.731423881531688,-0.19678904265095,0.928212924182646
3.2978377338016,-0.719009636250616,-0.214874826688344,0.933884462938941
3.29789793370422,-0.706338249016306,-0.232883718782137,0.939221967798469
3.29795813360684,-0.693414253186958,-0.250809264363363,0.944223517550307
3.29803063386678,-0.677520913681606,-0.272277598324435,0.949798512006037
3.29810313412672,-0.661276096054283,-0.293604685639108,0.9548807816934
3.29817563438666,-0.64468822871376,-0.314779475025842,0.959467703739629
3.2982481346466,-0.627765927299819,-0.33579095705003,0.963556884349867
3.29832063490654,-0.610517966263576,-0.3566282497488,0.967146216012376
3.29839313516648,-0.592953300178133,-0.377280523681643,0.970233823859786
3.29848130247848,-0.571179636784177,-0.402130603019345,0.973310239803535
3.29856946979048,-0.548967721486614,-0.426672245163537,0.975639966650137
3.29865763710248,-0.526334628368379,-0.45088659886245,0.977221227230828
3.29874580441448,-0.503297733399734,-0.474755062147198,0.978052795546954
3.29883397172648,-0.479874718582253,-0.498259326229936,0.978134044812165
3.29892213903848,-0.456083554573121,-0.521381346592379,0.977464901165486
3.29901030635048,-0.431942496660125,-0.544103392206962,0.976045888867075
3.29909847366248,-0.407470064021104,-0.566408021724395,0.973878085745523
3.29918664097448,-0.382685033348695,-0.588278131936546,0.970963165285235
3.29929504520689,-0.3518113151923,-0.614547215294833,0.966358530487138
3.2994034494393,-0.32052942538072,-0.640103763327136,0.960633188707848
3.29951185367171,-0.288875742721135,-0.664918046993511,0.953793789714621
3.29962025790412,-0.25688699957436,-0.688961276819745,0.945848276394099
3.29972866213653,-0.224600319217422,-0.712205539493268,0.936805858710685
3.29983706636893,-0.19205314044691,-0.734623888347361,0.926677028794251
3.29994547060134,-0.159283222936107,-0.756190304058401,0.915473526994494
3.30005387483375,-0.126328562118906,-0.776879788735476,0.903208350854384
3.30016227906616,-0.0932273879766908,-0.796668330410092,0.889895718386765
3.30027068329857,-0.0600180796893057,-0.815532993251186,0.875551072940479
3.30037908753098,-0.0267391616238546,-0.833451882813736,0.860191044437581
3.30048749176339,0.00657078082019826,-0.850404231331293,0.843833450511068
3.3005958959958,0.0398731072533233,-0.866370363098976,0.82649725584562
3.30066350920662,0.060624036365488,-0.875821433749706,0.815197397384224
3.30073112241745,0.0813474429620705,-0.884877270887694,0.803529827925646
3.30079873562828,0.102034069236577,-0.893533834523373,0.791499765286802
3.30086634883911,0.12267458365578,-0.901787212499508,0.779112628843729
3.30095850808639,0.150716809119591,-0.912380656043957,0.761663846924365
3.30105066733366,0.178632782044579,-0.922209358420249,0.743576576375665
3.30111086723199,0.196789044709743,-0.928212927221703,0.731423882511927
3.30117106713032,0.214874827461153,-0.933884465587422,0.719009638126239
3.30123126702865,0.232883718280395,-0.939221970104077,0.706338251823679
3.30129146692698,0.250809262599922,-0.944223519561331,0.693414256961376
3.30136396718927,0.272277597281324,-0.949798514279691,0.677520916998342
3.30143646745157,0.293604685308774,-0.954880784198032,0.661276098889243
3.30150896771387,0.314779475399775,-0.959467706443364,0.644688231043583
3.30158146797617,0.335790958118458,-0.963556887220577,0.627765929102078
3.30165396823847,0.356628251501016,-0.967146219017605,0.610517967516574
3.30172646850076,0.377280526105779,-0.970233826966984,0.592953300861182
3.30181463579234,0.402130599718749,-0.973310242276516,0.571179642557744
3.30190280308391,0.426672236285206,-0.975639968835284,0.548967732550075
3.30199097037549,0.450886584566416,-0.977221229475546,0.526334644909121
3.30207913766706,0.474755042606349,-0.978052798199205,0.503297755592849
3.30216730495863,0.498259301629604,-0.978134048219963,0.479874746590335
3.30225547225021,0.521381317130173,-0.977464905676145,0.456083588545932
3.30234363954178,0.544103358092414,-0.976045894826877,0.431942536734444
3.30243180683336,0.566407983178746,-0.973878093499137,0.407470110320389
3.30251997412493,0.588278089192217,-0.970963175175321,0.3826850859831
3.30262837835727,0.614547173709647,-0.966358542276187,0.35181136856651
3.3027367825896,0.640103722952807,-0.960633202387192,0.320529479434341
3.30284518682194,0.664918007880404,-0.953793805273504,0.288875797393085
3.30295359105428,0.688961239016843,-0.945848293819547,0.2568870548027
3.30306199528661,0.712205503047931,-0.936805877987549,0.224600374939577
3.30317039951895,0.734623853305557,-0.926677049905085,0.192053196599523
3.30327880375128,0.756190270464461,-0.915473549919898,0.159283279455414
3.30338720798362,0.776879756632024,-0.903208375572697,0.126328618940695
3.30349561221596,0.796668299837991,-0.8898957448744,0.0932274450363922
3.30360401644829,0.815532964249688,-0.875551101171622,0.0600181369219149
3.30371242068063,0.833451855420311,-0.860191074384399,0.0267392189640817
3.30382082491296,0.850404205581439,-0.843833482143743,-0.00657072343770902
3.3039292291453,0.866370339026481,-0.82649728913237,-0.0398730498941167
3.30399684241356,0.87582141860542,-0.815197421923925,-0.0606239966814919
3.30406445568181,0.884877264008137,-0.803529843083914,-0.0813474209242349
3.30413206895007,0.893533835234479,-0.791499770442419,-0.102034064792104
3.30419968221832,0.901787220117175,-0.779112623389118,-0.122674596728076
3.30429184148076,0.912380664962718,-0.761663838225348,-0.150716826737403
3.30438400074319,0.922209368382864,-0.743576564232141,-0.178632804150744
3.3044442006134,0.928212934038823,-0.731423875771911,-0.196789058266954
3.30450440048361,0.93388446956756,-0.719009637037622,-0.214874832529975
3.30456460035382,0.939221971558559,-0.706338256628159,-0.232883714930455
3.30462480022403,0.944223518804209,-0.693414267894412,-0.250809250909791
3.30469730048849,0.949798513927346,-0.677520927629961,-0.272277586297411
3.30476980075295,0.954880784222388,-0.661276109194556,-0.293604675027823
3.30484230101741,0.95946770681597,-0.644688240998394,-0.314779465817613
3.30491480128187,0.963556887912641,-0.627765938682745,-0.335790949229886
3.30498730154633,0.96714622000013,-0.610517976700363,-0.356628243299769
3.3050598018108,0.970233828210592,-0.592953309626079,-0.377280518584508
3.3051479691069,0.973310243855924,-0.57117965031151,-0.402130593544455
3.305236136403,0.975639970674318,-0.548967739244137,-0.42667223143016
3.3053243036991,0.977221231497581,-0.526334650497473,-0.45088658100012
3.3054124709952,0.978052800327349,-0.503297760032145,-0.474755040295237
3.3055006382913,0.978134050377242,-0.479874749839737,-0.498259300537502
3.3055888055874,0.977464907785494,-0.456083590567616,-0.52138131721786
3.3056769728835,0.97604589681139,-0.431942537493272,-0.544103359318118
3.3057651401796,0.973878095282055,-0.407470109784148,-0.566407985497935
3.3058533074757,0.970963176680213,-0.382685084122346,-0.588278092557871
3.30596171170804,0.966358543599894,-0.351811366634439,-0.614547176965465
3.30607011594039,0.960633203530515,-0.320529477436615,-0.640103726093908
3.30617852017274,0.95379380623739,-0.288875795335448,-0.664918010901961
3.30628692440508,0.945848294605171,-0.256887052691158,-0.688961241914015
3.30639532863743,0.936805878596262,-0.224600372780019,-0.712205505816278
3.30650373286977,0.926677050338601,-0.192053194397935,-0.734623855940644
3.30661213710212,0.915473550179922,-0.159283277218046,-0.756190272961925
3.30672054133447,0.903208375661328,-0.126328616673572,-0.776879758987752
3.30682894556681,0.889895744793725,-0.0932274427455951,-0.796668302048128
3.30693734979916,0.875551100924141,-0.060018134613761,-0.815532966310365
3.3070457540315,0.860191073972644,-0.0267392166447038,-0.833451857327932
3.30715415826385,0.843833481570496,0.00657072576207605,-0.85040420733257
3.30726256249619,0.826497288400614,0.0398730522171457,-0.866370340617778
3.30733017576391,0.815197421187617,0.0606239988332551,-0.875821420020866
3.30739778903163,0.803529842350146,0.0813474229028261,-0.884877265252963
3.30746540229934,0.791499769718278,0.102034066595824,-0.89353383631411
3.30753301556706,0.779112622681597,0.122674598355475,-0.901787221037086
3.30762517485792,0.761663831928783,0.150716836976563,-0.912380668905338
3.30771733414878,0.743576551959651,0.178632822912855,-0.922209374872512
3.30777753399516,0.731423868045373,0.196789069775036,-0.928212937820405
3.30783773384154,0.719009634067743,0.214874836834408,-0.933884470902149
3.30789793368792,0.706338258620403,0.232883712089445,-0.939221970709852
3.3079581335343,0.69341427504886,0.250809240989258,-0.944223516038091
3.30803063379866,0.677520934920691,0.272277576389227,-0.949798511309921
3.30810313406301,0.661276116619879,0.293604665136032,-0.954880781755921
3.30817563432737,0.644688248556524,0.314779455946159,-0.959467704502682
3.30824813459173,0.627765946371964,0.335790939382759,-0.963556885754739
3.30832063485608,0.610517984518666,0.35662823348101,-0.967146217999631
3.30839313512044,0.592953317571433,0.377280508798141,-0.970233826369554
3.30848130244165,0.571179652112711,0.402130590872481,-0.973310242985176
3.30856946976286,0.548967734651656,0.426672235696785,-0.975639970348453
3.30865763708407,0.526334639276556,0.450886592013325,-0.977221231289891
3.30874580440528,0.503297741962982,0.474755057847303,-0.978052799810267
3.30883397172649,0.479874724718032,0.498259324405096,-0.978134049123089
3.30892213904771,0.456083558204617,0.521381347162595,-0.97746490536719
3.30901030636892,0.431942497716044,0.544103395086925,-0.976045892802961
3.30909847369013,0.407470062436117,0.566408026823291,-0.97387808925942
3.30918664101134,0.382685029063503,0.588278139158175,-0.970963168221671
3.30929504524376,0.351811310759902,0.614547222281276,-0.966358533041171
3.30940344947617,0.3205294208134,0.640103770067965,-0.96063319088138
3.30951185370859,0.288875738031226,0.664918053478714,-0.953793791509911
3.30962025794101,0.256886994774472,0.688961283039512,-0.945848277813957
3.30972866217342,0.224600314320231,0.712205545438149,-0.936805859758362
3.30983706640584,0.19205313546507,0.734623894008246,-0.926677029473299
3.30994547063825,0.159283217882464,0.756190309426516,-0.915473527308966
3.31005387487067,0.126328557006503,0.776879793802323,-0.903208350808785
3.31016227910309,0.0932273828185973,0.796668335167484,-0.889895717986055
3.3102706833355,0.0600180744986063,0.81553299769135,-0.875551072189955
3.31037908756792,0.0267391564135004,0.833451886929384,-0.860191043342882
3.31048749180034,-0.00657078603692391,0.850404235115303,-0.84383344907836
3.31059589603275,-0.0398731124632089,0.866370366544729,-0.826497254081492
3.31066350924197,-0.0606240410686612,0.875821436760063,-0.815197395691391
3.31073112245119,-0.0813474471548574,0.884877273479278,-0.80352982632441
3.3107987356604,-0.102034072916119,0.893533836713253,-0.791499763797089
3.31086634886962,-0.12267458681978,0.901787214305041,-0.779112627485257
3.31095850817371,-0.150716829494029,0.912380663892479,-0.761663834398401
3.31105066747779,-0.178632819452025,0.922209371361071,-0.743576551909023
3.3111108673286,-0.196789067653209,0.928212934762562,-0.731423867109314
3.31117106717942,-0.214874836041227,0.933884468248966,-0.719009632207746
3.31123126703023,-0.232883712613019,0.939221968412021,-0.706338255798998
3.31129146688104,-0.250809242816351,0.944223514045879,-0.6934142712295
3.31136396714298,-0.272277577478023,0.949798509049264,-0.677520931571222
3.31143646740492,-0.293604665494152,0.954880779259262,-0.661276113765059
3.31150896766686,-0.314779455582481,0.959467701802768,-0.644688246220255
3.3115814679288,-0.335790938307231,0.963556882884493,-0.62776594457723
3.31165396819074,-0.356628231704696,0.967146214992301,-0.610517983287579
3.31172646845267,-0.377280506333192,0.970233823258552,-0.592953316925345
3.31181463579427,-0.402130594121659,0.973310240508384,-0.571179646386699
3.31190280313587,-0.426672244513534,0.975639968160232,-0.548967723646683
3.31199097047747,-0.450886606237888,0.97722122904348,-0.526334622805563
3.31207913781907,-0.474755077307257,0.978052797158416,-0.503297719851123
3.31216730516066,-0.498259348915406,0.978134045718478,-0.479874696803025
3.31225547250226,-0.52138137652617,0.977464900863077,-0.456083524336901
3.31234363984386,-0.544103429094609,0.976045886853705,-0.431942457759085
3.31243180718546,-0.566408065254307,0.973878081521041,-0.407470016266674
3.31251997452705,-0.588278181780535,0.970963158352261,-0.382684976571692
3.31262837875954,-0.614547263746522,0.96635852127824,-0.351811257531713
3.31273678299202,-0.640103810324508,0.960633177233611,-0.320529366909086
3.31284518722451,-0.664918092476305,0.953793775988289,-0.288875683511971
3.31295359145699,-0.688961320729505,0.945848260431471,-0.256886939701955
3.31306199568947,-0.712205581773281,0.936805840530201,-0.22460025875691
3.31317039992196,-0.734623928942886,0.926677008416895,-0.192053079473996
3.31327880415444,-0.756190342916517,0.915473504443906,-0.159283161527359
3.31338720838693,-0.776879825805266,0.903208326156611,-0.126328500351332
3.31349561261941,-0.796668365642624,0.889895691570482,-0.093227325927852
3.31360401685189,-0.815533026599742,0.87555104403682,-0.0600180174370339
3.31371242108438,-0.833451914233718,0.860191013480027,-0.0267390992462575
3.31382082531686,-0.85040426078026,0.843833417535608,0.00657084324471817
3.31392922954935,-0.866370390536845,0.82649722089064,0.0398731696462414
3.31399684270131,-0.875821451851644,0.815197371220409,0.0606240806312358
3.31406445585328,-0.884877280331669,0.803529811205832,0.0813474691258584
3.31413206900525,-0.893533835998396,0.791499758650287,0.102034077348141
3.31419968215721,-0.901787206705066,0.779112632915828,0.122674573789264
3.31429184144622,-0.912380654998423,0.761663843058274,0.150716811940168
3.31438400073522,-0.922209361428917,0.743576563997211,0.178632797431745
3.31444420061403,-0.928212927963174,0.731423873816207,0.196789054146974
3.31450440049285,-0.933884464275207,0.719009633286397,0.214874830988818
3.31456460037166,-0.93922196695378,0.706338251008605,0.232883715945177
3.31462480025048,-0.944223514790356,0.693414260335696,0.250809254454654
3.31469730051022,-0.949798509387517,0.677520920987322,0.272277588400217
3.31476980076996,-0.954880779219915,0.661276103516349,0.293604675703601
3.3148423010297,-0.959467701414748,0.644688236331171,0.314779465083554
3.31491480128945,-0.963556882177027,0.627765935071669,0.335790947105395
3.31498730154919,-0.967146213994973,0.610517974188606,0.356628239806367
3.31505980180893,-0.970233822001188,0.592953308255249,0.377280513745915
3.31514796914589,-0.973310238915056,0.571179638757131,0.402130600157942
3.31523613648285,-0.975639966309014,0.54896771710716,0.42667224920186
3.31532430381981,-0.977221227012863,0.526334617403104,0.450886609609753
3.31541247115678,-0.978052795027124,0.503297715629962,0.474755079397161
3.31550063849374,-0.978134043565423,0.479874693804697,0.498259349760744
3.3155888058307,-0.977464898767176,0.456083522599951,0.521381376167243
3.31567697316766,-0.97604588489375,0.431942457319455,0.544103427574333
3.31576514050462,-0.973878079775598,0.407470017157048,0.566408062618569
3.31585330784158,-0.970963156899615,0.382684978822049,0.588278178077606
3.31596171207406,-0.966358520020755,0.351811259857564,0.614547260163238
3.31607011630654,-0.960633176170393,0.32052936930426,0.640103806866105
3.31617852053902,-0.95379377511813,0.288875685970153,0.664918089148015
3.3162869247715,-0.945848259753001,0.256886942216782,0.688961317536257
3.31639532900398,-0.936805840041882,0.224600261321902,0.712205578719983
3.31650373323645,-0.926677008116878,0.192053082082688,0.734623926034205
3.31661213746893,-0.915473504330104,0.159283164173127,0.756190340156986
3.31672054170141,-0.903208326226787,0.126328503027531,0.776879823199238
3.31682894593389,-0.889895691822143,0.0932273286278345,0.796668363194316
3.31693735016637,-0.875551044467295,0.060018020154195,0.815533024313097
3.31704575439885,-0.860191014086425,0.0267391019738471,0.833451912112581
3.31715415863133,-0.843833418314807,-0.00657084051338099,0.850404258828193
3.3172625628638,-0.826497221839345,-0.0398731669179121,0.866370388757279
3.3173301760167,-0.815197372114522,-0.0606240781945485,0.875821450309096
3.3173977891696,-0.803529812033835,-0.0813474669825827,0.884877279016419
3.3174654023225,-0.791499759400837,-0.102034075499667,0.893533834900507
3.31753301547539,-0.779112633577822,-0.122674572236443,0.901787205814243
3.31762517473598,-0.761663849304475,-0.150716801780102,0.912380651084565
3.31771733399658,-0.743576576214352,-0.178632778753138,0.922209354967497
3.31777753389912,-0.731423881507679,-0.196789042690308,0.928212924197995
3.31783773380166,-0.719009636242517,-0.21487482670381,0.933884462946329
3.3178979337042,-0.706338249024757,-0.232883718773937,0.939221967798717
3.31795813360674,-0.693414253212725,-0.250809264331645,0.944223517544368
3.31803063386665,-0.677520913714683,-0.272277598283838,0.949798511998498
3.31810313412656,-0.661276096095088,-0.293604685589622,0.954880781684693
3.31817563438647,-0.644688228762437,-0.314779474967754,0.959467703730227
3.31824813464638,-0.627765927356712,-0.335790956983469,0.963556884340167
3.31832063490629,-0.610517966328913,-0.356628249673915,0.967146216002806
3.3183931351662,-0.59295330025215,-0.377280523598627,0.9702338238508
3.31848130247816,-0.571179636869582,-0.402130602926167,0.973310239795754
3.31856946979011,-0.548967721583844,-0.42667224506044,0.975639966644289
3.31865763710207,-0.526334628477692,-0.450886598749878,0.977221227227561
3.31874580441403,-0.503297733521382,-0.474755062025575,0.978052795546952
3.31883397172599,-0.479874718716491,-0.498259326099682,0.97813404481616
3.31892213903795,-0.456083554720175,-0.521381346453916,0.977464901174088
3.31901030634991,-0.43194249682018,-0.544103392060771,0.976045888880963
3.31909847366187,-0.407470064194359,-0.56640802157101,0.973878085765359
3.31918664097383,-0.382685033535497,-0.588278131776302,0.970963165311748
3.31929504520623,-0.351811315383953,-0.614547215136838,0.966358530520768
3.31940344943863,-0.320529425577048,-0.640103763171685,0.960633188748707
3.31951185367104,-0.288875742921987,-0.664918046840844,0.953793789762815
3.31962025790344,-0.256886999779677,-0.688961276670147,0.945848276449822
3.31972866213584,-0.224600319426945,-0.712205539347057,0.936805858773969
3.31983706636824,-0.192053140660299,-0.734623888204869,0.926677028865179
3.31994547060064,-0.159283223153216,-0.756190303919924,0.915473527073134
3.32005387483304,-0.126328562339513,-0.77687978860127,0.903208350940777
3.32016227906544,-0.0932273882006851,-0.796668330280419,0.88989571848108
3.32027068329784,-0.0600180799163825,-0.815532993126346,0.87555107304274
3.32037908753024,-0.0267391618536572,-0.833451882694061,0.860191044547701
3.32048749176264,0.00657078058788832,-0.850404231217025,0.843833450629123
3.32059589599504,0.0398731070186598,-0.866370362990382,0.826497255971698
3.32066350920611,0.0606240362044536,-0.875821433678244,0.815197397473779
3.32073112241718,0.0813474428743919,-0.884877270850526,0.803529827976133
3.32079873562825,0.102034069222151,-0.893533834517721,0.791499765295598
3.32086634883931,0.122674583714173,-0.901787212522528,0.779112628808356
3.32095850808666,0.15071680919941,-0.912380656073204,0.761663846873781
3.32105066733401,0.1786327821456,-0.922209358454558,0.743576576308931
3.3211108672322,0.196789044769725,-0.928212927241004,0.731423882471264
3.3211710671304,0.214874827480397,-0.933884465593256,0.719009638112845
3.32123126702859,0.232883718259259,-0.939221970097887,0.70633825183862
3.32129146692678,0.25080926253876,-0.944223519544619,0.693414257005838
3.3213639671891,0.272277597225159,-0.949798514265438,0.677520917040262
3.32143646745141,0.293604685257591,-0.954880784186056,0.661276098928452
3.32150896771372,0.314779475353522,-0.959467706433459,0.644688231079915
3.32158146797604,0.335790958077174,-0.963556887212468,0.627765929135276
3.32165396823835,0.356628251464547,-0.967146219011153,0.610517967546586
3.32172646850066,0.377280526074084,-0.970233826961948,0.592953300887847
3.32181463579224,0.402130599686604,-0.973310242272241,0.571179642585594
3.32190280308381,0.426672236252622,-0.97563996883181,0.548967732579153
3.32199097037538,0.450886584533451,-0.977221229472953,0.526334644939449
3.32207913766695,0.474755042572973,-0.978052798197483,0.50329775562449
3.32216730495852,0.498259301595921,-0.978134048219205,0.479874746623271
3.32225547225009,0.521381317096207,-0.977464905676368,0.456083588580136
3.32234363954166,0.544103358058246,-0.976045894828155,0.431942536769898
3.32243180683323,0.566407983144388,-0.973878093501581,0.407470110357174
3.32251997412481,0.588278089157746,-0.970963175178931,0.38268508602116
3.32262837835714,0.614547173675901,-0.966358542281082,0.351811368605143
3.32273678258948,0.64010372292,-0.960633202393388,0.320529479473389
3.32284518682181,0.66491800784852,-0.953793805281001,0.288875797432504
3.32295359105415,0.688961238985826,-0.945848293828312,0.256887054842489
3.32306199528649,0.712205503017891,-0.936805877997587,0.224600374979667
3.32317039951882,0.734623853276512,-0.926677049916432,0.192053196639897
3.32327880375116,0.75619027043637,-0.915473549932485,0.159283279496095
3.32338720798349,0.776879756604982,-0.903208375586534,0.126328618981518
3.32349561221583,0.79666829981207,-0.889895744889389,0.0932274450773178
3.32360401644817,0.815532964224891,-0.875551101187835,0.060018136962937
3.3237124206805,0.833451855396592,-0.860191074401747,0.0267392190051524
3.32382082491284,0.850404205558864,-0.843833482162243,-0.00657072339663323
3.32392922914517,0.866370339005044,-0.826497289151985,-0.0398730498530805
3.32399684241347,0.875821418589916,-0.815197421937753,-0.060623996652172
3.32406445568176,0.884877263998112,-0.803529843091578,-0.081347420906551
3.32413206895005,0.893533835229544,-0.791499770443475,-0.102034064786078
3.32419968221835,0.901787220116791,-0.779112623383189,-0.122674596733615
3.32429184148081,0.912380664965622,-0.761663838213146,-0.15071682675249
3.32438400074328,0.922209368388545,-0.743576564213234,-0.178632804175329
3.32444420061346,0.928212934041152,-0.731423875758633,-0.196789058282523
3.32450440048364,0.933884469566809,-0.719009637030323,-0.214874832536505
3.32456460035382,0.939221971555111,-0.706338256626982,-0.232883714928151
3.324624800224,0.944223518798359,-0.693414267899665,-0.250809250898693
3.32469730048849,0.949798513923858,-0.677520927628935,-0.27227758629493
3.32476980075298,0.954880784220857,-0.66127610918687,-0.293604675033966
3.32484230101747,0.959467706815953,-0.644688240983842,-0.314779465832143
3.32491480128196,0.963556887913771,-0.627765938661081,-0.335790949252688
3.32498730154645,0.967146220001997,-0.610517976671244,-0.356628243330739
3.32505980181094,0.970233828212805,-0.592953309589305,-0.377280518623504
3.3251479691071,0.973310243858811,-0.571179650258451,-0.402130593600357
3.32523613640327,0.975639970676772,-0.548967739174275,-0.426672231502541
3.32532430369943,0.977221231498585,-0.526334650410125,-0.450886581088501
3.32541247099559,0.978052800325855,-0.503297759926849,-0.474755040399031
3.32550063829175,0.978134050372171,-0.479874749716166,-0.498259300656042
3.32558880558792,0.977464907775801,-0.456083590425262,-0.52138131735054
3.32567697288408,0.976045896796038,-0.43194253733176,-0.544103359464293
3.32576514018024,0.973878095259994,-0.40747010960313,-0.566407985656887
3.3258533074764,0.970963176650413,-0.382685083921605,-0.588278092728804
3.32596171170875,0.966358543562903,-0.351811366431946,-0.614547177130964
3.32607011594109,0.960633203486521,-0.32052947723277,-0.640103726253754
3.32617852017343,0.953793806186557,-0.288875795130559,-0.664918011055994
3.32628692440577,0.945848294547587,-0.2568870524854,-0.688961242062186
3.32639532863811,0.936805878532106,-0.224600372573696,-0.712205505958388
3.32650373287046,0.926677050267952,-0.192053194191363,-0.734623856076608
3.3266121371028,0.915473550102982,-0.159283277011272,-0.756190273091707
3.32672054133514,0.903208375578257,-0.126328616466985,-0.776879759111251
3.32682894556748,0.889895744704723,-0.0932274425395065,-0.796668302165207
3.32693734979982,0.87555110082934,-0.0600181344083017,-0.815532966421034
3.32704575403216,0.860191073872223,-0.0267392164402065,-0.833451857432006
3.32715415826451,0.8438334814647,0.00657072596536861,-0.85040420743007
3.32726256249685,0.82649728828968,0.039873052418977,-0.866370340708643
3.32733017576438,0.815197421103893,0.0606239989791941,-0.875821420083056
3.32739778903192,0.803529842295696,0.0813474229929137,-0.88487726528859
3.32746540229945,0.791499769695106,0.102034066630204,-0.893533836325319
3.32753301556699,0.779112622691626,0.122674598334378,-0.901787221025969
3.32762517485782,0.761663831944269,0.150716836947762,-0.912380668892029
3.32771733414866,0.743576551980855,0.178632822876482,-0.922209374857376
3.32777753399508,0.731423868057761,0.196789069752612,-0.9282129378104
3.32783773384151,0.719009634070882,0.21487483682589,-0.933884470896788
3.32789793368794,0.706338258613939,0.232883712094662,-0.939221970708601
3.32795813353436,0.693414275032473,0.250809241007983,-0.94422351604044
3.32803063379865,0.677520934918691,0.272277576388292,-0.94979851130696
3.32810313406294,0.661276116632974,0.293604665115634,-0.954880781748576
3.32817563432723,0.644688248585323,0.314779455906576,-0.959467704491894
3.32824813459152,0.627765946417001,0.335790939324359,-0.963556885741364
3.32832063485581,0.610517984580553,0.356628233404091,-0.967146217984658
3.3283931351201,0.59295331765061,0.377280508703251,-0.97023382635384
3.32848130244126,0.57117965220689,0.402130590763774,-0.973310242970604
3.32856946976242,0.548967734761371,0.426672235574691,-0.97563997033605
3.32865763708357,0.52633463940218,0.450886591878341,-0.977221231280523
3.32874580440473,0.503297742104967,0.474755057699925,-0.978052799804866
3.32883397172589,0.47987472487661,0.498259324245987,-0.9781340491226
3.32892213904705,0.456083558380095,0.521381346992345,-0.977464905372418
3.32901030636821,0.431942497908813,0.544103394906075,-0.976045892814871
3.32909847368936,0.407470062646407,0.566408026632478,-0.973878089278897
3.32918664101052,0.382685029291563,0.588278138958108,-0.97096316824964
3.32929504524294,0.35181131099149,0.614547222086175,-0.966358533077663
3.32940344947535,0.320529421048286,0.640103769878093,-0.96063319092634
3.32951185370777,0.288875738269186,0.664918053294249,-0.953793791563418
3.32962025794018,0.256886995015238,0.688961282860704,-0.945848277875922
3.3297286621726,0.224600314563534,0.712205545265217,-0.936805859828738
3.32983706640501,0.192053135710543,0.734623893841492,-0.926677029552017
3.32994547063743,0.159283218129987,0.756190309266071,-0.915473527396012
3.33005387486984,0.126328557255636,0.776879793648413,-0.903208350904007
3.33016227910226,0.0932273830691151,0.796668335020295,-0.88989571808943
3.33027068333467,0.0600180747502189,0.815532997551144,-0.875551072301342
3.33037908756709,0.0267391566659379,0.83345188679625,-0.860191043462201
3.3304874917995,-0.00657078578397053,0.85040423498949,-0.843833449205494
3.33059589603192,-0.0398731122101083,0.866370366426414,-0.826497254216287
3.33066350924138,-0.0606240408916143,0.875821436680426,-0.815197395788803
3.33073112245085,-0.0813474470537224,0.884877273435436,-0.803529826381698
3.33079873566031,-0.10203407289066,0.893533836702304,-0.791499763811628
3.33086634886977,-0.122674586869667,0.901787214324058,-0.779112627454403
3.33095850817385,-0.150716829542318,0.912380663909731,-0.761663834367418
3.33105066747794,-0.178632819498613,0.922209371376602,-0.743576551877964
3.33111086732868,-0.196789067680656,0.928212934771182,-0.731423867090503
3.33117106717943,-0.214874836049681,0.93388446825144,-0.719009632201734
3.33123126703018,-0.232883712602747,0.939221968409011,-0.706338255806228
3.33129146688093,-0.250809242787397,0.944223514038074,-0.69341427125067
3.33136396714286,-0.272277577445801,0.94979850904132,-0.677520931595496
3.33143646740479,-0.293604665458743,0.954880779251372,-0.661276113792612
3.33150896766671,-0.314779455543962,0.959467701795038,-0.644688246251089
3.33158146792864,-0.335790938265688,0.963556882877158,-0.627765944611439
3.33165396819057,-0.356628231660202,0.967146214985522,-0.610517983325308
3.3317264684525,-0.377280506285938,0.970233823252474,-0.592953316966525
3.33181463579405,-0.402130594063341,0.97331024050258,-0.571179646439204
3.33190280313561,-0.426672244444461,0.975639968155383,-0.548967723710873
3.33199097047716,-0.450886606158509,0.977221229040281,-0.526334622881733
3.33207913781872,-0.474755077217808,0.978052797157579,-0.503297719939751
3.33216730516028,-0.498259348816412,0.978134045720722,-0.47987469690429
3.33225547250183,-0.52138137641809,0.977464900869137,-0.456083524451018
3.33234363984339,-0.544103428977882,0.976045886864275,-0.431942457886374
3.33243180718494,-0.566408065129391,0.973878081536758,-0.407470016407364
3.3325199745265,-0.588278181647903,0.970963158373906,-0.382684976725981
3.33262837875898,-0.614547263617459,0.966358521305653,-0.351811257688141
3.33273678299147,-0.640103810199095,0.960633177266705,-0.320529367067587
3.33284518722395,-0.664918092354776,0.953793776027061,-0.288875683672244
3.33295359145644,-0.688961320611948,0.945848260475921,-0.256886939863935
3.33306199568892,-0.712205581659921,0.936805840580224,-0.224600258920276
3.3331703999214,-0.734623928833762,0.926677008472476,-0.192053079638685
3.33327880415389,-0.756190342811821,0.915473504504888,-0.159283161693043
3.33338720838637,-0.776879825705084,0.90320832622303,-0.12632850051793
3.33349561261886,-0.796668365547155,0.889895691642246,-0.0932273260950583
3.33360401685134,-0.815533026509025,0.875551044113808,-0.0600180176047601
3.33371242108382,-0.833451914147901,0.860191013562136,-0.0267390994142001
3.33382082531631,-0.850404260699432,0.843833417622801,0.00657084307665699
3.33392922954879,-0.866370390461083,0.826497220982746,0.0398731694783572
3.33399684270092,-0.875821451801608,0.815197371287693,0.060624080513944
3.33406445585305,-0.884877280305468,0.803529811246424,0.0813474690590761
3.33413206900519,-0.893533835994182,0.79149975866236,0.102034077331843
3.33419968215732,-0.901787206720756,0.779112632897706,0.122674573823059
3.33429184144627,-0.91238065500806,0.761663843048483,0.150716811959573
3.33438400073523,-0.922209361433224,0.743576563996493,0.178632797436743
3.33444420061403,-0.928212927966437,0.731423873817482,0.196789054148926
3.33450440049284,-0.933884464277533,0.719009633289885,0.214874830987628
3.33456460037164,-0.939221966955267,0.706338251014333,0.232883715940926
3.33462480025045,-0.944223514791093,0.693414260343777,0.250809254447369
3.33469730051022,-0.949798509391149,0.677520920987662,0.272277588403476
3.33476980077,-0.954880779225872,0.661276103508672,0.293604675717249
3.33484230102978,-0.95946770142255,0.644688236315112,0.314779465107448
3.33491480128956,-0.96355688218623,0.62776593504688,0.335790947139347
3.33498730154933,-0.967146214005036,0.61051797415486,0.356628239850201
3.33505980180911,-0.970233822011609,0.592953308212222,0.37728051379942
3.33514796914608,-0.973310238924286,0.571179638710391,0.402130600213906
3.33523613648305,-0.975639966316868,0.548967717056842,0.426672249260053
3.33532430382003,-0.977221227019115,0.526334617349064,0.45088660967008
3.335412471157,-0.978052795031681,0.503297715572209,0.474755079459447
3.33550063849397,-0.978134043568005,0.479874693743068,0.498259349824953
3.33558880583094,-0.977464898767639,0.45608352253449,0.521381376233162
3.33567697316792,-0.976045884891936,0.431942457250094,0.544103427641836
3.33576514050489,-0.973878079771287,0.407470017083836,0.566408062687466
3.33585330784186,-0.970963156892712,0.382684978744923,0.588278178147773
3.33596171207434,-0.966358520010972,0.3518112597793,0.614547260231686
3.33607011630682,-0.960633176157714,0.320529369225004,0.640103806932729
3.3361785205393,-0.953793775102663,0.288875685889941,0.66491808921273
3.33628692477177,-0.945848259734774,0.256886942135773,0.688961317598999
3.33639532900425,-0.936805840020811,0.224600261240155,0.712205578780665
3.33650373323673,-0.926677008093058,0.192053082000302,0.734623926092741
3.33661213746921,-0.915473504303517,0.159283164090197,0.756190340213359
3.33672054170169,-0.903208326197547,0.126328502944179,0.776879823253348
3.33682894593417,-0.889895691790241,0.0932273285441289,0.79666836324612
3.33693735016665,-0.875551044432755,0.0600180200702623,0.815533024362496
3.33704575439912,-0.860191014049328,0.0267391018897744,0.833451912159554
3.3371541586316,-0.843833418275203,-0.00657084059747421,0.850404258872669
3.33726256286408,-0.826497221797253,-0.0398731670019617,0.866370388799226
3.3373301760169,-0.81519737208443,-0.0606240782541597,0.875821450338578
3.33739778916972,-0.803529812016546,-0.0813474670177953,0.884877279034383
3.33746540232254,-0.791499759397273,-0.102034075510518,0.893533834907778
3.33753301547535,-0.779112633588821,-0.122674572223059,0.901787205811899
3.33762517473596,-0.761663849312789,-0.150716801771445,0.912380651084234
3.33771733399657,-0.743576576219727,-0.178632778749237,0.92220935496897
3.33777753389911,-0.731423881511404,-0.196789042688932,0.928212924200337
3.33783773380166,-0.719009636244465,-0.214874826705014,0.933884462949455
3.33789793370421,-0.706338249024938,-0.232883718777605,0.939221967802504
3.33795813360676,-0.693414253210907,-0.250809264337897,0.944223517548808
3.33803063386671,-0.677520913704436,-0.272277598301111,0.949798512005525
3.33810313412666,-0.661276096075947,-0.293604685617888,0.954880781693819
3.3381756343866,-0.644688228734196,-0.314779475006709,0.95946770374089
3.33824813464655,-0.627765927318894,-0.33579095703303,0.963556884351912
3.3383206349065,-0.610517966281263,-0.356628249733829,0.967146216015082
3.33839313516645,-0.592953300194411,-0.377280523668688,0.9702338238631
3.33848130247844,-0.571179636802725,-0.402130603004186,0.97331023980694
3.33856946979043,-0.548967721507511,-0.426672245146249,0.975639966653768
3.33865763710242,-0.526334628391685,-0.4508865988431,0.977221227234769
3.33874580441441,-0.50329773342548,-0.474755062125895,0.978052795551381
3.3388339717264,-0.479874718610546,-0.498259326206753,0.978134044817272
3.33892213903839,-0.456083554604083,-0.521381346567313,0.977464901171368
3.33901030635038,-0.431942496693661,-0.544103392180203,0.97604588887388
3.33909847366238,-0.407470064057354,-0.566408021696046,0.973878085753367
3.33918664097437,-0.382685033387716,-0.588278131906615,0.970963165294345
3.33929504520677,-0.35181131523292,-0.614547215264685,0.966358530497593
3.33940344943918,-0.320529425422922,-0.640103763296858,0.960633188719784
3.33951185367158,-0.288875742764895,-0.664918046963177,0.953793789728085
3.33962025790399,-0.25688699961971,-0.688961276789431,0.945848276409126
3.33972866213639,-0.224600319264385,-0.712205539463047,0.936805858727398
3.3398370663688,-0.192053140495335,-0.734623888317361,0.926677028812696
3.3399454706012,-0.159283222985956,-0.756190304028748,0.915473527014694
3.34005387483361,-0.126328562170193,-0.776879788706233,0.903208350876454
3.34016227906601,-0.0932273880294527,-0.796668330381336,0.889895718410733
3.34027068329842,-0.0600180797433719,-0.81553299322306,0.875551072966411
3.34037908753082,-0.0267391616791658,-0.833451882786326,0.860191044465461
3.34048749176323,0.00657078076362056,-0.850404231304669,0.843833450541027
3.34059589599563,0.0398731071954945,-0.866370363073271,0.826497255877707
3.34066350920653,0.0606240363305031,-0.875821433735117,0.815197397404611
3.34073112241744,0.0813474429497891,-0.884877270883374,0.803529827933552
3.34079873562834,0.102034069247008,-0.893533834528454,0.791499765281414
3.34086634883924,0.122674583688748,-0.901787212513057,0.779112628824292
3.34095850808661,0.150716809180499,-0.912380656066672,0.76166384688614
3.34105066733398,0.178632782133111,-0.922209358450553,0.743576576317433
3.34111086723219,0.196789044762641,-0.928212927238924,0.731423882476235
3.3411710671304,0.214874827478586,-0.933884465592816,0.719009638114189
3.34123126702861,0.23288371826278,-0.939221970098972,0.70633825183615
3.34129146692682,0.250809262547474,-0.944223519546993,0.693414256999488
3.34136396718914,0.272277597234677,-0.949798514267711,0.677520917033027
3.34143646745146,0.293604685267765,-0.95488078418818,0.661276098920429
3.34150896771377,0.31477947536439,-0.959467706435459,0.644688231071041
3.34158146797609,0.33579095808867,-0.963556887214269,0.627765929125577
3.34165396823841,0.356628251476674,-0.967146219012729,0.610517967536036
3.34172646850072,0.377280526086848,-0.970233826963231,0.592953300876356
3.34181463579235,0.402130599715145,-0.973310242274777,0.571179642559604
3.34190280308398,0.426672236296392,-0.975639968834646,0.548967732538217
3.34199097037561,0.45088658459209,-0.977221229475058,0.526334644882969
3.34207913766723,0.474755042645981,-0.978052798197992,0.503297755551975
3.34216730495886,0.498259301682797,-0.978134048217085,0.479874746534261
3.34225547225049,0.521381317196277,-0.977464905670686,0.456083588474371
3.34234363954212,0.544103358170995,-0.976045894817976,0.431942536646952
3.34243180683375,0.566407983269207,-0.973878093485856,0.407470110216635
3.34251997412537,0.58827808929396,-0.970963175156722,0.382685085862735
3.34262837835771,0.614547173808817,-0.966358542252902,0.351811368444077
3.34273678259005,0.64010372304933,-0.960633202359313,0.320529479309973
3.34284518682239,0.664918007974124,-0.95379380524097,0.288875797266823
3.34295359105472,0.688961239107565,-0.945848293782337,0.256887054674732
3.34306199528706,0.712205503135647,-0.936805877945673,0.224600374810031
3.3431703995194,0.734623853390058,-0.926677049858658,0.192053196468572
3.34327880375174,0.756190270545609,-0.915473549868873,0.159283279323259
3.34338720798407,0.776879756709647,-0.903208375517158,0.126328618807468
3.34349561221641,0.79666829991212,-0.889895744814303,0.0932274449022013
3.34360401644875,0.815532964320091,-0.875551101107055,0.0600181367869336
3.34371242068108,0.833451855486929,-0.860191074315413,0.0267392188284449
3.34382082491342,0.850404205644149,-0.843833482070369,-0.00657072357381888
3.34392922914576,0.86637033908512,-0.82649728905465,-0.0398730500304667
3.34399684241388,0.875821418643085,-0.815197421866419,-0.0606239967766812
3.344064455682,0.884877264026375,-0.80352984304809,-0.0813474209782978
3.34413206895012,0.893533835234855,-0.791499770429755,-0.102034064805125
3.34419968221825,0.901787220101241,-0.779112623400999,-0.122674596700249
3.34429184148071,0.912380664950668,-0.761663838232042,-0.150716826718669
3.34438400074318,0.92220936837428,-0.743576564233155,-0.178632804141157
3.3444442006134,0.928212934031712,-0.731423875770177,-0.19678905826157
3.34450440048362,0.933884469561672,-0.719009637033009,-0.214874832528674
3.34456460035385,0.939221971553848,-0.706338256620537,-0.23288371493333
3.34462480022407,0.944223518800409,-0.693414267883681,-0.250809250916754
3.34469730048856,0.949798513925239,-0.677520927613152,-0.2722775863121
3.34476980075305,0.954880784221598,-0.661276109171432,-0.293604675050194
3.34484230101753,0.959467706816141,-0.644688240968724,-0.31477946584741
3.34491480128202,0.963556887913387,-0.627765938646294,-0.335790949267088
3.34498730154651,0.967146220001077,-0.610517976656866,-0.35662824334422
3.34505980181099,0.970233828211366,-0.592953309575333,-0.377280518636048
3.34514796910717,0.97331024385737,-0.571179650240808,-0.402130593616571
3.34523613640335,0.975639970675091,-0.548967739152723,-0.42667223152239
3.34532430369952,0.977221231496413,-0.526334650384674,-0.450886581111745
3.3454124709957,0.978052800322957,-0.50329775989737,-0.474755040425604
3.34550063829188,0.978134050368299,-0.479874749682538,-0.49825930068576
3.34558880558805,0.977464907770755,-0.456083590387417,-0.521381317383322
3.34567697288423,0.976045896789512,-0.431942537289584,-0.544103359499931
3.34576514018041,0.973878095251799,-0.407470109556477,-0.566407985695321
3.34585330747658,0.970963176640269,-0.382685083870449,-0.58827809276983
3.34596171170893,0.966358543550904,-0.351811366379689,-0.614547177171245
3.34607011594127,0.960633203472596,-0.320529477179318,-0.640103726293279
3.34617852017361,0.953793806170637,-0.288875795075933,-0.664918011094685
3.34628692440596,0.945848294529662,-0.256887052429706,-0.68896124209997
3.3463953286383,0.936805878512157,-0.224600372516955,-0.712205505995188
3.34650373287064,0.926677050246015,-0.192053194133669,-0.734623856112337
3.34661213710299,0.915473550079002,-0.15928327695274,-0.756190273126259
3.34672054133533,0.903208375552178,-0.12632861640757,-0.776879759144614
3.34682894556767,0.889895744676605,-0.0932274424793375,-0.796668302197246
3.34693734980002,0.875551100799108,-0.0600181343473753,-0.815532966451713
3.34704575403236,0.860191073839995,-0.0267392163786652,-0.833451857461318
3.3471541582647,0.843833481430355,0.00657072602752179,-0.850404207457885
3.34726256249705,0.826497288253225,0.039873052481707,-0.866370340734928
3.3473301757645,0.815197421080639,0.0606239990160346,-0.875821420096653
3.34739778903195,0.803529842286553,0.0813474230039564,-0.884877265290486
3.3474654022994,0.791499769700871,0.102034066615639,-0.893533836316508
3.34753301556685,0.779112622713306,0.122674598294199,-0.901787221007506
3.34762517485762,0.761663831979526,0.150716836887815,-0.912380668867376
3.34771733414839,0.743576552030662,0.178632822796977,-0.922209374827673
3.34777753399492,0.731423868088858,0.196789069702733,-0.928212937791595
3.34783773384144,0.719009634082435,0.214874836805358,-0.933884470887812
3.34789793368796,0.70633825860501,0.232883712103382,-0.939221970708373
3.34795813353448,0.693414275002259,0.250809241045652,-0.944223516047957
3.34803063379879,0.677520934884926,0.272277576429682,-0.949798511314594
3.34810313406309,0.661276116595519,0.293604665160624,-0.954880781756181
3.34817563432739,0.644688248544101,0.314779455955154,-0.959467704499256
3.3482481345917,0.627765946371829,0.335790939376468,-0.963556885748287
3.348320634856,0.610517984531405,0.35662823345957,-0.967146217991
3.3483931351203,0.592953317597404,0.377280508761983,-0.970233826359368
3.34848130244147,0.571179652150276,0.402130590824495,-0.973310242974742
3.34856946976264,0.54896773470129,0.426672235637279,-0.975639970338551
3.34865763708381,0.526334639338611,0.450886591942684,-0.977221231281303
3.34874580440497,0.50329774203785,0.474755057765906,-0.978052799803755
3.34883397172614,0.479874724806021,0.498259324313358,-0.978134049119372
3.34892213904731,0.456083558305949,0.521381347061059,-0.977464905366982
3.34901030636847,0.43194249783105,0.544103394976,-0.976045892807041
3.34909847368964,0.407470062565034,0.566408026703461,-0.973878089268463
3.34918664101081,0.382685029206462,0.588278139030051,-0.970963168236531
3.34929504524323,0.351811310904255,0.614547222157143,-0.966358533061387
3.34940344947565,0.320529420958882,0.640103769947994,-0.960633190906888
3.34951185370807,0.2888757381777,0.664918053362937,-0.95379379154067
3.34962025794049,0.256886994921689,0.688961282928126,-0.94584827784981
3.34972866217291,0.224600314467972,0.71220554533122,-0.936805859799183
3.34983706640532,0.192053135613139,0.734623893905883,-0.926677029518991
3.34994547063774,0.159283218030753,0.756190309328724,-0.915473527359489
3.35005387487016,0.126328557154762,0.776879793709216,-0.903208350863944
3.35016227910258,0.0932273829665938,0.796668335079145,-0.889895718045763
3.350270683335,0.0600180746461821,0.815532997607901,-0.875551072254057
3.35037908756742,0.0267391565605418,0.833451886850749,-0.860191043411278
3.35048749179984,-0.00657078589065274,0.850404235041607,-0.843833449150944
3.35059589603226,-0.0398731123179065,0.866370366475973,-0.826497254158081
3.35066350924161,-0.0606240409640358,0.875821436712283,-0.815197395748222
3.35073112245096,-0.0813474470909169,0.884877273450963,-0.803529826360021
3.3507987356603,-0.102034072892759,0.893533836702822,-0.791499763810048
3.35086634886965,-0.122674586836838,0.90178721431096,-0.779112627474131
3.35095850817368,-0.150716829492525,0.912380663891371,-0.761663834398846
3.3510506674777,-0.178632819432069,0.922209371353955,-0.743576551921878
3.35111086732854,-0.196789067641684,0.928212934758621,-0.731423867116941
3.35117106717938,-0.214874836038053,0.933884468247895,-0.719009632209848
3.35123126703022,-0.23288371261821,0.939221968413545,-0.706338255795306
3.35129146688106,-0.250809242829768,0.944223514049683,-0.693414271219862
3.351363967143,-0.272277577490656,0.949798509052706,-0.677520931562019
3.35143646740493,-0.293604665506148,0.954880779262461,-0.661276113756279
3.35150896766687,-0.314779455593737,0.959467701805671,-0.644688246211935
3.35158146792881,-0.335790938317884,0.963556882887189,-0.627765944569306
3.35165396819075,-0.356628231714629,0.967146214994855,-0.610517983280219
3.35172646845268,-0.377280506342461,0.970233823260934,-0.592953316918438
3.3518146357942,-0.402130594108176,0.973310240508232,-0.571179646400029
3.35190280313572,-0.426672244477893,0.97563996815888,-0.548967723680955
3.35199097047723,-0.450886606180714,0.977221229042289,-0.526334622861592
3.35207913781875,-0.474755077229175,0.978052797158861,-0.503297719929645
3.35216730516027,-0.498259348817212,0.978134045721903,-0.479874696904679
3.35225547250178,-0.521381376408617,0.977464900870845,-0.456083524462222
3.3523436398433,-0.544103428958519,0.976045886867238,-0.431942457908704
3.35243180718481,-0.566408065100583,0.973878081541628,-0.40747001644102
3.35251997452633,-0.588278181610026,0.970963158381348,-0.382684976771286
3.35262837875882,-0.614547263580672,0.966358521314839,-0.351811257734115
3.3527367829913,-0.640103810163478,0.960633177277652,-0.320529367114173
3.35284518722378,-0.664918092320335,0.953793776039733,-0.288875683719373
3.35295359145627,-0.688961320578732,0.945848260490262,-0.256886939911528
3.35306199568875,-0.712205581627935,0.936805840596286,-0.224600258968315
3.35317039992123,-0.734623928803131,0.926677008490241,-0.192053079687076
3.35327880415372,-0.756190342782533,0.915473504524309,-0.159283161741753
3.3533872083862,-0.776879825677182,0.9032083262441,-0.126328500566898
3.35349561261869,-0.796668365520661,0.889895691664902,-0.0932273261442247
3.35360401685117,-0.815533026483999,0.875551044138092,-0.0600180176540624
3.35371242108365,-0.83345191412438,0.860191013587977,-0.0267390994635738
3.35382082531614,-0.850404260677428,0.843833417650147,0.00657084302727448
3.35392922954862,-0.866370390440655,0.826497221011661,0.0398731694290228
3.3539968427008,-0.875821451788626,0.815197371309419,0.0606240804792123
3.35406445585298,-0.884877280299411,0.803529811260494,0.0813474690389416
3.35413206900516,-0.89353383599447,0.791499758668275,0.102034077326199
3.35419968215734,-0.901787206726844,0.779112632894934,0.12267457383192
3.35429184144629,-0.912380655013841,0.761663843045824,0.150716811968008
3.35438400073525,-0.922209361438689,0.743576563993965,0.178632797444735
3.35444420061404,-0.928212927971261,0.731423873816055,0.196789054155202
3.35450440049284,-0.933884464281736,0.71900963328958,0.214874830992167
3.35456460037164,-0.939221966958944,0.706338251015185,0.232883715943754
3.35462480025044,-0.944223514794352,0.693414260345794,0.250809254448582
3.35469730051024,-0.949798509395692,0.677520920986002,0.272277588409691
3.35476980077003,-0.954880779231458,0.661276103503094,0.293604675728375
3.35484230102982,-0.959467701428922,0.64468823630555,0.31477946512341
3.35491480128962,-0.963556882193215,0.627765935033069,0.335790947160117
3.35498730154941,-0.967146214012358,0.610517974136705,0.356628239875661
3.35505980180921,-0.970233822019029,0.59295330818954,0.377280513829498
3.35514796914618,-0.973310238930777,0.571179638688044,0.402130600242756
3.35523613648314,-0.975639966322506,0.54896771703482,0.426672249287708
3.35532430382011,-0.977221227023933,0.526334617327387,0.450886609696586
3.35541247115708,-0.97805279503572,0.503297715551023,0.47475507948472
3.35550063849405,-0.978134043571388,0.479874693722384,0.498259349848992
3.35558880583102,-0.977464898770336,0.456083522514317,0.52138137625602
3.35567697316799,-0.976045884894073,0.431942457230474,0.54410342766359
3.35576514050496,-0.973878079772837,0.407470017064778,0.566408062708077
3.35585330784193,-0.970963156893733,0.38268497872643,0.588278178167301
3.35596171207441,-0.966358520011259,0.351811259760409,0.614547260250892
3.35607011630689,-0.960633176157224,0.320529369205551,0.640103806951712
3.35617852053937,-0.953793775101405,0.288875685870007,0.664918089231392
3.35628692477185,-0.945848259732667,0.256886942115288,0.688961317617395
3.35639532900433,-0.936805840017923,0.224600261219212,0.712205578798707
3.35650373323681,-0.92667700808933,0.192053081978938,0.734623926110417
3.35661213746928,-0.915473504298954,0.159283164068376,0.756190340230596
3.35672054170176,-0.903208326192152,0.126328502922043,0.77687982327011
3.35682894593424,-0.889895691784076,0.0932273285217061,0.796668363262357
3.35693735016672,-0.875551044425686,0.0600180200474318,0.815533024378284
3.3570457543992,-0.860191014041429,0.0267391018666427,0.833451912174778
3.35715415863168,-0.843833418266424,-0.00657084062088027,0.850404258887313
3.35726256286416,-0.826497221787606,-0.0398731670256713,0.866370388813255
3.35733017601695,-0.815197372078741,-0.060624078269852,0.875821450348581
3.35739778916975,-0.803529812015115,-0.0813474670255526,0.884877279040639
3.35746540232254,-0.791499759400352,-0.102034075510327,0.8935338349107
3.35753301547533,-0.779112633596654,-0.122674572214995,0.901787205811637
3.35762517473593,-0.761663849322536,-0.150716801760631,0.912380651083186
3.35771733399652,-0.743576576231627,-0.178632778735576,0.9222093549672
3.35777753389909,-0.731423881520866,-0.196789042679233,0.928212924200094
3.35783773380165,-0.719009636251311,-0.21487482669923,0.933884462950504
3.35789793370421,-0.70633824902908,-0.232883718775744,0.939221967804812
3.35795813360677,-0.693414253212301,-0.250809264339812,0.944223517552094
3.35803063386668,-0.677520913714396,-0.272277598291548,0.949798512005945
3.35810313412659,-0.661276096094948,-0.29360468559687,0.954880781691782
3.3581756343865,-0.644688228762498,-0.314779474974518,0.959467703736996
3.3582481346464,-0.627765927356969,-0.33579095698975,0.963556884346688
3.35832063490631,-0.610517966329296,-0.356628249679811,0.96714621600907
3.35839313516622,-0.592953300252755,-0.377280523604073,0.970233823856804
3.3584813024782,-0.571179636865305,-0.402130602936866,0.97331023980215
3.35856946979018,-0.548967721574432,-0.426672245076301,0.975639966650744
3.35865763710216,-0.526334628463015,-0.450886598770693,0.977221227233707
3.35874580441414,-0.503297733501329,-0.474755062051157,0.978052795552523
3.35883397172612,-0.479874718690846,-0.498259326129932,0.978134044820769
3.35892213903809,-0.456083554688882,-0.521381346488596,0.977464901177444
3.35901030635007,-0.43194249678311,-0.54410339209965,0.976045888882711
3.35909847366205,-0.407470064151404,-0.566408021613853,0.973878085765265
3.35918664097403,-0.382685033486387,-0.588278131823015,0.970963165309394
3.35929504520644,-0.351811315331923,-0.614547215184088,0.966358530515988
3.35940344943885,-0.320529425522156,-0.64010376321922,0.960633188741354
3.35951185367126,-0.288875742864234,-0.664918046888597,0.953793789752803
3.35962025790366,-0.256886999719009,-0.688961276717925,0.945848276436923
3.35972866213607,-0.224600319363368,-0.712205539394752,0.936805858758096
3.35983706636848,-0.192053140593949,-0.734623888252289,0.926677028846187
3.35994547060089,-0.159283223084162,-0.756190303966819,0.915473527050977
3.3600538748333,-0.126328562267847,-0.776879788647518,0.903208350915309
3.36016227906571,-0.0932273881263843,-0.796668330325816,0.889895718452183
3.36027068329811,-0.0600180798394762,-0.815532993170743,0.87555107301019
3.36037908753052,-0.026739161774309,-0.833451882737252,0.860191044511541
3.36048749176293,0.00657078066952901,-0.850404231258821,0.843833450589259
3.36059589599534,0.0398731071025729,-0.866370363030605,0.82649725592802
3.36066350920633,0.0606240362642708,-0.875821433706031,0.815197397441735
3.36073112241732,0.0813474429101503,-0.884877270866782,0.803529827956612
3.36079873562831,0.102034069233905,-0.893533834523359,0.791499765289458
3.3608663488393,0.122674583702034,-0.901787212518489,0.779112628816467
3.3609585080867,0.15071680920443,-0.912380656075559,0.761663846871102
3.3610506673341,0.178632782167523,-0.922209358462309,0.743576576294776
3.36111086723227,0.196789044784055,-0.928212927245838,0.731423882461748
3.36117106713044,0.214874827487187,-0.93388446559538,0.719009638108175
3.36123126702861,0.232883718258523,-0.939221970097623,0.706338251839088
3.36129146692678,0.250809262530615,-0.944223519542265,0.693414257011598
3.36136396718909,0.272277597217183,-0.949798514263129,0.677520917045922
3.36143646745141,0.29360468524971,-0.954880784183788,0.66127609893407
3.36150896771372,0.314779475345638,-0.959467706431188,0.644688231085564
3.36158146797603,0.335790958069333,-0.963556887210282,0.627765929140922
3.36165396823835,0.35662825145681,-0.967146219009025,0.610517967552167
3.36172646850066,0.377280526066422,-0.970233826959789,0.592953300893393
3.36181463579229,0.402130599694056,-0.973310242271755,0.571179642577702
3.36190280308391,0.426672236274811,-0.975639968832107,0.548967732557305
3.36199097037554,0.450886584569963,-0.97722122947306,0.526334644903095
3.36207913766716,0.474755042623387,-0.978052798196539,0.503297755573143
3.36216730495879,0.498259301659734,-0.978134048216246,0.479874746556507
3.36225547225041,0.521381317172868,-0.9774649056705,0.45608358849762
3.36234363954204,0.544103358147218,-0.97604589481847,0.43194253667125
3.36243180683366,0.566407983245098,-0.973878093487135,0.407470110242029
3.36251997412529,0.588278089269572,-0.97096317515881,0.38268508588921
3.36262837835763,0.614547173784788,-0.966358542255913,0.351811368471107
3.36273678258996,0.640103723025735,-0.960633202363267,0.320529479337491
3.3628451868223,0.664918007950967,-0.95379380524579,0.288875797294854
3.36295359105464,0.688961239084845,-0.94584829378819,0.256887054703321
3.36306199528697,0.712205503113406,-0.936805877952523,0.224600374839098
3.36317039951931,0.734623853368363,-0.92667704986647,0.192053196498052
3.36327880375164,0.756190270524469,-0.915473549877623,0.15928327935314
3.36338720798398,0.776879756689146,-0.903208375526914,0.126328618837714
3.36349561221632,0.796668299892158,-0.889895744825054,0.0932274449328664
3.36360401644865,0.815532964300845,-0.875551101118819,0.0600181368179359
3.36371242068099,0.833451855468352,-0.860191074328091,0.0267392188597452
3.36382082491333,0.850404205626306,-0.843833482084027,-0.00657072354229019
3.36392922914566,0.866370339068043,-0.826497289069316,-0.0398730499987263
3.36399684241381,0.875821418629666,-0.815197421877724,-0.0606239967519593
3.36406445568195,0.884877264016393,-0.803529843055786,-0.0813474209606264
3.3641320689501,0.893533835228067,-0.791499770433484,-0.102034064794613
3.36419968221824,0.901787220097324,-0.779112623400637,-0.122674596696719
3.36429184148068,0.912380664944307,-0.761663838236087,-0.150716826708258
3.36438400074313,0.922209368365762,-0.743576564241931,-0.178632804123856
3.36444420061337,0.928212934025511,-0.731423875774706,-0.196789058250877
3.36450440048362,0.933884469557669,-0.719009637033183,-0.214874832524499
3.36456460035386,0.939221971551684,-0.706338256616073,-0.23288371493561
3.36462480022411,0.944223518799927,-0.693414267874486,-0.250809250925447
3.36469730048858,0.94979851392347,-0.67752092760688,-0.272277586316592
3.36476980075306,0.954880784218723,-0.661276109168244,-0.29360467505051
3.36484230101753,0.959467706812366,-0.644688240968713,-0.314779465843669
3.364914801282,0.963556887908895,-0.627765938649611,-0.335790949259292
3.36498730154647,0.967146219996054,-0.610517976663684,-0.356628243332405
3.36505980181095,0.970233828206048,-0.592953309585726,-0.37728051862036
3.36514796910716,0.973310243853435,-0.571179650243234,-0.402130593610245
3.36523613640337,0.975639970672006,-0.54896773914692,-0.426672231525083
3.36532430369958,0.97722123149364,-0.526334650370275,-0.450886581123336
3.36541247099578,0.97805280031991,-0.503297759874083,-0.474755040445835
3.36550063829199,0.978134050364429,-0.479874749650099,-0.498259300714331
3.3655888055882,0.97746490776545,-0.456083590345544,-0.521381317419907
3.36567697288441,0.976045896782285,-0.431942537238091,-0.544103359544208
3.36576514018062,0.973878095242063,-0.407470109495185,-0.566407985746902
3.36585330747683,0.97096317662755,-0.382685083799207,-0.58827809282836
3.36596171170917,0.966358543535638,-0.351811366307868,-0.61454717722779
3.36607011594151,0.960633203454894,-0.320529477107148,-0.640103726347749
3.36617852017386,0.953793806150522,-0.288875795003544,-0.664918011146999
3.3662869244062,0.945848294507243,-0.256887052357126,-0.688961242150134
3.36639532863854,0.936805878487463,-0.224600372444324,-0.712205506043147
3.36650373287088,0.926677050219107,-0.192053194061033,-0.734623856158099
3.36661213710322,0.915473550049903,-0.159283276880146,-0.756190273169783
3.36672054133556,0.903208375520991,-0.126328616335195,-0.776879759185847
3.36682894556791,0.889895744643406,-0.0932274424071886,-0.796668302236224
3.36693734980025,0.875551100763991,-0.0600181342756389,-0.815532966488375
3.36704575403259,0.860191073802956,-0.026739216307336,-0.833451857495614
3.36715415826493,0.843833481391573,0.0065707260982784,-0.850404207489853
3.36726256249727,0.826497288212672,0.0398730525518808,-0.866370340764539
3.36733017576467,0.815197421048768,0.0606239990681896,-0.875821420116989
3.36739778903206,0.803529842264068,0.0813474230381057,-0.884877265302183
3.36746540229945,0.791499769688457,0.102034066631748,-0.89353383632019
3.36753301556684,0.779112622711445,0.122674598292463,-0.901787221003934
3.36762517485765,0.761663831971447,0.150716836896058,-0.912380668867496
3.36771733414845,0.743576552015876,0.178632822815072,-0.922209374830956
3.36777753399495,0.73142386807787,0.196789069714815,-0.928212937792673
3.36783773384145,0.719009634075375,0.214874836811477,-0.933884470886866
3.36789793368796,0.706338258602212,0.232883712103466,-0.939221970705645
3.36795813353446,0.693414275003757,0.250809241039849,-0.944223516043611
3.36803063379877,0.677520934884659,0.272277576426386,-0.949798511311055
3.36810313406308,0.661276116593375,0.293604665159934,-0.954880781753338
3.3681756343274,0.644688248540023,0.314779455956943,-0.959467704496981
3.36824813459171,0.627765946365813,0.33579093938063,-0.963556885746423
3.36832063485602,0.610517984523205,0.356628233466242,-0.96714621798942
3.36839313512033,0.592953317587061,0.377280508770976,-0.97023382635806
3.36848130244149,0.571179652142577,0.402130590830257,-0.973310242972824
3.36856946976264,0.548967734696429,0.426672235639862,-0.975639970336257
3.3686576370838,0.526334639336579,0.450886591942197,-0.977221231278798
3.36874580440496,0.503297742038755,0.474755057762456,-0.978052799801201
3.36883397172611,0.479874724809943,0.498259324307072,-0.978134049117008
3.36892213904727,0.456083558313063,0.521381347051963,-0.977464905364986
3.36901030636842,0.431942497841366,0.544103394964257,-0.976045892805608
3.36909847368958,0.407470062578626,0.566408026689211,-0.973878089267832
3.36918664101074,0.382685029223455,0.588278139013345,-0.970963168236769
3.36929504524315,0.351811310922231,0.614547222140262,-0.966358533062508
3.36940344947557,0.320529420977919,0.640103769930979,-0.960633190908883
3.36951185370799,0.288875738197827,0.664918053345871,-0.95379379154368
3.3696202579404,0.256886994942769,0.688961282911053,-0.945848277853849
3.36972866217282,0.224600314490088,0.712205545314206,-0.936805859804292
3.36983706640524,0.192053135636271,0.734623893888946,-0.926677029525232
3.36994547063765,0.159283218054897,0.756190309312006,-0.915473527366879
3.37005387487007,0.12632855717981,0.77687979369274,-0.903208350872518
3.37016227910249,0.0932273829926045,0.796668335062968,-0.889895718055581
3.3702706833349,0.0600180746730995,0.815532997592095,-0.875551072265173
3.37037908756732,0.0267391565883753,0.833451886835389,-0.860191043423739
3.37048749179973,-0.00657078586202926,0.850404235026772,-0.843833449164696
3.37059589603215,-0.039873112288481,0.866370366461719,-0.826497254173227
3.37066350924152,-0.060624040942146,0.875821436701992,-0.815197395759844
3.3707311224509,-0.0813474470765696,0.884877273444362,-0.80352982636776
3.37079873566027,-0.102034072885937,0.893533836699634,-0.79149976381366
3.37086634886964,-0.122674586837443,0.901787214310883,-0.779112627473413
3.3709585081736,-0.150716829473625,0.912380663884253,-0.761663834410592
3.37105066747757,-0.178632819393839,0.922209371340799,-0.743576551946935
3.37111086732845,-0.196789067615643,0.928212934750102,-0.731423867134421
3.37117106717933,-0.214874836024189,0.933884468243655,-0.719009632219434
3.3712312670302,-0.232883712616445,0.939221968413025,-0.706338255796584
3.37129146688108,-0.250809242840017,0.944223514052468,-0.69341427121244
3.37136396714303,-0.272277577502448,0.949798509055793,-0.677520931553311
3.37143646740497,-0.29360466551943,0.954880779265638,-0.661276113746186
3.37150896766691,-0.314779455608538,0.959467701808984,-0.644688246200442
3.37158146792885,-0.33579093833412,0.963556882890499,-0.627765944556367
3.3716539681908,-0.356628231732239,0.967146214998079,-0.610517983265833
3.37172646845274,-0.377280506361507,0.970233823264048,-0.592953316902534
3.37181463579426,-0.402130594127387,0.973310240510903,-0.571179646383477
3.37190280313577,-0.426672244497186,0.975639968161091,-0.548967723663895
3.37199097047729,-0.450886606200137,0.977221229044069,-0.526334622843933
3.37207913781881,-0.474755077248715,0.978052797160111,-0.503297719911364
3.37216730516033,-0.498259348836835,0.978134045722631,-0.479874696885752
3.37225547250185,-0.521381376428316,0.977464900871038,-0.456083524442698
3.37234363984336,-0.544103428978293,0.976045886866848,-0.431942457888567
3.37243180718488,-0.566408065120366,0.97387808154065,-0.407470016420273
3.3725199745264,-0.588278181629835,0.970963158379754,-0.382684976749935
3.37262837875888,-0.614547263600051,0.966358521312552,-0.351811257712496
3.37273678299137,-0.64010381018248,0.960633177274672,-0.320529367092206
3.37284518722385,-0.664918092338857,0.953793776036089,-0.288875683697205
3.37295359145633,-0.688961320596868,0.945848260485934,-0.256886939889079
3.37306199568882,-0.712205581645553,0.936805840591279,-0.22460025894573
3.3731703999213,-0.73462392882027,0.926677008484527,-0.192053079664251
3.37327880415379,-0.756190342799116,0.91547350451801,-0.159283161718849
3.37338720838627,-0.776879825693259,0.903208326237074,-0.126328500543805
3.37349561261875,-0.796668365536153,0.889895691657251,-0.0932273261210967
3.37360401685124,-0.81553302649897,0.875551044129763,-0.0600180176307987
3.37371242108372,-0.83345191413876,0.860191013579107,-0.0267390994403267
3.37382082531621,-0.850404260691214,0.843833417640605,0.00657084305059194
3.37392922954869,-0.86637039045378,0.826497221001498,0.0398731694522821
3.37399684270085,-0.875821451798272,0.815197371302795,0.0606240804954765
3.374064455853,-0.884877280305839,0.803529811257578,0.0813474690482733
3.37413206900516,-0.893533835997929,0.791499758669327,0.102034077328597
3.37419968215731,-0.901787206727577,0.779112632900218,0.122674573827367
3.3742918414462,-0.912380655007566,0.761663843063799,0.150716811943758
3.37438400073509,-0.922209361426565,0.743576564025477,0.178632797401095
3.37444420061395,-0.928212927965286,0.731423873836964,0.196789054128296
3.3745044004928,-0.933884464281352,0.719009633299425,0.214874830981995
3.37456460037165,-0.939221966963549,0.70633825101354,0.232883715950012
3.37462480025051,-0.944223514803326,0.693414260332158,0.250809254471184
3.37469730051028,-0.949798509402667,0.677520920976566,0.272277588426101
3.37476980077006,-0.954880779236752,0.661276103498072,0.293604675738683
3.37484230102983,-0.959467701432816,0.644688236305117,0.314779465127707
3.3749148012896,-0.963556882195941,0.627765935037431,0.335790947158523
3.37498730154938,-0.967146214014261,0.610517974146106,0.35662823986819
3.37505980180915,-0.970233822020351,0.592953308204058,0.377280513816301
3.3751479691461,-0.973310238931834,0.571179638708953,0.402130600222898
3.37523613648304,-0.975639966323727,0.548967717062344,0.426672249261393
3.37532430381999,-0.977221227025704,0.526334617361724,0.450886609663971
3.37541247115693,-0.978052795038417,0.503297715592312,0.47475507944612
3.37550063849387,-0.978134043575447,0.479874693770821,0.498259349804637
3.37558880583082,-0.977464898776236,0.456083522570109,0.521381376206127
3.37567697316776,-0.976045884902113,0.431942457293758,0.544103427608369
3.37576514050471,-0.973878079783545,0.407470017135735,0.566408062647817
3.37585330784165,-0.970963156907517,0.382684978805216,0.588278178102289
3.37596171207413,-0.966358520027877,0.351811259840364,0.61454726018753
3.37607011630661,-0.96063317617673,0.320529369286683,0.640103806890056
3.37617852053909,-0.953793775123722,0.288875685952148,0.664918089171586
3.37628692477157,-0.945848259757885,0.256886942198488,0.68896131755938
3.37639532900405,-0.936805840045942,0.224600261303263,0.712205578742697
3.37650373323653,-0.926677008120149,0.192053082063706,0.734623926056444
3.37661213746901,-0.91547350433257,0.159283164153817,0.756190340178732
3.37672054170149,-0.903208326228522,0.126328503008101,0.776879823220455
3.37682894593396,-0.889895691823174,0.0932273286081996,0.796668363214965
3.37693735016644,-0.875551044467526,0.0600180201343229,0.815533024333171
3.37704575439892,-0.860191014085855,0.026739101953764,0.833451912132083
3.3771541586314,-0.843833418313521,-0.00657084053357138,0.850404258847097
3.37726256286388,-0.826497221837314,-0.0398731669382414,0.866370388775519
3.37733017601677,-0.815197372113083,-0.0606240782129413,0.875821450326032
3.37739778916966,-0.803529812033078,-0.0813474669990902,0.884877279032189
3.37746540232255,-0.791499759400862,-0.102034075514236,0.8935338349151
3.37753301547545,-0.779112633578707,-0.122674572249037,0.901787205827776
3.37762517473604,-0.761663849304446,-0.150716801793532,0.912380651097995
3.37771733399663,-0.743576576213439,-0.178632778767267,0.922209354980722
3.37777753389915,-0.731423881510956,-0.196789042697832,0.928212924208802
3.37783773380167,-0.719009636250224,-0.214874826704707,0.933884462954931
3.37789793370419,-0.706338249037065,-0.232883718768308,0.939221967805365
3.37795813360671,-0.69341425322972,-0.250809264319629,0.94422351754935
3.37803063386669,-0.677520913716024,-0.272277598292924,0.949798512008966
3.37810313412667,-0.661276096080108,-0.293604685619501,0.954880781699585
3.37817563438665,-0.644688228730513,-0.314779475018097,0.959467703748583
3.37824813464663,-0.627765927307166,-0.335790957053904,0.963556884361085
3.37832063490661,-0.610517966261102,-0.356628249764142,0.967146216025264
3.37839313516659,-0.592953300165636,-0.377280523708128,0.970233823873767
3.37848130247863,-0.571179636761194,-0.402130603056642,0.97331023981782
3.37856946979067,-0.548967721452804,-0.426672245211295,0.975639966664097
3.37865763710271,-0.526334628323364,-0.450886598920344,0.977221227243717
3.37874580441475,-0.503297733343141,-0.474755062214951,0.978052795558082
3.37883397172679,-0.47987471851381,-0.498259326307129,0.978134044820946
3.37892213903883,-0.456083554492589,-0.521381346678547,0.977464901171136
3.37901030635087,-0.431942496567233,-0.544103392301694,0.97604588886892
3.37909847366291,-0.407470063915593,-0.566408021827351,0.973878085742934
3.37918664097495,-0.382685033230517,-0.588278132047065,0.970963165277584
3.37929504520735,-0.351811315073015,-0.614547215401759,0.966358530474759
3.37940344943976,-0.320529425260517,-0.640103763430334,0.960633188690849
3.37951185367217,-0.288875742600248,-0.664918047092845,0.953793789693073
3.37962025790457,-0.256886999452871,-0.688961276915206,0.945848276368051
3.37972866213698,-0.224600319095568,-0.712205539584715,0.936805858680258
3.37983706636939,-0.192053140324782,-0.734623888434799,0.926677028759559
3.37994547060179,-0.159283222813938,-0.756190304141733,0.915473526955647
3.3800538748342,-0.126328561996884,-0.776879788814629,0.903208350811477
3.3801622790666,-0.0932273878549997,-0.796668330484951,0.889895718339953
3.38027068329901,-0.0600180795681143,-0.815532993321805,0.875551072889896
3.38037908753142,-0.0267391615032141,-0.833451882880047,0.86019104438322
3.38048749176382,0.00657078094014417,-0.850404231393256,0.84383345045308
3.38059589599623,0.0398731073723434,-0.866370363156586,0.826497255784223
3.38066350920694,0.0606240364483659,-0.875821433788735,0.815197397340333
3.38073112241765,0.0813474430087013,-0.884877270909486,0.803529827900704
3.38079873562836,0.102034069247161,-0.893533834529242,0.791499765282055
3.38086634883907,0.122674583630432,-0.901787212490923,0.779112628860454
3.3809585080865,0.15071680914163,-0.912380656052901,0.761663846911271
3.38105066733394,0.178632782113521,-0.922209358444221,0.743576576330671
3.38111086723218,0.196789044751037,-0.928212927235333,0.731423882484274
3.38117106713041,0.214874827474971,-0.933884465591712,0.719009638116761
3.38123126702865,0.232883718267061,-0.939221970100106,0.706338251833011
3.38129146692689,0.250809262559606,-0.944223519550055,0.693414256990406
3.38136396718918,0.272277597239954,-0.949798514268644,0.677520917028681
3.38143646745148,0.293604685266266,-0.954880784187321,0.661276098921067
3.38150896771377,0.314779475356177,-0.959467706433099,0.64468823107691
3.38158146797606,0.335790958073839,-0.96355688721076,0.627765929136889
3.38165396823835,0.356628251455392,-0.967146219008315,0.610517967552944
3.38172646850065,0.37728052605913,-0.970233826958304,0.592953300899149
3.38181463579231,0.402130599696418,-0.973310242271407,0.571179642574972
3.38190280308397,0.426672236286518,-0.975639968832323,0.548967732545776
3.38199097037563,0.450886584590746,-0.977221229473285,0.526334644882499
3.38207913766729,0.474755042653051,-0.978052798196171,0.503297755543095
3.38216730495895,0.498259301697881,-0.978134048214704,0.479874746516798
3.38225547225061,0.521381317219199,-0.977464905667206,0.456083588447993
3.38234363954226,0.544103358201431,-0.97604589481284,0.431942536611389
3.38243180683392,0.566407983306777,-0.97387809347859,0.407470110171803
3.38251997412558,0.588278089338327,-0.970963175146835,0.382685085808454
3.38262837835792,0.614547173850625,-0.966358542241025,0.351811368390401
3.38273678259025,0.64010372308863,-0.960633202345565,0.320529479256904
3.38284518682258,0.664918008010958,-0.953793805225571,0.288875797214557
3.38295359105491,0.688961239141944,-0.945848293765317,0.256887054623391
3.38306199528725,0.712205503167545,-0.936805877927209,0.2246003747596
3.38317039951958,0.734623853419589,-0.926677049838765,0.192053196419193
3.38327880375191,0.756190270572701,-0.915473549847778,0.159283279275043
3.38338720798424,0.776879756734389,-0.903208375494928,0.126328618760511
3.38349561221658,0.796668299934551,-0.88989574479102,0.093227444856477
3.38360401644891,0.815532964340305,-0.875551101082894,0.0600181367425812
3.38371242068124,0.833451855504873,-0.860191074290469,0.0267392187855428
3.38382082491357,0.850404205659977,-0.843833482044777,-0.00657072361519742
3.38392922914591,0.866370339098901,-0.826497289028555,-0.0398730500703649
3.38399684241399,0.875821418650998,-0.815197421845653,-0.0606239968053604
3.38406445568208,0.884877264028918,-0.803529843033116,-0.0813474209958212
3.38413206895016,0.893533835232426,-0.791499770420907,-0.102034064811536
3.38419968221825,0.901787220094279,-0.779112623398678,-0.122674596695594
3.38429184148075,0.912380664948504,-0.761663838221425,-0.150716826727089
3.38438400074326,0.922209368376153,-0.743576564213665,-0.178632804162501
3.38444420061346,0.928212934030847,-0.731423875754965,-0.196789058275899
3.38450440048366,0.933884469558373,-0.719009637022393,-0.214874832535992
3.38456460035387,0.939221971548319,-0.706338256614648,-0.232883714933688
3.38462480022407,0.944223518792938,-0.693414267882753,-0.250809250910209
3.38469730048856,0.949798513918002,-0.677520927611688,-0.272277586306326
3.38476980075305,0.954880784214527,-0.661276109169349,-0.293604675045225
3.38484230101754,0.959467706809278,-0.644688240965999,-0.314779465843255
3.38491480128203,0.96355688790664,-0.627765938642979,-0.335790949263654
3.38498730154652,0.96714621999441,-0.610517976652869,-0.356628243341559
3.38505980181101,0.970233828204764,-0.592953309570631,-0.377280518634153
3.38514796910724,0.973310243852442,-0.571179650221598,-0.402130593630858
3.38523613640347,0.975639970670878,-0.548967739118499,-0.426672231552383
3.38532430369971,0.977221231491885,-0.52633465033492,-0.450886581157007
3.38541247099594,0.978052800317204,-0.50329775983156,-0.474755040485665
3.38550063829218,0.978134050360324,-0.479874749600174,-0.498259300760138
3.38558880558841,0.977464907759498,-0.456083590288145,-0.521381317471379
3.38567697288464,0.976045896774091,-0.431942537172939,-0.544103359601141
3.38576514018088,0.973878095231182,-0.40747010942224,-0.566407985808952
3.38585330747711,0.970963176613529,-0.38268508371824,-0.588278092895283
3.38596171170945,0.966358543518734,-0.351811366225895,-0.614547177292836
3.3860701159418,0.960633203435058,-0.320529477024242,-0.640103726410842
3.38617852017414,0.953793806127857,-0.288875794919728,-0.664918011208136
3.38628692440648,0.945848294481689,-0.256887052272509,-0.688961242209227
3.38639532863882,0.936805878459075,-0.224600372358994,-0.712205506100107
3.38650373287116,0.926677050187871,-0.192053193974986,-0.734623856212873
3.3866121371035,0.915473550015953,-0.159283276793624,-0.756190273222334
3.38672054133585,0.903208375484303,-0.126328616248281,-0.776879759236039
3.38682894556819,0.889895744604009,-0.0932274423199656,-0.796668302284034
3.38693734980053,0.875551100721929,-0.0600181341881966,-0.815532966533745
3.38704575403287,0.860191073758292,-0.0267392162197705,-0.833451857538509
3.38715415826521,0.843833481344339,0.00657072618586878,-0.850404207530204
3.38726256249756,0.826497288162893,0.0398730526393986,-0.866370340802319
3.38733017576486,0.815197421012685,0.0606239991281336,-0.875821420140838
3.38739778903216,0.803529842242665,0.081347423070528,-0.884877265313216
3.38746540229946,0.791499769682649,0.102034066636783,-0.893533836319421
3.38753301556676,0.779112622722273,0.1226745982701,-0.901787220992366
3.3876251748575,0.761663831996232,0.150716836852605,-0.912380668848864
3.38771733414823,0.743576552055557,0.178632822750799,-0.92220937480636
3.38777753399482,0.73142386810128,0.196789069676173,-0.928212937777475
3.38783773384141,0.719009634081792,0.214874836798356,-0.933884470880123
3.38789793368799,0.706338258590833,0.23288371211563,-0.939221970706475
3.38795813353458,0.693414274973979,0.250809241077025,-0.944223516050967
3.38803063379885,0.677520934863791,0.272277576450647,-0.949798511314453
3.38810313406312,0.66127611658191,0.293604665171408,-0.954880781753303
3.38817563432739,0.644688248538292,0.314779455955833,-0.959467704494124
3.38824813459166,0.627765946374279,0.335790939367108,-0.963556885741367
3.38832063485592,0.610517984542287,0.356628233440474,-0.967146217982779
3.38839313512019,0.592953317617076,0.377280508733264,-0.970233826350331
3.38848130244134,0.571179652175443,0.402130590790589,-0.973310242966024
3.38856946976249,0.548967734732124,0.426672235598365,-0.975639970330494
3.38865763708364,0.526334639375252,0.450886591898941,-0.977221231274197
3.38874580440478,0.503297742080431,0.474755057717532,-0.978052799797955
3.38883397172593,0.479874724854672,0.498259324260589,-0.978134049115254
3.38892213904708,0.456083558360789,0.52138134700409,-0.977464905364863
3.38901030636823,0.431942497892168,0.544103394915048,-0.976045892807196
3.38909847368938,0.407470062632453,0.566408026638855,-0.973878089271315
3.38918664101052,0.382685029280408,0.588278138961913,-0.970963168242335
3.38929504524294,0.351811310979933,0.614547222090297,-0.966358533070227
3.38940344947536,0.320529421036245,0.640103769882577,-0.960633190918821
3.38951185370777,0.288875738256678,0.664918053299075,-0.953793791555743
3.38962025794019,0.256886995002158,0.688961282865872,-0.94584827786803
3.38972866217261,0.224600314549857,0.712205545270694,-0.936805859820543
3.38983706640503,0.192053135696334,0.734623893847212,-0.92667702954353
3.38994547063744,0.15928321811518,0.756190309272044,-0.915473527387203
3.39005387486986,0.126328557240399,0.776879793654565,-0.903208350894917
3.39016227910228,0.0932273830533152,0.796668335026617,-0.889895718079924
3.39027068333469,0.0600180747338208,0.815532997557617,-0.875551072291445
3.39037908756711,0.0267391566490131,0.833451886802884,-0.860191043451858
3.39048749179953,-0.00657078580148194,0.85040423499614,-0.84383344919466
3.39059589603194,-0.0398731122281378,0.866370366433102,-0.826497254204964
3.39066350924138,-0.0606240409020232,0.875821436683574,-0.815197395781554
3.39073112245082,-0.0813474470564668,0.884877273435328,-0.80352982637883
3.39079873566026,-0.102034072885835,0.893533836699191,-0.791499763813356
3.3908663488697,-0.122674586857328,0.901787214318358,-0.779112627461017
3.39095850817371,-0.150716829509418,0.912380663897083,-0.761663834387659
3.39105066747773,-0.178632819445484,0.922209371358214,-0.743576551912711
3.39111086732855,-0.196789067649267,0.9282129347609,-0.73142386711162
3.39117106717937,-0.214874836039819,0.933884468248438,-0.719009632208602
3.39123126703018,-0.232883712614284,0.93922196841251,-0.706338255798208
3.391291466881,-0.250809242820159,0.944223514047243,-0.693414271227065
3.39136396714295,-0.272277577484394,0.949798509051475,-0.677520931567091
3.3914364674049,-0.29360466550307,0.954880779262235,-0.661276113759126
3.39150896766685,-0.314779455593845,0.959467701806328,-0.644688246212509
3.3915814679288,-0.335790938321063,0.963556882888561,-0.627765944567483
3.39165396819074,-0.356628231720891,0.967146214996779,-0.610517983275894
3.39172646845269,-0.377280506351758,0.970233823263303,-0.592953316911504
3.39181463579417,-0.402130594107102,0.973310240509393,-0.57117964640228
3.39190280313565,-0.426672244466686,0.975639968159485,-0.54896772369276
3.39199097047713,-0.450886606159692,0.977221229042954,-0.526334622883259
3.39207913781861,-0.47475507719863,0.978052797160158,-0.503297719961531
3.39216730516009,-0.49825934877747,0.978134045724534,-0.479874696947038
3.39225547250157,-0.521381376360079,0.977464900875414,-0.456083524515322
3.39234363984305,-0.544103428901564,0.976045886874352,-0.431942457972729
3.39243180718453,-0.566408065035634,0.973878081551894,-0.407470016516278
3.39251997452601,-0.58827818153746,0.970963158395394,-0.382684976857943
3.39262837875849,-0.614547263509427,0.966358521332358,-0.351811257822948
3.39273678299097,-0.640103810093721,0.960633177298777,-0.320529367205066
3.39284518722345,-0.664918092252225,0.953793776064401,-0.288875683812194
3.39295359145593,-0.688961320512376,0.94584826051858,-0.256886940006209
3.39306199568841,-0.712205581563451,0.936805840628294,-0.22460025906481
3.39317039992089,-0.734623928740616,0.926677008525937,-0.192053079785246
3.39327880415337,-0.756190342722142,0.915473504563736,-0.159283161841565
3.39338720838585,-0.7768798256191,0.903208326287227,-0.126328500668091
3.39349561261834,-0.796668365464946,0.889895691711765,-0.0932273262467842
3.39360401685082,-0.815533026430799,0.875551044188652,-0.0600180177578333
3.3937124210833,-0.833451914073787,0.860191013642339,-0.0267390995685196
3.39382082531578,-0.850404260629615,0.843833417708271,0.00657084292133623
3.39392922954826,-0.866370390395716,0.826497221073456,0.0398731693222559
3.39399684270054,-0.875821451759795,0.815197371355858,0.0606240804039611
3.39406445585282,-0.884877280285589,0.80352981129036,0.0813474689952391
3.3941320690051,-0.893533835994394,0.791499758680434,0.102034077313956
3.39419968215738,-0.901787206739352,0.779112632888343,0.122674573851012
3.39429184144629,-0.912380655020443,0.76166384304846,0.150716811972039
3.39438400073519,-0.922209361440328,0.743576564006386,0.178632797433973
3.39444420061401,-0.928212927974424,0.731423873826011,0.196789054148447
3.39450440049282,-0.933884464286371,0.719009633296901,0.214874830989482
3.39456460037163,-0.939221966964826,0.70633825101981,0.232883715945043
3.39462480025044,-0.944223514801369,0.693414260347629,0.250809254453785
3.39469730051021,-0.94979850940107,0.677520920992634,0.272277588408467
3.39476980076999,-0.954880779235528,0.661276103514745,0.293604675720815
3.39484230102976,-0.959467701432042,0.644688236322436,0.314779465109609
3.39491480128953,-0.963556882195519,0.627765935055379,0.335790947140193
3.39498730154931,-0.967146214014331,0.610517974164624,0.356628239849713
3.39505980180908,-0.970233822020873,0.592953308223282,0.377280513797601
3.39514796914596,-0.973310238931167,0.571179638743442,0.40213060018775
3.39523613648285,-0.975639966322853,0.548967717112611,0.426672249210246
3.39532430381973,-0.97722122702569,0.526334617428299,0.450886609597358
3.39541247115662,-0.97805279504023,0.503297715675708,0.474755079364527
3.3955006384935,-0.978134043580137,0.479874693871547,0.498259349708603
3.39558880583039,-0.977464898784769,0.456083522688523,0.521381376096244
3.39567697316727,-0.976045884915537,0.431942457430253,0.5441034274853
3.39576514050416,-0.973878079802871,0.407470017290645,0.566408062512224
3.39585330784104,-0.970963156933618,0.382684978978796,0.588278177954873
3.39596171207352,-0.966358520060405,0.351811260016482,0.614547260043922
3.396070116306,-0.960633176215585,0.320529369465156,0.640103806750437
3.39617852053848,-0.953793775168863,0.288875686132771,0.664918089036112
3.39628692477096,-0.945848259809245,0.256886942380897,0.688961317428321
3.39639532900344,-0.936805840103492,0.224600261487365,0.712205578616148
3.39650373323592,-0.926677008183859,0.192053082249317,0.734623925934543
3.39661213746839,-0.915473504402401,0.159283164340763,0.756190340061639
3.39672054170087,-0.90320832630434,0.126328503196076,0.776879823108296
3.39682894593335,-0.889895691904948,0.0932273287970406,0.796668363107911
3.39693735016583,-0.875551044555185,0.0600180203238524,0.81553302423132
3.39704575439831,-0.860191014179273,0.026739102143663,0.833451912035602
3.39715415863079,-0.843833418412547,-0.00657084034354067,0.850404258756093
3.39726256286327,-0.826497221941911,-0.0398731667482243,0.866370388690152
3.39733017601634,-0.815197372190731,-0.0606240780779879,0.875821450268728
3.39739778916941,-0.803529812081719,-0.0813474669191316,0.884877279000846
3.39746540232248,-0.791499759418511,-0.102034075489166,0.893533834907679
3.39753301547555,-0.779112633563525,-0.122674572278593,0.901787205842138
3.39762517473616,-0.761663849285149,-0.15071680182835,0.912380651113489
3.39771733399677,-0.743576576189736,-0.17863277880733,0.92220935499708
3.39777753389924,-0.731423881497294,-0.196789042722085,0.928212924219394
3.3978377338017,-0.719009636246954,-0.214874826713347,0.93388446296034
3.39789793370417,-0.706338249044697,-0.232883718761407,0.939221967806123
3.39795813360663,-0.693414253248704,-0.250809264297325,0.944223517546045
3.39803063386659,-0.677520913740934,-0.272277598263333,0.949798512004255
3.39810313412655,-0.661276096111122,-0.2936046855828,0.954880781693938
3.3981756343865,-0.644688228767896,-0.314779474974365,0.959467703742298
3.39824813464646,-0.627765927351014,-0.335790957003417,0.96355688435443
3.39832063490641,-0.610517966311715,-0.356628249706931,0.967146216018678
3.39839313516637,-0.592953300223196,-0.37728052364438,0.97023382386756
3.39848130247836,-0.571179636833584,-0.402130602978237,0.973310239811827
3.39856946979034,-0.548967721540502,-0.426672245118704,0.975639966659205
3.39865763710232,-0.526334628426778,-0.450886598814125,0.977221227240881
3.39874580441431,-0.503297733462788,-0.474755062095485,0.978052795558298
3.39883397172629,-0.479874718650052,-0.498259326174999,0.978134044825047
3.39892213903828,-0.456083554645833,-0.521381346534329,0.977464901180171
3.39901030635026,-0.431942496737765,-0.544103392146013,0.976045888883791
3.39909847366225,-0.407470064103685,-0.566408021660801,0.973878085764472
3.39918664097423,-0.382685033436422,-0.588278131870368,0.970963165306827
3.39929504520664,-0.351811315281804,-0.614547215229591,0.966358530511402
3.39940344943904,-0.320529425471952,-0.64010376326291,0.960633188734845
3.39951185367145,-0.288875742814049,-0.664918046930404,0.953793789744427
3.39962025790386,-0.25688699966891,-0.68896127675786,0.945848276426736
3.39972866213626,-0.224600319313433,-0.71220553943276,0.93680585874618
3.39983706636867,-0.19205314054425,-0.734623888288368,0.926677028832605
3.39994547060108,-0.159283223034775,-0.756190304000969,0.915473527035718
3.40005387483348,-0.126328562218835,-0.776879788679706,0.90320835089854
3.40016227906589,-0.0932273880778242,-0.796668330356091,0.889895718433912
3.40027068329829,-0.0600180797915358,-0.815532993199069,0.875551072990595
3.4003790875307,-0.0267391617270008,-0.833451882763625,0.860191044490614
3.40048749176311,0.0065707807161821,-0.85040423128326,0.843833450567046
3.40059589599551,0.0398731071485797,-0.866370363053157,0.826497255904556
3.40066350920646,0.060624036296268,-0.875821433721368,0.815197397425063
3.4007311224174,0.0813474429282478,-0.884877270875453,0.803529827947166
3.40079873562834,0.102034069238107,-0.893533834525886,0.791499765287784
3.40086634883929,0.122674583692433,-0.90178721251541,0.779112628822919
3.40095850808675,0.15071680921126,-0.912380656078553,0.761663846867245
3.4010506673342,0.178632782190612,-0.922209358470417,0.743576576279812
3.40111086723234,0.196789044796843,-0.928212927250155,0.731423882453272
3.40117106713047,0.21487482748973,-0.933884465596204,0.719009638106454
3.40123126702861,0.232883718250979,-0.939221970095378,0.706338251844405
3.40129146692674,0.250809262513009,-0.944223519537271,0.693414257024269
3.40136396718906,0.272277597199425,-0.94979851425839,0.677520917058936
3.40143646745137,0.2936046852318,-0.954880784179201,0.66127609894739
3.40150896771368,0.314779475327743,-0.959467706426839,0.644688231099095
3.401581467976,0.335790958051376,-0.963556887206173,0.62776592915473
3.40165396823831,0.356628251438759,-0.967146219005102,0.610517967566313
3.40172646850062,0.377280526048282,-0.970233826956133,0.592953300907832
3.40181463579231,0.402130599693306,-0.973310242270336,0.571179642576996
3.401902803084,0.426672236290982,-0.975639968831835,0.54896773254085
3.40199097037568,0.450886584602526,-0.977221229472915,0.526334644870365
3.40207913766737,0.474755042671861,-0.978052798195463,0.503297755523606
3.40216730495906,0.498259301723597,-0.978134048213209,0.47987474648961
3.40225547225074,0.521381317251509,-0.977464905664477,0.456083588412929
3.40234363954243,0.54410335823999,-0.976045894808391,0.431942536568382
3.40243180683412,0.566407983351361,-0.973878093471989,0.407470110120614
3.4025199741258,0.58827808938866,-0.970963175137527,0.382685085748854
3.40262837835814,0.614547173901478,-0.966358542229148,0.351811368327656
3.40273678259048,0.640103723139781,-0.960633202330912,0.320529479191109
3.40284518682282,0.664918008062286,-0.953793805207913,0.288875797145589
3.40295359105516,0.688961239193311,-0.945848293744583,0.256887054551308
3.4030619952875,0.712205503218678,-0.936805877903228,0.22460037468456
3.40317039951985,0.734623853470312,-0.926677049811445,0.192053196341103
3.40327880375219,0.756190270622872,-0.915473549816908,0.159283279194017
3.40338720798453,0.776879756783874,-0.903208375460464,0.126328618676604
3.40349561221687,0.796668299983026,-0.889895744752858,0.0932274447698053
3.40360401644921,0.815532964387623,-0.875551101040857,0.060018136653207
3.40371242068155,0.833451855550858,-0.860191074244487,0.0267392186935966
3.40382082491389,0.850404205704414,-0.843833481994674,-0.00657072370973839
3.40392922914623,0.866370339141557,-0.826497288974375,-0.0398730501672206
3.40399684241421,0.875821418677363,-0.815197421807674,-0.0606239968696878
3.40406445568219,0.884877264040147,-0.8035298430125,-0.0813474210276688
3.40413206895017,0.893533835229765,-0.791499770418749,-0.102034064811028
3.40419968221815,0.901787220079013,-0.779112623416152,-0.122674596662861
3.40429184148066,0.912380664934613,-0.761663838238663,-0.150716826695945
3.40438400074317,0.922209368363499,-0.743576564230575,-0.178632804132964
3.40444420061341,0.92821293402197,-0.731423875765535,-0.196789058256436
3.40450440048364,0.933884469552813,-0.719009637026191,-0.214874832526643
3.40456460035388,0.939221971545734,-0.706338256611492,-0.232883714934256
3.40462480022411,0.944223518792996,-0.693414267872287,-0.250809250920707
3.40469730048859,0.94979851391691,-0.677520927603568,-0.27227758631337
3.40476980075307,0.954880784212478,-0.66127610916365,-0.293604675048822
3.40484230101754,0.959467706806368,-0.644688240962876,-0.314779465843489
3.40491480128202,0.963556887903084,-0.627765938642561,-0.335790949260541
3.4049873015465,0.96714621999033,-0.610517976655194,-0.356628243335159
3.40505980181098,0.970233828200349,-0.592953309575825,-0.377280518624495
3.40514796910723,0.973310243848844,-0.571179650221786,-0.402130593627088
3.40523613640349,0.975639970667764,-0.548967739113455,-0.426672231554323
3.40532430369974,0.977221231488981,-0.526334650324511,-0.450886581164511
3.405412470996,0.978052800314047,-0.503297759815522,-0.474755040498543
3.40550063829225,0.978134050356576,-0.47987474957833,-0.498259300778265
3.40558880558851,0.977464907754839,-0.456083590260302,-0.521381317494566
3.40567697288476,0.976045896768141,-0.431942537138983,-0.544103359629165
3.40576514018102,0.973878095223641,-0.4074701093821,-0.566407985841564
3.40585330747727,0.970963176604019,-0.382685083671757,-0.58827809293228
3.40596171170962,0.966358543507518,-0.351811366178768,-0.614547177328778
3.40607011594196,0.960633203422229,-0.320529476976487,-0.640103726445734
3.4061785201743,0.953793806113298,-0.288875794871361,-0.664918011241964
3.40628692440664,0.945848294465489,-0.256887052223614,-0.688961242241885
3.40639532863898,0.936805878441292,-0.224600372309665,-0.712205506131582
3.40650373287132,0.926677050168486,-0.192053193925378,-0.734623856243104
3.40661213710367,0.915473549994977,-0.159283276743757,-0.756190273251225
3.40672054133601,0.903208375461751,-0.126328616198164,-0.776879759263639
3.40682894556835,0.889895744579905,-0.0932274422696705,-0.796668302310246
3.40693734980069,0.875551100696293,-0.0600181341376659,-0.815532966558613
3.40704575403303,0.860191073731098,-0.0267392161691348,-0.833451857561976
3.40715415826538,0.843833481315655,0.00657072623654944,-0.850404207552192
3.40726256249772,0.826497288132849,0.0398730526899518,-0.866370340822785
3.40733017576497,0.815197420989962,0.0606239991638385,-0.875821420153778
3.40739778903222,0.803529842227764,0.081347423091358,-0.884877265319139
3.40746540229948,0.79149976967612,0.102034066642786,-0.893533836318918
3.40753301556673,0.779112622724688,0.122674598261334,-0.901787220986033
3.40762517485746,0.761663831999929,0.150716836842262,-0.91238066884217
3.40771733414819,0.743576552060649,0.178632822738833,-0.922209374799465
3.40777753399479,0.731423868104417,0.196789069667351,-0.928212937771747
3.40783773384138,0.719009634083041,0.214874836792528,-0.933884470875556
3.40789793368798,0.706338258590025,0.232883712112826,-0.939221970702855
3.40795813353458,0.693414274970946,0.250809241077292,-0.944223516048255
3.40803063379893,0.677520934842825,0.272277576474865,-0.94979851131768
3.40810313406328,0.661276116542168,0.293604665219239,-0.954880781761426
3.40817563432763,0.644688248479085,0.314779456026901,-0.959467704505971
3.40824813459198,0.627765946294807,0.3357909394611,-0.963556885755905
3.40832063485633,0.610517984441911,0.356628233556864,-0.96714621799879
3.40839313512068,0.592953317495099,0.377280508871622,-0.970233826366673
3.40848130244188,0.571179652037796,0.402130590942144,-0.973310242979926
3.40856946976308,0.548967734578362,0.426672235762661,-0.975639970340981
3.40865763708428,0.526334639204924,0.450886592075502,-0.977221231280428
3.40874580440548,0.503297741893223,0.474755057905773,-0.978052799798996
3.40883397172668,0.47987472465032,0.498259324459882,-0.978134049110168
3.40892213904788,0.456083558138976,0.521381347213827,-0.977464905352793
3.40901030636908,0.431942497652672,0.544103395134605,-0.976045892787247
3.40909847369028,0.407470062375121,0.566408026867484,-0.973878089242576
3.40918664101149,0.382685029005029,0.588278139198945,-0.970963168203948
3.4092950452439,0.351811310700886,0.614547222321071,-0.966358533021949
3.40940344947632,0.32052942075381,0.640103770106855,-0.960633190860597
3.40951185370873,0.288875737971223,0.664918053516501,-0.953793791487718
3.40962025794115,0.256886994714102,0.688961283076245,-0.945848277790296
3.40972866217357,0.22460031425948,0.712205545473748,-0.936805859733211
3.40983706640598,0.19205313540394,0.734623894042776,-0.926677029446715
3.4099454706384,0.159283217821121,0.756190309459858,-0.915473527280957
3.41005387487082,0.126328556944983,0.77687979383445,-0.9032083507794
3.41016227910323,0.0932273827569074,0.796668335198364,-0.889895717955278
3.41027068333565,0.0600180744367191,0.815532997721081,-0.875551072157762
3.41037908756807,0.0267391563516149,0.833451886957758,-0.860191043309388
3.41048749180048,-0.00657078609879076,0.850404235142395,-0.84383344904357
3.4105958960329,-0.0398731125250181,0.866370366570456,-0.826497254045413
3.41066350924205,-0.0606240411113692,0.875821436776446,-0.815197395665051
3.41073112245121,-0.0813474471785881,0.88487727348705,-0.803529826308455
3.41079873566036,-0.102034072920871,0.893533836713151,-0.791499763792249
3.41086634886952,-0.12267458680563,0.901787214297795,-0.77911262749212
3.41095850817341,-0.150716829420406,0.912380663864356,-0.761663834443923
3.4110506674773,-0.178632819319593,0.922209371315377,-0.743576551995758
3.41111086732828,-0.196789067573691,0.92821293473645,-0.731423867162731
3.41117106717927,-0.214874836014306,0.933884468240603,-0.719009632226259
3.41123126703025,-0.232883712638291,0.939221968419434,-0.706338255781121
3.41129146688124,-0.25080924289334,0.944223514067117,-0.693414271173726
3.41136396714316,-0.272277577548129,0.949798509067524,-0.677520931519392
3.41143646740507,-0.29360466555747,0.954880779274823,-0.661276113717323
3.41150896766699,-0.314779455639121,0.959467701815962,-0.64468824617681
3.41158146792891,-0.335790938357265,0.963556882895602,-0.627765944538323
3.41165396819083,-0.356628231748197,0.967146215001648,-0.610517983253398
3.41172646845274,-0.377280506370273,0.9702338232664,-0.592953316896047
3.4118146357942,-0.402130594119555,0.973310240511351,-0.571179646391821
3.41190280313566,-0.426672244473059,0.975639968160742,-0.548967723687634
3.41199097047712,-0.450886606160221,0.977221229043836,-0.526334622883587
3.41207913781858,-0.474755077193537,0.978052797161048,-0.503297719967464
3.41216730516004,-0.498259348766944,0.978134045725736,-0.479874696958774
3.41225547250149,-0.521381376344225,0.977464900877321,-0.456083524533098
3.41234363984295,-0.544103428880601,0.976045886877308,-0.431942457996696
3.41243180718441,-0.566408065009811,0.973878081556365,-0.407470016546515
3.41251997452587,-0.588278181507014,0.970963158401595,-0.382684976894568
3.41262837875835,-0.614547263480498,0.966358521339953,-0.351811257859406
3.41273678299084,-0.640103810066337,0.960633177307575,-0.320529367241236
3.41284518722332,-0.664918092226314,0.95379377607441,-0.288875683848077
3.4129535914558,-0.688961320487988,0.945848260529662,-0.25688694004168
3.41306199568829,-0.712205581540632,0.936805840640408,-0.224600259099796
3.41317039992077,-0.734623928719315,0.926677008539014,-0.192053079819676
3.41327880415325,-0.756190342702358,0.915473504577751,-0.159283161875353
3.41338720838574,-0.776879825600733,0.903208326302086,-0.126328500701299
3.41349561261822,-0.796668365448065,0.889895691727436,-0.0932273262793105
3.4136040168507,-0.815533026415333,0.875551044205053,-0.060018017789706
3.41371242108319,-0.833451914059767,0.860191013659373,-0.026739099599613
3.41382082531567,-0.85040426061694,0.843833417725906,0.00657084289107932
3.41392922954815,-0.866370390384372,0.826497221091621,0.0398731692927897
3.41399684270047,-0.875821451753243,0.815197371369411,0.0606240803838697
3.41406445585278,-0.884877280283378,0.80352981129906,0.0813474689843897
3.41413206900509,-0.893533835996257,0.79149975868389,0.102034077312365
3.4141996821574,-0.901787206744832,0.779112632886295,0.122674573858577
3.41429184144629,-0.912380655023833,0.761663843049693,0.15071681197415
3.41438400073517,-0.922209361441842,0.743576564011295,0.17863279743056
3.41444420061398,-0.92821292797588,0.731423873831387,0.196789054144516
3.41450440049279,-0.933884464287816,0.719009633302698,0.214874830985126
3.41456460037161,-0.939221966966319,0.70633825102603,0.232883715940261
3.41462480025042,-0.944223514802831,0.693414260354322,0.250809254448537
3.41469730051016,-0.949798509400771,0.677520921005446,0.272277588395337
3.41476980076991,-0.954880779233817,0.661276103533787,0.293604675700028
3.41484230102965,-0.959467701429234,0.644688236348026,0.314779465081229
3.4149148012894,-0.963556882192078,0.627765935087754,0.335790947104359
3.41498730154915,-0.967146214010544,0.610517974204006,0.356628239806569
3.41505980180889,-0.970233822017141,0.592953308269804,0.377280513747354
3.41514796914574,-0.973310238927924,0.571179638799668,0.402130600128274
3.41523613648259,-0.975639966320683,0.548967717178823,0.426672249141905
3.41532430381944,-0.977221227025218,0.52633461750485,0.450886609520372
3.41541247115629,-0.978052795042069,0.503297715762767,0.474755079279325
3.41550063849314,-0.978134043584857,0.479874693969436,0.498259349615473
3.41558880582999,-0.977464898793018,0.45608352279741,0.521381375995607
3.41567697316684,-0.976045884927854,0.431942457550362,0.544103427377513
3.41576514050369,-0.973878079819836,0.407470017422094,0.56640806239775
3.41585330784054,-0.970963156955926,0.382684979121819,0.588278177834104
3.41596171207302,-0.966358520087911,0.351811260161736,0.614547259926201
3.4160701163055,-0.960633176248325,0.320529369612444,0.6401038066359
3.41617852053797,-0.953793775206818,0.288875686281955,0.664918088924884
3.41628692477045,-0.94584825985238,0.25688694253186,0.688961317320523
3.41639532900293,-0.936805840151816,0.224600261639892,0.71220557851194
3.41650373323541,-0.926677008237318,0.192053082403217,0.734623925834086
3.41661213746789,-0.915473504460935,0.159283164495862,0.75619033996505
3.41672054170036,-0.903208326367965,0.126328503352265,0.776879823015699
3.41682894593284,-0.889895691973546,0.0932273289541093,0.796668363019428
3.41693735016532,-0.875551044628712,0.060018020481585,0.815533024147103
3.4170457543978,-0.860191014257699,0.0267391023019793,0.833451911955739
3.41715415863027,-0.84383341849584,-0.00657084018489491,0.850404258680713
3.41726256286275,-0.826497222029873,-0.0398731665894529,0.866370388619349
3.41733017601598,-0.815197372254866,-0.0606240779675211,0.875821450222375
3.41739778916921,-0.803529812120314,-0.0813474668567945,0.884877278977149
3.41746540232243,-0.79149975942987,-0.102034075474896,0.893533834904757
3.41753301547566,-0.779112633545958,-0.122674572312187,0.901787205858133
3.41762517473634,-0.761663849254165,-0.150716801881614,0.91238065113577
3.41771733399701,-0.743576576144546,-0.178632778880032,0.922209355024581
3.41777753389939,-0.731423881469039,-0.196789042767965,0.928212924237
3.41783773380177,-0.719009636236413,-0.214874826732577,0.933884462968991
3.41789793370415,-0.706338249052676,-0.232883718754144,0.939221967806815
3.41795813360653,-0.693414253275941,-0.250809264263845,0.944223517539763
3.41803063386649,-0.677520913766147,-0.272277598233446,0.949798511999577
3.41810313412646,-0.661276096134195,-0.293604685556459,0.954880781690658
3.41817563438643,-0.644688228788706,-0.314779474951526,0.959467703740227
3.4182481346464,-0.627765927369559,-0.335790956983985,0.963556884353544
3.41832063490636,-0.610517966327789,-0.356628249690904,0.967146216018682
3.41839313516633,-0.592953300236684,-0.377280523631728,0.970233823868438
3.41848130247834,-0.571179636841416,-0.402130602972301,0.973310239813708
3.41856946979035,-0.548967721542412,-0.426672245119352,0.975639966661743
3.41865763710235,-0.526334628422657,-0.450886598821027,0.977221227243692
3.41874580441436,-0.5032977334524,-0.47475506210856,0.978052795560932
3.41883397172637,-0.479874718633114,-0.498259326194073,0.978134044827171
3.41892213903838,-0.456083554622143,-0.521381346559209,0.977464901181324
3.41901030635039,-0.431942496707248,-0.544103392176388,0.976045888883618
3.4190984736624,-0.407470064066206,-0.566408021696423,0.973878085762591
3.4191866409744,-0.382685033391766,-0.588278131911014,0.970963165302767
3.41929504520681,-0.35181131523563,-0.614547215269872,0.966358530505474
3.41940344943922,-0.320529425424355,-0.640103763302647,0.960633188727
3.41951185367163,-0.288875742765068,-0.664918046969569,0.953793789734589
3.41962025790404,-0.256886999618532,-0.68896127679635,0.945848276414868
3.41972866213645,-0.224600319261828,-0.712205539470434,0.936805858732239
3.41983706636886,-0.192053140491386,-0.734623888325189,0.926677028816559
3.41994547060127,-0.159283222980712,-0.756190304036886,0.915473527017545
3.42005387483367,-0.126328562163704,-0.776879788714543,0.90320835087825
3.42016227906608,-0.0932273880216199,-0.796668330389792,0.889895718411382
3.42027068329849,-0.0600180797342995,-0.815532993231554,0.875551072965814
3.4203790875309,-0.0267391616688084,-0.833451882794824,0.860191044463588
3.42048749176331,0.0065707807752824,-0.850404231313061,0.843833450537771
3.42059589599572,0.0398731072083295,-0.866370363081462,0.826497255873129
3.42066350920661,0.060624036339116,-0.875821433740936,0.815197397401816
3.4207311224175,0.0813474429541874,-0.884877270886959,0.80352982793275
3.42079873562838,0.102034069247188,-0.89353383452999,0.791499765282761
3.42086634883927,0.122674583684707,-0.901787212512668,0.779112628827958
3.42095850808675,0.150716809210331,-0.912380656078422,0.761663846868062
3.42105066733424,0.178632782196545,-0.922209358472564,0.743576576276005
3.42111086723237,0.196789044803565,-0.928212927252335,0.731423882448767
3.42117106713051,0.21487482749723,-0.933884465598467,0.719009638101233
3.42123126702865,0.232883718259194,-0.939221970097679,0.706338251838462
3.42129146692679,0.250809262521968,-0.944223519539613,0.693414257017608
3.42136396718909,0.272277597205598,-0.949798514259744,0.677520917054113
3.42143646745139,0.293604685235266,-0.954880784179733,0.661276098944465
3.4215089677137,0.314779475328423,-0.95946770642666,0.644688231098236
3.421581467976,0.335790958049306,-0.963556887205356,0.627765929156062
3.42165396823831,0.356628251434032,-0.967146219003883,0.610517967569825
3.42172646850061,0.377280526040901,-0.970233826954601,0.592953300913683
3.42181463579232,0.402130599692754,-0.973310242269639,0.571179642576838
3.42190280308403,0.426672236297039,-0.97563996883157,0.548967732534511
3.42199097037574,0.450886584615164,-0.977221229472702,0.526334644857524
3.42207913766745,0.47475504269074,-0.978052798194879,0.503297755504111
3.42216730495916,0.498259301748578,-0.978134048211836,0.479874746463247
3.42225547225088,0.521381317282368,-0.977464905661889,0.456083588379476
3.42234363954259,0.544103358276461,-0.976045894804151,0.43194253652768
3.4224318068343,0.566407983393223,-0.97387809346569,0.407470110072477
3.42251997412601,0.588278089435532,-0.970963175128851,0.382685085693281
3.42262837835834,0.614547173945986,-0.966358542218525,0.351811368272511
3.42273678259068,0.640103723181935,-0.96063320231844,0.320529479136492
3.42284518682302,0.66491800810208,-0.953793805193759,0.288875797091637
3.42295359105535,0.688961239230698,-0.945848293728798,0.256887054498071
3.42306199528769,0.712205503253783,-0.936805877885933,0.224600374632148
3.42317039952002,0.734623853503087,-0.926677049792803,0.192053196289684
3.42327880375236,0.756190270653353,-0.915473549797006,0.159283279143621
3.4233872079847,0.776879756812063,-0.90320837543938,0.126328618627295
3.42349561221703,0.79666830000901,-0.889895744730711,0.0932274447216469
3.42360401644937,0.815532964411466,-0.875551101017747,0.0600181366062457
3.4237124206817,0.83345185557256,-0.860191074220488,0.026739218647895
3.42382082491404,0.850404205724027,-0.843833481970004,-0.00657072375402204
3.42392922914638,0.866370339159114,-0.826497288949056,-0.0398730502100846
3.42399684241434,0.87582141869125,-0.815197421784982,-0.0606239969062768
3.4240644556823,0.884877264050581,-0.803529842992752,-0.0813474210578592
3.42413206895025,0.893533835237002,-0.791499770402149,-0.102034064834872
3.42419968221821,0.901787220083249,-0.779112623402948,-0.122674596680323
3.42429184148076,0.912380664942157,-0.761663838218214,-0.150716826723967
3.42438400074331,0.922209368373821,-0.743576564202519,-0.178632804171294
3.42444420061349,0.928212934026202,-0.731423875747913,-0.196789058278332
3.42450440048367,0.933884469551708,-0.719009637019551,-0.214874832532118
3.42456460035385,0.939221971539813,-0.706338256616298,-0.232883714923538
3.42462480022403,0.944223518782873,-0.693414267888953,-0.250809250893931
3.42469730048854,0.949798513909933,-0.677520927612849,-0.272277586297107
3.42476980075306,0.954880784208167,-0.66127610916526,-0.293604675042935
3.42484230101757,0.959467706804209,-0.644688240956375,-0.314779465847871
3.42491480128208,0.963556887902672,-0.627765938627607,-0.335790949275061
3.4249873015466,0.967146219991146,-0.610517976631597,-0.356628243359554
3.42505980181111,0.970233828201915,-0.592953309543215,-0.377280518658672
3.42514796910741,0.97331024385085,-0.571179650176093,-0.402130593674758
3.42523613640372,0.975639970669352,-0.5489677390542,-0.42667223161516
3.42532430370002,0.977221231489311,-0.526334650251194,-0.450886581238072
3.42541247099633,0.978052800312234,-0.503297759727813,-0.474755040584454
3.42550063829263,0.978134050351824,-0.479874749475925,-0.498259300875901
3.42558880558894,0.977464907746318,-0.456083590142808,-0.521381317603514
3.42567697288524,0.97604589675495,-0.431942537006168,-0.544103359748796
3.42576514018155,0.973878095204991,-0.40747010923355,-0.566407985971448
3.42585330747785,0.970963176579028,-0.38268508350733,-0.58827809307172
3.42596171171019,0.966358543476575,-0.351811366012116,-0.614547177464495
3.42607011594253,0.960633203385298,-0.320529476807673,-0.640103726577612
3.42617852017488,0.953793806070499,-0.288875794700732,-0.664918011369771
3.42628692440722,0.945848294416835,-0.256887052051343,-0.688961242365488
3.42639532863956,0.936805878386773,-0.224600372135918,-0.712205506250876
3.4265037328719,0.926677050108251,-0.192053193750348,-0.734623856357902
3.42661213710424,0.915473549929066,-0.159283276567639,-0.756190273361422
3.42672054133658,0.903208375390191,-0.126328616021076,-0.776879759369119
3.42682894556893,0.889895744502768,-0.0932274420918727,-0.79666830241091
3.42693734980127,0.875551100613755,-0.0600181339594705,-0.815532966654241
3.42704575403361,0.860191073643188,-0.0267392159906949,-0.833451857652504
3.42715415826595,0.843833481222504,0.00657072641502914,-0.850404207637519
3.42726256249829,0.826497288034565,0.0398730528682827,-0.866370340902828
3.42733017576537,0.815197420918414,0.0606239992879554,-0.875821420206325
3.42739778903245,0.803529842184864,0.0813474231613686,-0.884877265346263
3.42746540229953,0.791499769663838,0.102034066658858,-0.893533836322707
3.42753301556661,0.779112622744786,0.122674598223785,-0.901787220968547
3.42762517485733,0.761663832021353,0.150716836804178,-0.912380668825491
3.42771733414806,0.743576552083367,0.178632822700284,-0.922209374783648
3.42777753399471,0.731423868116169,0.196789069646036,-0.928212937762167
3.42783773384137,0.719009634083175,0.21487483678838,-0.933884470871564
3.42789793368802,0.706338258578147,0.232883712125725,-0.939221970703834
3.42795813353468,0.693414274946577,0.250809241107003,-0.9442235160536
3.42803063379897,0.677520934829715,0.272277576488818,-0.949798511318502
3.42810313406327,0.661276116540819,0.29360466521761,-0.954880781758413
3.42817563432757,0.644688248489976,0.314779456009944,-0.959467704499918
3.42824813459186,0.627765946318397,0.335790939429038,-0.963556885747468
3.42832063485616,0.610517984478684,0.356628233509989,-0.967146217988659
3.42839313512046,0.592953317545524,0.377280508810202,-0.970233826355704
3.42848130244161,0.571179652101676,0.402130590867576,-0.973310242969232
3.42856946976276,0.548967734656234,0.426672235675304,-0.975639970331531
3.42865763708391,0.526334639297204,0.450886591975778,-0.977221231272959
3.42874580440506,0.503297742000338,0.474755057794134,-0.978052799794423
3.42883397172621,0.479874724772555,0.498259324336809,-0.978134049109369
3.42892213904736,0.456083558276594,0.521381347079957,-0.97746490535653
3.42901030636851,0.431942497806027,0.544103394990423,-0.976045892796437
3.42909847368967,0.407470062544491,0.566408026713559,-0.973878089258032
3.42918664101082,0.382685029190549,0.588278139035958,-0.970963168226472
3.42929504524323,0.351811310888785,0.614547222162584,-0.966358533051336
3.42940344947565,0.320529420943972,0.640103769952938,-0.960633190896905
3.42951185370807,0.288875738163464,0.664918053367334,-0.953793791530797
3.42962025794048,0.256886994908097,0.688961282932036,-0.945848277840126
3.4297286621729,0.224600314455014,0.712205545334668,-0.936805859789715
3.42983706640532,0.192053135600834,0.734623893908941,-0.926677029509788
3.42994547063774,0.159283218019101,0.756190309331455,-0.915473527350534
3.43005387487015,0.126328557143778,0.776879793711616,-0.903208350855338
3.43016227910257,0.0932273829562811,0.796668335081264,-0.889895718037531
3.43027068333499,0.0600180746365976,0.81553299760971,-0.875551072246292
3.4303790875674,0.0267391565516644,0.833451886852322,-0.860191043404003
3.43048749179982,-0.0065707858988506,0.850404235043016,-0.843833449144134
3.43059589603224,-0.0398731123254419,0.866370366477237,-0.826497254151804
3.43066350924157,-0.0606240409685094,0.875821436712301,-0.815197395743763
3.43073112245091,-0.0813474470922181,0.884877273449803,-0.803529826357545
3.43079873566025,-0.102034072890951,0.893533836700598,-0.791499763809656
3.43086634886959,-0.122674586831963,0.90178721430786,-0.77911262747588
3.43095850817353,-0.150716829460371,0.912380663878836,-0.761663834418436
3.43105066747746,-0.178632819372881,0.92220937133341,-0.743576551960495
3.43111086732837,-0.196789067603634,0.928212934746125,-0.731423867142466
3.43117106717928,-0.214874836021106,0.933884468242749,-0.719009632221615
3.43123126703019,-0.232883712622121,0.939221968414888,-0.706338255792748
3.4312914668811,-0.250809242854386,0.944223514056773,-0.693414271202364
3.43136396714301,-0.272277577507062,0.949798509057561,-0.677520931550458
3.43143646740492,-0.293604665514455,0.954880779265374,-0.661276113750905
3.43150896766682,-0.314779455594053,0.959467701807053,-0.644688246212989
3.43158146792873,-0.33579093831036,0.963556882887443,-0.62776594457705
3.43165396819064,-0.356628231699386,0.967146214994328,-0.610517983294931
3.43172646845255,-0.37728050631968,0.970233823260039,-0.592953316940338
3.43181463579392,-0.402130594044304,0.973310240503876,-0.571179646459526
3.43190280313529,-0.426672244374014,0.975639968153613,-0.548967723779583
3.43199097047666,-0.450886606038023,0.977221229038621,-0.526334623000597
3.43207913781803,-0.474755077048944,0.978052797159283,-0.503297720110309
3.43216730515939,-0.498259348600799,0.978134045728973,-0.479874697128128
3.43225547250076,-0.521381376157528,0.977464900887096,-0.456083524729546
3.43234363984213,-0.544103428674266,0.976045886895152,-0.431942458220882
3.4324318071835,-0.566408064784851,0.973878081583707,-0.407470016798846
3.43251997452487,-0.588278181264526,0.970963158440079,-0.382684977175532
3.43262837875735,-0.614547263244779,0.966358521388713,-0.351811258143892
3.43273678298984,-0.64010380983758,0.960633177366595,-0.320529367528984
3.43284518722232,-0.664918092004795,0.953793776143604,-0.288875684138732
3.43295359145481,-0.688961320274029,0.945848260608854,-0.256886940334841
3.43306199568729,-0.712205581334317,0.936805840729564,-0.224600259395223
3.43317039991978,-0.734623928520991,0.926677008637957,-0.19205308011694
3.43327880415226,-0.756190342512227,0.915473504686335,-0.159283162174092
3.43338720838475,-0.77687982541901,0.903208326420179,-0.126328501001139
3.43349561261723,-0.796668365274891,0.889895691854857,-0.0932273265799904
3.43360401684972,-0.81553302625091,0.875551044341697,-0.060018018090714
3.4337124210822,-0.833451913904297,0.860191013804967,-0.0267390999006432
3.43382082531468,-0.850404260470613,0.843833417880235,0.00657084259038306
3.43392922954717,-0.866370390247247,0.826497221254594,0.0398731689926806
3.43399684269978,-0.875821451662072,0.81519737148787,0.0606240801742284
3.43406445585238,-0.884877280234795,0.803529811369655,0.0813474688651538
3.43413206900499,-0.893533835986743,0.791499758703567,0.102034077283222
3.43419968215759,-0.901787206770972,0.779112632851875,0.122674573919128
3.43429184144646,-0.912380655046221,0.761663843017699,0.150716812028536
3.43438400073533,-0.922209361460815,0.743576563982045,0.178632797478777
3.43444420061408,-0.928212927988126,0.731423873813914,0.196789054174248
3.43450440049283,-0.933884464293985,0.719009633297482,0.214874830996489
3.43456460037157,-0.939221966967049,0.706338251033692,0.232883715933365
3.43462480025032,-0.944223514798894,0.693414260375255,0.250809254423646
3.4346973005101,-0.949798509399922,0.677520921019235,0.272277588380737
3.43476980076988,-0.954880779235657,0.661276103540124,0.293604675695528
3.43484230102966,-0.959467701433305,0.644688236346588,0.314779465086717
3.43491480128944,-0.963556882197875,0.627765935078167,0.335790947119726
3.43498730154922,-0.96714621401762,0.610517974185988,0.356628239831613
3.435059801809,-0.970233822025006,0.592953308243131,0.377280513781868
3.43514796914583,-0.973310238934185,0.571179638777695,0.402130600156481
3.43523613648266,-0.975639966325706,0.548967717161861,0.426672249163845
3.43532430381949,-0.977221227029331,0.526334617493062,0.450886609536268
3.43541247115632,-0.978052795045659,0.503297715756408,0.474755079289261
3.43550063849315,-0.97813404358829,0.479874693968629,0.49825934961966
3.43558880582998,-0.977464898796604,0.456083522802408,0.5213813759942
3.43567697316681,-0.976045884932028,0.431942457561281,0.544103427370759
3.43576514050363,-0.973878079824949,0.407470017439158,0.566408062385796
3.43585330784046,-0.970963156962299,0.38268497914507,0.588278177817244
3.43596171207294,-0.966358520095043,0.351811260185056,0.614547259909989
3.43607011630542,-0.960633176256242,0.32052936963591,0.640103806620331
3.4361785205379,-0.953793775215499,0.2888756863055,0.664918088910009
3.43628692477038,-0.94584825986186,0.256886942555526,0.688961317306339
3.43639532900285,-0.93680584016199,0.224600261663594,0.71220557849843
3.43650373323533,-0.92667700824824,0.192053082426974,0.734623925821251
3.43661213746781,-0.915473504472541,0.159283164519591,0.756190339952945
3.43672054170029,-0.90320832638019,0.126328503375831,0.77687982300436
3.43682894593277,-0.889895691986403,0.0932273289776171,0.796668363008799
3.43693735016524,-0.875551044642168,0.0600180205049598,0.815533024137208
3.43704575439772,-0.860191014271824,0.026739102325285,0.833451911946559
3.4371541586302,-0.843833418510508,-0.00657084016176493,0.850404258672299
3.43726256286268,-0.826497222045193,-0.0398731665664449,0.866370388611638
3.43733017601593,-0.81519737226698,-0.060624077950936,0.875821450217921
3.43739778916917,-0.803529812129092,-0.0813474668466344,0.884877278975729
3.43746540232242,-0.791499759435033,-0.102034075471075,0.893533834906112
3.43753301547567,-0.77911263354733,-0.122674572314731,0.901787205862048
3.43762517473636,-0.761663849252472,-0.150716801888814,0.912380651141316
3.43771733399705,-0.743576576139615,-0.178632778891784,0.922209355031412
3.43777753389942,-0.731423881466901,-0.196789042775266,0.928212924242167
3.43783773380178,-0.719009636237262,-0.214874826735412,0.933884462972677
3.43789793370415,-0.706338249056541,-0.232883718752643,0.939221967809165
3.43795813360651,-0.693414253282921,-0.250809264258045,0.944223517540979
3.43803063386649,-0.677520913769072,-0.272277598233218,0.949798512002288
3.43810313412648,-0.661276096132844,-0.293604685561752,0.954880781694596
3.43817563438647,-0.644688228782938,-0.314779474962265,0.959467703745184
3.43824813464645,-0.627765927359209,-0.33579095699998,0.963556884359181
3.43832063490644,-0.610517966312714,-0.356628249712129,0.967146216024829
3.43839313516643,-0.592953300216646,-0.377280523658085,0.970233823874721
3.43848130247848,-0.571179636809564,-0.402130603011039,0.973310239820598
3.43856946979053,-0.54896772149838,-0.426672245170046,0.975639966668433
3.43865763710259,-0.526334628366076,-0.450886598883383,0.977221227249428
3.43874580441464,-0.503297733382736,-0.474755062182195,0.978052795564934
3.43883397172669,-0.47987471855021,-0.498259326278482,0.978134044828694
3.43892213903875,-0.456083554525651,-0.521381346653904,0.977464901179575
3.4390103063508,-0.43194249659676,-0.544103392281023,0.976045888877776
3.43909847366285,-0.40747006394154,-0.566408021810413,0.973878085751959
3.43918664097491,-0.38268503325279,-0.588278132033797,0.970963165286576
3.43929504520731,-0.35181131509698,-0.614547215387472,0.966358530484468
3.43940344943971,-0.320529425286176,-0.640103763415098,0.960633188701281
3.43951185367211,-0.288875742627667,-0.664918047076749,0.953793789704447
3.43962025790451,-0.256886999482146,-0.68896127689831,0.945848276380468
3.43972866213691,-0.224600319126603,-0.712205539567189,0.936805858693793
3.43983706636931,-0.192053140357547,-0.734623888416721,0.926677028774251
3.43994547060171,-0.159283222848416,-0.756190304123207,0.915473526971621
3.44005387483411,-0.126328562033158,-0.776879788795748,0.903208350828884
3.44016227906651,-0.0932273878929987,-0.796668330465865,0.889895718358859
3.44027068329892,-0.0600180796077801,-0.81553299330254,0.875551072910327
3.44037908753132,-0.0267391615445219,-0.833451882860781,0.860191044405297
3.44048749176372,0.00657078089705464,-0.850404231374063,0.843833450476962
3.44059589599612,0.0398731073276165,-0.86637036313759,0.826497255809947
3.4406635092069,0.0606240364255782,-0.875821433780117,0.815197397354548
3.44073112241768,0.0813474430078001,-0.884877270910414,0.803529827902622
3.44079873562846,0.102034069268084,-0.893533834538986,0.791499765270875
3.44086634883925,0.122674583672982,-0.901787212508492,0.779112628835492
3.44095850808676,0.150716809208125,-0.912380656077888,0.761663846869749
3.44105066733427,0.178632782203749,-0.922209358475195,0.743576576271441
3.44111086723239,0.196789044805083,-0.928212927252944,0.73142388244786
3.44117106713051,0.214874827493109,-0.933884465597307,0.719009638104191
3.44123126702863,0.232883718249524,-0.93922197009492,0.706338251845397
3.44129146692675,0.250809262506782,-0.944223519535425,0.693414257028646
3.44136396718905,0.272277597189698,-0.94979851425566,0.677520917065901
3.44143646745135,0.293604685218665,-0.954880784175763,0.661276098957082
3.44150896771365,0.314779475311124,-0.959467706422836,0.644688231111715
3.44158146797595,0.335790958031407,-0.963556887201767,0.627765929170352
3.44165396823825,0.356628251415475,-0.96714621900045,0.610517967584973
3.44172646850055,0.377280526021805,-0.970233826951446,0.59295330092962
3.44181463579228,0.402130599677629,-0.973310242267345,0.571179642589711
3.441902803084,0.426672236285921,-0.975639968829954,0.548967732544011
3.44199097037573,0.450886584607833,-0.97722122947151,0.526334644863685
3.44207913766745,0.474755042687236,-0.978052798193879,0.503297755506632
3.44216730495918,0.49825930174872,-0.97813404821077,0.479874746462042
3.4422554722509,0.521381317285956,-0.977464905660547,0.456083588374607
3.44234363954263,0.544103358283488,-0.97604589480233,0.43194253651882
3.44243180683435,0.56640798340342,-0.973878093463139,0.407470110059681
3.44251997412608,0.588278089448904,-0.970963175125246,0.382685085676332
3.44262837835841,0.614547173959237,-0.966358542214144,0.351811368254908
3.44273678259075,0.64010372319506,-0.96063320231334,0.320529479118247
3.44284518682309,0.664918008114948,-0.953793805187803,0.288875797072833
3.44295359105543,0.688961239243348,-0.945848293722009,0.256887054478667
3.44306199528776,0.712205503266114,-0.936805877878279,0.224600374612158
3.4431703995201,0.73462385351511,-0.926677049784245,0.192053196269119
3.44327880375244,0.756190270665018,-0.915473549787542,0.159283279122491
3.44338720798478,0.776879756823362,-0.903208375428992,0.126328618605621
3.44349561221711,0.796668300019864,-0.889895744719415,0.093227444699529
3.44360401644945,0.815532964421829,-0.875551101005552,0.0600181365836853
3.44371242068179,0.833451855582419,-0.860191074207293,0.0267392186248645
3.44382082491413,0.850404205733314,-0.843833481955868,-0.00657072377747625
3.44392922914646,0.866370339167842,-0.826497288933907,-0.0398730502339439
3.44399684241439,0.87582141869531,-0.815197421774577,-0.0606239969207352
3.44406445568232,0.884877264050349,-0.803529842987372,-0.0813474210629855
3.44413206895025,0.893533835232776,-0.791499770402184,-0.10203406483062
3.44419968221818,0.901787220075475,-0.779112623408695,-0.122674596666789
3.44429184148075,0.912380664937078,-0.761663838220053,-0.150716826717044
3.44438400074331,0.922209368371056,-0.743576564200145,-0.178632804170943
3.4444442006135,0.928212934024056,-0.731423875744226,-0.196789058279862
3.44450440048369,0.933884469549994,-0.719009637014524,-0.214874832535523
3.44456460035387,0.939221971538539,-0.706338256609838,-0.232883714928743
3.44462480022406,0.944223518781976,-0.693414267881093,-0.250809250900901
3.44469730048855,0.949798513906838,-0.677520927610685,-0.272277586296175
3.44476980075303,0.954880784203269,-0.661276109169115,-0.293604675034151
3.44484230101752,0.959467706797872,-0.644688240966513,-0.314779465831357
3.44491480128201,0.96355688789521,-0.627765938644271,-0.335790949250956
3.44498730154649,0.967146219982961,-0.61051797665504,-0.356628243327963
3.44505980181098,0.970233828193369,-0.592953309573541,-0.377280518619833
3.4451479691073,0.973310243844013,-0.571179650202435,-0.402130593641599
3.44523613640363,0.975639970663836,-0.548967739076405,-0.426672231587481
3.44532430369995,0.977221231484811,-0.526334650269008,-0.450886581215828
3.44541247099627,0.978052800308491,-0.503297759741002,-0.474755040567502
3.4455006382926,0.978134050348462,-0.47987474948435,-0.498259300864125
3.44558880558892,0.977464907743033,-0.456083590146351,-0.521381317596678
3.44567697288524,0.976045896751434,-0.431942537004624,-0.544103359746789
3.44576514018157,0.973878095200909,-0.407470109226787,-0.566407985974109
3.44585330747789,0.970963176574075,-0.382685083495213,-0.588278093078872
3.44596171171023,0.966358543471126,-0.351811365999274,-0.614547177471852
3.44607011594258,0.960633203379352,-0.320529476794285,-0.640103726585055
3.44617852017492,0.953793806063952,-0.28887579468667,-0.664918011377294
3.44628692440726,0.945848294409692,-0.25688705203666,-0.688961242373043
3.44639532863961,0.936805878379008,-0.224600372120554,-0.712205506258471
3.44650373287195,0.926677050099799,-0.192053193734286,-0.734623856365526
3.4466121371043,0.915473549919933,-0.159283276550967,-0.756190273368955
3.44672054133664,0.903208375380398,-0.126328616003834,-0.776879759376586
3.44682894556898,0.88989574449228,-0.0932274420740902,-0.796668302418179
3.44693734980133,0.875551100602425,-0.0600181339410658,-0.815532966661376
3.44704575403367,0.860191073631106,-0.0267392159716712,-0.833451857659429
3.44715415826601,0.84383348120961,0.00657072643458716,-0.850404207644207
3.44726256249836,0.826497288020781,0.0398730528884053,-0.86637034090919
3.44733017576542,0.815197420906199,0.0606239993045832,-0.875821420210793
3.44739778903249,0.803529842174469,0.0813474231744725,-0.884877265348901
3.44746540229956,0.791499769655267,0.102034066668436,-0.893533836323675
3.44753301556662,0.779112622738273,0.122674598229762,-0.901787220968016
3.44762517485732,0.76166383202111,0.15071683680005,-0.91238066882115
3.44771733414801,0.743576552089892,0.17863282268612,-0.922209374775979
3.44777753399467,0.731423868120894,0.19678906963487,-0.928212937755789
3.44783773384134,0.71900963408604,0.214874836780257,-0.933884470866286
3.447897933688,0.706338258579046,0.232883712120543,-0.939221970699593
3.44795813353466,0.693414274945445,0.250809241104809,-0.944223516050228
3.44803063379896,0.677520934828724,0.272277576486499,-0.949798511315217
3.44810313406326,0.661276116539944,0.293604665215239,-0.954880781755164
3.44817563432755,0.64468824848926,0.314779456007453,-0.959467704496708
3.44824813459185,0.627765946317823,0.335790939426494,-0.963556885744318
3.44832063485615,0.610517984478257,0.35662823350735,-0.967146217985635
3.44839313512044,0.592953317545237,0.377280508807512,-0.970233826352753
3.44848130244159,0.571179652102664,0.402130590863589,-0.973310242966238
3.44856946976274,0.548967734658497,0.4266722356701,-0.975639970328557
3.44865763708388,0.526334639300792,0.450886591969362,-0.977221231270153
3.44874580440503,0.503297742005257,0.474755057786587,-0.978052799791831
3.44883397172618,0.479874724778741,0.498259324328283,-0.978134049107039
3.44892213904732,0.456083558284217,0.521381347070365,-0.977464905354545
3.44901030636847,0.431942497815028,0.544103394979869,-0.976045892794879
3.44909847368962,0.407470062554917,0.566408026702072,-0.973878089256981
3.44918664101076,0.382685029202375,0.588278139023653,-0.970963168226014
3.44929504524318,0.351811310900483,0.614547222150912,-0.966358533051375
3.4494034494756,0.320529420955471,0.640103769941932,-0.960633190897394
3.44951185370802,0.288875738174634,0.664918053357083,-0.953793791531721
3.44962025794044,0.256886994919051,0.688961282922413,-0.945848277841498
3.44972866217285,0.224600314465684,0.712205545325715,-0.936805859791429
3.44983706640527,0.192053135611175,0.734623893900681,-0.926677029511816
3.44994547063769,0.159283218029106,0.756190309323782,-0.9154735273529
3.45005387487011,0.126328557153495,0.776879793704511,-0.903208350858018
3.45016227910253,0.0932273829656671,0.796668335074763,-0.889895718040449
3.45027068333495,0.0600180746455072,0.815532997603864,-0.875551072249354
3.45037908756736,0.0267391565602133,0.83345188684705,-0.860191043407269
3.45048749179978,-0.00657078589071786,0.850404235038282,-0.843833449147551
3.4505958960322,-0.0398731123177464,0.866370366473112,-0.826497254155307
3.45066350924154,-0.0606240409599617,0.875821436707947,-0.815197395747954
3.45073112245087,-0.0813474470828869,0.884877273445317,-0.803529826362436
3.45079873566021,-0.102034072880797,0.893533836696065,-0.791499763815242
3.45086634886954,-0.122674586820973,0.901787214303216,-0.779112627482234
3.45095850817341,-0.150716829427315,0.91238066386648,-0.761663834439155
3.45105066747727,-0.178632819318037,0.922209371314625,-0.743576551996547
3.45111086732825,-0.19678906757016,0.928212934735198,-0.731423867165022
3.45117106717923,-0.214874836008741,0.933884468238909,-0.719009632230159
3.45123126703021,-0.232883712630836,0.939221968417392,-0.706338255786539
3.45129146688118,-0.250809242883938,0.944223514064812,-0.693414271180853
3.45136396714313,-0.272277577546259,0.949798509067424,-0.677520931521163
3.45143646740507,-0.29360466556307,0.954880779276606,-0.661276113713524
3.45150896766701,-0.314779455652063,0.95946770181926,-0.644688246167199
3.45158146792896,-0.335790938377453,0.963556882900078,-0.627765944522623
3.4516539681909,-0.356628231775502,0.967146215006976,-0.61051798323146
3.45172646845284,-0.37728050640457,0.970233823272224,-0.592953316867649
3.45181463579425,-0.40213059413937,0.973310240514879,-0.571179646375462
3.45190280313566,-0.426672244478843,0.975639968162691,-0.548967723683856
3.45199097047706,-0.450886606152185,0.97722122904517,-0.526334622892951
3.45207913781847,-0.474755077172115,0.978052797162561,-0.503297719990432
3.45216730515988,-0.498259348732594,0.978134045728328,-0.479874696995722
3.45225547250129,-0.521381376297493,0.977464900881878,-0.456083524584344
3.4523436398427,-0.544103428821856,0.976045886884663,-0.431942458062781
3.4524318071841,-0.566408064939626,0.97387808156732,-0.407470016627669
3.45251997452551,-0.58827818142598,0.97096315841711,-0.382684976991117
3.452628378758,-0.614547263402611,0.966358521358961,-0.351811257956318
3.45273678299048,-0.64010380999164,0.960633177330021,-0.320529367338362
3.45284518722297,-0.66491809215484,0.953793776100237,-0.2888756839454
3.45295359145546,-0.688961320419766,0.945848260558797,-0.256886940138995
3.45306199568795,-0.712205581475719,0.936805840672715,-0.224600259196955
3.45317039992043,-0.734623928657766,0.926677008574332,-0.192053079916525
3.45327880415292,-0.756190342644176,0.915473504615996,-0.15928316197177
3.45338720838541,-0.776879825545966,0.903208326343182,-0.126328500797235
3.45349561261789,-0.796668365396669,0.889895691771282,-0.0932273263745735
3.45360401685038,-0.815533026367402,0.875551044251485,-0.0600180178840645
3.45371242108287,-0.833451914015235,0.860191013708257,-0.0267390996929969
3.45382082531536,-0.850404260575838,0.843833417777091,0.00657084279876403
3.45392922954784,-0.866370390346672,0.826497221145119,0.0398731692015741
3.45399684270024,-0.875821451729582,0.815197371409462,0.0606240803201699
3.45406445585264,-0.884877280272769,0.803529811324569,0.0813474689482241
3.45413206900504,-0.893533835997609,0.791499758694012,0.102034077303598
3.45419968215745,-0.901787206757148,0.779112632880001,0.122674573877157
3.45429184144631,-0.912380655033219,0.761663843047501,0.150716811985742
3.45438400073517,-0.922209361448764,0.743576564013475,0.178632797435275
3.45444420061398,-0.928212927982853,0.73142387383345,0.19678905414938
3.45450440049279,-0.933884464294799,0.719009633304756,0.214874830990039
3.45456460037161,-0.939221966973267,0.706338251028081,0.232883715945227
3.45462480025042,-0.944223514809877,0.693414260356203,0.250809254453689
3.45469730051022,-0.94979850941197,0.677520920994538,0.272277588417479
3.45476980077002,-0.954880779248511,0.661276103509569,0.293604675738939
3.45484230102983,-0.959467701446564,0.644688236309874,0.314779465136692
3.45491480128963,-0.963556882211266,0.627765935035304,0.33579094717599
3.45498730154943,-0.967146214030782,0.610517974136668,0.356628239894132
3.45505980180924,-0.970233822037658,0.59295330818715,0.377280513850529
3.45514796914613,-0.973310238946705,0.571179638705272,0.402130600241418
3.45523613648302,-0.975639966337061,0.548967717072505,0.426672249264571
3.45532430381991,-0.977221227038548,0.526334617386275,0.450886609652242
3.4554124711568,-0.978052795051654,0.503297715631737,0.474755079419898
3.45550063849369,-0.978134043590027,0.479874693825609,0.4982593497644
3.45558880583058,-0.97746489879304,0.456083522640667,0.521381376152366
3.45567697316747,-0.976045884922087,0.431942457380376,0.544103427541752
3.45576514050435,-0.973878079807664,0.407470017238809,0.566408062568874
3.45585330784124,-0.970963156936621,0.382684978925012,0.588278178011615
3.45596171207372,-0.966358520061518,0.351811259963318,0.614547260098226
3.45607011630619,-0.960633176214981,0.320529369412719,0.640103806802282
3.45617852053867,-0.953793775166663,0.288875686081086,0.664918089085559
3.45628692477114,-0.945848259805496,0.256886942330189,0.688961317475319
3.45639532900361,-0.936805840098388,0.224600261437607,0.712205578660789
3.45650373323609,-0.926677008177486,0.19205308220065,0.734623925976816
3.45661213746856,-0.915473504394839,0.159283164293275,0.756190340101562
3.45672054170103,-0.903208326295741,0.126328503149753,0.776879823145963
3.45682894593351,-0.889895691895359,0.0932273287520116,0.796668363143349
3.45693735016598,-0.875551044544751,0.0600180202801059,0.81553302426463
3.45704575439846,-0.860191014168172,0.0267391021014388,0.833451912066721
3.45715415863093,-0.843833418400921,-0.00657084038422711,0.850404258785151
3.4572625628634,-0.826497221929776,-0.0398731667874352,0.866370388717202
3.45733017601643,-0.815197372184641,-0.0606240781048685,0.875821450289493
3.45739778916946,-0.803529812082227,-0.0813474669335361,0.88487727901571
3.45746540232249,-0.791499759426032,-0.102034075491174,0.893533834917217
3.45753301547552,-0.779112633578429,-0.122674572268343,0.901787205846752
3.45762517473624,-0.761663849279937,-0.150716801850024,0.91238065112995
3.45771733399695,-0.743576576163023,-0.17863277886061,0.922209355023617
3.45777753389936,-0.731423881482642,-0.196789042756162,0.928212924238771
3.45783773380176,-0.719009636244882,-0.214874826728372,0.933884462973286
3.45789793370417,-0.706338249055771,-0.232883718757531,0.939221967813298
3.45795813360657,-0.693414253273427,-0.250809264274735,0.944223517548184
3.45803063386652,-0.677520913766673,-0.272277598239956,0.949798512006644
3.45810313412647,-0.661276096137853,-0.293604685558685,0.954880781696574
3.45817563438643,-0.644688228795751,-0.314779474949438,0.959467703745206
3.45824813464638,-0.627765927380032,-0.335790956977683,0.963556884357686
3.45832063490633,-0.61051796634183,-0.356628249680471,0.967146216022284
3.45839313516629,-0.59295330025436,-0.377280523617289,0.970233823871622
3.4584813024783,-0.57117963685693,-0.402130602960724,0.973310239817595
3.45856946979032,-0.548967721555544,-0.426672245110638,0.975639966666191
3.45865763710234,-0.52633462843332,-0.450886598815136,0.977221227248458
3.45874580441436,-0.50329773346055,-0.474755062105328,0.978052795565875
3.45883397172638,-0.479874718638739,-0.498259326193419,0.97813404483216
3.45892213903839,-0.456083554625047,-0.521381346561102,0.977464901186144
3.45901030635041,-0.431942496707341,-0.544103392180763,0.976045888888109
3.45909847366243,-0.407470064063492,-0.56640802170311,0.97387808576658
3.45918664097445,-0.382685033386217,-0.588278131919919,0.970963165306155
3.45929504520685,-0.351811315231052,-0.614547215277505,0.966358530508583
3.45940344943926,-0.320529425420772,-0.640103763309107,0.960633188729847
3.45951185367166,-0.288875742762576,-0.664918046974804,0.953793789737353
3.45962025790407,-0.256886999617206,-0.688961276800458,0.94584827641765
3.45972866213647,-0.224600319261623,-0.712205539473499,0.936805858735078
3.45983706636888,-0.192053140492376,-0.73462388832721,0.926677028819589
3.45994547060128,-0.159283222982943,-0.756190304037917,0.915473527020859
3.46005387483369,-0.126328562167014,-0.776879788714755,0.903208350881751
3.46016227906609,-0.0932273880261491,-0.796668330389191,0.889895718415298
3.4602706832985,-0.0600180797401071,-0.815532993230173,0.87555107297028
3.4603790875309,-0.0267391616758999,-0.833451882792759,0.860191044468613
3.46048749176331,0.00657078076697128,-0.850404231310391,0.843833450543386
3.46059589599571,0.03987310719884,-0.86637036307824,0.826497255879394
3.4606635092066,0.0606240363299159,-0.875821433737901,0.815197397407958
3.46073112241749,0.0813474429452656,-0.88487727088407,0.803529827938786
3.46079873562838,0.102034069238523,-0.893533834527229,0.791499765288683
3.46086634883927,0.122674583676311,-0.901787212510085,0.779112628833763
3.46095850808681,0.150716809221616,-0.912380656083028,0.761663846861385
3.46105066733436,0.178632782227352,-0.922209358483357,0.743576576255968
3.46111086723246,0.196789044821518,-0.928212927258366,0.731423882436793
3.46117106713055,0.21487482750246,-0.933884465600202,0.719009638097722
3.46123126702865,0.232883718251828,-0.93922197009553,0.706338251843692
3.46129146692674,0.250809262502112,-0.944223519534077,0.693414257031948
3.46136396718903,0.272277597182477,-0.949798514253649,0.677520917071179
3.46143646745133,0.293604685208927,-0.954880784173314,0.661276098964358
3.46150896771362,0.314779475298994,-0.959467706420055,0.644688231121017
3.46158146797591,0.335790958016872,-0.963556887198685,0.627765929181786
3.46165396823821,0.356628251398655,-0.96714621899726,0.610517967598579
3.4617264685005,0.377280526002667,-0.970233826948232,0.592953300945523
3.46181463579225,0.402130599665496,-0.973310242265385,0.571179642599841
3.461902803084,0.426672236280491,-0.975639968828768,0.548967732548287
3.46199097037574,0.450886584609023,-0.977221229470713,0.526334644861676
3.46207913766749,0.474755042694802,-0.978052798193059,0.503297755498241
3.46216730495924,0.498259301762377,-0.978134048209516,0.47987474644715
3.46225547225099,0.521381317305599,-0.977464905658455,0.456083588352829
3.46234363954274,0.544103358308848,-0.976045894798997,0.431942536490137
3.46243180683449,0.56640798343424,-0.973878093458143,0.407470110023883
3.46251997412624,0.588278089484901,-0.970963175118217,0.382685085633306
3.46262837835857,0.614547173994015,-0.966358542205528,0.351811368211453
3.46273678259091,0.640103723228521,-0.960633202303071,0.320529479074525
3.46284518682325,0.664918008147117,-0.953793805175987,0.288875797028841
3.46295359105558,0.688961239274213,-0.94584829370866,0.256887054434458
3.46306199528792,0.712205503295657,-0.936805877863441,0.224600374567759
3.46317039952026,0.734623853543292,-0.926677049767898,0.192053196224589
3.46327880375259,0.756190270691782,-0.915473549769777,0.159283279077985
3.46338720798493,0.776879756848692,-0.903208375409849,0.126328618561138
3.46349561221727,0.796668300043702,-0.889895744698908,0.0932274446551238
3.4636040164496,0.815532964444254,-0.875551100983641,0.0600181365393696
3.46371242068194,0.833451855603376,-0.860191074184125,0.0267392185807315
3.46382082491428,0.850404205752788,-0.843833481931475,-0.00657072382131223
3.46392922914661,0.86637033918577,-0.826497288908329,-0.0398730502774753
3.46399684241451,0.875821418707706,-0.815197421753972,-0.0606239969537562
3.4640644556824,0.884877264057612,-0.803529842972035,-0.0813474210855942
3.4641320689503,0.893533835235374,-0.791499770392501,-0.102034064842877
3.46419968221819,0.901787220073715,-0.779112623405059,-0.122674596668655
3.46429184148073,0.912380664931951,-0.761663838221968,-0.15071682670997
3.46438400074327,0.922209368363062,-0.743576564208014,-0.178632804155045
3.46444420061348,0.928212934018168,-0.73142387574836,-0.196789058269827
3.46450440048368,0.933884469546061,-0.719009637014673,-0.214874832531423
3.46456460035389,0.939221971536278,-0.706338256605829,-0.232883714930483
3.46462480022409,0.944223518781176,-0.693414267872805,-0.250809250908411
3.46469730048854,0.949798513902888,-0.677520927611147,-0.272277586291726
3.46476980075299,0.954880784196634,-0.661276109178768,-0.293604675017886
3.46484230101743,0.959467706789144,-0.644688240985675,-0.31477946580352
3.46491480128188,0.963556887884988,-0.627765938673303,-0.335790949211678
3.46498730154633,0.967146219971778,-0.610517976694333,-0.356628243277476
3.46505980181077,0.970233828181732,-0.592953309623533,-0.377280518558246
3.46514796910706,0.973310243833178,-0.571179650261148,-0.402130593572039
3.46523613640336,0.975639970654376,-0.548967739144169,-0.426672231510232
3.46532430369965,0.977221231477242,-0.526334650346132,-0.450886581131125
3.46541247099594,0.978052800303291,-0.503297759827667,-0.474755040475642
3.46550063829223,0.978134050346226,-0.479874749580751,-0.498259300765458
3.46558880558852,0.977464907744266,-0.456083590252685,-0.521381317491544
3.46567697288482,0.976045896756642,-0.431942537121,-0.544103359635652
3.46576514018111,0.973878095210601,-0.407470109353434,-0.566407985857178
3.4658533074774,0.970963176588825,-0.382685083632246,-0.588278092956571
3.46596171170974,0.966358543491172,-0.351811366139664,-0.614547177351515
3.46607011594208,0.960633203404731,-0.320529476937836,-0.640103726466894
3.46617852017442,0.953793806094792,-0.288875794833276,-0.664918011261524
3.46628692440676,0.94584829444604,-0.256887052186131,-0.688961242259905
3.46639532863909,0.93680587842091,-0.224600372272882,-0.712205506148047
3.46650373287143,0.926677050147326,-0.192053193889286,-0.734623856258065
3.46661213710377,0.915473549973046,-0.159283276708378,-0.756190273264677
3.46672054133611,0.903208375439209,-0.126328616163543,-0.776879759275654
3.46682894556845,0.889895744556699,-0.0932274422358457,-0.796668302320882
3.46693734980079,0.875551100672548,-0.0600181341047651,-0.815532966567805
3.46704575403313,0.86019107370697,-0.0267392161371368,-0.833451857569784
3.46715415826547,0.843833481291194,0.00657072626753021,-0.850404207558728
3.4672625624978,0.826497288108076,0.0398730527199598,-0.866370340828038
3.46733017576504,0.815197420968011,0.0606239991877408,-0.875821420155785
3.46739778903227,0.803529842208998,0.0813474231091016,-0.884877265318095
3.46746540229951,0.791499769660746,0.102034066654357,-0.893533836315104
3.46753301556674,0.779112622712839,0.122674598266844,-0.901787220979669
3.46762517485749,0.761663831984525,0.150716836853285,-0.912380668837779
3.46771733414823,0.743576552041417,0.178632822755313,-0.922209374796704
3.46777753399481,0.731423868088397,0.196789069678782,-0.928212937767203
3.4678377338414,0.719009634070263,0.214874836799025,-0.933884470869283
3.46789793368798,0.706338258580758,0.232883712114375,-0.939221970695108
3.46795813353456,0.69341427496526,0.25080924107393,-0.944223516039219
3.46803063379886,0.677520934848127,0.27227757645706,-0.949798511305171
3.46810313406316,0.661276116558955,0.293604665187174,-0.954880781746123
3.46817563432746,0.644688248507784,0.314779455980804,-0.959467704488575
3.46824813459176,0.627765946335867,0.335790939401203,-0.963556885737062
3.46832063485606,0.610517984495744,0.356628233483459,-0.96714621797917
3.46839313512036,0.592953317562082,0.377280508784961,-0.97023382634707
3.46848130244148,0.571179652126137,0.402130590834384,-0.973310242960516
3.4685694697626,0.548967734688762,0.426672235634436,-0.975639970323197
3.46865763708373,0.526334639338109,0.450886591927461,-0.977221231265527
3.46874580440485,0.50329774204983,0.4747550577386,-0.978052799788434
3.46883397172597,0.479874724830852,0.49825932427445,-0.978134049105321
3.46892213904709,0.456083558343899,0.521381347010991,-0.977464905354885
3.46901030636821,0.431942497882472,0.544103394915223,-0.976045892797681
3.46909847368933,0.407470062630163,0.566408026632508,-0.973878089262679
3.46918664101046,0.382685029285698,0.588278138949344,-0.970963168235043
3.46929504524287,0.351811310985872,0.614547222077856,-0.966358533063719
3.46940344947529,0.320529421042857,0.640103769870269,-0.960633190913096
3.4695118537077,0.288875738264006,0.664918053286857,-0.953793791550843
3.46962025794012,0.25688699501027,0.688961282853801,-0.94584827786405
3.46972866217253,0.224600314558626,0.712205545258864,-0.936805859817502
3.46983706640495,0.192053135705849,0.734623893835634,-0.926677029541427
3.46994547063736,0.159283218125311,0.756190309260736,-0.915473527386033
3.47005387486978,0.126328557251124,0.776879793643602,-0.903208350894687
3.47016227910219,0.0932273830646696,0.79666833501607,-0.889895718080727
3.47027068333461,0.0600180747457447,0.815532997547498,-0.87555107229325
3.47037908756702,0.0267391566615454,0.833451886793205,-0.860191043454746
3.47048749179944,-0.00657078578844015,0.850404234987069,-0.843833449198566
3.47059589603185,-0.0398731122145436,0.866370366424544,-0.826497254209968
3.47066350924129,-0.0606240408875013,0.87582143667508,-0.815197395787581
3.47073112245072,-0.0813474470411437,0.884877273427001,-0.803529826385846
3.47079873566016,-0.102034072869671,0.89353383669114,-0.791499763821413
3.4708663488696,-0.122674586840431,0.901787214310494,-0.779112627470059
3.47095850817347,-0.150716829449923,0.91238066387449,-0.761663834424528
3.47105066747734,-0.178632819343797,0.922209371323215,-0.743576551979372
3.47111086732829,-0.19678906758736,0.928212934740669,-0.731423867153263
3.47117106717924,-0.21487483601744,0.933884468241539,-0.719009632224072
3.47123126703019,-0.23288371263104,0.93922196841751,-0.70633825578645
3.47129146688114,-0.250809242875749,0.944223514062703,-0.693414271186932
3.47136396714309,-0.272277577539047,0.949798509065836,-0.677520931526786
3.47143646740504,-0.293604665556893,0.954880779275538,-0.661276113718584
3.47150896766698,-0.314779455646863,0.959467701818563,-0.644688246171654
3.47158146792893,-0.335790938373202,0.963556882899797,-0.627765944526547
3.47165396819087,-0.356628231772208,0.967146215006984,-0.610517983234773
3.47172646845282,-0.377280506402258,0.970233823272521,-0.592953316870251
3.47181463579422,-0.402130594134121,0.973310240515026,-0.571179646380874
3.47190280313561,-0.426672244470802,0.975639968162881,-0.548967723692068
3.47199097047701,-0.450886606141535,0.977221229045513,-0.526334622903971
3.47207913781841,-0.47475507715887,0.978052797163328,-0.503297720004434
3.47216730515981,-0.498259348716842,0.978134045729649,-0.479874697012771
3.4722554725012,-0.521381376279376,0.977464900883918,-0.456083524604505
3.4723436398426,-0.544103428801502,0.976045886887605,-0.431942458086072
3.472431807184,-0.56640806491712,0.973878081571348,-0.407470016654192
3.4725199745254,-0.588278181401449,0.97096315842235,-0.382684977020868
3.47262837875788,-0.614547263378852,0.9663585213654,-0.351811257986493
3.47273678299037,-0.640103809968702,0.960633177337615,-0.320529367368923
3.47284518722286,-0.664918092132751,0.953793776108991,-0.288875683976216
3.47295359145535,-0.688961320398562,0.945848260568701,-0.256886940170077
3.47306199568783,-0.712205581455372,0.936805840683701,-0.224600259228287
3.47317039992032,-0.734623928638293,0.926677008586501,-0.192053079948152
3.47327880415281,-0.756190342625628,0.915473504629274,-0.159283162003618
3.47338720838529,-0.77687982552838,0.903208326357539,-0.126328500829154
3.47349561261778,-0.796668365380098,0.889895691786698,-0.0932273264065717
3.47360401685027,-0.815533026351804,0.875551044267932,-0.0600180179161261
3.47371242108275,-0.833451914000622,0.860191013725794,-0.0267390997251815
3.47382082531524,-0.850404260562244,0.843833417795707,0.00657084276655679
3.47392922954773,-0.866370390334163,0.826497221164651,0.0398731691694899
3.47399684270016,-0.875821451721216,0.815197371425256,0.0606240802960074
3.47406445585258,-0.88487728026826,0.803529811336373,0.0813474689319185
3.47413206900501,-0.893533835996689,0.791499758701511,0.102034077295186
3.47419968215744,-0.901787206759482,0.779112632882936,0.122674573876552
3.47429184144627,-0.912380655032384,0.761663843056217,0.150716811976185
3.4743840007351,-0.922209361445239,0.743576564028305,0.178632797416942
3.47444420061394,-0.928212927981994,0.731423873843741,0.196789054138264
3.47450440049277,-0.933884464296321,0.71900963331034,0.214874830986031
3.47456460037161,-0.939221966976973,0.706338251028665,0.232883715948323
3.47462480025044,-0.944223514815438,0.693414260351685,0.250809254463751
3.47469730051026,-0.949798509418101,0.677520920987737,0.272277588430406
3.47476980077007,-0.954880779255017,0.661276103500384,0.293604675754643
3.47484230102988,-0.959467701453386,0.644688236298276,0.31477946515509
3.4749148012897,-0.963556882218233,0.627765935021054,0.335790947197199
3.47498730154951,-0.967146214037719,0.610517974119788,0.356628239917952
3.47505980180932,-0.970233822044488,0.592953308167597,0.3772805138769
3.47514796914617,-0.973310238951393,0.571179638696876,0.402130600254539
3.47523613648301,-0.975639966340429,0.548967717075602,0.426672249264823
3.47532430381985,-0.977221227041285,0.526334617401371,0.450886609639936
3.4754124711567,-0.978052795054639,0.503297715659244,0.4747550793954
3.47550063849354,-0.978134043594036,0.479874693865973,0.498259349728072
3.47558880583038,-0.977464898798838,0.456083522694106,0.521381376104725
3.47567697316723,-0.976045884930501,0.43194245744735,0.544103427483153
3.47576514050407,-0.973878079819418,0.407470017319603,0.566408062499836
3.47585330784091,-0.97096315695252,0.382684979019897,0.588278177932657
3.47596171207339,-0.966358520080603,0.35181126005822,0.614547260022436
3.47607011630587,-0.960633176237188,0.32052936950744,0.640103806729747
3.47617852053835,-0.953793775191838,0.288875686175647,0.664918089016197
3.47628692477083,-0.945848259833568,0.25688694242435,0.688961317409245
3.4763953290033,-0.93680584012923,0.224600261531344,0.712205578597922
3.47650373323578,-0.926677008210968,0.192053082293707,0.734623925917261
3.47661213746826,-0.915473504430884,0.159283164385565,0.75619034004531
3.47672054170074,-0.903208326334165,0.126328503241181,0.776879823092995
3.47682894593322,-0.889895691936083,0.0932273288424565,0.796668363093623
3.47693735016569,-0.875551044587626,0.0600180203694653,0.815533024218175
3.47704575439817,-0.860191014213092,0.0267391021895961,0.833451912023505
3.47715415863065,-0.843833418447705,-0.00657084029745997,0.850404258745162
3.47726256286313,-0.826497221978389,-0.0398731667020145,0.866370388680394
3.47733017601625,-0.815197372220012,-0.0606240780461434,0.875821450266156
3.47739778916936,-0.803529812103313,-0.0813474669015723,0.884877279004892
3.47746540232248,-0.791499759431971,-0.102034075485836,0.893533834917821
3.4775330154756,-0.779112633568289,-0.122674572289506,0.901787205857805
3.47762517473629,-0.761663849272799,-0.150716801865582,0.912380651138385
3.47771733399699,-0.743576576159106,-0.178632778870609,0.922209355029711
3.47777753389938,-0.731423881481065,-0.196789042762452,0.928212924243502
3.47783773380177,-0.719009636245763,-0.214874826730958,0.933884462976683
3.47789793370417,-0.706338249059188,-0.23288371875644,0.939221967815629
3.47795813360656,-0.693414253279596,-0.250809264269919,0.944223517549513
3.47803063386648,-0.677520913778813,-0.272277598227258,0.949798512006088
3.47810313412641,-0.661276096156283,-0.293604685538213,0.954880781694493
3.47817563438634,-0.644688228820514,-0.314779474921471,0.959467703742013
3.47824813464626,-0.627765927411454,-0.335790956942292,0.963556884353735
3.47832063490619,-0.610517966380201,-0.356628249637746,0.967146216017936
3.47839313516611,-0.592953300299879,-0.377280523567369,0.970233823867234
3.47848130247812,-0.571179636906513,-0.402130602907786,0.97331023981431
3.47856946979012,-0.54896772160933,-0.426672245054804,0.97563996666412
3.47865763710213,-0.526334628491384,-0.450886598756528,0.97722122724791
3.47874580441413,-0.503297733522877,-0.474755062044196,0.97805279556709
3.47883397172614,-0.479874718705477,-0.498259326129846,0.978134044835287
3.47892213903814,-0.456083554696331,-0.521381346495151,0.977464901191483
3.47901030635015,-0.431942496783105,-0.544103392112695,0.976045888895801
3.47909847366215,-0.407470064143812,-0.56640802163311,0.973878085776889
3.47918664097416,-0.382685033471073,-0.588278131848156,0.970963165319209
3.47929504520656,-0.351811315317459,-0.614547215207267,0.966358530524743
3.47940344943897,-0.320529425508531,-0.640103763240565,0.960633188749064
3.47951185367137,-0.288875742851636,-0.664918046908049,0.953793789759671
3.47962025790377,-0.256886999707433,-0.688961276735546,0.945848276442957
3.47972866213618,-0.224600319353023,-0.712205539410501,0.936805858763521
3.47983706636858,-0.192053140584882,-0.734623888266224,0.926677028851082
3.47994547060098,-0.159283223076297,-0.75619030397909,0.915473527055367
3.48005387483339,-0.126328562261312,-0.776879788658085,0.903208350919374
3.48016227906579,-0.0932273881211491,-0.796668330334807,0.889895718455934
3.48027068329819,-0.0600180798357517,-0.815532993178167,0.875551073013885
3.4803790875306,-0.0267391617719996,-0.833451882743234,0.860191044515225
3.480487491763,0.00657078067036295,-0.850404231263369,0.843833450592956
3.48059589599541,0.0398731071019751,-0.866370363033871,0.826497255931846
3.4806635092064,0.060624036265859,-0.875821433709901,0.815197397444022
3.4807311224174,0.0813474429140239,-0.884877270871249,0.803529827957184
3.4807987356284,0.10203406924002,-0.893533834528284,0.791499765288222
3.48086634883939,0.122674583710413,-0.901787212523746,0.779112628813327
3.48095850808699,0.150716809270458,-0.912380656101109,0.761663846830654
3.48105066733458,0.178632782290698,-0.92220935850503,0.74357657621431
3.48111086723259,0.196789044859758,-0.928212927270774,0.731423882411017
3.48117106713061,0.214874827515713,-0.933884465604317,0.719009638088579
3.48123126702862,0.232883718240407,-0.939221970092286,0.706338251851838
3.48129146692663,0.250809262466155,-0.944223519524307,0.693414257058129
3.48136396718893,0.272277597148479,-0.949798514245076,0.67752091709656
3.48143646745123,0.293604685176856,-0.954880784165806,0.661276098988943
3.48150896771353,0.314779475268816,-0.959467706413558,0.644688231144699
3.48158146797583,0.335790957988588,-0.963556887193142,0.62776592920452
3.48165396823812,0.356628251372158,-0.967146218992574,0.610517967620383
3.48172646850042,0.37728052597801,-0.970233826944311,0.592953300966301
3.48181463579219,0.402130599647393,-0.973310242262759,0.571179642615366
3.48190280308397,0.426672236268865,-0.975639968827145,0.548967732558244
3.48199097037574,0.450886584603654,-0.977221229469614,0.526334644865927
3.48207913766751,0.474755042695536,-0.978052798192156,0.50329775549661
3.48216730495928,0.498259301769056,-0.9781340482084,0.479874746439332
3.48225547225105,0.521381317317999,-0.97746490565675,0.45608358833873
3.48234363954282,0.544103358326718,-0.976045894796314,0.431942536469581
3.48243180683459,0.566407983457399,-0.973878093454063,0.407470109996658
3.48251997412637,0.588278089513094,-0.970963175112444,0.382685085599306
3.4826283783587,0.614547174021716,-0.966358542198295,0.351811368176568
3.48273678259104,0.640103723255654,-0.960633202294445,0.320529479038767
3.48284518682338,0.664918008173612,-0.953793805165881,0.288875796992256
3.48295359105572,0.688961239299963,-0.945848293697165,0.256887054397165
3.48306199528806,0.712205503320675,-0.936805877850463,0.224600374529754
3.48317039952039,0.734623853567545,-0.926677049753434,0.192053196185876
3.48327880375273,0.756190270715212,-0.915473549753802,0.159283279038606
3.48338720798507,0.776879756871223,-0.903208375392381,0.126328618521115
3.48349561221741,0.796668300065327,-0.889895744679856,0.0932274446144988
3.48360401644974,0.815532964464819,-0.875551100963164,0.0600181364983061
3.48371242068208,0.833451855622933,-0.860191074162139,0.0267392185392034
3.48382082491442,0.850404205771238,-0.843833481907938,-0.0065707238633554
3.48392922914676,0.866370339203114,-0.826497288883278,-0.0398730503198516
3.48399684241461,0.875821418717881,-0.815197421735925,-0.0606239969819916
3.48406445568245,0.884877264061144,-0.803529842961596,-0.0813474210995819
3.4841320689503,0.893533835232787,-0.791499770390111,-0.102034064842684
3.48419968221815,0.901787220065606,-0.779112623411186,-0.122674596654439
3.48429184148077,0.912380664933314,-0.761663838212444,-0.150716826720891
3.4843840007434,0.922209368372529,-0.743576564181703,-0.178632804190863
3.48444420061356,0.928212934022475,-0.731423875730881,-0.196789058291627
3.48450440048372,0.933884469545724,-0.71900963700643,-0.214874832539303
3.48456460035388,0.939221971531824,-0.70633825660729,-0.232883714924546
3.48462480022404,0.944223518773096,-0.693414267884229,-0.250809250888861
3.48469730048851,0.949798513897183,-0.677520927616824,-0.272277586280357
3.48476980075298,0.954880784192974,-0.6612761091784,-0.293604675014592
3.48484230101746,0.959467706787147,-0.644688240978993,-0.314779465808207
3.48491480128193,0.963556887884235,-0.627765938660042,-0.335790949224204
3.4849873015464,0.967146219971943,-0.610517976674251,-0.356628243297721
3.48505980181088,0.970233828182461,-0.592953309596416,-0.377280518586064
3.48514796910721,0.973310243834194,-0.571179650223504,-0.402130593610711
3.48523613640354,0.975639970655036,-0.54896773909565,-0.426672231559405
3.48532430369987,0.977221231476845,-0.526334650286294,-0.450886581190546
3.48541247099621,0.978052800301225,-0.503297759756381,-0.474755040544861
3.48550063829254,0.978134050341707,-0.479874749497586,-0.498259300844131
3.48558880558887,0.977464907736652,-0.456083590157331,-0.521381317579339
3.4856769728852,0.976045896745321,-0.431942537013338,-0.544103359731963
3.48576514018154,0.9738780951948,-0.407470109233149,-0.566407985961685
3.48585330747787,0.97096317656794,-0.382685083499179,-0.588278093068767
3.48596171171021,0.96635854346535,-0.351811366003868,-0.614547177461453
3.48607011594255,0.960633203373836,-0.320529476799457,-0.640103726574405
3.48617852017489,0.953793806058866,-0.288875794692389,-0.664918011366458
3.48628692440724,0.94584829440499,-0.256887052042915,-0.688961242362088
3.48639532863958,0.936805878374743,-0.224600372127411,-0.712205506247345
3.48650373287192,0.926677050096021,-0.192053193741802,-0.734623856354269
3.48661213710426,0.915473549916676,-0.159283276559039,-0.756190273357632
3.4867205413366,0.903208375377685,-0.126328616012539,-0.776879759365154
3.48682894556894,0.889895744490049,-0.0932274420832409,-0.796668302406843
3.48693734980129,0.875551100600826,-0.0600181339507998,-0.815532966650019
3.48704575403363,0.860191073630144,-0.0267392159820027,-0.833451857648139
3.48715415826597,0.843833481209272,0.00657072642373409,-0.850404207632991
3.48726256249831,0.826497288021149,0.039873052876988,-0.866370340898152
3.48733017576538,0.815197420906704,0.0606239992934102,-0.875821420200093
3.48739778903245,0.803529842175013,0.0813474231635499,-0.884877265338587
3.48746540229951,0.791499769655949,0.102034066657774,-0.893533836313702
3.48753301556658,0.779112622738885,0.122674598219535,-0.901787220958436
3.48762517485732,0.761663832013049,0.150716836803995,-0.912380668817078
3.48771733414806,0.743576552072459,0.178632822704193,-0.922209374776659
3.48777753399471,0.731423868106305,0.196789069648373,-0.928212937754707
3.48783773384136,0.719009634074517,0.21487483678907,-0.933884470863569
3.48789793368801,0.706338258570585,0.232883712124858,-0.939221970695419
3.48795813353466,0.693414274940265,0.250809241104602,-0.944223516044859
3.48803063379899,0.677520934814758,0.272277576498019,-0.949798511312789
3.48810313406333,0.661276116516907,0.293604665238252,-0.954880781755143
3.48817563432766,0.64468824845673,0.314779456041842,-0.959467704498585
3.488248134592,0.627765946275506,0.335790939471978,-0.963556885747472
3.48832063485634,0.610517984425779,0.356628233563793,-0.967146217989569
3.48839313512067,0.592953317482312,0.377280508874634,-0.970233826356951
3.48848130244184,0.571179652033017,0.40213059093618,-0.973310242969181
3.48856946976301,0.548967734581912,0.426672235747953,-0.975639970329887
3.48865763708418,0.526334639217167,0.450886592052258,-0.977221231269433
3.48874580440535,0.503297741914473,0.47475505787423,-0.97805279978871
3.48883397172652,0.479874724680692,0.49825932442041,-0.978134049101132
3.48892213904769,0.45608355817875,0.52138134716676,-0.977464905345523
3.48901030636885,0.431942497702033,0.544103395080287,-0.976045892782325
3.48909847369002,0.40747006243426,0.566408026806223,-0.973878089240501
3.48918664101119,0.382685029074078,0.588278139131177,-0.970963168205238
3.48929504524361,0.351811310771271,0.614547222255022,-0.966358533026276
3.48940344947602,0.320529420825517,0.640103770042536,-0.960633190868057
3.48951185370844,0.288875738044157,0.664918053454088,-0.95379379149822
3.48962025794085,0.256886994788111,0.688961283015805,-0.945848277803884
3.48972866217327,0.224600314334485,0.712205545415404,-0.93680585974986
3.48983706640569,0.1920531354799,0.734623893986518,-0.926677029466379
3.4899454706381,0.159283217897906,0.756190309405799,-0.915473527303736
3.49005387487052,0.126328557022446,0.776879793782694,-0.90320835080513
3.49016227910293,0.0932273828349465,0.796668335149043,-0.889895717983955
3.49027068333535,0.0600180745153485,0.81553299767415,-0.875551072189503
3.49037908756776,0.0267391564306361,0.833451886913399,-0.860191043343981
3.49048749180018,-0.00657078601949696,0.850404235100597,-0.843833449081065
3.49059589603259,-0.0398731124455712,0.866370366531375,-0.826497254085762
3.49066350924181,-0.060624041050307,0.875821436747304,-0.815197395696937
3.49073112245102,-0.0813474471357447,0.88487727346707,-0.803529826331301
3.49079873566023,-0.102034072896261,0.893533836701684,-0.791499763805387
3.49086634886945,-0.122674586799278,0.901787214294152,-0.779112627494858
3.49095850817329,-0.150716829398028,0.912380663855364,-0.761663834457311
3.49105066747712,-0.178632819281284,0.922209371301932,-0.743576552020622
3.49111086732815,-0.196789067547982,0.928212934727944,-0.731423867179937
3.49117106717918,-0.214874836001103,0.933884468236575,-0.719009632235423
3.4912312670302,-0.2328837126375,0.939221968419446,-0.706338255781927
3.49129146688123,-0.250809242904793,0.944223514070709,-0.693414271165907
3.49136396714314,-0.272277577556921,0.949798509070464,-0.67752093151356
3.49143646740505,-0.293604665563585,0.954880779277293,-0.661276113713691
3.49150896766696,-0.314779455642588,0.959467701818039,-0.644688246175442
3.49158146792886,-0.335790938358136,0.963556882897434,-0.627765944539273
3.49165396819077,-0.356628231746514,0.967146215003374,-0.610517983256829
3.49172646845268,-0.37728050636618,0.970233823268138,-0.592953316901946
3.49181463579402,-0.402130594083501,0.973310240510178,-0.571179646426637
3.49190280313537,-0.426672244405979,0.975639968158507,-0.548967723752484
3.49199097047671,-0.450886606063029,0.977221229042523,-0.526334622979461
3.49207913781806,-0.474755077067126,0.978052797162556,-0.50329772009541
3.4921673051594,-0.498259348612437,0.978134045732081,-0.479874697119626
3.49225547250074,-0.521381376162777,0.977464900890466,-0.456083524727675
3.49234363984209,-0.544103428673328,0.976045886899189,-0.431942458225847
3.49243180718343,-0.566408064778003,0.973878081588821,-0.407470016810819
3.49251997452477,-0.58827818125197,0.970963158446702,-0.382684977194698
3.49262837875726,-0.614547263232621,0.966358521396307,-0.351811258163668
3.49273678298974,-0.640103809825857,0.960633177375185,-0.32052936754933
3.49284518722223,-0.664918091993617,0.953793776153252,-0.288875684159611
3.49295359145471,-0.688961320263271,0.945848260619625,-0.256886940356334
3.49306199568719,-0.712205581324148,0.936805840741325,-0.224600259417129
3.49317039991968,-0.734623928511379,0.92667700865079,-0.192053080139376
3.49327880415216,-0.756190342503224,0.915473504700221,-0.159283162196983
3.49338720838465,-0.776879825410637,0.903208326435161,-0.126328501024511
3.49349561261713,-0.796668365267222,0.88989569187091,-0.0932273266036584
3.49360401684961,-0.81553302624399,0.875551044358788,-0.0600180181147802
3.4937124210821,-0.833451913898113,0.860191013823157,-0.0267390999250281
3.49382082531458,-0.85040426046517,0.843833417899545,0.00657084256564097
3.49392922954706,-0.866370390242675,0.826497221274915,0.0398731689677782
3.49399684269969,-0.875821451661033,0.815197371505158,0.0606240801559013
3.49406445585232,-0.88487728023704,0.8035298113837,0.0813474688533587
3.49413206900495,-0.893533835992044,0.791499758714116,0.102034077277944
3.49419968215757,-0.901787206779071,0.779112632858597,0.122674573920486
3.49429184144645,-0.912380655055103,0.761663843023518,0.150716812031611
3.49438400073532,-0.922209361470375,0.743576563986817,0.178632797483587
3.49444420061407,-0.928212927997545,0.731423873819042,0.196789054178515
3.49450440049281,-0.933884464303249,0.719009633303193,0.214874831000062
3.49456460037156,-0.93922196697621,0.706338251039923,0.232883715936286
3.49462480025031,-0.944223514807959,0.693414260382039,0.250809254425949
3.49469730051013,-0.94979850941216,0.677520921016918,0.272277588395261
3.49476980076995,-0.954880779250466,0.661276103528363,0.293604675722117
3.49484230102977,-0.959467701450143,0.644688236324865,0.314779465125269
3.49491480128959,-0.963556882216161,0.627765935046298,0.335790947169903
3.49498730154941,-0.96714621403676,0.610517974143569,0.35662823989323
3.49505980180924,-0.970233822044519,0.592953308189821,0.377280513854683
3.49514796914606,-0.973310238951676,0.571179638723234,0.402130600228483
3.49523613648289,-0.975639966341271,0.548967717106201,0.426672249235065
3.49532430381972,-0.977221227042903,0.526334617436293,0.450886609606626
3.49541247115655,-0.978052795057273,0.503297715698614,0.474755079358691
3.49550063849338,-0.978134043597917,0.479874693909828,0.498259349688113
3.49558880583021,-0.977464898804273,0.456083522742683,0.521381376061624
3.49567697316704,-0.97604588493775,0.431942457500657,0.544103427437109
3.49576514050387,-0.973878079828718,0.407470017377689,0.566408062451018
3.49585330784069,-0.970963156964088,0.382684979082811,0.58827817788126
3.49596171207317,-0.966358520094466,0.351811260121977,0.6145472599725
3.49607011630565,-0.96063317625326,0.320529369571941,0.640103806681343
3.49617852053813,-0.953793775210199,0.288875686240845,0.664918088969356
3.49628692477061,-0.945848259854154,0.256886942490135,0.68896131736404
3.49639532900308,-0.936805840152014,0.224600261597663,0.71220557855435
3.49650373323556,-0.926677008235896,0.192053082360488,0.734623925875426
3.49661213746804,-0.915473504457974,0.159283164452728,0.756190340005241
3.49672054170052,-0.903208326363405,0.126328503308641,0.776879823054755
3.496828945933,-0.889895691967423,0.0932273289101602,0.79666836305726
3.49693735016548,-0.875551044621009,0.0600180204373292,0.815533024183667
3.49704575439795,-0.860191014248445,0.0267391022574366,0.833451911990994
3.49715415863043,-0.843833418485079,-0.00657084022956407,0.850404258714628
3.49726256286291,-0.826497222017607,-0.0398731666342529,0.866370388651873
3.4973301760161,-0.815197372248748,-0.0606240779995837,0.875821450248353
3.49739778916928,-0.803529812120838,-0.0813474668761537,0.884877278996969
3.49746540232247,-0.791499759437475,-0.1020340754815,0.893533834918964
3.49753301547565,-0.779112633561043,-0.122674572306153,0.901787205867229
3.49762517473637,-0.761663849260813,-0.150716801888995,0.91238065114981
3.49771733399709,-0.743576576142037,-0.178632778900787,0.922209355042831
3.49777753389945,-0.731423881471286,-0.196789042781061,0.928212924252331
3.4978377338018,-0.719009636243609,-0.214874826738145,0.933884462981746
3.49789793370415,-0.706338249065035,-0.23288371875225,0.939221967817277
3.49795813360651,-0.693414253293586,-0.250809264254565,0.944223517548139
3.49803063386646,-0.677520913787086,-0.272277598220006,0.949798512007071
3.49810313412641,-0.66127609615845,-0.293604685538988,0.954880781697397
3.49817563438637,-0.644688228816458,-0.314779474930048,0.959467703746491
3.49824813464632,-0.627765927400876,-0.335790956958591,0.963556884359445
3.49832063490627,-0.610517966362822,-0.356628249661657,0.967146216024497
3.49839313516623,-0.592953300275525,-0.377280523598747,0.970233823874283
3.49848130247826,-0.571179636874975,-0.402130602946145,0.97331023982112
3.49856946979029,-0.548967721570551,-0.426672245099791,0.975639966670359
3.49865763710232,-0.526334628445069,-0.450886598808023,0.97722122725309
3.49874580441435,-0.503297733468805,-0.474755062101925,0.978052795570703
3.49883397172638,-0.479874718643454,-0.498259326193525,0.978134044836977
3.49892213903841,-0.456083554626156,-0.521381346564603,0.977464901190755
3.49901030635045,-0.431942496704763,-0.54410339218751,0.976045888892244
3.49909847366248,-0.407470064057065,-0.566408021713039,0.973878085770064
3.49918664097451,-0.382685033375779,-0.588278131932899,0.970963165308664
3.49929504520692,-0.351811315219135,-0.614547215291148,0.966358530510257
3.49940344943933,-0.320529425407252,-0.640103763323391,0.960633188730612
3.49951185367174,-0.288875742747492,-0.664918046989642,0.953793789737115
3.49962025790415,-0.256886999600569,-0.688961276815725,0.945848276416287
3.49972866213656,-0.224600319243424,-0.712205539489145,0.936805858732538
3.49983706636896,-0.192053140472671,-0.734623888343096,0.926677028815749
3.49994547060137,-0.159283222961623,-0.75619030405402,0.915473527015632
3.50005387483378,-0.126328562144268,-0.776879788730909,0.90320835087516
3.50016227906619,-0.093227388001871,-0.796668330405327,0.889895718407197
3.5002706832986,-0.0600180797143637,-0.815532993246229,0.87555107296055
3.50037908753101,-0.0267391616487398,-0.83345188280857,0.860191044457246
3.50048749176342,0.00657078079550264,-0.850404231325879,0.843833450530343
3.50059589599583,0.0398731072287039,-0.866370363093314,0.826497255864568
3.5006635092067,0.0606240363546909,-0.875821433750017,0.815197397395302
3.50073112241758,0.0813474429648993,-0.884877270893415,0.803529827928502
3.50079873562845,0.102034069253016,-0.893533834533963,0.791499765280952
3.50086634883932,0.122674583685755,-0.901787212514404,0.779112628828639
3.50095850808698,0.150716809263634,-0.912380656098834,0.761663846835182
3.50105066733463,0.178632782301572,-0.922209358508811,0.743576576207231
3.50111086723263,0.196789044867509,-0.928212927273346,0.731423882405828
3.50117106713063,0.214874827520438,-0.933884465605687,0.719009638085239
3.50123126702864,0.232883718241997,-0.939221970092646,0.706338251850628
3.50129146692664,0.250809262464686,-0.944223519523775,0.693414257059071
3.50136396718891,0.272277597138522,-0.9497985142424,0.677520917103876
3.50143646745118,0.293604685158479,-0.95488078416136,0.661276099002858
3.50150896771345,0.314779475242166,-0.959467706407727,0.644688231165541
3.50158146797572,0.335790957953803,-0.963556887186313,0.627765929232507
3.50165396823799,0.356628251329452,-0.967146218985215,0.610517967655729
3.50172646850026,0.377280525927518,-0.970233826936792,0.592953301009235
3.50181463579202,0.402130599596057,-0.973310242256493,0.571179642660418
3.50190280308379,0.42667223621674,-0.975639968822168,0.548967732605437
3.50199097037556,0.450886584550943,-0.977221229466106,0.526334644915147
3.50207913766732,0.474755042642207,-0.978052798190134,0.503297755547924
3.50216730495909,0.498259301715205,-0.978134048207965,0.479874746492746
3.50225547225086,0.5213813172637,-0.977464905658003,0.456083588394291
3.50234363954262,0.544103358272039,-0.976045894799338,0.431942536527279
3.50243180683439,0.566407983402537,-0.973878093458938,0.407470110056396
3.50251997412616,0.588278089458045,-0.970963175119207,0.38268508566114
3.50262837835849,0.614547173967862,-0.966358542207272,0.351811368239401
3.50273678259083,0.640103723203121,-0.960633202305598,0.320529479102444
3.50284518682317,0.664918008122485,-0.95379380517928,0.28887579705675
3.50295359105551,0.688961239250291,-0.945848293712686,0.256887054462372
3.50306199528784,0.712205503272484,-0.936805877868136,0.224600374595661
3.50317039952018,0.734623853520872,-0.926677049773303,0.192053196252442
3.50327880375252,0.75619027067016,-0.91547354977584,0.159283279105665
3.50338720798486,0.776879756827814,-0.903208375416471,0.12632861858867
3.50349561221719,0.79666830002362,-0.889895744706147,0.0932274446824879
3.50360401644953,0.815532964424946,-0.87555110099152,0.0600181365665649
3.50371242068187,0.833451855584852,-0.860191074192574,0.0267392186077185
3.5038208249142,0.850404205735015,-0.843833481940407,-0.00657072379463663
3.50392922914654,0.866370339168819,-0.82649728891773,-0.0398730502510864
3.50399684241446,0.875821418694009,-0.81519742176019,-0.0606239969338267
3.50406445568237,0.884877264046928,-0.803529842974918,-0.0813474210720345
3.50413206895029,0.893533835227422,-0.791499770391771,-0.102034064835708
3.5041996822182,0.901787220068306,-0.779112623400452,-0.122674596667878
3.50429184148083,0.912380664935647,-0.761663838201252,-0.150716826734425
3.50438400074345,0.922209368374466,-0.743576564170017,-0.178632804204496
3.50444420061359,0.928212934022568,-0.731423875722277,-0.196789058300326
3.50450440048374,0.933884469544084,-0.719009637001088,-0.214874832543042
3.50456460035388,0.939221971528683,-0.706338256605199,-0.2328837149235
3.50462480022403,0.944223518768635,-0.693414267885686,-0.250809250882961
3.5046973004885,0.949798513892792,-0.677520927618348,-0.27227758627446
3.50476980075297,0.954880784188657,-0.661276109179995,-0.29360467500865
3.50484230101745,0.959467706782921,-0.644688240980771,-0.31477946580215
3.50491480128192,0.963556887880049,-0.62776593866196,-0.335790949218131
3.50498730154639,0.967146219967835,-0.610517976676314,-0.35662824329155
3.50505980181086,0.970233828178417,-0.592953309598565,-0.377280518579871
3.50514796910722,0.973310243831053,-0.571179650219599,-0.402130593611455
3.50523613640358,0.975639970652342,-0.548967739085365,-0.426672231566976
3.50532430369994,0.977221231474141,-0.526334650269379,-0.450886581204744
3.50541247099629,0.978052800298099,-0.503297759732642,-0.474755040565498
3.50550063829265,0.978134050337808,-0.479874749466863,-0.498259300870962
3.50558880558901,0.977464907731503,-0.456083590119512,-0.521381317612023
3.50567697288536,0.9760458967385,-0.43194253696816,-0.544103359770359
3.50576514018172,0.973878095185955,-0.407470109180465,-0.566407986005483
3.50585330747808,0.97096317655656,-0.382685083438803,-0.588278093117744
3.50596171171042,0.966358543451669,-0.351811365942077,-0.614547177509593
3.50607011594277,0.96063320335792,-0.320529476736366,-0.640103726621549
3.50617852017511,0.953793806040622,-0.288875794628097,-0.664918011412524
3.50628692440745,0.945848294384393,-0.256887051977427,-0.688961242406976
3.5063953286398,0.936805878351822,-0.224600372060861,-0.712205506291007
3.50650373287214,0.926677050070734,-0.192053193674179,-0.734623856396583
3.50661213710448,0.915473549888993,-0.159283276490489,-0.756190273398533
3.50672054133683,0.903208375347645,-0.126328615943066,-0.776879759404581
3.50682894556917,0.889895744457663,-0.0932274420129682,-0.796668302444696
3.50693734980151,0.875551100566074,-0.0600181338798525,-0.815532966686247
3.50704575403386,0.860191073592961,-0.0267392159103609,-0.833451857682602
3.5071541582662,0.843833481169766,0.00657072649591779,-0.850404207665682
3.50726256249855,0.826497287979263,0.0398730529497037,-0.866370340928959
3.50733017576555,0.815197420874238,0.0606239993466806,-0.875821420220929
3.50739778903255,0.803529842152718,0.0813474231974254,-0.884877265350115
3.50746540229956,0.79149976964442,0.102034066672304,-0.893533836316745
3.50753301556656,0.779112622738931,0.122674598214722,-0.901787220953621
3.50762517485725,0.761663832023222,0.150716836783446,-0.912380668806671
3.50771733414794,0.743576552093472,0.178632822668035,-0.922209374761517
3.50777753399463,0.731423868119423,0.196789069624832,-0.92821293774423
3.50783773384132,0.719009634079262,0.214874836778155,-0.933884470857408
3.50789793368801,0.706338258566651,0.232883712126449,-0.939221970693087
3.5079581335347,0.693414274927292,0.250809241118521,-0.944223516045816
3.50803063379899,0.677520934811516,0.272277576498619,-0.949798511310113
3.50810313406328,0.661276116523848,0.29360466522572,-0.954880781749567
3.50817563432757,0.644688248474233,0.314779456016353,-0.959467704490603
3.50824813459187,0.627765946303963,0.335790939433775,-0.963556885737771
3.50832063485616,0.610517984465639,0.356628233513084,-0.967146217978721
3.50839313512045,0.59295331753388,0.37728050881168,-0.970233826345576
3.50848130244156,0.571179652098953,0.402130590859202,-0.97331024295812
3.50856946976268,0.548967734662631,0.426672235657381,-0.975639970319996
3.5086576370838,0.526334639313126,0.450886591948545,-0.977221231261645
3.50874580440491,0.503297742025945,0.47475505775797,-0.978052799783931
3.50883397172603,0.47987472480816,0.498259324292062,-0.978134049100225
3.50892213904714,0.456083558322553,0.521381347026866,-0.977464905349414
3.50901030636826,0.43194249786246,0.544103394929414,-0.976045892791859
3.50909847368938,0.407470062611625,0.566408026645022,-0.973878089256646
3.50918664101049,0.382685029268598,0.58827813896026,-0.970963168228837
3.50929504524291,0.351811310968494,0.614547222088663,-0.966358533057151
3.50940344947532,0.320529421025141,0.640103769880964,-0.960633190906139
3.50951185370774,0.288875738245982,0.664918053297491,-0.953793791543454
3.50962025794016,0.256886994991839,0.688961282864351,-0.945848277856169
3.50972866217257,0.224600314539852,0.712205545269257,-0.936805859809126
3.50983706640499,0.192053135686741,0.734623893845869,-0.926677029532628
3.5099454706374,0.159283218105911,0.756190309270832,-0.91547352737673
3.51005387486982,0.126328557231355,0.77687979365355,-0.903208350884846
3.51016227910224,0.0932273830446093,0.796668335025761,-0.889895718070377
3.51027068333465,0.06001807472541,0.815532997556967,-0.875551072282379
3.51037908756707,0.0267391566409501,0.833451886802401,-0.860191043443341
3.51048749179948,-0.00657078580926418,0.850404234995969,-0.843833449186658
3.5105958960319,-0.0398731122356805,0.866370366433177,-0.826497254197494
3.51066350924131,-0.06062404090079,0.875821436679966,-0.815197395779175
3.51073112245072,-0.0813474470466336,0.884877273428427,-0.803529826381794
3.51079873566013,-0.102034072867335,0.893533836689359,-0.791499763822039
3.51086634886954,-0.122674586830267,0.901787214305909,-0.779112627475594
3.51095850817332,-0.150716829412817,0.912380663860473,-0.761663834447637
3.51105066747711,-0.17863281928001,0.922209371301275,-0.743576552021253
3.51111086732814,-0.196789067547453,0.928212934727624,-0.731423867180145
3.51117106717917,-0.214874836001313,0.933884468236549,-0.719009632235243
3.5112312670302,-0.23288371263843,0.939221968419723,-0.706338255781265
3.51129146688122,-0.250809242906499,0.944223514071209,-0.693414271164708
3.51136396714319,-0.2722775775743,0.949798509074952,-0.67752093150061
3.51143646740515,-0.293604665596487,0.954880779285002,-0.661276113688494
3.51150896766711,-0.314779455690717,0.95946770182822,-0.644688246137488
3.51158146792907,-0.335790938421356,0.963556882909373,-0.627765944488038
3.51165396819103,-0.356628231824443,0.967146215016343,-0.610517983191898
3.51172646845299,-0.37728050645846,0.970233823281381,-0.592953316822912
3.51181463579432,-0.402130594170665,0.973310240520346,-0.571179646349622
3.51190280313565,-0.426672244488035,0.975639968165765,-0.54896772367772
3.51199097047698,-0.450886606139988,0.977221229047216,-0.526334622907206
3.51207913781831,-0.474755077139158,0.97805279716491,-0.503297720025696
3.51216730515964,-0.498259348679521,0.978134045732298,-0.479874697052766
3.51225547250097,-0.521381376224998,0.977464900888821,-0.456083524663796
3.5123436398423,-0.544103428730814,0.976045886895956,-0.431942458165101
3.51243180718363,-0.566408064830745,0.973878081584196,-0.407470016753469
3.51251997452496,-0.58827818130015,0.970963158440958,-0.382684977140789
3.51262837875744,-0.61454726327953,0.966358521388745,-0.351811258109178
3.51273678298992,-0.640103809871517,0.960633177365726,-0.320529367494237
3.51284518722241,-0.664918092037864,0.953793776141954,-0.288875684104072
3.51295359145489,-0.688961320306205,0.945848260606513,-0.256886940300306
3.51306199568737,-0.712205581365646,0.936805840726462,-0.224600259360803
3.51317039991986,-0.734623928551432,0.926677008634182,-0.192053080082696
3.51327880415234,-0.756190342541762,0.915473504681844,-0.159283162140094
3.51338720838482,-0.776879825447659,0.90320832641512,-0.126328500967421
3.51349561261731,-0.796668365302638,0.889895691849242,-0.0932273265465989
3.51360401684979,-0.81553302627778,0.875551044335451,-0.0600180180576681
3.51371242108227,-0.833451913930278,0.860191013798269,-0.0267390998679827
3.51382082531476,-0.850404260495695,0.843833417873099,0.00657084262263144
3.51392922954724,-0.86637039027154,0.826497221246973,0.0398731690245732
3.51399684269981,-0.875821451680676,0.815197371486421,0.0606240801942466
3.51406445585237,-0.884877280248169,0.803529811374791,0.0813474688733713
3.51413206900494,-0.89353383599532,0.791499758715716,0.102034077279627
3.51419968215751,-0.901787206775207,0.779112632871415,0.122674573903815
3.51429184144628,-0.91238065504031,0.761663843056662,0.150716811983685
3.51438400073505,-0.922209361446449,0.743576564041676,0.178632797404788
3.5144442006139,-0.928212927984934,0.73142387385436,0.196789054130571
3.51450440049275,-0.933884464300884,0.719009633318049,0.214874830982821
3.5145646003716,-0.939221966982924,0.706338251033423,0.232883715949518
3.51462480025044,-0.944223514822632,0.69341426035335,0.250809254469297
3.51469730051023,-0.949798509423026,0.677520920996087,0.272277588426997
3.51476980077001,-0.954880779258117,0.661276103515712,0.293604675742463
3.51484230102979,-0.959467701455058,0.644688236320832,0.314779465134239
3.51491480128958,-0.963556882218932,0.627765935051141,0.33579094716779
3.51498730154936,-0.967146214037882,0.61051797415769,0.356628239880194
3.51505980180914,-0.970233822044439,0.592953308213471,0.37728051383098
3.51514796914593,-0.973310238951219,0.571179638757252,0.402130600193956
3.51523613648272,-0.975639966340987,0.548967717151049,0.42667224918991
3.51532430381951,-0.977221227043552,0.526334617492401,0.450886609551144
3.5154124711563,-0.978052795059498,0.503297715766213,0.474755079293304
3.51550063849309,-0.978134043602438,0.479874693989212,0.498259349613246
3.51558880582988,-0.977464898811767,0.456083522834092,0.521381375977677
3.51567697316666,-0.97604588494885,0.431942457604331,0.54410342734451
3.51576514050345,-0.973878079844077,0.407470017493948,0.566408062350155
3.51585330784024,-0.970963156984458,0.382684979211788,0.588278177772676
3.51596171207272,-0.966358520119575,0.351811260253021,0.614547259866578
3.5160701163052,-0.960633176283048,0.320529369704882,0.640103806578229
3.51617852053767,-0.953793775244679,0.288875686375511,0.664918088869217
3.51628692477015,-0.945848259893373,0.25688694262645,0.688961317266915
3.51639532900263,-0.936805840195883,0.224600261735358,0.712205578460514
3.51650373323511,-0.926677008284415,0.192053082499516,0.73462392578492
3.51661213746758,-0.91547350451108,0.159283164592885,0.756190339918213
3.51672054170006,-0.903208326421057,0.126328503449763,0.776879822971293
3.51682894593254,-0.889895692029578,0.0932273290520647,0.796668362977525
3.51693735016501,-0.875551044687709,0.0600180205799475,0.815533024107739
3.51704575439749,-0.860191014319526,0.0267391024005672,0.833451911918981
3.51715415862997,-0.84383341856051,-0.00657084008612322,0.850404258646642
3.51726256286245,-0.826497222097389,-0.0398731664905811,0.866370388587985
3.51733017601578,-0.815197372306319,-0.0606240779007407,0.875821450207074
3.51739778916911,-0.803529812154537,-0.0813474668221344,0.884877278976711
3.51746540232244,-0.791499759445811,-0.102034075472119,0.893533834917914
3.51753301547577,-0.779112633542437,-0.122674572341264,0.901787205883705
3.51762517473651,-0.761663849237587,-0.150716801929884,0.912380651167458
3.51771733399725,-0.743576576114038,-0.178632778947266,0.922209355061285
3.51777753389955,-0.731423881453858,-0.19678904281072,0.928212924264595
3.51783773380185,-0.719009636237304,-0.214874826751042,0.933884462988343
3.51789793370415,-0.706338249070307,-0.232883718748574,0.939221967818868
3.51795813360644,-0.693414253310942,-0.250809264234423,0.944223517545349
3.5180306338664,-0.677520913804396,-0.272277598200408,0.949798512004791
3.51810313412635,-0.661276096175798,-0.293604685519861,0.954880781695672
3.51817563438631,-0.644688228833746,-0.314779474911531,0.959467703745283
3.51824813464626,-0.627765927418151,-0.335790956940583,0.963556884358718
3.51832063490622,-0.610517966380076,-0.356628249644172,0.967146216024235
3.51839313516617,-0.592953300292624,-0.377280523581819,0.970233823874435
3.51848130247822,-0.571179636888751,-0.402130602933519,0.973310239822254
3.51856946979026,-0.548967721580728,-0.426672245091421,0.975639966672161
3.51865763710231,-0.526334628451599,-0.450886598803727,0.977221227255328
3.51874580441436,-0.503297733471601,-0.474755062101562,0.978052795573141
3.5188339717264,-0.479874718642284,-0.498259326197064,0.978134044839352
3.51892213903845,-0.456083554620918,-0.521381346571887,0.977464901192803
3.51901030635049,-0.431942496695291,-0.544103392198452,0.976045888893725
3.51909847366254,-0.407470064043286,-0.566408021727446,0.973878085770718
3.51918664097458,-0.3826850333577,-0.588278131950578,0.97096316530827
3.51929504520699,-0.351811315201875,-0.614547215307387,0.966358530509237
3.5194034494394,-0.320529425390942,-0.640103763338191,0.960633188729115
3.5195118536718,-0.288875742732196,-0.664918047002994,0.953793789735174
3.51962025790421,-0.256886999586258,-0.68896127682774,0.945848276413989
3.51972866213661,-0.224600319230206,-0.712205539499831,0.936805858730019
3.51983706636902,-0.192053140460519,-0.734623888352581,0.926677028813073
3.51994547060142,-0.159283222950622,-0.756190304062264,0.915473527012853
3.52005387483383,-0.12632856213439,-0.776879788738004,0.903208350872409
3.52016227906623,-0.0932273879931916,-0.796668330411372,0.889895718404521
3.52027068329864,-0.0600180797068602,-0.815532993251244,0.875551072958076
3.52037908753104,-0.0267391616423813,-0.833451882812624,0.860191044454992
3.52048749176345,0.00657078080060679,-0.850404231329051,0.843833450528412
3.52059589599585,0.0398731072325224,-0.866370363095648,0.826497255863121
3.52066350920673,0.0606240363590552,-0.875821433752473,0.815197397393418
3.5207311224176,0.0813474429698618,-0.884877270895957,0.803529827926119
3.52079873562848,0.102034069258596,-0.893533834536589,0.791499765277979
3.52086634883935,0.122674583691874,-0.901787212517124,0.779112628825238
3.52095850808701,0.150716809270425,-0.912380656101553,0.761663846831103
3.52105066733466,0.17863278230891,-0.922209358511439,0.743576576202522
3.52111086723265,0.196789044870702,-0.928212927274452,0.731423882403701
3.52117106713064,0.214874827519408,-0.933884465605411,0.71900963808601
3.52123126702863,0.232883718236819,-0.939221970091137,0.706338251854295
3.52129146692662,0.250809262455417,-0.944223519521175,0.693414257065734
3.52136396718893,0.272277597139868,-0.949798514242546,0.677520917102661
3.52143646745123,0.293604685170355,-0.954880784163812,0.661276098993445
3.52150896771354,0.314779475264295,-0.959467706411942,0.644688231147585
3.52158146797584,0.335790957986103,-0.963556887191855,0.627765929205724
3.52165396823815,0.356628251371751,-0.967146218991495,0.610517967619726
3.52172646850045,0.377280525979534,-0.970233826943375,0.592953300963854
3.52181463579227,0.402130599660273,-0.973310242262818,0.571179642602516
3.52190280308408,0.42667223629277,-0.975639968827493,0.548967732534689
3.52199097037589,0.450886584638296,-0.977221229469565,0.526334644831235
3.5220791376677,0.474755042740518,-0.978052798190995,0.503297755450481
3.52216730495952,0.498259301823991,-0.978134048205489,0.479874746381492
3.52225547225133,0.521381317382537,-0.977464905651354,0.456083588268793
3.52234363954314,0.544103358400388,-0.97604589478775,0.431942536387349
3.52243180683495,0.566407983539838,-0.973878093441668,0.407470109901798
3.52251997412676,0.588278089603737,-0.970963175095486,0.382685085491721
3.5226283783591,0.614547174109565,-0.966358542177289,0.351811368067697
3.52273678259144,0.640103723340672,-0.96063320226934,0.320529478928621
3.52284518682377,0.664918008255761,-0.953793805136826,0.288875796881071
3.52295359105611,0.688961239379124,-0.945848293664108,0.256887054284981
3.52306199528845,0.71220550339667,-0.936805877813498,0.224600374416805
3.52317039952079,0.734623853640263,-0.926677049712692,0.192053196072402
3.52327880375312,0.756190270784702,-0.915473549709278,0.159283278924553
3.52338720798546,0.77687975693732,-0.903208375344139,0.126328618406781
3.5234956122178,0.796668300128039,-0.889895744628009,0.0932274444999392
3.52360401645013,0.815532964524048,-0.875551100907726,0.0600181363836712
3.52371242068247,0.833451855678507,-0.860191074103239,0.0267392184247061
3.52382082491481,0.850404205823247,-0.8438334818456,-0.00657072397763503
3.52392922914714,0.86637033925142,-0.826497288817619,-0.0398730504337973
3.52399684241488,0.875821418748134,-0.815197421687827,-0.0606239970603418
3.52406445568261,0.8848772640747,-0.803529842932222,-0.0813474211424709
3.52413206895034,0.893533835230994,-0.791499770380773,-0.102034064850229
3.52419968221808,0.901787220049799,-0.779112623423051,-0.122674596626741
3.5242918414807,0.912380664917852,-0.761663838225339,-0.150716826692528
3.52438400074332,0.92220936835746,-0.743576564195546,-0.17863280416191
3.52444420061351,0.928212934011484,-0.731423875737488,-0.196789058274015
3.52450440048371,0.933884469538356,-0.719009637005468,-0.214874832532897
3.52456460035391,0.939221971527656,-0.706338256598405,-0.232883714929281
3.52462480022411,0.944223518771744,-0.69341426786714,-0.250809250904604
3.52469730048858,0.949798513895175,-0.677520927600025,-0.272277586295141
3.52476980075305,0.954880784190312,-0.661276109161818,-0.293604675028501
3.52484230101752,0.959467706783915,-0.644688240962817,-0.314779465821096
3.52491480128199,0.963556887880408,-0.627765938644218,-0.335790949236212
3.52498730154646,0.967146219967596,-0.610517976658735,-0.35662824330886
3.52505980181093,0.97023382817757,-0.592953309581329,-0.3772805185963
3.52514796910729,0.973310243829667,-0.571179650202032,-0.402130593627647
3.52523613640365,0.975639970650383,-0.548967739067461,-0.426672231582931
3.5253243037,0.977221231471607,-0.526334650251222,-0.450886581220413
3.52541247099636,0.978052800295016,-0.50329775971413,-0.47475504058091
3.52550063829272,0.978134050334142,-0.479874749448057,-0.498259300886081
3.52558880558907,0.977464907727271,-0.456083590100371,-0.521381317626896
3.52567697288543,0.976045896733701,-0.431942536948801,-0.544103359784908
3.52576514018179,0.97387809518058,-0.40747010916091,-0.566407986019688
3.52585330747815,0.970963176550633,-0.382685083419017,-0.588278093131598
3.52596171171049,0.96635854344491,-0.351811365921175,-0.614547177523738
3.52607011594284,0.960633203350264,-0.320529476714272,-0.640103726635977
3.52617852017519,0.953793806031985,-0.288875794604885,-0.664918011427137
3.52628692440753,0.945848294374777,-0.256887051953101,-0.688961242421672
3.52639532863988,0.936805878341091,-0.224600372035361,-0.712205506305751
3.52650373287223,0.926677050058886,-0.19205319364755,-0.734623856411339
3.52661213710457,0.91547354987597,-0.159283276462707,-0.756190273413258
3.52672054133692,0.903208375333391,-0.1263286159142,-0.776879759419141
3.52682894556927,0.889895744442159,-0.0932274419831882,-0.796668302459005
3.52693734980161,0.87555110054928,-0.0600181338490131,-0.815532966700268
3.52704575403396,0.8601910735748,-0.0267392158785557,-0.833451857696252
3.52715415826631,0.843833481150151,0.00657072652874722,-0.850404207678919
3.52726256249865,0.82649728795824,0.0398730529834542,-0.866370340941687
3.52733017576561,0.815197420860366,0.0606239993664212,-0.875821420226788
3.52739778903257,0.803529842146516,0.0813474232031807,-0.884877265349688
3.52746540229953,0.7914997696464,0.10203406666404,-0.893533836310445
3.52753301556649,0.779112622749569,0.122674598192551,-0.901787220942121
3.52762517485716,0.761663832037611,0.150716836756361,-0.912380668793938
3.52771733414783,0.743576552111741,0.178632822636164,-0.922209374747914
3.52777753399456,0.731423868129372,0.196789069606025,-0.92821293773541
3.5278377338413,0.719009634080534,0.21487483677235,-0.933884470852871
3.52789793368803,0.706338258558849,0.232883712133512,-0.939221970692372
3.52795813353476,0.693414274910061,0.250809241138364,-0.944223516048425
3.52803063379905,0.67752093479493,0.27227757651708,-0.949798511312032
3.52810313406334,0.661276116507955,0.293604665242781,-0.954880781750729
3.52817563432762,0.644688248459129,0.314779456032037,-0.959467704491137
3.52824813459191,0.627765946289665,0.335790939448089,-0.963556885737751
3.5283206348562,0.610517984452153,0.356628233526058,-0.967146217978179
3.52839313512048,0.592953317521364,0.377280508823213,-0.970233826344583
3.52848130244158,0.571179652090974,0.402130590865239,-0.973310242956223
3.52856946976268,0.548967734659511,0.426672235658015,-0.975639970317523
3.52865763708378,0.526334639314958,0.450886591943972,-0.977221231258927
3.52874580440487,0.503297742032902,0.474755057748348,-0.978052799781262
3.52883397172597,0.479874724820474,0.498259324277519,-0.978134049097958
3.52892213904707,0.45608355834025,0.521381347007618,-0.977464905347881
3.52901030636816,0.431942497885805,0.54410339490559,-0.976045892791413
3.52909847368926,0.407470062640654,0.566408026616879,-0.973878089257513
3.52918664101036,0.382685029303488,0.588278138927952,-0.970963168231476
3.52929504524277,0.351811311003837,0.61454722205729,-0.966358533061116
3.52940344947519,0.320529421061023,0.640103769850474,-0.9606331909115
3.5295118537076,0.28887573828225,0.664918053267945,-0.953793791550206
3.52962025794002,0.25688699502848,0.688961282835816,-0.945848277864256
3.52972866217244,0.22460031457693,0.71220554524171,-0.936805859818643
3.52983706640485,0.192053135724059,0.734623893819398,-0.926677029543455
3.52994547063727,0.159283218143475,0.756190309245425,-0.915473527388862
3.53005387486968,0.126328557269197,0.776879793629202,-0.903208350898407
3.5301622791021,0.0932273830825526,0.79666833500261,-0.889895718085159
3.53027068333452,0.0600180747635228,0.815532997534961,-0.875551072298489
3.53037908756693,0.026739156679064,0.833451886781629,-0.860191043460665
3.53048749179935,-0.00657078577115011,0.850404234976416,-0.843833449205232
3.53059589603176,-0.0398731121975059,0.866370366414811,-0.826497254217266
3.53066350924122,-0.0606240408776351,0.875821436669082,-0.815197395791412
3.53073112245068,-0.0813474470384048,0.884877273424414,-0.803529826385996
3.53079873566014,-0.10203407287406,0.893533836691695,-0.791499763817578
3.5308663488696,-0.1226745868519,0.901787214313943,-0.779112627462019
3.53095850817339,-0.15071682943752,0.912380663869206,-0.76166383443167
3.53105066747719,-0.178632819307696,0.922209371310454,-0.743576552002747
3.53111086732818,-0.196789067564099,0.928212934732793,-0.73142386716872
3.53117106717917,-0.214874836006919,0.933884468238175,-0.719009632231244
3.53123126703017,-0.232883712633164,0.939221968418116,-0.706338255784954
3.53129146688116,-0.250809242890385,0.944223514066858,-0.693414271176439
3.53136396714312,-0.272277577557823,0.949798509070938,-0.677520931513085
3.53143646740508,-0.293604665579662,0.95488077928131,-0.661276113701622
3.53150896766704,-0.31477945567356,0.959467701824927,-0.644688246151339
3.531581467929,-0.335790938403767,0.96355688290648,-0.627765944502656
3.53165396819096,-0.356628231806526,0.96714621501384,-0.610517983207284
3.53172646845292,-0.377280506440274,0.970233823279362,-0.592953316839022
3.53181463579424,-0.402130594151742,0.973310240518788,-0.571179646367038
3.53190280313557,-0.426672244468418,0.975639968164853,-0.548967723696428
3.53199097047689,-0.450886606119714,0.977221229046946,-0.526334622927208
3.53207913781822,-0.474755077118272,0.978052797165332,-0.503297720047046
3.53216730515955,-0.498259348658045,0.978134045733555,-0.479874697075457
3.53225547250087,-0.521381376203008,0.977464900890902,-0.456083524687857
3.5323436398422,-0.544103428708404,0.976045886898888,-0.43194245819045
3.53243180718352,-0.566408064807982,0.973878081588117,-0.407470016780129
3.53251997452485,-0.588278181277056,0.970963158445897,-0.382684977168846
3.53262837875733,-0.614547263256122,0.966358521394968,-0.351811258138845
3.53273678298981,-0.640103809847934,0.960633177373401,-0.320529367525443
3.53284518722229,-0.664918092014176,0.953793776151046,-0.288875684136869
3.53295359145477,-0.688961320282515,0.945848260617134,-0.256886940334609
3.53306199568725,-0.712205581342032,0.936805840738699,-0.224600259396632
3.53317039991973,-0.734623928527971,0.92667700864809,-0.192053080120086
3.5332788041522,-0.756190342518582,0.915473504697544,-0.159283162178932
3.53338720838468,-0.776879825424821,0.903208326432563,-0.126328501007733
3.53349561261716,-0.796668365280284,0.889895691868536,-0.0932273265882615
3.53360401684964,-0.815533026256047,0.875551044356715,-0.0600180181006413
3.53371242108212,-0.833451913909166,0.860191013821467,-0.0267390999122756
3.5338208253146,-0.850404260475348,0.843833417898304,0.00657084257702995
3.53392922954708,-0.86637039025206,0.826497221274261,0.0398731689778157
3.5339968426997,-0.875821451668445,0.815197371506638,0.060624080161861
3.53406445585231,-0.884877280242675,0.803529811387486,0.0813474688552027
3.53413206900492,-0.893533835996089,0.791499758720371,0.102034077275738
3.53419968215754,-0.901787206781649,0.779112632867482,0.122674573914188
3.53429184144635,-0.912380655051802,0.761663843043384,0.15071681200841
3.53438400073517,-0.922209361462129,0.743576564018477,0.178632797443687
3.53444420061397,-0.928212927995011,0.731423873841113,0.19678905415388
3.53450440049277,-0.933884464305884,0.719009633315149,0.214874830990745
3.53456460037156,-0.939221966983424,0.706338251041288,0.232883715942118
3.53462480025036,-0.944223514819177,0.693414260372477,0.250809254446717
3.53469730051012,-0.949798509418466,0.677520921020831,0.272277588397655
3.53476980076988,-0.954880779252715,0.661276103546383,0.293604675706339
3.53484230102964,-0.959467701449115,0.644688236357671,0.314779465091466
3.5349148012894,-0.963556882212791,0.627765935094286,0.33579094711851
3.53498730154916,-0.967146214031832,0.610517974207342,0.356628239824531
3.53505980180892,-0.970233822038949,0.592953308269825,0.377280513769117
3.53514796914564,-0.97331023894559,0.571179638831439,0.402130600114164
3.53523613648236,-0.975639966336389,0.548967717243625,0.426672249092781
3.53532430381908,-0.977221227041128,0.52633461760379,0.450886609437338
3.53541247115581,-0.978052795060379,0.503297715897015,0.474755079163379
3.53550063849253,-0.97813404360771,0.479874694140012,0.498259349467736
3.53558880582925,-0.977464898822607,0.456083523005274,0.521381375817355
3.53567697316597,-0.976045884966388,0.431942457796313,0.544103427170088
3.53576514050269,-0.97387807986943,0.407470017706965,0.566408062162485
3.53585330783942,-0.970963157018715,0.382684979446295,0.588278177572449
3.53596171207189,-0.966358520162564,0.351811260491539,0.614547259670998
3.53607011630436,-0.960633176334756,0.320529369947211,0.640103806387563
3.53617852053684,-0.953793775305078,0.288875686621395,0.664918088683695
3.53628692476931,-0.945848259962406,0.256886942875542,0.688961317086889
3.53639532900179,-0.936805840273598,0.224600261987424,0.71220557828616
3.53650373323426,-0.926677008370798,0.192053082754293,0.734623925616475
3.53661213746674,-0.915473504606001,0.159283164850045,0.756190339755976
3.53672054169921,-0.9032083265246,0.126328503709137,0.776879822815437
3.53682894593169,-0.889895692141576,0.0932273293132518,0.796668362828312
3.53693735016416,-0.875551044808028,0.0600180208425842,0.815533023965449
3.53704575439664,-0.860191014448274,0.0267391026645262,0.83345191178373
3.53715415862911,-0.843833418697435,-0.00657083982126448,0.850404258518668
3.53726256286159,-0.82649722224242,-0.039873166225097,0.866370388467536
3.53733017601518,-0.815197372412011,-0.0606240777151125,0.875821450127119
3.53739778916877,-0.803529812218041,-0.0813474667161756,0.884877278934209
3.53746540232236,-0.791499759464284,-0.10203407544567,0.893533834909942
3.53753301547595,-0.779112633513242,-0.122674572393845,0.901787205907033
3.5376251747367,-0.761663849205782,-0.150716801984396,0.91238065119018
3.53771733399744,-0.743576576079455,-0.178632779003774,0.922209355083215
3.53777753389967,-0.731423881433632,-0.196789042844634,0.928212924278278
3.53783773380189,-0.719009636232068,-0.214874826762522,0.933884462994598
3.53789793370411,-0.706338249080627,-0.232883718737863,0.939221967818463
3.53795813360634,-0.693414253337495,-0.25080926420168,0.944223517539167
3.5380306338663,-0.677520913829198,-0.272277598170904,0.949798512000077
3.53810313412627,-0.661276096198784,-0.293604685493543,0.954880781692299
3.53817563438623,-0.644688228854769,-0.314779474888335,0.959467703743062
3.5382481346462,-0.627765927437114,-0.335790956920475,0.963556884357583
3.53832063490616,-0.61051796639691,-0.356628249627115,0.967146216023987
3.53839313516613,-0.592953300307206,-0.377280523567783,0.970233823875011
3.53848130247817,-0.571179636903575,-0.402130602919652,0.973310239823182
3.53856946979022,-0.54896772159576,-0.426672245077719,0.975639966673453
3.53865763710226,-0.526334628466774,-0.450886598790255,0.977221227257009
3.53874580441431,-0.503297733487015,-0.474755062088238,0.97805279557527
3.53883397172636,-0.479874718657897,-0.498259326183925,0.978134044841793
3.5389221390384,-0.456083554636719,-0.521381346558936,0.977464901195646
3.53901030635045,-0.431942496711275,-0.544103392185689,0.976045888896991
3.53909847366249,-0.407470064059451,-0.566408021714917,0.973878085774344
3.53918664097454,-0.382685033374012,-0.58827813193828,0.970963165312278
3.53929504520694,-0.351811315218382,-0.614547215295365,0.966358530513736
3.53940344943935,-0.320529425407622,-0.640103763326465,0.960633188734069
3.53951185367176,-0.288875742748914,-0.66491804699167,0.953793789740585
3.53962025790416,-0.2568869996031,-0.688961276816772,0.945848276419855
3.53972866213657,-0.224600319247236,-0.712205539489143,0.936805858736373
3.53983706636897,-0.192053140477675,-0.734623888342197,0.926677028819894
3.53994547060138,-0.15928322296788,-0.756190304052271,0.915473527020122
3.54005387483378,-0.126328562151734,-0.776879788728391,0.903208350880108
3.54016227906619,-0.0932273880105882,-0.796668330402108,0.889895718412684
3.54027068329859,-0.060018079724286,-0.815532993242355,0.875551072966642
3.540379087531,-0.0267391616598483,-0.833451882804181,0.860191044464014
3.5404874917634,0.0065707807831217,-0.850404231320978,0.843833450537838
3.54059589599581,0.0398731072151408,-0.866370363088016,0.826497255872877
3.5406635092067,0.0606240363473559,-0.875821433747654,0.815197397400274
3.5407311224176,0.0813474429639021,-0.884877270893751,0.803529827929831
3.54079873562849,0.10203406925827,-0.893533834536758,0.791499765278477
3.54086634883938,0.12267458369721,-0.901787212519416,0.779112628822187
3.54095850808706,0.150716809283572,-0.912380656106476,0.761663846822886
3.54105066733475,0.178632782329902,-0.922209358518622,0.743576576188707
3.54111086723271,0.196789044883754,-0.928212927278666,0.731423882394849
3.54117106713067,0.214874827524683,-0.933884465606946,0.719009638082256
3.54123126702863,0.232883718234421,-0.939221970090327,0.706338251855882
3.5412914669266,0.250809262445337,-0.944223519518291,0.69341425707292
3.54136396718887,0.272277597118727,-0.949798514237007,0.677520917118267
3.54143646745113,0.293604685138197,-0.954880784156159,0.661276099017952
3.5415089677134,0.314779475221467,-0.959467706402706,0.644688231181229
3.54158146797567,0.335790957932642,-0.963556887181566,0.627765929248872
3.54165396823794,0.35662825130792,-0.967146218980691,0.610517967672733
3.54172646850021,0.377280525905563,-0.970233826932552,0.592953301026961
3.54181463579202,0.402130599587782,-0.973310242254141,0.571179642666358
3.54190280308383,0.426672236221798,-0.97563996882096,0.548967732599145
3.54199097037565,0.4508865845689,-0.977221229465196,0.526334644896279
3.54207913766746,0.474755042672676,-0.978052798188689,0.503297755515989
3.54216730495928,0.498259301757834,-0.978134048205205,0.479874746447339
3.54225547225109,0.521381317317983,-0.977464905653056,0.45608358833507
3.54234363954291,0.544103358337539,-0.976045894791392,0.431942536453861
3.54243180683472,0.566407983478615,-0.973878093447209,0.407470109968627
3.54251997412654,0.588278089544266,-0.970963175102884,0.382685085558619
3.54262837835887,0.614547174051549,-0.966358542187077,0.351811368135529
3.54273678259121,0.640103723284139,-0.960633202281522,0.320529478997378
3.54284518682355,0.664918008200824,-0.953793805151323,0.288875796950532
3.54295359105588,0.688961239325735,-0.945848293680984,0.256887054355195
3.54306199528822,0.712205503345047,-0.936805877832631,0.224600374487571
3.54317039952056,0.734623853590428,-0.926677049734108,0.192053196143658
3.54327880375289,0.756190270736643,-0.915473549732902,0.15928327899624
3.54338720798523,0.77687975689115,-0.903208375370003,0.126328618478832
3.54349561221757,0.796668300083729,-0.889895744656124,0.0932274445723567
3.54360401644991,0.815532964481713,-0.875551100937936,0.0600181364562325
3.54371242068224,0.833451855638201,-0.860191074135608,0.0267392184973587
3.54382082491458,0.850404205784977,-0.84383348188005,-0.00657072390495179
3.54392922914692,0.866370339215288,-0.826497288854148,-0.0398730503611737
3.54399684241471,0.875821418722199,-0.815197421714534,-0.0606239970076608
3.54406445568251,0.884877264058255,-0.803529842948471,-0.0813474211097605
3.54413206895031,0.89353383522318,-0.791499770385819,-0.102034064837368
3.54419968221811,0.901787220049951,-0.779112623416263,-0.122674596633705
3.54429184148076,0.912380664921151,-0.761663838212416,-0.150716826708763
3.54438400074341,0.922209368363423,-0.743576564176044,-0.178632804187369
3.54444420061358,0.928212934013927,-0.731423875723827,-0.196789058290105
3.54450440048374,0.933884469537675,-0.719009636997959,-0.214874832539716
3.54456460035391,0.939221971524151,-0.706338256597312,-0.232883714926889
3.54462480022408,0.944223518765789,-0.693414267872705,-0.250809250893089
3.54469730048856,0.949798513890085,-0.677520927603706,-0.272277586286382
3.54476980075304,0.954880784185979,-0.661276109163587,-0.293604675022406
3.54484230101751,0.959467706780194,-0.644688240962537,-0.314779465817675
3.54491480128199,0.963556887877213,-0.627765938641935,-0.335790949235285
3.54498730154647,0.967146219964735,-0.610517976654328,-0.356628243310426
3.54505980181095,0.970233828174994,-0.592953309574643,-0.377280518600383
3.54514796910738,0.973310243829107,-0.571179650176979,-0.40213059365215
3.54523613640381,0.975639970650609,-0.5489677390234,-0.426672231627242
3.54532430370024,0.977221231471467,-0.526334650187488,-0.450886581283995
3.54541247099667,0.978052800293213,-0.503297759630163,-0.474755040663068
3.5455006382931,0.978134050329421,-0.479874749343193,-0.498259300986221
3.54558880558953,0.977464907718408,-0.456083589974139,-0.521381317744244
3.54567697288596,0.976045896719428,-0.431942536800619,-0.544103359918793
3.54576514018239,0.973878095159672,-0.407470108990412,-0.566407986169263
3.54585330747882,0.970963176521882,-0.382685083225821,-0.588278093296075
3.54596171171117,0.966358543409353,-0.351811365726696,-0.614547177682635
3.54607011594351,0.960633203308023,-0.320529476518848,-0.640103726789193
3.54617852017585,0.953793805983249,-0.288875794408714,-0.664918011574548
3.54628692440819,0.945848294319671,-0.256887051756387,-0.6889612425633
3.54639532864053,0.936805878279795,-0.224600371838407,-0.712205506441401
3.54650373287287,0.926677049991536,-0.192053193450648,-0.734623856540922
3.54661213710522,0.915473549802748,-0.159283276266074,-0.756190273536686
3.54672054133756,0.90320837525446,-0.126328615718107,-0.776879759536364
3.5468289455699,0.889895744357704,-0.0932274417877725,-0.796668302569949
3.54693734980224,0.875551100459473,-0.0600181336544939,-0.815532966804961
3.54704575403458,0.860191073479863,-0.0267392156852187,-0.833451857794643
3.54715415826693,0.84383348105027,0.00657072672062994,-0.85040420777093
3.54726256249927,0.82649728785363,0.0398730531736572,-0.866370341027258
3.54733017576604,0.815197420784224,0.060623999498936,-0.875821420283147
3.54739778903281,0.803529842100872,0.0813474232781039,-0.88487726537897
3.54746540229958,0.791499769633293,0.102034066681601,-0.893533836314893
3.54753301556635,0.779112622770998,0.122674598152896,-0.901787220923893
3.54762517485696,0.761663832071902,0.150716836698099,-0.912380668769999
3.54771733414757,0.743576552159754,0.17863282255948,-0.922209374719268
3.5477775339944,0.731423868158636,0.19678906955893,-0.928212937717587
3.54783773384123,0.719009634090152,0.214874836754698,-0.933884470844867
3.54789793368806,0.706338258548111,0.232883712144941,-0.939221970693057
3.5479581335349,0.693414274878084,0.250809241178634,-0.944223516056722
3.54803063379915,0.67752093477054,0.272277576546148,-0.949798511316712
3.5481031340634,0.661276116491489,0.293604665260819,-0.95488078175229
3.54817563432765,0.644688248450916,0.314779456039183,-0.959467704490095
3.5482481345919,0.627765946290071,0.335790939444531,-0.963556885734605
3.54832063485614,0.610517984461499,0.356628233511947,-0.96714621797348
3.54839313512039,0.592953317539873,0.377280508798846,-0.970233826338744
3.54848130244149,0.571179652111144,0.402130590839856,-0.973310242951021
3.54856946976258,0.54896773468129,0.426672235631716,-0.975639970312984
3.54865763708367,0.526334639338491,0.450886591916693,-0.977221231255199
3.54874580440476,0.503297742058228,0.474755057720129,-0.978052799778391
3.54883397172585,0.479874724847528,0.49825932424852,-0.978134049096043
3.54892213904695,0.456083558369092,0.521381346977863,-0.977464905346939
3.54901030636804,0.431942497916454,0.544103394875146,-0.976045892791595
3.54909847368913,0.407470062673138,0.566408026585825,-0.973878089258907
3.54918664101022,0.382685029337723,0.588278138896397,-0.970963168234093
3.54929504524264,0.351811311037963,0.614547222027116,-0.96635853306509
3.54940344947506,0.320529421094973,0.640103769821701,-0.960633190916675
3.54951185370748,0.288875738315963,0.664918053240572,-0.953793791556502
3.5496202579399,0.256886995061879,0.688961282809851,-0.945848277871711
3.54972866217231,0.224600314609994,0.712205545217145,-0.93680585982715
3.54983706640473,0.192053135756732,0.734623893796216,-0.92667702955296
3.54994547063715,0.159283218175699,0.756190309223649,-0.91547352739937
3.55005387486957,0.126328557300844,0.776879793608841,-0.903208350909672
3.55016227910199,0.0932273831137034,0.796668334983617,-0.889895718097317
3.5502706833344,0.0600180747940439,0.815532997517311,-0.87555107231137
3.55037908756682,0.0267391567089166,0.833451886765303,-0.860191043474197
3.55048749179924,-0.00657078574188591,0.850404234961403,-0.843833449219471
3.55059589603166,-0.0398731121690046,0.866370366401125,-0.826497254232122
3.55066350924115,-0.0606240408600871,0.875821436660855,-0.815197395800766
3.55073112245065,-0.081347447031791,0.884877273421286,-0.803529826389477
3.55079873566014,-0.102034072878324,0.893533836693176,-0.791499763814838
3.55086634886964,-0.122674586867002,0.901787214319661,-0.779112627452627
3.55095850817341,-0.150716829444527,0.91238066387168,-0.761663834427124
3.55105066747717,-0.17863281930675,0.922209371310151,-0.743576552003393
3.55111086732817,-0.19678906756499,0.92821293473316,-0.731423867168182
3.55117106717917,-0.214874836009578,0.933884468239084,-0.719009632229503
3.55123126703017,-0.232883712637573,0.939221968419594,-0.706338255782003
3.55129146688117,-0.250809242896521,0.944223514068775,-0.693414271172258
3.55136396714314,-0.272277577566963,0.949798509073525,-0.677520931506555
3.55143646740511,-0.293604665591767,0.954880779284465,-0.661276113692691
3.55150896766708,-0.314779455688503,0.959467701828504,-0.64468824613996
3.55158146792905,-0.335790938421613,0.963556882910297,-0.627765944488681
3.55165396819102,-0.356628231827194,0.967146215017848,-0.610517983190615
3.55172646845299,-0.377280506463665,0.97023382328331,-0.592953316819626
3.55181463579427,-0.40213059416349,0.973310240520941,-0.571179646357383
3.55190280313556,-0.426672244468809,0.975639968165822,-0.548967723696988
3.55199097047684,-0.450886606108983,0.977221229047434,-0.526334622938438
3.55207913781813,-0.47475507709674,0.978052797166101,-0.50329772006934
3.55216730515941,-0.498259348626116,0.978134045735193,-0.479874697109079
3.5522554725007,-0.521381376161096,0.977464900894178,-0.456083524733079
3.55234363984198,-0.544103428656864,0.976045886904529,-0.431942458247622
3.55243180718326,-0.566408064747187,0.973878081596776,-0.407470016849575
3.55251997452455,-0.588278181207518,0.970963158458251,-0.382684977250709
3.55262837875703,-0.614547263189328,0.966358521410217,-0.35181125822088
3.55273678298952,-0.640103809783904,0.960633177391446,-0.320529367607534
3.552845187222,-0.664918091952994,0.953793776171895,-0.288875684218881
3.55295359145448,-0.688961320224106,0.945848260640639,-0.256886940416526
3.55306199568696,-0.712205581286535,0.936805840764726,-0.224600259478152
3.55317039991945,-0.734623928475358,0.926677008676544,-0.192053080201139
3.55327880415193,-0.7561903424688,0.915473504728339,-0.159283162259512
3.55338720838441,-0.776879825377939,0.903208326465628,-0.12632850108768
3.5534956126169,-0.79666836523632,0.88989569190372,-0.0932273266673597
3.55360401684938,-0.815533026214952,0.875551044393895,-0.0600180181789146
3.55371242108186,-0.833451913870976,0.860191013860601,-0.0267390999896024
3.55382082531435,-0.850404260440001,0.843833417939197,0.0065708425008588
3.55392922954683,-0.866370390219582,0.826497221316854,0.0398731689027455
3.55399684269951,-0.87582145164618,0.81519737153975,0.0606240801064612
3.55406445585218,-0.884877280229913,0.803529811410391,0.0813474688195108
3.55413206900486,-0.893533835992015,0.791499758732397,0.102034077259646
3.55419968215754,-0.901787206785571,0.77911263286799,0.122674573917611
3.55429184144631,-0.912380655050675,0.761663843052583,0.150716811998101
3.55438400073508,-0.922209361456725,0.743576564037034,0.178632797419712
3.55444420061391,-0.928212927992592,0.731423873854666,0.196789054137978
3.55450440049273,-0.933884464306207,0.71900963332352,0.214874830982725
3.55456460037155,-0.939221966986216,0.706338251044212,0.232883715942027
3.55462480025038,-0.944223514824168,0.693414260369723,0.25080925445445
3.55469730051018,-0.949798509426105,0.677520921009546,0.272277588416584
3.55476980076997,-0.954880779262487,0.661276103526174,0.293604675736335
3.55484230102977,-0.959467701460533,0.644688236328198,0.314779465132371
3.55491480128957,-0.96355688222534,0.627765935055248,0.33579094717008
3.55498730154937,-0.967146214044961,0.610517974158416,0.356628239886583
3.55505980180916,-0.97023382205209,0.592953308210717,0.377280513841375
3.55514796914591,-0.97331023895752,0.571179638764197,0.402130600193311
3.55523613648266,-0.975639966346579,0.548967717168037,0.426672249178541
3.55532430381941,-0.977221227049116,0.526334617519708,0.450886609529423
3.55541247115616,-0.978052795065689,0.503297715804278,0.474755079261447
3.55550063849291,-0.97813404360995,0.479874694038351,0.498259349571606
3.55558880582966,-0.977464898821206,0.456083522894568,0.521381375926656
3.55567697316641,-0.976045884960923,0.431942457676427,0.544103427284485
3.55576514050316,-0.973878079859467,0.407470017577806,0.566408062281672
3.55585330783991,-0.970963157003763,0.382684979307762,0.588278177696005
3.55596171207238,-0.966358520142444,0.351811260351018,0.61454725979144
3.55607011630486,-0.96063317630955,0.320529369804862,0.640103806504701
3.55617852053733,-0.953793775274808,0.288875686477411,0.664918088797444
3.55628692476981,-0.945848259927141,0.256886942730112,0.688961317197044
3.55639532900228,-0.936805840233323,0.22460026184069,0.71220557839268
3.55650373323476,-0.926677008325582,0.192053082606457,0.734623925719179
3.55661213746723,-0.915473504555961,0.159283164701248,0.756190339854718
3.55672054169971,-0.90320832646972,0.126328503559579,0.776879822910141
3.55682894593218,-0.889895692081987,0.0932273291630944,0.796668362918864
3.55693735016466,-0.875551044743758,0.0600180206920108,0.815533024051729
3.55704575439713,-0.860191014379374,0.0267391025137085,0.833451911865717
3.55715415862961,-0.843833418624054,-0.00657083997214519,0.850404258596177
3.55726256286208,-0.826497222164606,-0.0398731663759496,0.866370388540558
3.55733017601551,-0.815197372358158,-0.060624077817582,0.875821450175744
3.55739778916895,-0.803529812189936,-0.081347466770305,0.884877278960267
3.55746540232238,-0.791499759463626,-0.102034075451655,0.893533834915282
3.55753301547581,-0.779112633541632,-0.122674572351909,0.901787205893573
3.55762517473658,-0.761663849232281,-0.150716801947125,0.912380651179409
3.55771733399734,-0.743576576103908,-0.178632778971013,0.922209355074952
3.5577775338996,-0.731423881450201,-0.196789042824304,0.928212924274486
3.55783773380187,-0.719009636240387,-0.214874826754537,0.933884462994896
3.55789793370413,-0.706338249080375,-0.23288371874207,0.939221967822447
3.5579581336064,-0.693414253328304,-0.250809264218043,0.944223517546322
3.55803063386635,-0.677520913821065,-0.272277598185388,0.949798512006444
3.55810313412631,-0.661276096191601,-0.293604685506293,0.954880781697928
3.55817563438627,-0.644688228848785,-0.314779474899233,0.959467703748018
3.55824813464623,-0.627765927432236,-0.335790956929684,0.963556884361919
3.55832063490619,-0.610517966393236,-0.356628249634607,0.967146216027834
3.55839313516615,-0.592953300304847,-0.377280523573554,0.970233823878381
3.55848130247819,-0.571179636902615,-0.402130602923633,0.973310239826216
3.55856946979023,-0.548967721596212,-0.42667224508001,0.97563996667619
3.55865763710227,-0.526334628468709,-0.45088659879089,0.977221227259587
3.55874580441431,-0.50329773349038,-0.474755062087361,0.978052795577737
3.55883397172635,-0.47987471866277,-0.498259326181537,0.978134044844326
3.55892213903839,-0.456083554643219,-0.521381346555059,0.977464901198256
3.55901030635043,-0.431942496719383,-0.544103392180408,0.976045888899777
3.55909847366247,-0.407470064069235,-0.566408021708226,0.973878085777466
3.55918664097451,-0.382685033385509,-0.588278131930289,0.970963165315794
3.55929504520692,-0.351811315230324,-0.614547215287314,0.966358530517615
3.55940344943932,-0.320529425420038,-0.640103763318317,0.96063318873831
3.55951185367172,-0.288875742761829,-0.664918046983422,0.953793789745265
3.55962025790413,-0.256886999616483,-0.688961276808499,0.94584827642497
3.55972866213653,-0.224600319261021,-0.712205539480891,0.9368058587419
3.55983706636894,-0.192053140491893,-0.734623888334007,0.926677028825899
3.55994547060134,-0.159283222982565,-0.756190304044079,0.915473527026631
3.56005387483374,-0.126328562166865,-0.776879788720274,0.903208350887132
3.56016227906615,-0.0932273880261913,-0.796668330394088,0.88989571842027
3.56027068329855,-0.0600180797403452,-0.815532993234477,0.875551072974814
3.56037908753096,-0.0267391616763374,-0.83345188279644,0.860191044472708
3.56048749176336,0.00657078076621913,-0.850404231313439,0.843833450547206
3.56059589599576,0.0398731071979117,-0.86637036308073,0.82649725588279
3.56066350920667,0.0606240363345394,-0.875821433742582,0.815197397408034
3.56073112241758,0.0813474429554115,-0.884877270890684,0.803529827935285
3.56079873562849,0.102034069254155,-0.893533834535566,0.791499765281413
3.56086634883939,0.122674583697387,-0.901787212519941,0.779112628822529
3.56095850808711,0.15071680929342,-0.912380656110399,0.76166384681696
3.56105066733482,0.178632782349287,-0.92220935852544,0.743576576176109
3.56111086723276,0.196789044894515,-0.928212927282296,0.731423882387741
3.56117106713069,0.214874827526818,-0.933884465607739,0.719009638080923
3.56123126702862,0.232883718228043,-0.939221970088524,0.70633825186048
3.56129146692656,0.250809262430547,-0.944223519514267,0.693414257083708
3.56136396718886,0.2722775971146,-0.949798514235913,0.677520917121319
3.56143646745117,0.293604685144665,-0.954880784157491,0.661276099012801
3.56150896771347,0.314779475238383,-0.959467706405966,0.644688231167577
3.56158146797577,0.335790957959831,-0.963556887186232,0.627765929226398
3.56165396823808,0.356628251345109,-0.967146218986295,0.61051796764118
3.56172646850038,0.377280525952605,-0.970233826938569,0.592953300985946
3.56181463579227,0.402130599654268,-0.9733102422609,0.571179642606611
3.56190280308415,0.426672236307158,-0.975639968827166,0.548967732520002
3.56199097037604,0.450886584672467,-0.977221229469608,0.526334644797135
3.56207913766793,0.474755042793882,-0.978052798190204,0.503297755396289
3.56216730495981,0.498259301895989,-0.978134048202499,0.479874746306489
3.5622554722517,0.521381317472371,-0.97746490564495,0.456083588172569
3.56234363954358,0.544103358507339,-0.976045894776734,0.43194253626935
3.56243180683547,0.566407983663035,-0.973878093424698,0.407470109761661
3.56251997412736,0.588278089742486,-0.970963175071322,0.382685085328851
3.5626283783597,0.614547174245224,-0.96635854214689,0.351811367901655
3.56273678259204,0.640103723473045,-0.960633202232655,0.320529478759582
3.56284518682438,0.664918008384624,-0.95379380509377,0.288875796709131
3.56295359105672,0.688961239504283,-0.94584829361469,0.256887054110371
3.56306199528906,0.712205503517966,-0.93680587775773,0.224600374239764
3.5631703995214,0.73462385375746,-0.926677049650543,0.19205319589301
3.56327880375374,0.756190270897615,-0.915473549640726,0.159283278743089
3.56338720798608,0.776879757045766,-0.90320837526924,0.126328618223463
3.56349561221842,0.796668300231807,-0.889895744546814,0.0932274443150009
3.56360401645076,0.81553296462299,-0.875551100820257,0.06001813619723
3.5637124206831,0.833451855772456,-0.860191074009551,0.0267392182370265
3.56382082491544,0.850404205911981,-0.843833481745717,-0.00657072416630398
3.56392922914778,0.866370339334842,-0.826497288711572,-0.0398730506233072
3.56399684241532,0.875821418802488,-0.815197421609785,-0.0606239971926869
3.56406445568287,0.884877264102093,-0.803529842884297,-0.0813474212177935
3.56413206895042,0.893533835233598,-0.791499770365003,-0.102034064868628
3.56419968221797,0.901787220029862,-0.779112623441424,-0.122674596588439
3.56429184148058,0.912380664898115,-0.761663838245633,-0.150716826652531
3.56438400074319,0.922209368338093,-0.74357656421792,-0.1786328041202
3.56444420061345,0.928212933998019,-0.731423875749311,-0.196789058248724
3.5645044004837,0.933884469530171,-0.719009637006277,-0.214874832523912
3.56456460035395,0.939221971524272,-0.70633825658776,-0.232883714936497
3.5646248002242,0.944223518772435,-0.693414267844601,-0.25080925092785
3.56469730048866,0.949798513894052,-0.677520927580536,-0.272277586313562
3.56476980075311,0.954880784187632,-0.661276109145514,-0.293604675042126
3.56484230101757,0.959467706779831,-0.64468824094989,-0.314779465829965
3.56491480128202,0.963556887875189,-0.627765938634827,-0.3357909492404
3.56498730154648,0.967146219961426,-0.610517976653108,-0.356628243308353
3.56505980181093,0.970233828170681,-0.592953309579407,-0.377280518591297
3.56514796910736,0.973310243824941,-0.571179650182545,-0.402130593642364
3.56523613640379,0.975639970646609,-0.548967739029778,-0.426672231616845
3.56532430370021,0.977221231467617,-0.526334650194586,-0.450886581273054
3.56541247099664,0.97805280028962,-0.503297759638007,-0.474755040651616
3.56550063829307,0.978134050326066,-0.479874749351813,-0.498259300974281
3.5655888055895,0.977464907715401,-0.456083589983546,-0.521381317731863
3.56567697288592,0.97604589671676,-0.431942536810794,-0.544103359905974
3.56576514018235,0.973878095157456,-0.407470109001392,-0.566407986156071
3.56585330747878,0.970963176520075,-0.382685083237584,-0.588278093282516
3.56596171171112,0.966358543407909,-0.351811365738137,-0.614547177669795
3.56607011594347,0.960633203306923,-0.320529476529847,-0.640103726777073
3.56617852017581,0.953793805982439,-0.288875794419291,-0.664918011563163
3.56628692440815,0.945848294319158,-0.256887051766643,-0.688961242552493
3.5663953286405,0.936805878279483,-0.22460037184822,-0.712205506431282
3.56650373287284,0.926677049991457,-0.192053193460035,-0.734623856531405
3.56661213710518,0.915473549802802,-0.159283276274972,-0.756190273527824
3.56672054133753,0.903208375254574,-0.126328615726449,-0.776879759528165
3.56682894556987,0.889895744357899,-0.0932274417956198,-0.796668302562288
3.56693734980222,0.875551100459675,-0.0600181336618722,-0.815532966797777
3.56704575403456,0.860191073480113,-0.0267392156921315,-0.833451857787968
3.5671541582669,0.843833481050462,0.00657072671428802,-0.850404207764762
3.56726256249925,0.826497287853677,0.0398730531679297,-0.866370341021609
3.56733017576601,0.815197420785471,0.0606239994912701,-0.875821420276737
3.56739778903278,0.803529842103392,0.0813474232684988,-0.884877265371886
3.56746540229954,0.791499769637166,0.102034066670077,-0.893533836307257
3.56753301556631,0.779112622776205,0.122674598139602,-0.901787220915816
3.56762517485696,0.761663832068689,0.150716836698567,-0.912380668767253
3.56771733414761,0.743576552147679,0.178632822573464,-0.922209374721101
3.56777753399442,0.73142386815074,0.196789069566398,-0.92821293771715
3.56783773384123,0.719009634086725,0.214874836755554,-0.933884470842259
3.56789793368804,0.706338258549324,0.232883712139301,-0.939221970688624
3.56795813353485,0.693414274884103,0.250809241166565,-0.944223516050659
3.56803063379915,0.677520934766955,0.272277576547231,-0.949798511314214
3.56810313406344,0.661276116477783,0.293604665274941,-0.954880781752736
3.56817563432773,0.644688248426779,0.314779456066108,-0.959467704492903
3.56824813459203,0.6277659462551,0.335790939484015,-0.963556885739106
3.56832063485632,0.610517984415246,0.356628233563837,-0.967146217979089
3.56839313512062,0.59295331748205,0.377280508862857,-0.970233826344907
3.56848130244173,0.571179652046004,0.402130590910063,-0.973310242956049
3.56856946976285,0.548967734608647,0.426672235707872,-0.975639970316497
3.56865763708397,0.526334639258022,0.450886591998693,-0.977221231256701
3.56874580440509,0.503297741969842,0.474755057807647,-0.978052799777494
3.5688339717262,0.479874724751114,0.498259324341244,-0.97813404909234
3.56892213904732,0.45608355826455,0.521381347075492,-0.977464905340042
3.56901030636844,0.431942497803574,0.544103394977417,-0.976045892780994
3.56909847368955,0.407470062551865,0.566408026692395,-0.973878089244265
3.56918664101067,0.382685029208023,0.588278139006928,-0.970963168214926
3.56929504524308,0.351811310907276,0.614547222134158,-0.966358533041403
3.5694034494755,0.320529420963423,0.640103769925156,-0.960633190888556
3.56951185370792,0.288875738183755,0.664918053340378,-0.953793791524127
3.56962025794033,0.256886994929228,0.688961282905881,-0.9458482778351
3.56972866217275,0.224600314476944,0.712205545309411,-0.936805859786321
3.56983706640516,0.192053135623526,0.734623893884573,-0.926677029508074
3.56994547063758,0.159283218042524,0.756190309308058,-0.915473527350535
3.57005387486999,0.126328557167862,0.776879793689198,-0.903208350857049
3.57016227910241,0.093227382981,0.796668335059945,-0.889895718040931
3.57027068333482,0.0600180746618001,0.815532997589572,-0.875551072251371
3.57037908756724,0.0267391565773342,0.833451886833431,-0.860191043410742
3.57048749179966,-0.00657078587274698,0.850404235025355,-0.843833449152584
3.57059589603207,-0.0398731122990392,0.866370366460941,-0.826497254161906
3.57066350924142,-0.060624040945258,0.875821436698309,-0.815197395753059
3.57073112245077,-0.0813474470722328,0.884877273438105,-0.803529826365857
3.57079873566012,-0.102034072874201,0.893533836691056,-0.791499763816853
3.57086634886947,-0.122674586818433,0.901787214300361,-0.779112627481905
3.57095850817315,-0.150716829370524,0.912380663844405,-0.761663834473854
3.57105066747683,-0.178632819207489,0.922209371276326,-0.743576552068819
3.57111086732795,-0.196789067502659,0.928212934712997,-0.731423867210331
3.57117106717907,-0.214874835983957,0.933884468231258,-0.719009632247335
3.57123126703019,-0.232883712648331,0.939221968422691,-0.706338255774364
3.57129146688131,-0.250809242943434,0.94422351408152,-0.693414271138071
3.57136396714329,-0.272277577616477,0.949798509086013,-0.677520931469498
3.57143646740527,-0.293604665643811,0.954880779296519,-0.661276113652688
3.57150896766725,-0.314779455743139,0.959467701840009,-0.644688246096876
3.57158146792923,-0.335790938478656,0.963556882921133,-0.627765944442478
3.57165396819121,-0.35662823188654,0.967146215027818,-0.610517983141246
3.57172646845319,-0.377280506525252,0.970233823292368,-0.592953316767078
3.5718146357945,-0.402130594229358,0.973310240528748,-0.571179646299396
3.5719028031358,-0.426672244538844,0.975639968172164,-0.548967723633293
3.5719909704771,-0.450886606183059,0.97722122905196,-0.52633462286891
3.5720791378184,-0.474755077174649,0.978052797168514,-0.503297719993858
3.57216730515971,-0.49825934870763,0.978134045735182,-0.479874697027566
3.57225547250101,-0.521381376245968,0.977464900891423,-0.456083524645463
3.57234363984231,-0.544103428744896,0.976045886898752,-0.431942458153816
3.57243180718362,-0.566408064838191,0.973878081587637,-0.407470016749422
3.57251997452492,-0.588278181301216,0.970963158445453,-0.382684977144223
3.5726283787574,-0.614547263281003,0.966358521393575,-0.351811258112533
3.57273678298989,-0.64010380987329,0.960633177370979,-0.320529367497652
3.57284518722237,-0.664918092040044,0.953793776147495,-0.28887568410743
3.57295359145485,-0.688961320308679,0.945848260612408,-0.256886940303713
3.57306199568734,-0.71220558136849,0.936805840732639,-0.224600259364135
3.57317039991982,-0.734623928554627,0.926677008640669,-0.192053080086018
3.57327880415231,-0.756190342545329,0.915473504688688,-0.159283162143342
3.57338720838479,-0.776879825451539,0.903208326422238,-0.126328500970643
3.57349561261727,-0.796668365306931,0.889895691856576,-0.0932273265496156
3.57360401684976,-0.815533026282484,0.875551044343078,-0.0600180180605952
3.57371242108224,-0.833451913935318,0.860191013806125,-0.0267390998707759
3.57382082531473,-0.850404260501123,0.843833417881198,0.00657084261993071
3.57392922954721,-0.866370390277312,0.826497221255299,0.0398731690220288
3.57399684269978,-0.875821451686553,0.815197371494921,0.0606240801916127
3.57406445585234,-0.884877280254119,0.803529811383652,0.0813474688704886
3.57413206900491,-0.893533836001386,0.79149975872482,0.102034077276625
3.57419968215748,-0.901787206781479,0.779112632880775,0.122674573900739
3.57429184144625,-0.912380655047426,0.761663843065291,0.150716811982127
3.57438400073502,-0.922209361454292,0.743576564049528,0.17863279740477
3.57444420061388,-0.928212927993326,0.731423873861427,0.196789054131905
3.57450440049273,-0.933884464309764,0.719009633324248,0.214874830985502
3.57456460037158,-0.93922196699227,0.706338251038748,0.232883715953525
3.57462480025044,-0.944223514832397,0.693414260357793,0.250809254474626
3.57469730051022,-0.949798509432989,0.677520921000236,0.27227758843273
3.57476980077001,-0.954880779268183,0.661276103519658,0.293604675748526
3.57484230102979,-0.959467701465216,0.644688236324544,0.314779465140682
3.57491480128957,-0.963556882229111,0.627765935054662,0.335790947174485
3.57498730154936,-0.967146214048144,0.610517974160937,0.3566282398872
3.57505980180914,-0.970233822054787,0.592953308216515,0.377280513838291
3.57514796914589,-0.973310238960165,0.571179638771677,0.402130600188498
3.57523613648263,-0.975639966349338,0.548967717177276,0.42667224917206
3.57532430381937,-0.97722122705206,0.526334617530751,0.450886609521321
3.57541247115612,-0.978052795068926,0.503297715817036,0.474755079251893
3.57550063849286,-0.978134043613585,0.479874694052977,0.498259349560611
3.5755888058296,-0.977464898825389,0.456083522911129,0.521381375914229
3.57567697316635,-0.976045884965696,0.431942457694967,0.544103427270703
3.57576514050309,-0.97387807986494,0.407470017598375,0.566408062266599
3.57585330783983,-0.970963157010033,0.382684979330217,0.588278177679846
3.57596171207232,-0.966358520149215,0.351811260371884,0.614547259777328
3.5760701163048,-0.960633176316667,0.320529369824075,0.640103806492625
3.57617852053728,-0.953793775282116,0.288875686494781,0.664918088787305
3.57628692476976,-0.945848259934453,0.256886942745634,0.68896131718881
3.57639532900224,-0.936805840240556,0.224600261854377,0.712205578386199
3.57650373323472,-0.926677008332596,0.192053082618147,0.734623925714455
3.5766121374672,-0.915473504562604,0.159283164711057,0.756190339851541
3.57672054169968,-0.903208326475823,0.126328503567346,0.776879822908483
3.57682894593217,-0.889895692087434,0.0932273291688398,0.796668362918585
3.57693735016465,-0.875551044748489,0.0600180206957438,0.815533024052733
3.57704575439713,-0.860191014383172,0.0267391025153212,0.833451911867865
3.57715415862961,-0.843833418626783,-0.00657083997259616,0.850404258599414
3.57726256286209,-0.826497222166261,-0.0398731663783532,0.866370388544609
3.57733017601553,-0.815197372358303,-0.060624077822696,0.875821450180981
3.57739778916897,-0.803529812188401,-0.0813474667781789,0.884877278966563
3.57746540232242,-0.79149975946028,-0.102034075462196,0.893533834922446
3.57753301547586,-0.779112633536505,-0.122674572365113,0.9017872059016
3.57762517473661,-0.761663849228802,-0.150716801957143,0.912380651185924
3.57771733399736,-0.743576576102203,-0.178632778977881,0.922209355080071
3.57777753389961,-0.731423881451147,-0.196789042827047,0.928212924278196
3.57783773380187,-0.719009636244129,-0.214874826753184,0.933884462997315
3.57789793370412,-0.706338249087064,-0.232883718736561,0.939221967823632
3.57795813360637,-0.693414253338066,-0.250809264208472,0.944223517546538
3.57803063386634,-0.677520913828338,-0.272277598179356,0.949798512007663
3.57810313412631,-0.661276096196398,-0.293604685503651,0.954880781700046
3.57817563438628,-0.644688228850841,-0.314779474900047,0.959467703750878
3.57824813464625,-0.627765927431593,-0.335790956933787,0.963556884365399
3.57832063490622,-0.610517966389747,-0.356628249641969,0.967146216031714
3.57839313516619,-0.592953300298395,-0.377280523584132,0.970233823882539
3.57848130247827,-0.571179636885724,-0.4021306029455,0.973310239831266
3.57856946979035,-0.548967721568557,-0.426672245112923,0.975639966681458
3.57865763710243,-0.526334628429895,-0.450886598834452,0.97722122726433
3.57874580441451,-0.50329773344009,-0.474755062141201,0.978052795581296
3.5788339717266,-0.479874718600714,-0.49825932624532,0.978134044846006
3.57892213903868,-0.456083554569057,-0.52138134662836,0.9774649011974
3.57901030635076,-0.431942496632917,-0.54410339226274,0.976045888895628
3.57909847366284,-0.407470063970136,-0.566408021799253,0.973878085769384
3.57918664097492,-0.382685033273641,-0.588278132029479,0.970963165303088
3.57929504520732,-0.351811315116379,-0.614547215384222,0.966358530500576
3.57940344943973,-0.320529425304167,-0.640103763412819,0.960633188716973
3.57951185367214,-0.288875742644108,-0.664918047075479,0.953793789719585
3.57962025790454,-0.256886999497081,-0.688961276897882,0.945848276394955
3.57972866213695,-0.224600319140023,-0.712205539567529,0.936805858707552
3.57983706636935,-0.192053140369491,-0.734623888417733,0.926677028787194
3.57994547060176,-0.159283222858815,-0.75619030412483,0.915473526983641
3.58005387483417,-0.126328562041982,-0.776879788797888,0.903208350839823
3.58016227906657,-0.0932273879002472,-0.796668330468427,0.889895718368646
3.58027068329898,-0.0600180796135516,-0.815532993305421,0.875551072918973
3.58037908753138,-0.0267391615487887,-0.833451882863913,0.860191044412704
3.58048749176379,0.00657078089431022,-0.850404231377294,0.843833450482982
3.58059589599619,0.0398731073263739,-0.866370363140921,0.826497255814525
3.58066350920698,0.0606240364257348,-0.8758214337837,0.815197397357956
3.58073112241777,0.0813474430093141,-0.884877270914117,0.803529827904782
3.58079873562855,0.102034069270931,-0.893533834542755,0.791499765271776
3.58086634883934,0.122674583677216,-0.90178721251231,0.779112628835059
3.58095850808711,0.150716809290844,-0.912380656109605,0.761663846818779
3.58105066733488,0.178632782364111,-0.922209358530517,0.743576576166393
3.58111086723281,0.196789044906099,-0.928212927286048,0.73142388237992
3.58117106713073,0.214874827535208,-0.933884465610233,0.719009638075002
3.58123126702865,0.232883718233128,-0.939221970089883,0.706338251856727
3.58129146692658,0.250809262432458,-0.944223519514613,0.693414257082092
3.58136396718887,0.272277597113843,-0.949798514235476,0.677520917121617
3.58143646745117,0.293604685141287,-0.954880784156375,0.661276099015096
3.58150896771346,0.314779475232335,-0.959467706404323,0.64468823117197
3.58158146797576,0.335790957951217,-0.963556887184134,0.627765929232923
3.58165396823805,0.35662825133401,-0.967146218983901,0.610517967649887
3.58172646850035,0.377280525939061,-0.970233826936027,0.592953300996955
3.58181463579225,0.402130599646143,-0.973310242259242,0.57117964261306
3.58190280308416,0.426672236304401,-0.975639968826052,0.548967732521636
3.58199097037606,0.450886584674996,-0.977221229468755,0.526334644793758
3.58207913766797,0.474755042801447,-0.978052798189252,0.503297755387775
3.58216730495987,0.498259301908413,-0.978134048201167,0.479874746292717
3.58225547225178,0.521381317489527,-0.977464905642852,0.456083588153304
3.58234363954368,0.544103358529007,-0.976045894773564,0.431942536244525
3.58243180683559,0.566407983689037,-0.973878093420184,0.407470109731105
3.58251997412749,0.588278089772532,-0.970963175065141,0.382685085292573
3.58262837835983,0.614547174273719,-0.96635854213934,0.351811367865612
3.58273678259217,0.640103723500017,-0.960633202223908,0.320529478723885
3.58284518682451,0.664918008410009,-0.953793805083907,0.288875796673851
3.58295359105684,0.688961239528181,-0.945848293603676,0.256887054075468
3.58306199528918,0.712205503540349,-0.936805877745687,0.224600374205276
3.58317039952152,0.734623853778418,-0.92667704963748,0.192053195859051
3.58327880375386,0.756190270917037,-0.915473549626837,0.159283278709759
3.58338720798619,0.776879757063717,-0.903208375254468,0.126328618190721
3.58349561221853,0.79666830024833,-0.889895744531311,0.0932274442829597
3.58360401645087,0.815532964638042,-0.875551100803998,0.0600181361659381
3.5837124206832,0.833451855786144,-0.860191073992667,0.0267392182064765
3.58382082491554,0.850404205924326,-0.843833481728284,-0.00657072419602461
3.58392922914788,0.866370339345812,-0.826497288693657,-0.0398730506521575
3.5839968424154,0.875821418809285,-0.815197421595775,-0.0606239972135182
3.58406445568292,0.884877264105009,-0.803529842874489,-0.081347421230528
3.58413206895044,0.893533835232969,-0.791499770359635,-0.102034064873364
3.58419968221796,0.901787220025967,-0.7791126234408,-0.122674596585197
3.58429184148064,0.912380664900627,-0.76166383823399,-0.15071682666666
3.58438400074331,0.922209368345968,-0.743576564194403,-0.178632804151602
3.58444420061352,0.928212934001107,-0.731423875734121,-0.196789058267008
3.58450440048372,0.933884469528968,-0.719009636999847,-0.214874832529149
3.58456460035393,0.939221971519205,-0.706338256590339,-0.232883714928867
3.58462480022414,0.944223518764023,-0.693414267856598,-0.2508092509074
3.5846973004886,0.949798513886693,-0.677520927590824,-0.272277586295864
3.58476980075307,0.9548807841812,-0.661276109154164,-0.293604675027045
3.58484230101753,0.959467706774223,-0.644688240956669,-0.314779465817578
3.584914801282,0.963556887870279,-0.627765938639638,-0.335790949230613
3.58498730154646,0.967146219957105,-0.610517976655882,-0.356628243301205
3.58505980181092,0.970233828166787,-0.592953309580194,-0.377280518586625
3.58514796910735,0.973310243821005,-0.571179650184396,-0.402130593636595
3.58523613640377,0.975639970642692,-0.548967739032666,-0.426672231610004
3.58532430370019,0.97722123146381,-0.526334650198773,-0.450886581265064
3.58541247099662,0.97805280028595,-0.503297759643341,-0.474755040642607
3.58550063829304,0.978134050322647,-0.479874749358474,-0.498259300964193
3.58558880558946,0.977464907712257,-0.456083589991498,-0.521381317720794
3.58567697288589,0.976045896714026,-0.43194253682005,-0.544103359893964
3.58576514018231,0.973878095155131,-0.407470109011991,-0.566407986143157
3.58585330747873,0.970963176518315,-0.382685083249641,-0.588278093268697
3.58596171171107,0.966358543406822,-0.351811365751417,-0.614547177655404
3.58607011594341,0.9606332033066,-0.320529476544485,-0.640103726762114
3.58617852017575,0.953793805982943,-0.288875794435303,-0.664918011547662
3.58628692440809,0.945848294320553,-0.256887051783988,-0.688961242536593
3.58639532864043,0.936805878281907,-0.224600371866936,-0.712205506414994
3.58650373287277,0.926677049994869,-0.192053193480068,-0.734623856514796
3.58661213710511,0.915473549807344,-0.159283276296357,-0.756190273510999
3.58672054133745,0.903208375260377,-0.126328615749229,-0.77687975951117
3.58682894556979,0.889895744364938,-0.0932274418196815,-0.796668302545281
3.58693734980213,0.875551100468046,-0.0600181336872486,-0.815532966780807
3.58704575403447,0.860191073489861,-0.0267392157187369,-0.833451857771119
3.58715415826681,0.843833481061687,0.00657072668641208,-0.850404207748117
3.58726256249915,0.826497287866369,0.0398730531388881,-0.866370341005243
3.58733017576595,0.815197420792464,0.0606239994735452,-0.875821420266007
3.58739778903275,0.803529842104256,0.0813474232620707,-0.884877265366344
3.58746540229955,0.791499769631532,0.102034066674906,-0.893533836306454
3.58753301556635,0.779112622763678,0.122674598155565,-0.901787220919263
3.58762517485698,0.761663832062451,0.150716836704088,-0.912380668766542
3.5877173341476,0.74357655214804,0.178632822568733,-0.922209374716784
3.58777753399441,0.731423868150632,0.196789069562531,-0.928212937713169
3.58783773384122,0.719009634086118,0.21487483675258,-0.933884470838698
3.58789793368803,0.706338258548081,0.232883712137302,-0.939221970685361
3.58795813353484,0.693414274882223,0.250809241165471,-0.944223516047699
3.58803063379913,0.677520934766601,0.272277576544204,-0.949798511310807
3.58810313406342,0.661276116478998,0.293604665269993,-0.954880781748997
3.58817563432771,0.644688248429586,0.314779456059293,-0.959467704488892
3.588248134592,0.627765946259616,0.335790939475357,-0.963556885734931
3.58832063485628,0.610517984421545,0.356628233553292,-0.967146217974814
3.58839313512057,0.59295331749017,0.377280508850522,-0.970233826340639
3.58848130244167,0.571179652057712,0.402130590894058,-0.973310242951784
3.58856946976278,0.548967734624158,0.426672235688289,-0.97563997031245
3.58865763708388,0.526334639277452,0.450886591975639,-0.977221231253076
3.58874580440498,0.503297741993302,0.474755057781262,-0.978052799774582
3.58883397172609,0.479874724778673,0.498259324311667,-0.978134049090336
3.58892213904719,0.456083558296299,0.521381347042849,-0.977464905339143
3.58901030636829,0.431942497839634,0.544103394941898,-0.976045892781516
3.5890984736894,0.407470062592278,0.566408026654109,-0.973878089246379
3.5891866410105,0.382685029252859,0.588278138966065,-0.970963168218907
3.58929504524291,0.351811310952903,0.61454722209428,-0.966358533047189
3.58940344947533,0.320529421009806,0.64010376988631,-0.960633190896089
3.58951185370774,0.288875738230902,0.664918053302584,-0.95379379153346
3.58962025794016,0.256886994976964,0.688961282869244,-0.945848277846199
3.58972866217257,0.224600314525311,0.712205545273915,-0.936805859799228
3.58983706640499,0.192053135672378,0.734623893850353,-0.92667702952275
3.5899454706374,0.159283218091856,0.756190309275115,-0.915473527366947
3.59005387486982,0.126328557217639,0.776879793657601,-0.903208350875241
3.59016227910223,0.0932273830310932,0.796668335029732,-0.889895718060807
3.59027068333465,0.0600180747121985,0.815532997560798,-0.875551072272985
3.59037908756706,0.0267391566279184,0.833451886806125,-0.860191043434029
3.59048749179948,-0.0065707858219872,0.850404234999549,-0.843833449177521
3.59059589603189,-0.0398731122480415,0.866370366436671,-0.826497254188596
3.5906635092413,-0.0606240409133745,0.875821436683556,-0.815197395770156
3.59073112245072,-0.0813474470593348,0.884877273432102,-0.803529826372763
3.59079873566013,-0.102034072880195,0.893533836693111,-0.791499763812897
3.59086634886954,-0.12267458684323,0.901787214309664,-0.77911262746645
3.5909585081732,-0.150716829389492,0.912380663851075,-0.761663834461542
3.59105066747687,-0.178632819220772,0.922209371280642,-0.74357655205986
3.59111086732797,-0.196789067511298,0.928212934715663,-0.73142386720434
3.59117106717908,-0.214874835988089,0.933884468232442,-0.719009632244352
3.59123126703018,-0.23288371264796,0.939221968422599,-0.706338255774628
3.59129146688129,-0.25080924293858,0.944223514080261,-0.693414271141674
3.59136396714323,-0.272277577601211,0.949798509082321,-0.677520931481084
3.59143646740518,-0.293604665618367,0.95488077929091,-0.661276113672543
3.59150896766712,-0.314779455707623,0.959467701832965,-0.644688246125316
3.59158146792906,-0.335790938433301,0.963556882913142,-0.627765944479835
3.59165396819101,-0.356628231831568,0.967146215019343,-0.610517983187765
3.59172646845295,-0.377280506460871,0.970233823283923,-0.592953316823013
3.59181463579418,-0.402130594143469,0.97331024051991,-0.571179646376403
3.5919028031354,-0.426672244432055,0.975639968164249,-0.548967723732164
3.59199097047662,-0.450886606056013,0.977221229046355,-0.526334622990309
3.59207913781785,-0.474755077028074,0.978052797166518,-0.503297720138451
3.59216730515907,-0.498259348542278,0.978134045738237,-0.479874697195959
3.59225547250029,-0.521381376062716,0.977464900900861,-0.456083524838151
3.59234363984151,-0.544103428544539,0.976045886915853,-0.431942458371331
3.59243180718274,-0.566408064621674,0.973878081613859,-0.407470016992146
3.59251997452396,-0.588278181069502,0.970963158482125,-0.382684977412595
3.59262837875644,-0.614547263055293,0.966358521440186,-0.351811258384858
3.59273678298893,-0.640103809653994,0.960633177427465,-0.320529367773511
3.59284518722141,-0.664918091827292,0.953793776213886,-0.288875684386569
3.59295359145389,-0.688961320102813,0.945848260688569,-0.25688694058573
3.59306199568638,-0.71220558116974,0.936805840818538,-0.224600259648759
3.59317039991886,-0.734623928363262,0.926677008736106,-0.192053080372877
3.59327880415135,-0.756190342361491,0.915473504793648,-0.159283162432147
3.59338720838383,-0.776879825275569,0.903208326536581,-0.126328501260986
3.59349561261631,-0.796668365138913,0.889895691980278,-0.0932273268413303
3.5936040168488,-0.815533026122652,0.875551044475927,-0.0600180183532113
3.59371242108128,-0.833451913783906,0.860191013947954,-0.0267391001639962
3.59382082531376,-0.850404260358315,0.843833418031825,0.00657084232650834
3.59392922954625,-0.866370390143279,0.826497221414617,0.0398731687287085
3.5939968426991,-0.875821451597898,0.815197371610261,0.0606240799876725
3.59406445585196,-0.884877280207492,0.803529811451618,0.0813474687558859
3.59413206900482,-0.893533835993416,0.791499758742379,0.10203407725103
3.59419968215767,-0.901787206808578,0.779112632844866,0.122674573963742
3.59429184144642,-0.91238065506966,0.76166384303361,0.150716812036039
3.59438400073516,-0.922209361472091,0.743576564022553,0.178632797449553
3.59444420061396,-0.928212928004283,0.731423873846683,0.196789054157649
3.59450440049275,-0.933884464314539,0.719009633322184,0.214874830992383
3.59456460037154,-0.93922196699159,0.706338251049965,0.232883715941639
3.59462480025033,-0.944223514826938,0.693414260382756,0.250809254444219
3.59469730051012,-0.949798509429024,0.677520921023498,0.272277588405521
3.59476980076992,-0.954880779265537,0.661276103541186,0.293604675724392
3.59484230102971,-0.959467701463768,0.64468823634417,0.31477946511965
3.59491480128951,-0.963556882228835,0.627765935072243,0.335790947156602
3.5949873015493,-0.967146214048776,0.6105179741764,0.356628239872408
3.59505980180909,-0.970233822056241,0.592953308229716,0.37728051382651
3.59514796914579,-0.97331023896052,0.571179638797484,0.40213060016302
3.59523613648248,-0.97563996634942,0.548967717216154,0.426672249133284
3.59532430381917,-0.977221227052756,0.526334617583161,0.450886609469599
3.59541247115587,-0.978052795071079,0.503297715883445,0.474755079187637
3.59550063849256,-0.978134043617979,0.479874694133755,0.49825934948425
3.59558880582926,-0.977464898832879,0.456083523006582,0.521381375826339
3.59567697316595,-0.976045884977186,0.431942457805454,0.544103427171752
3.59576514050264,-0.973878079881248,0.407470017724122,0.566408062157128
3.59585330783934,-0.970963157032029,0.382684979471638,0.588278177560374
3.59596171207182,-0.966358520176461,0.351811260516166,0.614547259660313
3.59607011630429,-0.960633176349277,0.320529369971108,0.640103806378178
3.59617852053677,-0.953793775320078,0.288875686644396,0.664918088675683
3.59628692476925,-0.945848259977864,0.256886942897738,0.688961317080117
3.59639532900173,-0.936805840289351,0.22460026200874,0.712205578280599
3.59650373323421,-0.926677008386815,0.192053082774662,0.734623925612141
3.59661213746668,-0.91547350462221,0.159283164869419,0.756190339752789
3.59672054169916,-0.903208326540849,0.126328503727493,0.776879822813368
3.59682894593164,-0.889895692157876,0.0932273293305683,0.796668362827312
3.59693735016412,-0.875551044824361,0.0600180208589273,0.815533023965406
3.5970457543966,-0.860191014464425,0.0267391026797382,0.833451911784667
3.59715415862907,-0.843833418713356,-0.00657083980719753,0.850404258520524
3.59726256286155,-0.826497222258082,-0.0398731662121453,0.866370388470231
3.59733017601516,-0.815197372425047,-0.060624077707222,0.875821450132292
3.59739778916877,-0.803529812228293,-0.0813474667133665,0.884877278941646
3.59746540232237,-0.791499759471585,-0.102034075447862,0.893533834919426
3.59753301547598,-0.779112633517283,-0.122674572401133,0.901787205918417
3.59762517473679,-0.761663849197553,-0.150716802010633,0.912380651208192
3.5977173339976,-0.743576576058154,-0.178632779048694,0.922209355106819
3.59777753389977,-0.731423881422531,-0.196789042873254,0.928212924295806
3.59783773380194,-0.71900963623174,-0.214874826774905,0.933884463006631
3.59789793370411,-0.706338249091526,-0.232883718734117,0.93922196782562
3.59795813360628,-0.693414253359991,-0.250809264182049,0.944223517542054
3.59803063386628,-0.677520913844209,-0.272277598161739,0.949798512005932
3.59810313412628,-0.661276096205945,-0.293604685494666,0.954880781700611
3.59817563438628,-0.6446882288538,-0.314779474899586,0.959467703753389
3.59824813464628,-0.627765927427634,-0.33579095694176,0.963556884369392
3.59832063490628,-0.610517966378574,-0.356628249658294,0.967146216036863
3.59839313516628,-0.592953300279841,-0.377280523608555,0.970233823888412
3.59848130247836,-0.571179636866387,-0.402130602970022,0.973310239836393
3.59856946979044,-0.548967721548559,-0.426672245137321,0.975639966685839
3.59865763710253,-0.526334628409199,-0.450886598858811,0.97722122726799
3.59874580441461,-0.503297733418654,-0.474755062165508,0.978052795584141
3.59883397172669,-0.47987471857864,-0.498259326269468,0.978134044848082
3.59892213903877,-0.456083554546297,-0.521381346652349,0.977464901198651
3.59901030635085,-0.431942496609537,-0.544103392286562,0.976045888896079
3.59909847366294,-0.407470063946153,-0.566408021822834,0.97387808576897
3.59918664097502,-0.382685033248981,-0.588278132052854,0.970963165301802
3.59929504520743,-0.351811315090384,-0.614547215407763,0.966358530498132
3.59940344943984,-0.320529425276813,-0.640103763436519,0.960633188713302
3.59951185367225,-0.288875742615337,-0.664918047099187,0.953793789714539
3.59962025790465,-0.256886999466956,-0.688961276921587,0.94584827638854
3.59972866213706,-0.224600319108507,-0.712205539591141,0.936805858699631
3.59983706636947,-0.192053140336631,-0.734623888441179,0.926677028777781
3.59994547060188,-0.159283222824754,-0.756190304147952,0.9154735269727
3.60005387483429,-0.126328562006582,-0.776879788820674,0.903208350827249
3.6001622790667,-0.0932273878636714,-0.7966683304908,0.889895718354461
3.60027068329911,-0.0600180795756902,-0.815532993327306,0.875551072902986
3.60037908753152,-0.0267391615098194,-0.833451882885136,0.860191044394958
3.60048749176393,0.0065707809344768,-0.85040423139788,0.843833450463396
3.60059589599634,0.0398731073675464,-0.866370363160659,0.826497255793095
3.60066350920708,0.0606240364518011,-0.875821433795864,0.815197397344057
3.60073112241781,0.0813474430203913,-0.884877270919346,0.803529827898949
3.60079873562855,0.102034069267088,-0.893533834541591,0.791499765274478
3.60086634883929,0.122674583658445,-0.901787212505333,0.779112628846839
3.60095850808703,0.15071680926399,-0.912380656100081,0.761663846836109
3.60105066733478,0.178632782329375,-0.92220935851889,0.74357657618953
3.60111086723275,0.196789044885333,-0.92821292727946,0.731423882394104
3.60117106713072,0.214874827528354,-0.933884465608198,0.719009638079841
3.60123126702869,0.232883718240094,-0.939221970091904,0.706338251851779
3.60129146692666,0.250809262453108,-0.944223519520142,0.693414257066985
3.60136396718894,0.27227759713162,-0.949798514239754,0.677520917108104
3.60143646745123,0.293604685156204,-0.954880784159529,0.661276099003339
3.60150896771352,0.314779475244419,-0.959467706406523,0.644688231162085
3.6015814679758,0.335790957960482,-0.963556887185486,0.627765929225011
3.60165396823809,0.356628251340493,-0.967146218984556,0.610517967644036
3.60172646850037,0.377280525942806,-0.97023382693607,0.592953300993221
3.60181463579231,0.402130599657626,-0.973310242259886,0.571179642602276
3.60190280308424,0.426672236323456,-0.975639968826889,0.548967732503418
3.60199097037617,0.450886584701306,-0.977221229469308,0.526334644767975
3.60207913766811,0.474755042834841,-0.978052798188981,0.503297755354105
3.60216730496004,0.498259301948652,-0.978134048199641,0.479874746250943
3.60225547225197,0.521381317536239,-0.977464905639593,0.456083588103328
3.6023436395439,0.544103358581983,-0.976045894768087,0.431942536186065
3.60243180683584,0.566407983747996,-0.973878093412007,0.407470109663998
3.60251997412777,0.588278089837105,-0.970963175053813,0.382685085216655
3.60262837836011,0.614547174336636,-0.966358542125196,0.351811367788509
3.60273678259245,0.640103723561185,-0.960633202206815,0.320529478645603
3.60284518682478,0.664918008469387,-0.953793805063865,0.288875796594461
3.60295359105712,0.688961239585579,-0.945848293580867,0.256887053995283
3.60306199528946,0.712205503595742,-0.936805877720011,0.22460037412424
3.6031703995218,0.734623853831745,-0.926677049608981,0.192053195777224
3.60327880375414,0.756190270968202,-0.915473549595548,0.159283278627295
3.60338720798647,0.776879757112709,-0.903208375220424,0.126328618107685
3.60349561221881,0.796668300295012,-0.889895744494454,0.0932274441994085
3.60360401645115,0.815532964682434,-0.875551100764511,0.0600181360820621
3.60371242068349,0.83345185582811,-0.860191073950411,0.0267392181223058
3.60382082491582,0.850404205963764,-0.843833481683442,-0.00657072428032023
3.60392922914816,0.866370339382747,-0.826497288646251,-0.0398730507365263
3.60399684241561,0.87582141883442,-0.81519742155937,-0.060623997275056
3.60406445568306,0.884877264119207,-0.803529842849941,-0.0813474212692845
3.6041320689505,0.893533835237095,-0.791499770347757,-0.102034064889326
3.60419968221795,0.901787220020876,-0.779112623442392,-0.122674596578519
3.60429184148064,0.912380664897458,-0.761663838232592,-0.150716826664881
3.60438400074332,0.922209368344425,-0.743576564189863,-0.17863280415457
3.60444420061353,0.928212933999248,-0.731423875729886,-0.196789058269423
3.60450440048374,0.933884469526888,-0.719009636995891,-0.214874832531031
3.60456460035394,0.939221971516848,-0.706338256586712,-0.232883714930145
3.60462480022415,0.944223518761447,-0.693414267853295,-0.250809250908159
3.60469730048861,0.949798513884086,-0.677520927587428,-0.27227758629665
3.60476980075308,0.954880784178505,-0.661276109150684,-0.293604675027848
3.60484230101754,0.959467706771473,-0.644688240953102,-0.314779465818375
3.60491480128201,0.963556887867473,-0.627765938636043,-0.335790949231423
3.60498730154647,0.967146219954169,-0.610517976652189,-0.356628243301996
3.60505980181093,0.97023382816385,-0.592953309576459,-0.377280518587407
3.60514796910738,0.973310243818633,-0.571179650174652,-0.40213059364403
3.60523613640383,0.975639970640592,-0.548967739016702,-0.426672231623896
3.60532430370028,0.97722123146155,-0.526334650176254,-0.450886581285293
3.60541247099672,0.978052800283085,-0.503297759614214,-0.474755040668896
3.60550063829317,0.978134050318781,-0.479874749322423,-0.498259300996394
3.60558880558962,0.977464907707006,-0.456083589948383,-0.521381317758621
3.60567697288606,0.97604589670698,-0.431942536769773,-0.544103359937215
3.60576514018251,0.97387809514587,-0.407470108954357,-0.566407986191524
3.60585330747896,0.970963176506454,-0.382685083184558,-0.588278093321906
3.6059617117113,0.966358543392671,-0.351811365685823,-0.614547177706866
3.60607011594364,0.960633203290153,-0.320529476478357,-0.640103726811822
3.60617852017598,0.953793805964274,-0.288875794368713,-0.664918011595599
3.60628692440831,0.945848294299671,-0.25688705171699,-0.68896124258268
3.60639532864065,0.936805878258834,-0.224600371799628,-0.712205506459245
3.60650373287299,0.92667704996969,-0.192053193412519,-0.734623856557171
3.60661213710533,0.915473549780055,-0.159283276228643,-0.75619027355139
3.60672054133767,0.903208375231065,-0.126328615681509,-0.77687975954957
3.60682894557001,0.889895744333647,-0.0932274417519918,-0.796668302581696
3.60693734980235,0.875551100434812,-0.0600181336196568,-0.815532966815175
3.60704575403469,0.860191073454735,-0.0267392156512954,-0.83345185780345
3.60715415826702,0.843833481024694,0.00657072675363076,-0.850404207778307
3.60726256249936,0.826497287827648,0.0398730532057195,-0.866370341033359
3.6073301757661,0.815197420763647,0.0606239995202901,-0.875821420283921
3.60739778903284,0.80352984208603,0.0813474232887886,-0.884877265374817
3.60746540229957,0.791499769624633,0.102034066681653,-0.893533836306306
3.60753301556631,0.779112622768808,0.122674598142424,-0.901787220911211
3.60762517485691,0.761663832072126,0.150716836684309,-0.912380668756439
3.60771733414751,0.743576552162584,0.178632822542449,-0.922209374705052
3.60777753399436,0.731423868157728,0.196789069547914,-0.928212937705653
3.60783773384121,0.719009634085413,0.214874836749553,-0.933884470834964
3.60789793368806,0.70633825853932,0.232883712145682,-0.939221970685011
3.60795813353491,0.693414274865043,0.250809241185282,-0.944223516050317
3.60803063379922,0.677520934742708,0.272277576572407,-0.949798511315093
3.60810313406354,0.661276116448178,0.293604665306402,-0.954880781754553
3.60817563432786,0.644688248391544,0.314779456103806,-0.959467704495367
3.60824813459217,0.627765946214082,0.335790939527848,-0.963556885741905
3.60832063485649,0.61051798436829,0.356628233613612,-0.967146217981919
3.60839313512081,0.592953317428936,0.377280508918483,-0.970233826347427
3.60848130244195,0.571179651986526,0.402130590971105,-0.97331024295761
3.60856946976308,0.548967734542659,0.426672235774127,-0.975639970316745
3.60865763708422,0.526334639185419,0.450886592069899,-0.977221231255279
3.60874580440536,0.50329774189035,0.474755057883678,-0.97805279977404
3.6088339717265,0.479874724664587,0.498259324421834,-0.978134049086437
3.60892213904764,0.45608355817093,0.521381347160414,-0.977464905331329
3.60901030636878,0.431942497702747,0.544103395066409,-0.976045892769158
3.60909847368992,0.407470062443741,0.566408026785167,-0.973878089228865
3.60918664101105,0.382685029092419,0.588278139103239,-0.970963168195667
3.60929504524347,0.351811310789234,0.614547222228748,-0.96635853301799
3.60940344947589,0.320529420843083,0.64010377001793,-0.960633190860994
3.60951185370831,0.288875738061244,0.664918053431114,-0.953793791492327
3.60962025794073,0.256886994804561,0.688961282994482,-0.945848277799014
3.60972866217315,0.22460031435033,0.712205545395704,-0.936805859745984
3.60983706640557,0.192053135495099,0.734623893968381,-0.926677029463487
3.60994547063798,0.159283217912331,0.756190309389273,-0.915473527301554
3.6100538748704,0.126328557036094,0.776879793767704,-0.903208350803813
3.61016227910282,0.0932273828478117,0.796668335135546,-0.889895717983331
3.61027068333524,0.0600180745272708,0.815532997662155,-0.875551072189394
3.61037908756766,0.0267391564416647,0.833451886902827,-0.860191043344485
3.61048749180008,-0.00657078600939276,0.850404235091461,-0.84383344908205
3.6105958960325,-0.0398731124365046,0.866370366523586,-0.826497254087063
3.61066350924171,-0.060624041040484,0.875821436739729,-0.81519739569924
3.61073112245092,-0.0813474471252423,0.884877273459816,-0.803529826334562
3.61079873566013,-0.102034072885105,0.893533836694728,-0.79149976380958
3.61086634886934,-0.122674586787491,0.901787214287542,-0.779112627500092
3.61095850817297,-0.150716829323384,0.912380663826661,-0.761663834503292
3.6110506674766,-0.178632819144475,0.922209371254594,-0.743576552110084
3.6111108673278,-0.196789067463897,0.928212934700255,-0.731423867236356
3.611171067179,-0.214874835969367,0.933884468226671,-0.719009632257328
3.6112312670302,-0.23288371265775,0.939221968425413,-0.706338255767624
3.6112914668814,-0.250809242976565,0.944223514090594,-0.693414271114007
3.61136396714334,-0.272277577637674,0.949798509091519,-0.677520931453827
3.61143646740528,-0.293604665653217,0.954880779299098,-0.661276113645851
3.61150896766722,-0.31477945574085,0.959467701840097,-0.644688246099229
3.61158146792916,-0.335790938464906,0.963556882919311,-0.627765944454418
3.6116539681911,-0.356628231861551,0.967146215024658,-0.610517983163125
3.61172646845304,-0.377280506489226,0.970233823288387,-0.59295331679917
3.61181463579424,-0.402130594165065,0.97331024052295,-0.571179646357867
3.61190280313544,-0.42667224444692,0.975639968166225,-0.54896772371927
3.61199097047664,-0.450886606064446,0.977221229047673,-0.526334622983191
3.61207913781784,-0.474755077030231,0.978052797167571,-0.503297720137336
3.61216730515904,-0.49825934853831,0.978134045739418,-0.479874697201049
3.61225547250024,-0.521381376052861,0.977464900902537,-0.45608352484965
3.61234363984144,-0.544103428528996,0.976045886918428,-0.431942458389443
3.61243180718264,-0.566408064600705,0.973878081617755,-0.407470017017029
3.61251997452384,-0.588278181043365,0.970963158487622,-0.382684977444247
3.61262837875633,-0.614547263030697,0.966358521446812,-0.351811258416104
3.61273678298881,-0.640103809630854,0.960633177435157,-0.320529367804286
3.6128451872213,-0.664918091805632,0.953793776222547,-0.288875684416863
3.61295359145379,-0.688961320082623,0.945848260698118,-0.256886940615458
3.61306199568627,-0.712205581151059,0.936805840828846,-0.224600259677792
3.61317039991876,-0.734623928345968,0.926677008747189,-0.192053080401215
3.61327880415125,-0.75619034234563,0.915473504805424,-0.159283162459766
3.61338720838373,-0.776879825261068,0.903208326548958,-0.12632850128786
3.61349561261622,-0.796668365125819,0.889895691993123,-0.0932273268673263
3.61360401684871,-0.815533026110917,0.875551044489171,-0.0600180183782526
3.61371242108119,-0.833451913773473,0.860191013961612,-0.0267391001881068
3.61382082531368,-0.850404260349117,0.843833418045827,0.00657084230331272
3.61392922954617,-0.866370390135287,0.826497221428879,0.0398731687064408
3.61399684269905,-0.875821451593474,0.815197371621028,0.060624079972489
3.61406445585193,-0.88487728020643,0.803529811458666,0.0813474687477786
3.61413206900481,-0.893533835995421,0.791499758745443,0.102034077249983
3.61419968215769,-0.901787206813406,0.779112632843726,0.122674573969738
3.61429184144641,-0.912380655072292,0.761663843035994,0.150716812036328
3.61438400073514,-0.922209361472882,0.743576564028712,0.178632797444188
3.61444420061394,-0.92821292800628,0.731423873850665,0.196789054155644
3.61450440049274,-0.933884464317664,0.719009633323961,0.214874830993685
3.61456460037155,-0.939221966995644,0.706338251049367,0.232883715946294
3.61462480025035,-0.944223514831888,0.693414260379736,0.250809254452137
3.61469730051014,-0.949798509433803,0.677520921020271,0.272277588413573
3.61476980076994,-0.954880779270293,0.661276103537708,0.293604675732598
3.61484230102973,-0.959467701468421,0.644688236340496,0.314779465127996
3.61491480128953,-0.963556882233357,0.627765935068322,0.335790947165024
3.61498730154932,-0.967146214053175,0.610517974172336,0.356628239880851
3.61505980180912,-0.970233822060514,0.592953308225453,0.377280513835038
3.61514796914582,-0.973310238964994,0.571179638789913,0.402130600175047
3.61523613648253,-0.975639966353899,0.548967717205338,0.426672249148562
3.61532430381923,-0.977221227056969,0.526334617568871,0.450886609488124
3.61541247115594,-0.978052795074879,0.503297715865614,0.474755079209268
3.61550063849265,-0.97813404362113,0.479874694112298,0.498259349508857
3.61558880582935,-0.977464898835187,0.456083522981401,0.5213813758538
3.61567697316606,-0.976045884978454,0.431942457776433,0.544103427202003
3.61576514050276,-0.973878079881227,0.407470017691291,0.566408062189948
3.61585330783947,-0.970963157030474,0.38268497943484,0.58827817759566
3.61596171207195,-0.966358520173593,0.351811260479194,0.614547259694415
3.61607011630442,-0.960633176345137,0.320529369934096,0.640103806411052
3.6161785205369,-0.953793775314671,0.288875686607354,0.664918088707331
3.61628692476938,-0.945848259971221,0.256886942860648,0.688961317110542
3.61639532900185,-0.936805840281575,0.224600261971791,0.71220557830977
3.61650373323433,-0.926677008377864,0.192053082737797,0.734623925640095
3.61661213746681,-0.915473504612193,0.159283164832709,0.756190339779451
3.61672054169929,-0.903208326529777,0.126328503691033,0.776879822838773
3.61682894593176,-0.889895692145789,0.0932273292943775,0.796668362851409
3.61693735016424,-0.875551044811231,0.0600180208229807,0.815533023988297
3.61704575439672,-0.860191014450371,0.0267391026441077,0.833451911806263
3.61715415862919,-0.843833418698487,-0.0065708398423084,0.85040425854082
3.61726256286167,-0.826497222242427,-0.0398731662468604,0.866370388489265
3.61733017601525,-0.815197372412667,-0.0606240777347626,0.875821450147438
3.61739778916884,-0.803529812219445,-0.0813474667337685,0.884877278953211
3.61746540232242,-0.791499759466574,-0.102034075461116,0.89353383492767
3.61753301547601,-0.77911263351634,-0.122674572407297,0.901787205923617
3.61762517473683,-0.761663849192797,-0.150716802022489,0.912380651215294
3.61771733399766,-0.743576576049311,-0.178632779066203,0.922209355115524
3.61777753389981,-0.731423881419194,-0.196789042882255,0.928212924301452
3.61783773380195,-0.719009636234008,-0.214874826775559,0.933884463009566
3.61789793370409,-0.706338249099728,-0.232883718726406,0.939221967826137
3.61795813360623,-0.693414253374373,-0.250809264166049,0.944223517540414
3.61803063386621,-0.677520913863873,-0.272277598139091,0.949798512002996
3.61810313412619,-0.661276096231023,-0.2936046854656,0.954880781696652
3.61817563438616,-0.644688228884534,-0.314779474864209,0.95946770374875
3.61824813464614,-0.627765927464285,-0.335790956900098,0.963556884364384
3.61832063490612,-0.610517966421242,-0.356628249610521,0.967146216031772
3.61839313516609,-0.592953300328733,-0.377280523554834,0.970233823883549
3.61848130247817,-0.571179636918681,-0.40213060291412,0.973310239832836
3.61856946979024,-0.548967721604275,-0.426672245079458,0.975639966683696
3.61865763710231,-0.526334628468446,-0.450886598799044,0.977221227267453
3.61874580441438,-0.50329773348151,-0.47475506210393,0.978052795585425
3.61883397172645,-0.47987471864505,-0.498259326206259,0.978134044851302
3.61892213903853,-0.456083554616372,-0.521381346587615,0.977464901203967
3.6190103063506,-0.431942496683224,-0.544103392220486,0.976045888903693
3.61909847366267,-0.407470064023544,-0.566408021755508,0.973878085779007
3.61918664097474,-0.382685033330097,-0.588278131984392,0.970963165314484
3.61929504520715,-0.351811315173719,-0.614547215340122,0.966358530513812
3.61940344943955,-0.320529425362245,-0.640103763369833,0.96063318873209
3.61951185367196,-0.288875742702921,-0.664918047033589,0.953793789736477
3.61962025790436,-0.256886999556511,-0.688961276857208,0.9458482764137
3.61972866213677,-0.224600319200049,-0.712205539528108,0.936805858728136
3.61983706636918,-0.192053140429996,-0.734623888379606,0.926677028809584
3.61994547060158,-0.159283222919812,-0.75619030408801,0.915473527007818
3.62005387483399,-0.126328562103341,-0.776879788762449,0.903208350865758
3.62016227906639,-0.0932273879619681,-0.796668330434458,0.889895718396398
3.6202706832988,-0.0600180796755981,-0.81553299327291,0.875551072948492
3.6203790875312,-0.0267391616111107,-0.833451882832908,0.860191044443983
3.62048749176361,0.00657078083187636,-0.850404231347861,0.843833450515971
3.62059589599601,0.0398731072638271,-0.866370363113036,0.826497255849189
3.62066350920686,0.0606240363833955,-0.87582143376584,0.815197397382457
3.62073112241772,0.081347442987158,-0.884877270905589,0.803529827918394
3.62079873562857,0.10203406926891,-0.893533834542692,0.791499765273792
3.62086634883942,0.122674583695142,-0.901787212519941,0.779112628824801
3.62095850808722,0.150716809317187,-0.912380656119719,0.761663846802512
3.62105066733502,0.178632782398785,-0.922209358542582,0.743576576143786
3.6211108672329,0.196789044926186,-0.928212927292685,0.731423882366489
3.62117106713077,0.214874827540738,-0.933884465611991,0.719009638071234
3.62123126702865,0.232883718224276,-0.939221970087289,0.706338251862974
3.62129146692652,0.250809262409383,-0.944223519508183,0.693414257098772
3.62136396718886,0.272277597103389,-0.94979851423254,0.677520917129135
3.6214364674512,0.293604685143336,-0.954880784156387,0.661276099013025
3.62150896771354,0.314779475246724,-0.959467706406678,0.644688231159912
3.62158146797587,0.335790957977746,-0.963556887188233,0.627765929210481
3.62165396823821,0.356628251372461,-0.967146218989175,0.610517967616701
3.62172646850055,0.377280525989183,-0.970233826941847,0.59295330095269
3.62181463579255,0.402130599721656,-0.973310242266206,0.571179642544519
3.62190280308455,0.426672236404549,-0.975639968832602,0.548967732428037
3.62199097037654,0.450886584798887,-0.977221229473304,0.526334644674404
3.62207913766854,0.474755042948377,-0.978052798190181,0.503297755241756
3.62216730496054,0.49825930207745,-0.978134048196914,0.479874746119441
3.62225547225254,0.521381317679732,-0.977464905631856,0.456083587952109
3.62234363954453,0.544103358739431,-0.976045894754187,0.431942536014744
3.62243180683653,0.566407983918641,-0.973878093390931,0.40747010947228
3.62251997412853,0.588278090020223,-0.970963175024415,0.382685085004174
3.62262837836087,0.61454717451485,-0.966358542087876,0.351811367573011
3.62273678259321,0.640103723734334,-0.960633202161703,0.320529478427366
3.62284518682554,0.664918008637242,-0.953793805010986,0.288875796373734
3.62295359105788,0.688961239747941,-0.945848293520277,0.256887053772323
3.62306199529022,0.712205503752435,-0.936805877651766,0.224600373899305
3.62317039952256,0.734623853982554,-0.926677049533175,0.192053195550591
3.6232788037549,0.756190271112963,-0.915473549512198,0.159283278399232
3.62338720798723,0.77687975725121,-0.903208375129697,0.126328617878433
3.62349561221957,0.796668300427192,-0.889895744396472,0.0932274439692694
3.62360401645191,0.815532964807985,-0.875551100659311,0.0600181358512937
3.62371242068425,0.833451855946989,-0.860191073838183,0.0267392178911784
3.62382082491658,0.850404206075801,-0.843833481564288,-0.00657072451154576
3.62392922914892,0.866370339487784,-0.826497288520241,-0.0398730509675651
3.62399684241614,0.875821418903803,-0.815197421468056,-0.0606239974357726
3.62406445568336,0.884877264155561,-0.80352984279573,-0.0813474213598522
3.62413206895058,0.893533835243082,-0.791499770333143,-0.102034064909971
3.6241996822178,0.90178721999928,-0.779112623469846,-0.122674596529471
3.62429184148044,0.912380664872682,-0.761663838268776,-0.150716826603911
3.62438400074309,0.922209368317167,-0.743576564235338,-0.178632804081844
3.62444420061339,0.928212933982356,-0.731423875757297,-0.196789058225074
3.62450440048369,0.933884469519257,-0.71900963700444,-0.214874832514844
3.62456460035399,0.939221971517483,-0.706338256575699,-0.232883714941825
3.62462480022429,0.94422351876935,-0.6934142678219,-0.250809250947476
3.62469730048874,0.949798513889751,-0.677520927559077,-0.272277586330678
3.62476980075318,0.95488078418223,-0.661276109125587,-0.293604675056657
3.62484230101763,0.95946770677341,-0.644688240931447,-0.314779465841977
3.62491480128208,0.963556887867881,-0.627765938617982,-0.335790949249921
3.62498730154653,0.967146219953348,-0.610517976637948,-0.356628243315435
3.62505980181097,0.970233828161947,-0.592953309566046,-0.377280518595959
3.62514796910747,0.97331024381788,-0.571179650152336,-0.402130593665535
3.62523613640396,0.975639970640103,-0.548967738982067,-0.426672231658058
3.62532430370045,0.977221231460571,-0.526334650128963,-0.450886581331594
3.62541247099695,0.978052800280815,-0.503297759553844,-0.474755040727006
3.62550063829344,0.978134050314497,-0.47987474924859,-0.498259301065902
3.62558880558994,0.977464907699801,-0.456083589860765,-0.521381317839076
3.62567697288643,0.976045896696159,-0.431942536668072,-0.544103360028072
3.62576514018292,0.973878095130612,-0.407470108838249,-0.56640798629236
3.62585330747942,0.970963176485947,-0.382685083053766,-0.588278093432169
3.62596171171176,0.966358543367226,-0.351811365552136,-0.614547177815097
3.6260701159441,0.96063320325971,-0.320529476341827,-0.640103726917871
3.62617852017645,0.953793805928778,-0.288875794229527,-0.664918011699266
3.62628692440879,0.945848294259112,-0.256887051575329,-0.68896124268378
3.62639532864113,0.936805878213125,-0.224600371655538,-0.712205506557584
3.62650373287347,0.926677049918813,-0.192053193266187,-0.734623856652646
3.62661213710582,0.91547354972401,-0.159283276080188,-0.756190273643806
3.62672054133816,0.903208375169784,-0.126328615531038,-0.776879759638762
3.6268289455705,0.889895744267179,-0.0932274415997752,-0.796668302667379
3.62693734980284,0.875551100363101,-0.0600181334657556,-0.815532966897349
3.62704575403519,0.860191073377844,-0.0267392154959847,-0.833451857881817
3.62715415826753,0.843833480942602,0.00657072691016256,-0.850404207852798
3.62726256249987,0.826497287740369,0.0398730533633528,-0.866370341103704
3.62733017576645,0.815197420700202,0.0606239996296953,-0.875821420329901
3.62739778903303,0.803529842048132,0.0813474233500802,-0.884877265398222
3.62746540229961,0.791499769613971,0.10203406669493,-0.8935338363089
3.62753301556619,0.779112622787101,0.122674598107858,-0.901787220894928
3.62762517485674,0.761663832101489,0.150716836633757,-0.912380668735254
3.62771733414728,0.743576552203736,0.178632822476025,-0.922209374679745
3.62777753399422,0.731423868182302,0.196789069507669,-0.928212937689983
3.62783773384116,0.719009634092593,0.214874836735358,-0.933884470827956
3.62789793368809,0.706338258528383,0.232883712157293,-0.939221970685651
3.62795813353503,0.693414274835313,0.250809241222346,-0.944223516057675
3.62803063379927,0.677520934729016,0.272277576587112,-0.949798511316118
3.62810313406351,0.661276116451239,0.293604665299087,-0.954880781750284
3.62817563432775,0.644688248412085,0.314779456074745,-0.959467704486774
3.628248134592,0.627765946252701,0.335790939477419,-0.963556885730123
3.62832063485624,0.610517984425713,0.356628233542192,-0.967146217967894
3.62839313512048,0.592953317505812,0.37728050882643,-0.970233826332259
3.62848130244153,0.571179652087711,0.402130590854754,-0.973310242942458
3.62856946976257,0.548967734669007,0.426672235634131,-0.97563997030312
3.62865763708362,0.526334639337711,0.450886591907023,-0.977221231244794
3.62874580440467,0.503297742069368,0.47475505769878,-0.978052799768124
3.62883397172572,0.479874724870968,0.498259324215807,-0.978134049086762
3.62892213904676,0.456083558405193,0.521381346934211,-0.977464905339404
3.62901030636781,0.431942497965466,0.544103394821041,-0.976045892786471
3.62909847368886,0.407470062735345,0.56640802652168,-0.973878089257
3.62918664100991,0.382685029413479,0.588278138822724,-0.970963168236181
3.62929504524232,0.351811311115535,0.614547221955005,-0.966358533070534
3.62940344947474,0.320529421174188,0.640103769751343,-0.96063319092548
3.62951185370716,0.288875738396692,0.664918053172056,-0.953793791568752
3.62962025793957,0.256886995144135,0.688961282743278,-0.945848277887402
3.62972866217199,0.224600314693595,0.712205545152596,-0.936805859846187
3.6298370664044,0.192053135841629,0.734623893733832,-0.926677029575434
3.62994547063682,0.159283218261728,0.756190309163533,-0.915473527425243
3.63005387486924,0.126328557387956,0.776879793551125,-0.90320835093901
3.63016227910165,0.0932273832017374,0.796668334928319,-0.889895718130026
3.63027068333407,0.0600180748829183,0.815532997464623,-0.87555107234752
3.63037908756649,0.0267391567984864,0.83345188671526,-0.860191043513719
3.6304874917989,-0.00657078565178429,0.850404234914134,-0.843833449262295
3.63059589603132,-0.0398731120784134,0.866370366356691,-0.826497254278279
3.63066350924089,-0.0606240407917795,0.8758214366283,-0.815197395836514
3.63073112245045,-0.081347446985749,0.884877273399775,-0.803529826413987
3.63079873566002,-0.102034072854598,0.893533836681889,-0.79149976382726
3.63086634886959,-0.122674586865354,0.901787214317706,-0.779112627452311
3.63095850817318,-0.150716829391078,0.912380663851215,-0.761663834460099
3.63105066747678,-0.178632819202021,0.922209371274017,-0.743576552071975
3.63111086732791,-0.196789067500751,0.928212934712098,-0.731423867211347
3.63117106717905,-0.214874835985582,0.933884468231668,-0.719009632246072
3.63123126703018,-0.232883712653576,0.939221968424313,-0.706338255770718
3.63129146688131,-0.250809242952109,0.944223514084124,-0.693414271132019
3.63136396714326,-0.272277577616243,0.949798509086441,-0.677520931470207
3.63143646740521,-0.293604665634759,0.954880779295206,-0.661276113660429
3.63150896766716,-0.314779455725396,0.959467701837285,-0.644688246111906
3.63158146792911,-0.335790938452386,0.963556882917498,-0.627765944465091
3.63165396819106,-0.356628231851959,0.967146215023671,-0.610517983171683
3.63172646845301,-0.377280506482559,0.970233823288093,-0.592953316805488
3.63181463579419,-0.402130594155484,0.973310240522628,-0.571179646367111
3.63190280313538,-0.426672244434648,0.975639968166064,-0.548967723731406
3.63199097047657,-0.450886606049474,0.977221229047869,-0.526334622998366
3.63207913781776,-0.474755077012646,0.97805279716829,-0.50329772015559
3.63216730515895,-0.498259348518327,0.978134045740788,-0.479874697222474
3.63225547250014,-0.521381376030514,0.977464900904841,-0.456083524874304
3.63234363984133,-0.544103428504435,0.976045886921799,-0.43194245841734
3.63243180718252,-0.566408064574033,0.973878081622335,-0.407470017048274
3.63251997452371,-0.588278181014695,0.970963158493649,-0.382684977478949
3.63262837875619,-0.614547263001751,0.966358521454393,-0.351811258452633
3.63273678298867,-0.640103809601755,0.960633177444415,-0.320529367842626
3.63284518722115,-0.66491809177654,0.953793776233523,-0.288875684456956
3.63295359145364,-0.688961320053583,0.945848260710889,-0.256886940657283
3.63306199568612,-0.712205581122102,0.936805840843554,-0.224600259721421
3.6331703999186,-0.734623928317301,0.926677008763889,-0.19205308044657
3.63327880415108,-0.756190342317369,0.915473504824126,-0.159283162506761
3.63338720838357,-0.776879825233297,0.90320832656974,-0.126328501336465
3.63349561261605,-0.796668365098634,0.889895692016083,-0.0932273269174705
3.63360401684853,-0.815533026084431,0.875551044514449,-0.0600180184299988
3.63371242108101,-0.833451913747821,0.860191013989134,-0.0267391002413195
3.63382082531349,-0.850404260324396,0.843833418075696,0.00657084224870337
3.63392922954598,-0.866370390111655,0.826497221461135,0.0398731686505305
3.63399684269891,-0.87582145157827,0.815197371645234,0.0606240799330176
3.63406445585184,-0.884877280198976,0.80352981147432,0.0813474687246695
3.63413206900478,-0.89353383599511,0.791499758751877,0.102034077243227
3.63419968215771,-0.901787206819644,0.779112632840356,0.122674573979298
3.63429184144645,-0.91238065507995,0.761663843029654,0.150716812050338
3.63438400073519,-0.922209361481756,0.743576564019141,0.178632797462678
3.63444420061397,-0.928212928012219,0.731423873846438,0.196789054165795
3.63450440049274,-0.933884464320901,0.719009633325449,0.214874830995496
3.63456460037152,-0.939221966996561,0.706338251056722,0.232883715939879
3.63462480025029,-0.944223514830739,0.693414260393177,0.250809254437586
3.63469730051012,-0.949798509435738,0.677520921025957,0.272277588409796
3.63476980076995,-0.954880779274748,0.661276103535247,0.293604675739556
3.63484230102978,-0.959467701474979,0.644688236329581,0.314779465145403
3.63491480128961,-0.963556882241454,0.627765935048644,0.335790947192812
3.63498730154945,-0.96714621406234,0.610517974143479,0.356628239918879
3.63505980180928,-0.970233822070181,0.592953308187144,0.377280513883065
3.63514796914595,-0.973310238972456,0.571179638758025,0.402130600214441
3.63523613648263,-0.975639966359574,0.548967717179936,0.426672249179667
3.63532430381931,-0.977221227061386,0.526334617550403,0.450886609511032
3.63541247115599,-0.978052795078515,0.503297715854375,0.474755079224136
3.63550063849267,-0.978134043624454,0.479874694108408,0.498259349516064
3.63558880582934,-0.977464898838668,0.456083522985227,0.521381375853468
3.63567697316602,-0.976045884982542,0.431942457788128,0.54410342719443
3.6357651405027,-0.973878079886518,0.407470017711061,0.566408062175438
3.63585330783938,-0.970963157037423,0.382684979462946,0.588278177574458
3.63596171207185,-0.966358520181664,0.351811260508413,0.614547259673224
3.63607011630432,-0.960633176354324,0.320529369964369,0.640103806389968
3.6361785205368,-0.953793775325086,0.28887568663873,0.664918088686375
3.63628692476927,-0.94584825998287,0.256886942893131,0.688961317089775
3.63639532900175,-0.936805840294539,0.224600262005262,0.712205578289293
3.63650373323422,-0.926677008392159,0.192053082772301,0.73462392561989
3.6366121374667,-0.915473504627869,0.159283164868241,0.756190339759623
3.63672054169917,-0.903208326546903,0.126328503727486,0.77687982281942
3.63682894593164,-0.889895692164366,0.0932273293317715,0.796668362832583
3.63693735016412,-0.875551044831328,0.0600180208613173,0.815533023970015
3.63704575439659,-0.860191014472018,0.0267391026833459,0.833451911788652
3.63715415862907,-0.843833418721642,-0.00657083980229416,0.850404258523941
3.63726256286154,-0.826497222267117,-0.0398731662060636,0.866370388473174
3.63733017601515,-0.815197372432855,-0.0606240777034971,0.875821450136352
3.63739778916877,-0.803529812234802,-0.0813474667119511,0.884877278946723
3.63746540232238,-0.791499759476637,-0.102034075448781,0.893533834925419
3.637533015476,-0.779112633520931,-0.122674572404348,0.901787205925286
3.63762517473684,-0.761663849195408,-0.150716802022784,0.912380651218177
3.63771733399768,-0.743576576049816,-0.178632779069642,0.922209355119427
3.63777753389982,-0.731423881420468,-0.196789042884436,0.928212924304892
3.63783773380195,-0.7190096362361,-0.214874826776458,0.933884463012532
3.63789793370409,-0.706338249102658,-0.232883718726084,0.939221967828706
3.63795813360623,-0.693414253378186,-0.250809264164502,0.944223517542662
3.6380306338662,-0.677520913868879,-0.272277598135955,0.949798512004813
3.63810313412617,-0.661276096237228,-0.293604685460963,0.954880781698213
3.63817563438615,-0.644688228892059,-0.314779474857976,0.959467703750047
3.63824813464612,-0.627765927473139,-0.335790956892385,0.963556884365521
3.63832063490609,-0.610517966431572,-0.356628249601269,0.967146216032796
3.63839313516606,-0.592953300340458,-0.37728052354415,0.9702338238846
3.63848130247814,-0.571179636928389,-0.402130602906032,0.973310239834421
3.63856946979022,-0.548967721611872,-0.426672245073867,0.975639966685758
3.6386576371023,-0.526334628473744,-0.45088659879599,0.977221227269738
3.63874580441438,-0.503297733484513,-0.474755062103291,0.978052795587802
3.63883397172647,-0.479874718645635,-0.498259326207979,0.978134044853602
3.63892213903855,-0.456083554614491,-0.521381346591612,0.977464901206082
3.63901030635063,-0.431942496678833,-0.544103392226627,0.976045888905461
3.63909847366271,-0.407470064016518,-0.566408021763795,0.973878085780287
3.63918664097479,-0.38268503332044,-0.58827813199468,0.970963165315092
3.6392950452072,-0.351811315163648,-0.614547215350307,0.966358530513919
3.6394034494396,-0.320529425351868,-0.640103763379818,0.960633188731682
3.63951185367201,-0.288875742692217,-0.664918047043389,0.953793789735548
3.63962025790441,-0.256886999545551,-0.688961276866741,0.94584827641226
3.63972866213682,-0.22460031918879,-0.712205539537373,0.936805858726149
3.63983706636922,-0.192053140418519,-0.734623888388577,0.926677028807102
3.63994547060163,-0.159283222908079,-0.756190304096727,0.91547352700482
3.64005387483404,-0.126328562091426,-0.776879788770855,0.903208350862264
3.64016227906644,-0.0932273879498277,-0.796668330442516,0.889895718392288
3.64027068329885,-0.0600180796632106,-0.815532993280657,0.875551072943857
3.64037908753125,-0.0267391615984915,-0.833451882840256,0.860191044438759
3.64048749176366,0.00657078084461506,-0.850404231354848,0.843833450510209
3.64059589599606,0.0398731072767196,-0.866370363119637,0.826497255842856
3.64066350920691,0.0606240363930391,-0.875821433770705,0.815197397377625
3.64073112241775,0.0813474429936129,-0.884877270908792,0.80352982791515
3.64079873562859,0.1020340692722,-0.893533834544454,0.791499765272259
3.64086634883943,0.122674583695295,-0.901787212520371,0.77911262882509
3.64095850808726,0.150716809326934,-0.912380656123529,0.761663846796604
3.64105066733509,0.17863278241796,-0.922209358549292,0.743576576131294
3.64111086723294,0.196789044937461,-0.928212927296403,0.731423882358936
3.64117106713079,0.214874827544169,-0.933884465613104,0.719009638068899
3.64123126702864,0.232883718219915,-0.939221970086051,0.7063382518661
3.64129146692649,0.250809262397244,-0.944223519504863,0.693414257107619
3.6413639671888,0.272277597081993,-0.949798514227096,0.677520917145115
3.64143646745111,0.293604685112853,-0.954880784149239,0.661276099036372
3.64150896771341,0.314779475207242,-0.959467706398299,0.644688231191014
3.64158146797572,0.335790957929415,-0.963556887179051,0.627765929249645
3.64165396823802,0.356628251315507,-0.967146218979592,0.61051796766408
3.64172646850033,0.37728052592374,-0.970233826932336,0.592953301008584
3.64181463579232,0.402130599654115,-0.973310242258228,0.571179642604101
3.64190280308431,0.42667223633493,-0.975639968826345,0.548967732491438
3.64199097037629,0.45088658472743,-0.977221229468933,0.526334644741474
3.64207913766828,0.474755042875215,-0.97805279818781,0.5032977553126
3.64216730496027,0.498259302002716,-0.978134048196837,0.479874746194088
3.64225547225226,0.521381317603486,-0.97746490563425,0.456083588030712
3.64234363954424,0.544103358661868,-0.976045894759191,0.43194253609727
3.64243180683623,0.566407983839902,-0.973878093398621,0.407470109558703
3.64251997412822,0.588278089940502,-0.970963175035084,0.382685085094543
3.64262837836056,0.61454717443716,-0.966358542101782,0.351811367664599
3.64273678259289,0.64010372365869,-0.960633202178774,0.320529478520061
3.64284518682523,0.664918008563772,-0.953793805031238,0.288875796467455
3.64295359105757,0.688961239676706,-0.945848293543668,0.256887053866935
3.64306199528991,0.712205503683528,-0.936805877678276,0.224600373994741
3.64317039952225,0.734623853916051,-0.926677049562768,0.192053195646727
3.64327880375458,0.756190271048953,-0.915473549544905,0.159283278495955
3.64338720798692,0.776879757189761,-0.903208375165433,0.126328617975642
3.64349561221926,0.79666830036825,-0.889895744435192,0.0932274440669234
3.6436040164516,0.815532964751797,-0.875551100700977,0.0600181359491454
3.64371242068394,0.833451855893546,-0.860191073882709,0.026739217989153
3.64382082491627,0.850404206025144,-0.843833481611633,-0.0065707244135371
3.64392922914861,0.866370339440037,-0.826497288570392,-0.0398730508696465
3.64399684241593,0.875821418871253,-0.815197421503212,-0.0606239973680437
3.64406445568324,0.884877264137097,-0.803529842814884,-0.0813474213222232
3.64413206895056,0.893533835237584,-0.791499770335171,-0.102034064902405
3.64419968221788,0.90178722000554,-0.779112623453702,-0.122674596551852
3.64429184148058,0.912380664884044,-0.761663838241958,-0.150716826642067
3.64438400074328,0.922209368332796,-0.743576564197139,-0.178632804135667
3.6444442006135,0.928212933989773,-0.731423875733448,-0.196789058256334
3.64450440048373,0.933884469519263,-0.719009636995599,-0.214874832523707
3.64456460035395,0.939221971510961,-0.706338256582451,-0.232883714928515
3.64462480022418,0.944223518757029,-0.693414267844864,-0.250809250912165
3.64469730048863,0.949798513878613,-0.677520927581344,-0.272277586297271
3.64476980075309,0.954880784172192,-0.661276109147032,-0.293604675025143
3.64484230101754,0.959467706764364,-0.644688240951971,-0.314779465812426
3.64491480128199,0.963556887859811,-0.627765938637602,-0.335790949222209
3.64498730154644,0.967146219946113,-0.610517976656504,-0.35662824328963
3.6450598018109,0.970233828155534,-0.592953309583568,-0.37728051857196
3.6451479691074,0.973310243812307,-0.571179650168312,-0.402130593643988
3.6452361364039,0.975639970635292,-0.548967738996387,-0.426672231638946
3.6453243037004,0.977221231456366,-0.526334650141434,-0.450886581314947
3.6454124709969,0.978052800277121,-0.503297759564424,-0.474755040712732
3.64550063829341,0.978134050311124,-0.479874749257232,-0.498259301053908
3.64558880558991,0.97746490769667,-0.456083589867367,-0.521381317829314
3.64567697288641,0.976045896693069,-0.431942536672601,-0.544103360020479
3.64576514018291,0.973878095127471,-0.407470108840719,-0.566407986286761
3.64585330747941,0.970963176482623,-0.382685083054058,-0.588278093428566
3.64596171171176,0.966358543363905,-0.3518113655523,-0.614547177811605
3.6460701159441,0.960633203256463,-0.320529476342049,-0.640103726914442
3.64617852017644,0.953793805925547,-0.288875794229662,-0.664918011695917
3.64628692440878,0.945848294255945,-0.256887051575425,-0.688961242680488
3.64639532864113,0.936805878210014,-0.224600371655692,-0.712205506554331
3.64650373287347,0.926677049915733,-0.192053193266281,-0.734623856649434
3.64661213710581,0.91547354972096,-0.159283276080328,-0.75619027364065
3.64672054133816,0.903208375166804,-0.126328615531204,-0.7768797596356
3.6468289455705,0.88989574426416,-0.0932274415998208,-0.796668302664343
3.64693734980284,0.875551100360139,-0.060018133465872,-0.815532966894317
3.64704575403518,0.86019107337486,-0.026739215496009,-0.83345185787887
3.64715415826753,0.843833480939695,0.00657072691017385,-0.850404207849874
3.64726256249987,0.826497287737557,0.0398730533633024,-0.866370341100885
3.64733017576646,0.81519742069534,0.0606239996332233,-0.875821420328576
3.64739778903305,0.803529842041301,0.081347423357061,-0.88487726539838
3.64746540229964,0.791499769605002,0.102034066705388,-0.893533836310399
3.64753301556623,0.779112622775746,0.122674598121889,-0.90178722089763
3.64762517485685,0.761663832076069,0.150716836669421,-0.912380668745466
3.64771733414747,0.743576552163244,0.178632822533156,-0.922209374696417
3.64777753399433,0.731423868155272,0.196789069543502,-0.92821293769881
3.6478377338412,0.719009634079733,0.21487483674993,-0.933884470829662
3.64789793368807,0.706338258530281,0.232883712150821,-0.939221970681112
3.64795813353493,0.69341427485259,0.250809241195043,-0.944223516047649
3.64803063379922,0.677520934736243,0.272277576573903,-0.949798511310173
3.64810313406351,0.661276116448113,0.293604665299683,-0.954880781747803
3.6481756343278,0.64468824839802,0.314779456089072,-0.959467704487128
3.64824813459209,0.627765946227425,0.335790939505162,-0.963556885732603
3.64832063485638,0.610517984388767,0.356628233583109,-0.967146217971887
3.64839313512066,0.592953317456749,0.377280508880385,-0.970233826337116
3.64848130244178,0.571179652019859,0.40213059092807,-0.973310242947924
3.6485694697629,0.548967734581699,0.426672235726329,-0.975639970308006
3.64865763708402,0.52633463923031,0.450886592017484,-0.9772212312478
3.64874580440514,0.503297741941364,0.474755057826807,-0.978052799768189
3.64883397172626,0.479874724721737,0.498259324360773,-0.978134049082485
3.64892213904738,0.45608355823431,0.521381347095358,-0.977464905329683
3.6490103063685,0.431942497772483,0.544103394997602,-0.976045892770083
3.64909847368962,0.407470062519932,0.566408026712812,-0.973878089232738
3.64918664101074,0.382685029175227,0.588278139027553,-0.970963168202782
3.64929504524315,0.35181131087428,0.614547222154319,-0.966358533028599
3.64940344947557,0.320529420930208,0.640103769944846,-0.960633190875048
3.64951185370798,0.28887573815025,0.664918053359608,-0.953793791509885
3.6496202579404,0.256886994895503,0.688961282924647,-0.94584827782015
3.64972866217281,0.224600314443068,0.712205545327651,-0.936805859770713
3.64983706640523,0.19205313558949,0.734623893902289,-0.926677029491794
3.64994547063765,0.159283218008369,0.756190309325208,-0.915473527333559
3.65005387487006,0.126328557133608,0.776879793705867,-0.903208350839389
3.65016227910248,0.093227382946676,0.796668335075993,-0.889895718022654
3.65027068333489,0.0600180746274264,0.815532997605031,-0.875551072232437
3.65037908756731,0.0267391565429475,0.833451886848256,-0.860191043391215
3.65048749179972,-0.0065707859071366,0.8504042350396,-0.843833449132448
3.65059589603214,-0.0398731123333077,0.866370366474535,-0.826497254141224
3.65066350924145,-0.0606240409676938,0.875821436706251,-0.815197395738553
3.65073112245076,-0.0813474470828749,0.88487727344085,-0.803529826357956
3.65079873566007,-0.102034072873022,0.893533836689032,-0.791499763816002
3.65086634886938,-0.122674586805546,0.90178721429402,-0.779112627488427
3.65095850817293,-0.150716829318877,0.912380663824639,-0.761663834505692
3.65105066747649,-0.178632819117563,0.922209371245201,-0.743576552127637
3.65111086732773,-0.196789067447755,0.928212934694954,-0.731423867247189
3.65117106717896,-0.214874835963843,0.93388446822502,-0.719009632261161
3.6512312670302,-0.23288371266274,0.939221968426974,-0.706338255764242
3.65129146688143,-0.250809242991961,0.944223514095033,-0.693414271103035
3.65136396714338,-0.272277577656869,0.949798509096742,-0.67752093143984
3.65143646740534,-0.293604665676143,0.954880779304841,-0.661276113628708
3.65150896766729,-0.314779455767504,0.959467701846282,-0.64468824607876
3.65158146792924,-0.335790938495184,0.96355688292573,-0.627765944430549
3.6516539681912,-0.356628231895435,0.967146215031114,-0.610517983135677
3.65172646845315,-0.377280506526578,0.970233823294692,-0.592953316768066
3.65181463579431,-0.40213059419228,0.973310240527269,-0.571179646334952
3.65190280313548,-0.426672244464286,0.97563996816913,-0.548967723704844
3.65199097047664,-0.450886606072087,0.977221229049782,-0.526334622977665
3.65207913781781,-0.47475507702841,0.978052797169508,-0.503297720141067
3.65216730515897,-0.498259348527394,0.97813404574174,-0.479874697214308
3.65225547250014,-0.521381376033106,0.977464900905822,-0.456083524872729
3.6523436398413,-0.544103428500767,0.976045886923326,-0.431942458422562
3.65243180718247,-0.566408064564426,0.973878081624793,-0.407470017060339
3.65251997452363,-0.588278180999348,0.970963158497494,-0.382684977498128
3.65262837875612,-0.614547262987419,0.966358521458919,-0.351811258471463
3.6527367829886,-0.640103809588421,0.960633177449539,-0.32052936786109
3.65284518722109,-0.664918091764252,0.953793776239253,-0.288875684475006
3.65295359145357,-0.688961320042243,0.945848260717166,-0.256886940674896
3.65306199568605,-0.712205581111786,0.936805840850366,-0.22460025973854
3.65317039991854,-0.734623928307928,0.926677008771119,-0.192053080463166
3.65327880415102,-0.756190342308964,0.91547350483172,-0.159283162522735
3.65338720838351,-0.776879825225812,0.903208326577646,-0.126328501351813
3.65349561261599,-0.79666836509206,0.889895692024268,-0.093227326932197
3.65360401684848,-0.815533026078716,0.875551044522835,-0.0600180184440875
3.65371242108096,-0.833451913742919,0.86019101399771,-0.0267391002547554
3.65382082531344,-0.85040426032029,0.843833418084386,0.00657084223593971
3.65392922954593,-0.866370390108316,0.826497221469885,0.0398731686384502
3.65399684269887,-0.875821451576676,0.815197371652428,0.0606240799242507
3.65406445585182,-0.884877280199035,0.803529811479811,0.0813474687191987
3.65413206900476,-0.893533835996631,0.791499758755658,0.102034077240975
3.65419968215771,-0.901787206822513,0.779112632842235,0.122674573980319
3.65429184144644,-0.912380655082504,0.761663843032222,0.150716812050295
3.65438400073518,-0.92220936148399,0.743576564022457,0.178632797461558
3.65444420061396,-0.928212928014543,0.731423873849765,0.196789054164778
3.65450440049273,-0.933884464323384,0.719009633328643,0.214874830994725
3.65456460037151,-0.939221966999106,0.706338251059873,0.232883715939241
3.65462480025028,-0.944223514833395,0.69341426039628,0.250809254437127
3.65469730051008,-0.949798509435999,0.677520921036598,0.272277588399408
3.65476980076987,-0.95488077927303,0.66127610355372,0.293604675719344
3.65484230102967,-0.959467701471821,0.644688236356204,0.314779465115597
3.65491480128947,-0.963556882237224,0.627765935083742,0.335790947153518
3.65498730154927,-0.967146214057553,0.610517974187324,0.356628239870265
3.65505980180906,-0.970233822065371,0.592953308240018,0.377280513825397
3.65514796914571,-0.973310238968349,0.571179638820563,0.402130600147802
3.65523613648235,-0.975639966356835,0.548967717252506,0.426672249104334
3.65532430381899,-0.977221227060588,0.526334617633269,0.450886609427323
3.65541247115564,-0.978052795080155,0.503297715947703,0.474755079132467
3.65550063849228,-0.978134043629251,0.479874694212595,0.49825934941665
3.65558880582892,-0.977464898847134,0.456083523100365,0.521381375746805
3.65567697316557,-0.976045884995313,0.431942457914469,0.544103427080823
3.65576514050221,-0.973878079904101,0.407470017848704,0.566408062055372
3.65585330783885,-0.970963157060403,0.38268497961204,0.588278177448377
3.65596171207133,-0.966358520209941,0.351811260658672,0.614547259551278
3.65607011630381,-0.960633176387787,0.320529370115562,0.640103806272223
3.65617852053628,-0.953793775363644,0.288875686790752,0.664918088572887
3.65628692476876,-0.945848260026422,0.25688694304566,0.688961316980754
3.65639532900124,-0.936805840342951,0.224600262158213,0.712205578184747
3.65650373323372,-0.926677008445383,0.192053082925456,0.734623925519872
3.65661213746619,-0.915473504685696,0.159283165021371,0.756190339664307
3.65672054169867,-0.903208326609189,0.126328503880425,0.77687982272876
3.65682894593115,-0.889895692231061,0.0932273294843972,0.796668362746672
3.65693735016362,-0.875551044902285,0.0600180210134058,0.815533023888886
3.6570457543961,-0.860191014547069,0.0267391028346914,0.833451911712384
3.65715415862858,-0.843833418800724,-0.00657083965186759,0.850404258452544
3.65726256286106,-0.826497222350038,-0.0398731660566534,0.866370388406625
3.65733017601483,-0.815197372491464,-0.0606240776028763,0.875821450094361
3.6573977891686,-0.80352981226737,-0.0813474666600165,0.884877278927423
3.65746540232238,-0.791499759481525,-0.102034075445403,0.89353383492691
3.65753301547615,-0.779112633496396,-0.122674572449285,0.901787205945701
3.65762517473701,-0.761663849165112,-0.150716802074936,0.912380651240046
3.65771733399788,-0.743576576013434,-0.178632779128903,0.922209355142342
3.65777753389994,-0.731423881398386,-0.196789042921076,0.928212924319461
3.657837733802,-0.719009636228998,-0.214874826790611,0.933884463019596
3.65789793370407,-0.706338249111253,-0.232883718717867,0.939221967829092
3.65795813360613,-0.693414253403066,-0.250809264134143,0.944223517537183
3.65803063386612,-0.67752091389125,-0.272277598109779,0.949798512001002
3.6581031341261,-0.66127609625705,-0.293604685438821,0.954880781695856
3.65817563438609,-0.644688228909144,-0.314779474839857,0.959467703749003
3.65824813464607,-0.627765927487311,-0.335790956878268,0.963556884365571
3.65832063490606,-0.61051796644265,-0.356628249591148,0.967146216033801
3.65839313516604,-0.592953300348533,-0.377280523537805,0.970233823886346
3.65848130247808,-0.571179636947085,-0.402130602887968,0.973310239835046
3.65856946979012,-0.548967721641484,-0.426672245044454,0.975639966685929
3.65865763710216,-0.526334628514778,-0.450886598755457,0.97722122727023
3.6587458044142,-0.503297733537281,-0.474755062052033,0.978052795589315
3.65883397172624,-0.479874718710518,-0.498259326146363,0.978134044856875
3.65892213903827,-0.456083554691766,-0.521381346520033,0.977464901211804
3.65901030635031,-0.431942496768758,-0.544103392145593,0.976045888914322
3.65909847366235,-0.407470064119439,-0.566408021673639,0.973878085793057
3.65918664097439,-0.382685033436483,-0.588278131895992,0.970963165332448
3.6592950452068,-0.351811315281699,-0.614547215253793,0.966358530535496
3.6594034494392,-0.320529425471812,-0.64010376328564,0.960633188757455
3.6595118536716,-0.2888757428139,-0.66491804695165,0.953793789765542
3.65962025790401,-0.256886999668761,-0.688961276777663,0.945848276446415
3.65972866213641,-0.22460031931354,-0.712205539450968,0.936805858764496
3.65983706636882,-0.192053140544537,-0.734623888305072,0.926677028849596
3.65994547060122,-0.159283223035288,-0.756190304016162,0.915473527051463
3.66005387483363,-0.126328562219691,-0.776879788693385,0.903208350913034
3.66016227906603,-0.0932273880790147,-0.796668330368224,0.889895718447205
3.66027068329844,-0.0600180797930968,-0.815532993209711,0.875551073002767
3.66037908753084,-0.0267391617289775,-0.833451882772729,0.860191044501708
3.66048749176324,0.00657078071365931,-0.850404231290847,0.843833450577178
3.66059589599565,0.0398731071454313,-0.866370363059214,0.826497255913766
3.66066350920663,0.0606240363053594,-0.875821433732122,0.815197397426702
3.66073112241762,0.081347442949467,-0.884877270890362,0.8035298279409
3.6607987356286,0.102034069271383,-0.89353383454451,0.791499765273116
3.66086634883958,0.122674583737665,-0.901787212537238,0.779112628799564
3.66095850808748,0.150716809388649,-0.912380656146284,0.761663846757615
3.66105066733537,0.178632782498874,-0.922209358576842,0.743576576077944
3.66111086723312,0.196789044986209,-0.928212927312224,0.731423882325998
3.66117106713086,0.214874827561019,-0.933884465618241,0.719009638057186
3.66123126702861,0.232883718205138,-0.939221970081698,0.706338251876572
3.66129146692635,0.250809262351123,-0.944223519492309,0.693414257141154
3.66136396718866,0.27227759703737,-0.949798514215806,0.677520917178405
3.66143646745097,0.293604685069663,-0.954880784139163,0.661276099069474
3.66150896771328,0.314779475165458,-0.959467706389354,0.644688231223876
3.66158146797559,0.335790957889107,-0.963556887171225,0.627765929282112
3.6616539682379,0.356628251276623,-0.967146218972858,0.610517967696184
3.66172646850021,0.377280525886339,-0.970233826926609,0.592953301040246
3.66181463579221,0.402130599619062,-0.973310242253706,0.571179642634652
3.6619028030842,0.426672236302235,-0.975639968822943,0.548967732520697
3.66199097037619,0.450886584697069,-0.977221229466494,0.526334644769406
3.66207913766819,0.474755042847082,-0.978052798186295,0.503297755339193
3.66216730496018,0.498259301976812,-0.978134048196027,0.479874746219201
3.66225547225218,0.521381317579762,-0.977464905634063,0.456083588054238
3.66234363954417,0.544103358640294,-0.976045894759483,0.431942536119138
3.66243180683617,0.566407983820463,-0.973878093399314,0.407470109578857
3.66251997412816,0.588278089923056,-0.970963175036041,0.382685085112966
3.6626283783605,0.614547174419119,-0.966358542103486,0.351811367684377
3.66273678259283,0.640103723640103,-0.960633202181385,0.320529478541265
3.66284518682517,0.664918008544746,-0.953793805034747,0.288875796490023
3.6629535910575,0.688961239657319,-0.945848293548169,0.25688705389084
3.66306199528983,0.712205503663797,-0.936805877683872,0.224600374020052
3.66317039952217,0.734623853896078,-0.92667704956959,0.192053195673487
3.6632788037545,0.756190271028821,-0.915473549552908,0.159283278524056
3.66338720798683,0.776879757169584,-0.90320837517471,0.126328618005128
3.66349561221917,0.796668300348113,-0.889895744445847,0.0932274440977111
3.6636040164515,0.815532964731745,-0.875551100713056,0.060018135981291
3.66371242068384,0.833451855873673,-0.860191073896345,0.0267392180226338
3.66382082491617,0.850404206005597,-0.843833481626722,-0.00657072437892055
3.6639292291485,0.86637033942086,-0.826497288587061,-0.0398730508338114
3.66399684241584,0.875821418855273,-0.815197421517359,-0.0606239973379258
3.66406445568317,0.884877264124073,-0.803529842826315,-0.0813474212977834
3.66413206895051,0.893533835227278,-0.791499770343677,-0.10203406488362
3.66419968221784,0.901787219997772,-0.779112623459042,-0.122674596538699
3.66429184148057,0.912380664879713,-0.761663838242184,-0.150716826637532
3.6643840007433,0.922209368331417,-0.743576564191718,-0.178632804139693
3.66444420061353,0.928212933988993,-0.731423875726353,-0.196789058262668
3.66450440048377,0.933884469519097,-0.719009636986778,-0.214874832532333
3.664564600354,0.939221971511199,-0.706338256571849,-0.23288371493935
3.66462480022423,0.944223518757617,-0.693414267832429,-0.250809250925218
3.66469730048869,0.94979851387953,-0.67752092756667,-0.272277586312862
3.66476980075316,0.954880784173252,-0.661276109130106,-0.29360467504321
3.66484230101762,0.959467706765586,-0.644688240932673,-0.314779465832907
3.66491480128208,0.963556887860907,-0.627765938615819,-0.335790949245118
3.66498730154654,0.967146219947027,-0.610517976632256,-0.356628243314805
3.665059801811,0.970233828156107,-0.592953309556681,-0.377280518599422
3.66514796910755,0.97331024381334,-0.571179650130134,-0.402130593683266
3.66523613640409,0.975639970636073,-0.548967738946373,-0.426672231689677
3.66532430370064,0.977221231456083,-0.526334650079317,-0.450886581376797
3.66541247099718,0.978052800275055,-0.503297759489807,-0.474755040785278
3.66550063829373,0.978134050306541,-0.479874749169803,-0.498259301136735
3.66558880559028,0.97746490768877,-0.456083589766741,-0.521381317922062
3.66567697288682,0.976045896681201,-0.431942536558544,-0.544103360122669
3.66576514018337,0.973878095110863,-0.407470108712939,-0.56640798639792
3.66585330747991,0.970963176460515,-0.382685082912403,-0.588278093548139
3.66596171171225,0.966358543336672,-0.351811365408611,-0.614547177928088
3.6660701159446,0.960633203224035,-0.32052947619639,-0.640103727027675
3.66617852017694,0.953793805888026,-0.2888757940823,-0.664918011805741
3.66628692440928,0.945848294213264,-0.25688705142645,-0.688961242786859
3.66639532864163,0.936805878162299,-0.224600371505258,-0.712205506657048
3.66650373287397,0.926677049863006,-0.192053193114659,-0.73462385674836
3.66661213710631,0.915473549663268,-0.159283275927614,-0.756190273735659
3.66672054133866,0.90320837510417,-0.126328615377533,-0.776879759726646
3.666828945571,0.889895744196717,-0.0932274414454857,-0.796668302751249
3.66693734980334,0.87555110028791,-0.0600181333109547,-0.81553296697696
3.66704575403569,0.860191073297933,-0.0267392153407826,-0.833451857957132
3.66715415826803,0.843833480858064,0.00657072706560834,-0.85040420792369
3.66726256250037,0.826497287651341,0.0398730535187791,-0.866370341170143
3.6673301757668,0.815197420634013,0.0606239997387283,-0.875821420372736
3.66739778903323,0.803529842006583,0.0813474234127113,-0.884877265419269
3.66746540229966,0.791499769598472,0.102034066711445,-0.893533836309926
3.66753301556609,0.779112622799351,0.122674598078426,-0.901787220877784
3.66762517485663,0.761663832115429,0.15071683660292,-0.912380668718365
3.66771733414717,0.743576552219526,0.178632822443753,-0.922209374663265
3.66777753399414,0.731423868190842,0.196789069486893,-0.928212937677738
3.66783773384112,0.719009634093658,0.214874836725888,-0.933884470819521
3.66789793368809,0.706338258521564,0.232883712159157,-0.939221970680729
3.66795813353507,0.693414274820376,0.250809241235413,-0.944223516055752
3.66803063379934,0.677520934707328,0.272277576608791,-0.949798511316112
3.66810313406361,0.661276116422588,0.293604665329209,-0.954880781751788
3.66817563432788,0.644688248376259,0.314779456113132,-0.959467704489403
3.66824813459215,0.627765946209458,0.335790939523953,-0.963556885733409
3.66832063485642,0.610517984374753,0.356628233596733,-0.967146217971464
3.66839313512069,0.59295331744684,0.377280508888849,-0.970233826335704
3.66848130244178,0.571179652018025,0.402130590927253,-0.97331024294528
3.66856946976286,0.548967734588201,0.426672235716474,-0.975639970304677
3.66865763708395,0.526334639245575,0.450886591998798,-0.977221231244358
3.66874580440504,0.5032977419656,0.474755057799584,-0.978052799765199
3.66883397172612,0.479874724755242,0.498259324325296,-0.978134049080497
3.66892213904721,0.45608355827729,0.52138134705196,-0.977464905329253
3.66901030636829,0.431942497825159,0.544103394946623,-0.976045892771789
3.66909847368938,0.407470062582547,0.566408026654564,-0.973878089237133
3.66918664101047,0.38268502924795,0.588278138962467,-0.970963168210411
3.66929504524288,0.351811310948644,0.61454722209043,-0.966358533039118
3.66940344947529,0.320529421006192,0.640103769882284,-0.960633190888503
3.66951185370771,0.28887573822786,0.664918053298456,-0.953793791526272
3.66962025794012,0.256886994974596,0.688961282864946,-0.945848277839566
3.66972866217253,0.224600314523533,0.712205545269578,-0.936805859793098
3.66983706640495,0.192053135671265,0.734623893845968,-0.926677029517205
3.66994547063736,0.15928321809133,0.756190309270719,-0.915473527362023
3.67005387486977,0.126328557217682,0.776879793653267,-0.903208350870914
3.67016227910219,0.093227383031742,0.796668335025452,-0.889895718057195
3.6702706833346,0.0600180747134106,0.81553299755661,-0.875551072269976
3.67037908756701,0.0267391566297258,0.83345188680208,-0.86019104343179
3.67048749179943,-0.00657078581955615,0.850404234995656,-0.8438334491761
3.67059589603184,-0.0398731122451068,0.866370366433007,-0.826497254187886
3.67066350924125,-0.0606240409091361,0.875821436679642,-0.815197395770466
3.67073112245065,-0.0813474470538707,0.884877273427974,-0.803529826374097
3.67079873566006,-0.10203407287348,0.893533836688858,-0.791499763815346
3.67086634886947,-0.122674586835332,0.901787214305329,-0.779112627470016
3.670958508173,-0.150716829343232,0.912380663833247,-0.761663834490009
3.67105066747654,-0.178632819136449,0.922209371251482,-0.74357655211503
3.67111086732775,-0.196789067457395,0.928212934697954,-0.731423867240546
3.67117106717895,-0.214874835964395,0.933884468225135,-0.719009632260716
3.67123126703016,-0.232883712654251,0.93922196842454,-0.706338255770278
3.67129146688136,-0.250809242974574,0.944223514090372,-0.69341427111576
3.67136396714331,-0.27227757763967,0.94979850909258,-0.677520931452911
3.67143646740527,-0.293604665659223,0.95488077930121,-0.66127611364197
3.67150896766722,-0.314779455750749,0.95946770184312,-0.64468824609234
3.67158146792917,-0.335790938478693,0.963556882923083,-0.627765944444368
3.67165396819113,-0.356628231879106,0.967146215028962,-0.610517983149791
3.67172646845308,-0.377280506510552,0.97023382329301,-0.592953316782459
3.67181463579421,-0.402130594165286,0.973310240524954,-0.571179646359638
3.67190280313533,-0.426672244426703,0.975639968166866,-0.54896772374013
3.67199097047646,-0.450886606024264,0.977221229048261,-0.526334623023949
3.67207913781758,-0.474755076970726,0.978052797169337,-0.503297720198591
3.67216730515871,-0.49825934846028,0.978134045743629,-0.479874697283324
3.67225547249983,-0.521381375956855,0.977464900910488,-0.456083524953608
3.67234363984096,-0.544103428415894,0.976045886931378,-0.431942458515466
3.67243180718208,-0.566408064471222,0.973878081636947,-0.407470017165691
3.67251997452321,-0.588278180898368,0.970963158514335,-0.382684977615952
3.67262837875569,-0.614547262888682,0.966358521480264,-0.351811258591596
3.67273678298817,-0.640103809492067,0.960633177475425,-0.320529367983352
3.67284518722065,-0.664918091670312,0.953793776269675,-0.288875684599314
3.67295359145314,-0.688961319951019,0.94584826075218,-0.256886940801117
3.67306199568562,-0.712205581023331,0.936805840889871,-0.224600259866546
3.6731703999181,-0.734623928222426,0.926677008815237,-0.1920530805928
3.67327880415058,-0.756190342226454,0.915473504880434,-0.159283162653944
3.67338720838306,-0.776879825146491,0.903208326630929,-0.126328501484396
3.67349561261555,-0.796668365016048,0.889895692082084,-0.0932273270659951
3.67360401684803,-0.815533026006193,0.875551044585153,-0.0600180185789303
3.67371242108051,-0.833451913674013,0.860191014064508,-0.0267391003904902
3.67382082531299,-0.850404260255117,0.843833418155653,0.00657084209949549
3.67392922954548,-0.866370390046939,0.826497221545536,0.0398731685014422
3.67399684269855,-0.87582145153591,0.815197371708291,0.060624079827623
3.67406445585163,-0.884877280177307,0.803529811514456,0.0813474686628816
3.6741320690047,-0.893533835992498,0.791499758767639,0.102034077224855
3.67419968215778,-0.901787206834351,0.779112632830147,0.122674574004207
3.6742918414465,-0.912380655092684,0.761663843021477,0.150716812071237
3.67438400073523,-0.922209361492722,0.743576564013182,0.178632797479562
3.67444420061399,-0.928212928021269,0.731423873843932,0.196789054177316
3.67450440049275,-0.933884464328244,0.719009633326425,0.214874831001815
3.6745646003715,-0.939221967002388,0.706338251061447,0.232883715940935
3.67462480025026,-0.944223514835164,0.693414260401819,0.250809254433385
3.67469730051004,-0.949798509436947,0.6775209210453,0.272277588391654
3.67476980076983,-0.954880779273292,0.661276103565703,0.293604675707616
3.67484230102961,-0.959467701471522,0.644688236371611,0.314779465099935
3.67491480128939,-0.963556882236642,0.62776593510265,0.335790947134018
3.67498730154918,-0.967146214056876,0.610517974209905,0.356628239847002
3.67505980180896,-0.970233822064783,0.592953308266408,0.377280513798377
3.67514796914555,-0.973310238966871,0.571179638861832,0.402130600105048
3.67523613648213,-0.975639966355452,0.548967717309121,0.426672249046307
3.67532430381872,-0.977221227060207,0.526334617705725,0.450886609354497
3.6754124711553,-0.978052795081864,0.503297716036532,0.474755079045367
3.67550063849189,-0.978134043633941,0.479874694318151,0.498259349315807
3.67558880582848,-0.97746489885587,0.456083523223148,0.521381375632749
3.67567697316506,-0.976045885009007,0.431942458054749,0.544103426954247
3.67576514050165,-0.973878079923718,0.407470018006875,0.56640806191685
3.67585330783823,-0.970963157086918,0.382684979788279,0.588278177298622
3.67596171207071,-0.966358520242863,0.351811260837397,0.614547259405504
3.67607011630319,-0.960633176427119,0.320529370296567,0.640103806130589
3.67617852053566,-0.95379377540928,0.288875686973675,0.664918088435624
3.67628692476814,-0.945848260078366,0.256886943230481,0.688961316847922
3.67639532900062,-0.93680584040116,0.22460026234463,0.712205578056546
3.6765037332331,-0.926677008509751,0.192053083113286,0.73462392539647
3.67661213746557,-0.915473504756165,0.159283165210363,0.756190339545824
3.67672054169805,-0.903208326685728,0.126328504070382,0.776879822615353
3.67682894593053,-0.889895692313571,0.0932273296750654,0.796668362638491
3.67693735016301,-0.875551044990597,0.0600180212045253,0.815533023786066
3.67704575439548,-0.860191014641169,0.0267391030261432,0.833451911615013
3.67715415862796,-0.843833418900467,-0.00657083946031254,0.850404258360765
3.67726256286044,-0.826497222455203,-0.0398731658653551,0.866370388320575
3.67733017601439,-0.81519737256988,-0.0606240774663236,0.875821450036245
3.67739778916834,-0.803529812317007,-0.0813474665781824,0.884877278895191
3.67746540232229,-0.791499759500414,-0.102034075418136,0.893533834918527
3.67753301547624,-0.779112633482665,-0.122674572476362,0.901787205959026
3.67762517473713,-0.761663849145771,-0.150716802109653,0.912380651255454
3.67771733399802,-0.743576575988229,-0.178632779171152,0.922209355159366
3.67777753390003,-0.731423881383792,-0.196789042946587,0.928212924330381
3.67783773380204,-0.719009636225506,-0.214874826799523,0.933884463024989
3.67789793370405,-0.706338249119283,-0.232883718710305,0.939221967829561
3.67795813360605,-0.693414253423113,-0.250809264110272,0.944223517533397
3.67803063386604,-0.677520913911187,-0.272277598086715,0.949798511997897
3.67810313412603,-0.661276096276821,-0.293604685416572,0.954880781693421
3.67817563438602,-0.644688228928695,-0.31477947481848,0.959467703747158
3.678248134646,-0.627765927506725,-0.335790956857655,0.963556884364345
3.67832063490599,-0.61051796646185,-0.356628249571317,0.967146216033167
3.67839313516598,-0.592953300367398,-0.377280523518855,0.970233823886216
3.67848130247806,-0.571179636956866,-0.402130602879756,0.973310239836611
3.67856946979013,-0.548967721641894,-0.426672245046693,0.975639966688574
3.67865763710221,-0.52633462850544,-0.45088659876786,0.977221227273297
3.67874580441428,-0.503297733517727,-0.474755062074399,0.978052795592128
3.67883397172636,-0.479874718680496,-0.498259326178321,0.978134044858813
3.67892213903844,-0.456083554651004,-0.521381346561243,0.977464901212238
3.67901030635051,-0.431942496716999,-0.544103392195647,0.976045888912637
3.67909847366259,-0.40747006405633,-0.566408021732239,0.973878085788563
3.67918664097467,-0.382685033361878,-0.588278131962668,0.970963165324528
3.67929504520707,-0.351811315205694,-0.614547215318971,0.966358530524658
3.67940344943948,-0.320529425394316,-0.640103763349325,0.960633188743648
3.67951185367188,-0.288875742735129,-0.664918047013674,0.953793789748816
3.67962025790429,-0.256886999588776,-0.688961276837961,0.945848276426715
3.6797286621367,-0.224600319232418,-0.712205539509495,0.936805858741875
3.6798370663691,-0.192053140462382,-0.734623888361631,0.926677028824006
3.67994547060151,-0.159283222952239,-0.756190304070731,0.915473527022944
3.68005387483391,-0.126328562135724,-0.776879788745853,0.903208350881552
3.68016227906632,-0.0932273879943415,-0.796668330418503,0.889895718412814
3.68027068329872,-0.0600180797077881,-0.815532993257718,0.875551072965511
3.68037908753113,-0.0267391616430945,-0.833451882818446,0.860191044461542
3.68048749176354,0.00657078079999216,-0.850404231334147,0.843833450534109
3.68059589599594,0.0398731072321372,-0.866370363100022,0.826497255867885
3.68066350920683,0.0606240363638171,-0.875821433758651,0.815197397394802
3.68073112241773,0.0813474429797419,-0.88487727090373,0.803529827923988
3.68079873562862,0.102034069273522,-0.893533834545754,0.791499765272229
3.68086634883951,0.122674583711803,-0.901787212527437,0.779112628815652
3.68095850808741,0.150716809365251,-0.912380656137954,0.761663846772694
3.68105066733532,0.178632782477881,-0.922209358569871,0.743576576091945
3.68111086723309,0.196789044974703,-0.928212927308592,0.731423882333859
3.68117106713087,0.214874827558981,-0.933884465617649,0.719009638058643
3.68123126702864,0.232883718212415,-0.939221970083782,0.706338251871337
3.68129146692642,0.250809262367683,-0.94422351949665,0.693414257128964
3.68136396718871,0.272277597049849,-0.949798514218722,0.677520917168869
3.68143646745101,0.29360468507817,-0.954880784140836,0.661276099062612
3.68150896771331,0.314779475170053,-0.95946770638998,0.644688231219871
3.6815814679756,0.335790957889838,-0.963556887170979,0.627765929281103
3.6816539682379,0.356628251273473,-0.967146218971845,0.610517967698324
3.6817264685002,0.377280525879376,-0.970233826925068,0.592953301045661
3.68181463579221,0.402130599616751,-0.973310242252788,0.571179642635997
3.68190280308422,0.426672236304481,-0.975639968822332,0.548967732517834
3.68199097037623,0.450886584703674,-0.977221229465938,0.526334644762248
3.68207913766824,0.474755042858022,-0.978052798185497,0.503297755327477
3.68216730496025,0.498259301991864,-0.97813404819473,0.479874746202837
3.68225547225227,0.521381317598816,-0.977464905631942,0.456083588033114
3.68234363954428,0.544103358663201,-0.976045894756339,0.431942536093108
3.68243180683629,0.566407983846942,-0.973878093394896,0.407470109547891
3.6825199741283,0.588278089952959,-0.970963175029938,0.38268508507696
3.68262837836063,0.61454717444835,-0.96635854209594,0.351811367647562
3.68273678259297,0.640103723668685,-0.960633202172329,0.320529478503632
3.6828451868253,0.664918008572491,-0.953793805024264,0.288875796451768
3.68295359105764,0.688961239684271,-0.945848293536245,0.256887053851963
3.68306199528997,0.712205503689929,-0.936805877670444,0.224600373980478
3.68317039952231,0.734623853921282,-0.926677049554626,0.192053195633326
3.68327880375464,0.756190271053108,-0.915473549536511,0.159283278483386
3.68338720798698,0.776879757192884,-0.903208375156839,0.126328617963908
3.68349561221931,0.796668300370374,-0.889895744426452,0.0932274440560414
3.68360401645165,0.815532964752907,-0.87555110069219,0.0600181359392406
3.68371242068398,0.833451855893739,-0.860191073873918,0.0267392179801725
3.68382082491632,0.850404206024493,-0.843833481602926,-0.00657072442157944
3.68392922914865,0.866370339438512,-0.826497288561863,-0.0398730508766616
3.68399684241597,0.875821418869908,-0.815197421493984,-0.0606239973759183
3.68406445568329,0.884877264135867,-0.803529842804933,-0.081347421330938
3.68413206895061,0.893533835236413,-0.791499770324572,-0.102034064911869
3.68419968221793,0.90178722000442,-0.779112623442293,-0.122674596562131
3.6842918414807,0.912380664890163,-0.761663838216949,-0.150716826673251
3.68438400074347,0.922209368344998,-0.743576564157496,-0.178632804187512
3.68444420061363,0.928212933995048,-0.731423875705392,-0.19678905828967
3.6845044004838,0.933884469518303,-0.719009636979673,-0.214874832538655
3.68456460035396,0.939221971504375,-0.70633825657917,-0.232883714925235
3.68462480022413,0.944223518745572,-0.693414267854715,-0.250809250890888
3.68469730048861,0.949798513869751,-0.677520927584875,-0.272277586284874
3.68476980075309,0.954880784165475,-0.661276109143883,-0.293604675021615
3.68484230101757,0.959467706759469,-0.64468824094197,-0.314779465817517
3.68491480128206,0.963556887856244,-0.627765938620335,-0.335790949235885
3.68498730154654,0.967146219943515,-0.610517976631873,-0.356628243311623
3.68505980181102,0.970233828153412,-0.592953309551217,-0.377280518602214
3.68514796910758,0.973310243811009,-0.571179650120491,-0.40213059369053
3.68523613640414,0.975639970633781,-0.548967738932533,-0.426672231701271
3.6853243037007,0.97722123145359,-0.526334650061031,-0.450886581392573
3.68541247099727,0.978052800272107,-0.503297759467008,-0.474755040805108
3.68550063829383,0.978134050302814,-0.479874749142297,-0.49825930116055
3.68558880559039,0.977464907684107,-0.456083589734549,-0.521381317949582
3.68567697288695,0.976045896675191,-0.431942536521498,-0.544103360153717
3.68576514018351,0.973878095103299,-0.407470108670947,-0.566407986432357
3.68585330748007,0.970963176451176,-0.382685082865376,-0.58827809358579
3.68596171171242,0.966358543325637,-0.351811365361035,-0.614547177964595
3.68607011594476,0.960633203211372,-0.320529476148282,-0.640103727063046
3.6861785201771,0.953793805873694,-0.288875794033711,-0.664918011839966
3.68628692440945,0.945848294197281,-0.256887051377408,-0.688961242819843
3.68639532864179,0.936805878144686,-0.224600371455845,-0.712205506688839
3.68650373287413,0.926677049843753,-0.192053193064892,-0.734623856778879
3.68661213710647,0.91547354964243,-0.159283275877566,-0.756190273764882
3.68672054133882,0.903208375081761,-0.126328615327261,-0.7768797597545
3.68682894557116,0.889895744172744,-0.0932274413950404,-0.796668302777715
3.6869373498035,0.875551100262403,-0.0600181332603866,-0.815532967002028
3.68704575403585,0.860191073270938,-0.0267392152901552,-0.833451857980791
3.68715415826819,0.843833480829612,0.00657072711624424,-0.850404207945849
3.68726256250053,0.826497287621444,0.0398730535693681,-0.866370341190803
3.68733017576691,0.815197420612209,0.0606239997729977,-0.875821420385242
3.68739778903329,0.803529841993445,0.0813474234307011,-0.884877265424152
3.68746540229966,0.791499769594789,0.10203406671305,-0.893533836307821
3.68753301556604,0.779112622805474,0.122674598063823,-0.901787220869305
3.68762517485657,0.761663832123192,0.150716836586418,-0.912380668709607
3.6877173341471,0.743576552228879,0.178632822425445,-0.922209374654329
3.68777753399411,0.731423868195245,0.196789069476418,-0.928212937671686
3.68783773384111,0.719009634092836,0.214874836723215,-0.933884470816026
3.68789793368811,0.706338258515339,0.23288371216416,-0.939221970679496
3.68795813353511,0.693414274808463,0.250809241248078,-0.944223516056559
3.68803063379938,0.677520934695279,0.272277576621349,-0.949798511316617
3.68810313406365,0.661276116410375,0.293604665341646,-0.954880781751997
3.68817563432792,0.644688248363815,0.314779456125542,-0.959467704489342
3.68824813459219,0.627765946196885,0.335790939536173,-0.963556885733076
3.68832063485646,0.610517984362064,0.356628233608817,-0.967146217970843
3.68839313512073,0.592953317433996,0.37728050890082,-0.970233826334799
3.68848130244184,0.571179651999358,0.402130590945364,-0.973310242944719
3.68856946976295,0.548967734563559,0.426672235740563,-0.975639970304119
3.68865763708406,0.526334639214626,0.450886592028754,-0.977221231243365
3.68874580440517,0.503297741928236,0.474755057835163,-0.978052799763412
3.68883397172627,0.479874724711234,0.49825932436633,-0.978134049077576
3.68892213904738,0.456083558226536,0.521381347098193,-0.97746490532471
3.68901030636849,0.43194249776753,0.544103394997782,-0.976045892765312
3.6890984736896,0.407470062517832,0.56640802671048,-0.973878089228313
3.68918664101071,0.3826850291761,0.588278139022782,-0.970963168198893
3.68929504524313,0.351811310874978,0.614547222149933,-0.96635853302492
3.68940344947554,0.320529420930848,0.640103769940796,-0.960633190871658
3.68951185370796,0.288875738150879,0.664918053355836,-0.953793791506719
3.68962025794037,0.256886994896124,0.688961282921138,-0.945848277817241
3.68972866217279,0.224600314443589,0.712205545324436,-0.936805859768001
3.68983706640521,0.19205313558986,0.734623893899427,-0.926677029489284
3.68994547063762,0.159283218008669,0.75619030932261,-0.915473527331256
3.69005387487004,0.12632855713377,0.776879793703524,-0.903208350837301
3.69016227910245,0.0932273829466644,0.796668335074011,-0.889895718020677
3.69027068333487,0.0600180746273224,0.815532997603311,-0.875551072230653
3.69037908756729,0.0267391565426775,0.833451886846878,-0.860191043389519
3.6904874917997,-0.00657078590750884,0.850404235038457,-0.843833449130919
3.69059589603212,-0.0398731123338516,0.86637036647366,-0.826497254139773
3.69066350924143,-0.0606240409698605,0.875821436706204,-0.815197395736321
3.69073112245075,-0.0813474470866185,0.884877273441538,-0.803529826354904
3.69079873566006,-0.102034072878405,0.893533836690493,-0.791499763812044
3.69086634886938,-0.122674586812511,0.901787214296077,-0.779112627483556
3.69095850817287,-0.150716829306326,0.912380663819575,-0.761663834513196
3.69105066747636,-0.17863281908568,0.922209371234127,-0.743576552148396
3.69111086732764,-0.19678906742778,0.928212934688326,-0.731423867260577
3.69117106717891,-0.214874835955792,0.933884468222471,-0.719009632266661
3.69123126703019,-0.232883712666528,0.939221968428121,-0.70633825576156
3.69129146688146,-0.250809243007509,0.944223514099391,-0.693414271091845
3.69136396714341,-0.272277577670544,0.949798509100414,-0.677520931429845
3.69143646740535,-0.293604665688015,0.954880779307971,-0.661276113619913
3.6915089676673,-0.314779455777559,0.959467701848928,-0.644688246071361
3.69158146792925,-0.335790938503384,0.963556882927997,-0.627765944424558
3.69165396819119,-0.356628231901811,0.967146215033023,-0.610517983131198
3.69172646845314,-0.377280506531251,0.970233823296388,-0.592953316765107
3.69181463579427,-0.402130594185508,0.97331024052773,-0.571179646342213
3.69190280313539,-0.426672244446421,0.975639968169166,-0.548967723722749
3.69199097047651,-0.450886606043395,0.977221229049993,-0.526334623006595
3.69207913781764,-0.474755076989302,0.978052797170631,-0.503297720181306
3.69216730515876,-0.498259348478261,0.97813404574445,-0.47987469726616
3.69225547249989,-0.521381375974243,0.977464900910842,-0.456083524936591
3.69234363984101,-0.544103428432684,0.976045886931332,-0.431942458498603
3.69243180718213,-0.566408064487512,0.973878081636467,-0.407470017148938
3.69251997452326,-0.588278180914039,0.970963158513534,-0.38268497759947
3.69262837875574,-0.614547262903622,0.966358521479021,-0.351811258575366
3.69273678298822,-0.640103809506332,0.960633177473759,-0.320529367967422
3.6928451872207,-0.66491809168387,0.953793776267644,-0.288875684583769
3.69295359145318,-0.68896131996388,0.94584826074985,-0.25688694078592
3.69306199568566,-0.712205581035521,0.936805840887289,-0.224600259851774
3.69317039991814,-0.734623928233948,0.92667700881238,-0.192053080578424
3.69327880415062,-0.756190342237369,0.915473504877335,-0.159283162639959
3.6933872083831,-0.77687982515677,0.903208326627726,-0.126328501470921
3.69349561261558,-0.796668365025771,0.889895692078751,-0.0932273270529646
3.69360401684806,-0.815533026015294,0.875551044581731,-0.0600180185664415
3.69371242108054,-0.833451913682534,0.860191014061059,-0.0267391003784962
3.69382082531302,-0.850404260263116,0.843833418152098,0.00657084211101561
3.6939292295455,-0.866370390054438,0.826497221542083,0.0398731685123939
3.69399684269856,-0.875821451541448,0.8151973717069,0.0606240798345536
3.69406445585163,-0.884877280181058,0.803529811515279,0.0813474686658123
3.69413206900469,-0.893533835994608,0.791499758770733,0.102034077223875
3.69419968215775,-0.901787206835012,0.77911263283579,0.122674573999211
3.69429184144641,-0.912380655086294,0.761663843039862,0.150716812046441
3.69438400073508,-0.92220936148034,0.743576564045275,0.178632797435094
3.69444420061389,-0.928212928014823,0.731423873865964,0.196789054148913
3.6945044004927,-0.933884464327202,0.719009633337927,0.214874830989286
3.69456460037151,-0.939221967006138,0.70633825106191,0.232883715944246
3.69462480025031,-0.944223514843136,0.693414260390807,0.250809254452369
3.69469730051012,-0.949798509446067,0.677520921029325,0.272277588416736
3.69476980076992,-0.954880779283302,0.661276103544515,0.293604675738813
3.69484230102973,-0.959467701482148,0.644688236344975,0.314779465137185
3.69491480128953,-0.963556882247607,0.627765935070504,0.335790947177137
3.69498730154934,-0.967146214067813,0.610517974171967,0.3566282398959
3.69505980180914,-0.970233822075403,0.592953308222539,0.377280513852881
3.69514796914574,-0.973310238976327,0.571179638813781,0.402130600162614
3.69523613648234,-0.975639966363533,0.548967717256761,0.426672249106805
3.69532430381894,-0.977221227066728,0.52633461764899,0.450886609417769
3.69541247115554,-0.978052795086562,0.503297715975424,0.474755079111174
3.69550063849214,-0.978134043636637,0.479874694252562,0.498259349384065
3.69558880582874,-0.977464898856284,0.456083523152985,0.5213813757033
3.69567697316534,-0.976045885006941,0.431942457980002,0.544103427026921
3.69576514050193,-0.97387807991892,0.407470017927472,0.566408061991479
3.69585330783853,-0.970963157079222,0.382684979704284,0.588278177374954
3.69596171207101,-0.966358520232294,0.351811260753298,0.614547259478947
3.69607011630348,-0.960633176413625,0.320529370212406,0.640103806201254
3.69617852053595,-0.953793775393066,0.288875686889698,0.664918088503384
3.69628692476843,-0.945848260059483,0.256886943146676,0.688961316912779
3.6963953290009,-0.936805840379673,0.224600262261169,0.712205578118512
3.69650373323337,-0.926677008485804,0.192053083030302,0.734623925455508
3.69661213746585,-0.915473504729916,0.159283165127938,0.756190339601947
3.69672054169832,-0.903208326657215,0.12632850398865,0.776879822668552
3.6968289459308,-0.889895692282859,0.0932273295941286,0.796668362688729
3.69693735016327,-0.875551044957897,0.0600180211244882,0.815533023833384
3.69704575439574,-0.860191014606514,0.0267391029470833,0.83345191165942
3.69715415862822,-0.843833418863945,-0.0065708395383616,0.850404258402298
3.69726256286069,-0.826497222417058,-0.0398731659421769,0.866370388359218
3.69733017601456,-0.815197372544046,-0.0606240775182611,0.875821450062297
3.69739778916843,-0.803529812304327,-0.0813474666053408,0.884877278909683
3.6974654023223,-0.791499759501854,-0.1020340754205,0.893533834922359
3.69753301547617,-0.779112633499082,-0.122674572454049,0.901787205953131
3.69762517473703,-0.76166384916926,-0.150716802077073,0.91238065124633
3.69771733399788,-0.743576576019125,-0.178632779128533,0.922209355147663
3.69777753389995,-0.731423881403617,-0.196789042921351,0.928212924324962
3.69783773380201,-0.71900963623373,-0.214874826791537,0.93388446302529
3.69789793370408,-0.706338249115454,-0.232883718719424,0.93922196783489
3.69795813360615,-0.693414253406757,-0.25080926413634,0.944223517543095
3.69803063386613,-0.67752091389583,-0.272277598110682,0.949798512006504
3.69810313412611,-0.661276096262535,-0.293604685438462,0.954880781700975
3.69817563438609,-0.6446882289156,-0.314779474838214,0.959467703753828
3.69824813464607,-0.62776592749477,-0.335790956875401,0.963556884370161
3.69832063490605,-0.610517966451275,-0.356628249586977,0.967146216038203
3.69839313516603,-0.592953300358162,-0.377280523532468,0.970233823890642
3.69848130247811,-0.57117963694641,-0.402130602894293,0.973310239840691
3.69856946979019,-0.54896772163011,-0.426672245062165,0.975639966692303
3.69865763710227,-0.526334628492288,-0.450886598784248,0.977221227276539
3.69874580441435,-0.503297733503272,-0.474755062091608,0.97805279559487
3.69883397172643,-0.479874718664725,-0.498259326196246,0.97813404486096
3.69892213903851,-0.456083554633843,-0.521381346579914,0.977464901213744
3.69901030635059,-0.431942496698379,-0.544103392215014,0.97604588891338
3.69909847366267,-0.407470064036328,-0.566408021752208,0.973878085788504
3.69918664097476,-0.382685033340524,-0.588278131983148,0.97096316532365
3.69929504520716,-0.351811315184751,-0.614547215338237,0.966358530522951
3.69940344943956,-0.320529425374008,-0.640103763367283,0.960633188741284
3.69951185367196,-0.288875742715439,-0.664918047030401,0.953793789745795
3.69962025790437,-0.256886999569817,-0.688961276853373,0.945848276423181
3.69972866213677,-0.224600319214098,-0.712205539523738,0.936805858737823
3.69983706636917,-0.192053140444846,-0.734623888374714,0.926677028819533
3.69994547060157,-0.159283222935512,-0.756190304082634,0.91547352701813
3.70005387483398,-0.126328562119874,-0.776879788756645,0.903208350876513
3.70016227906638,-0.0932273879793762,-0.796668330428225,0.88989571840758
3.70027068329878,-0.0600180796936776,-0.815532993266412,0.875551072960072
3.70037908753118,-0.0267391616299797,-0.833451882826115,0.860191044456102
3.70048749176359,0.00657078081217977,-0.850404231340817,0.843833450528648
3.70059589599599,0.0398731072432908,-0.866370363105787,0.826497255862502
3.70066350920688,0.0606240363735655,-0.875821433763525,0.815197397389937
3.70073112241776,0.0813474429880804,-0.884877270907778,0.803529827919676
3.70079873562865,0.102034069280496,-0.89353383454901,0.791499765268486
3.70086634883954,0.122674583717387,-0.901787212529986,0.779112628812553
3.70095850808747,0.150716809379665,-0.912380656143473,0.76166384676377
3.7010506673354,0.178632782501072,-0.922209358577869,0.743576576076788
3.70111086723315,0.196789044990417,-0.928212927313708,0.731423882323275
3.70117106713091,0.214874827567144,-0.933884465620192,0.719009638053009
3.70123126702866,0.232883718213175,-0.939221970084013,0.70633825187079
3.70129146692641,0.250809262361097,-0.94422351949478,0.693414257133656
3.70136396718873,0.272277597051637,-0.949798514219035,0.67752091716737
3.70143646745106,0.293604685088111,-0.954880784142915,0.661276099054739
3.70150896771338,0.314779475188099,-0.959467706393409,0.644688231205278
3.70158146797571,0.335790957915766,-0.963556887175369,0.627765929259588
3.70165396823803,0.356628251307224,-0.967146218976834,0.610517967669628
3.70172646850036,0.377280525920754,-0.970233826930293,0.592953301009529
3.70181463579244,0.402130599677212,-0.973310242258837,0.571179642581606
3.70190280308452,0.426672236383596,-0.975639968827998,0.548967732444416
3.7019909703766,0.450886584800844,-0.97722122947008,0.526334644669203
3.70207913766868,0.474755042972518,-0.978052798186901,0.50329775521433
3.70216730496076,0.498259302123057,-0.978134048192148,0.479874746069058
3.70225547225284,0.521381317746069,-0.977464905624187,0.456083587878097
3.70234363954492,0.544103358825659,-0.976045894742228,0.431942535916565
3.70243180683701,0.566407984023838,-0.97387809337322,0.407470109349368
3.70251997412909,0.588278090143491,-0.970963174999621,0.382685084856096
3.70262837836143,0.614547174634744,-0.966358542057271,0.351811367422512
3.70273678259377,0.640103723850602,-0.960633202125247,0.32052947827464
3.7028451868261,0.66491800874973,-0.953793804968776,0.288875796218993
3.70295359105844,0.688961239856581,-0.945848293472264,0.256887053615648
3.70306199529078,0.71220550385703,-0.936805877598004,0.224600373740956
3.70317039952312,0.734623854082926,-0.926677049473728,0.192053195390786
3.70327880375546,0.756190271209009,-0.915473549447103,0.159283278238154
3.7033872079878,0.77687975734274,-0.903208375059067,0.126328617716293
3.70349561222014,0.796668300514042,-0.889895744320313,0.0932274438062452
3.70360401645247,0.815532964890164,-0.875551100577699,0.0600181356874925
3.70371242068481,0.833451856024305,-0.860191073751168,0.0267392177268605
3.70382082491715,0.850404206148184,-0.843833481471915,-0.00657072467624064
3.70392922914949,0.866370339555066,-0.826497288422688,-0.0398730511323811
3.70399684241654,0.875821418944003,-0.815197421396834,-0.0606239975471774
3.70406445568358,0.884877264170696,-0.803529842752878,-0.081347421417835
3.70413206895063,0.893533835235258,-0.791499770320415,-0.102034064914823
3.70419968221767,0.901787219970459,-0.779112623489092,-0.122674596481371
3.70429184148041,0.912380664854936,-0.76166383827144,-0.150716826583552
3.70438400074315,0.922209368309106,-0.743576564219973,-0.178632804089142
3.70444420061344,0.92821293397332,-0.731423875743121,-0.196789058230222
3.70450440048373,0.933884469509354,-0.719009636991431,-0.214874832517917
3.70456460035403,0.939221971506761,-0.706338256563928,-0.232883714942843
3.70462480022432,0.944223518757874,-0.693414267811426,-0.25080925094646
3.70469730048876,0.949798513877622,-0.677520927549817,-0.272277586327845
3.7047698007532,0.954880784169569,-0.661276109117431,-0.293604675052146
3.70484230101764,0.959467706760306,-0.644688240924567,-0.314779465835761
3.70491480128209,0.963556887854367,-0.627765938612364,-0.335790949242009
3.70498730154653,0.967146219939511,-0.610517976633687,-0.356628243305852
3.70505980181097,0.970233828147895,-0.59295330956317,-0.377280518584732
3.70514796910754,0.97331024380639,-0.571179650128928,-0.402130593677489
3.70523613640412,0.975639970629836,-0.548967738937275,-0.42667223169255
3.7053243037007,0.977221231450029,-0.526334650061975,-0.450886581388079
3.70541247099727,0.978052800268671,-0.50329775946398,-0.474755040804696
3.70550063829385,0.978134050299302,-0.479874749135241,-0.49825930116405
3.70558880559043,0.9774649076802,-0.4560835897233,-0.521381317956896
3.705676972887,0.976045896670635,-0.431942536505923,-0.544103360164726
3.70576514018358,0.973878095097862,-0.407470108650969,-0.56640798644688
3.70585330748016,0.97096317644456,-0.382685082840895,-0.588278093603675
3.7059617117125,0.966358543318144,-0.351811365335927,-0.614547177982182
3.70607011594484,0.960633203202922,-0.32052947612265,-0.640103727080296
3.70617852017719,0.953793805864324,-0.288875794007541,-0.664918011856776
3.70628692440953,0.945848294186943,-0.256887051350656,-0.688961242836338
3.70639532864188,0.936805878133415,-0.224600371428586,-0.712205506704823
3.70650373287422,0.926677049831567,-0.192053193037187,-0.734623856794372
3.70661213710656,0.915473549629257,-0.159283275849445,-0.756190273779819
3.70672054133891,0.903208375067594,-0.12632861529867,-0.776879759768911
3.70682894557125,0.889895744157602,-0.0932274413660586,-0.796668302791535
3.7069373498036,0.87555110024627,-0.060018133231079,-0.815532967015193
3.70704575403594,0.860191073253854,-0.026739215260551,-0.833451857993265
3.70715415826828,0.843833480811545,0.00657072714610725,-0.850404207957646
3.70726256250063,0.82649728760232,0.0398730535995455,-0.86637034120187
3.70733017576697,0.815197420598817,0.0606239997919322,-0.875821420390734
3.70739778903331,0.803529841986173,0.081347423438398,-0.884877265424561
3.70746540229965,0.791499769593901,0.102034066709689,-0.893533836303559
3.70753301556599,0.779112622811463,0.122674598049344,-0.901787220860817
3.70762517485649,0.761663832135303,0.150716836562859,-0.912380668698171
3.70771733414699,0.743576552247592,0.178632822392876,-0.922209374640445
3.70777753399403,0.731423868206954,0.196789069455062,-0.928212937662031
3.70783773384107,0.719009634097152,0.21487483671303,-0.933884470810163
3.70789793368811,0.706338258511961,0.232883712165039,-0.939221970677025
3.70795813353514,0.693414274797172,0.250809241259837,-0.944223516057007
3.70803063379939,0.677520934688438,0.272277576626867,-0.949798511315303
3.70810313406364,0.661276116408205,0.293604665341022,-0.954880781749189
3.70817563432789,0.644688248366494,0.314779456118839,-0.959467704485373
3.70824813459214,0.627765946204472,0.335790939523664,-0.96355688572815
3.70832063485639,0.610517984374807,0.356628233590494,-0.967146217965299
3.70839313512064,0.592953317452135,0.377280508876771,-0.970233826328922
3.70848130244168,0.571179652034567,0.402130590903001,-0.973310242937531
3.70856946976273,0.548967734616415,0.426672235680375,-0.975639970296793
3.70865763708377,0.526334639285783,0.450886591951252,-0.977221231237015
3.70874580440481,0.50329774201819,0.474755057740964,-0.978052799759146
3.70883397172585,0.479874724820623,0.49825932425598,-0.97813404907657
3.70892213904689,0.45608355835576,0.521381346972379,-0.977464905328116
3.70901030636794,0.431942497916992,0.544103394857217,-0.976045892774208
3.70909847368898,0.407470062687941,0.566408026555921,-0.973878089243845
3.70918664101002,0.382685029367156,0.588278138855017,-0.970963168222137
3.70929504524244,0.351811311068808,0.614547221986524,-0.966358533055346
3.70940344947485,0.320529421127199,0.640103769781952,-0.960633190909168
3.70951185370727,0.288875738349493,0.664918053201777,-0.953793791551264
3.70962025793969,0.256886995096789,0.688961282772039,-0.94584827786876
3.7097286621721,0.224600314646049,0.712205545180501,-0.93680585982651
3.70983706640452,0.192053135793898,0.734623893760745,-0.926677029554618
3.70994547063693,0.15928321821402,0.756190309189414,-0.915473527403423
3.71005387486935,0.126328557340205,0.77687979357598,-0.903208350916172
3.71016227910177,0.0932273831539205,0.796668334952225,-0.889895718106159
3.71027068333418,0.0600180748351688,0.815532997487452,-0.875551072322596
3.7103790875666,0.0267391567508623,0.83345188673704,-0.860191043487897
3.71048749179901,-0.00657078569923085,0.850404234934821,-0.843833449235572
3.71059589603143,-0.0398731121257389,0.866370366376362,-0.826497254250589
3.71066350924095,-0.0606240408238578,0.875821436640546,-0.81519739581666
3.71073112245046,-0.0813474470025618,0.884877273405101,-0.803529826402536
3.71079873565998,-0.102034072856087,0.893533836680934,-0.791499763824828
3.7108663488695,-0.122674586851729,0.901787214311036,-0.779112627459304
3.71095850817301,-0.150716829352236,0.912380663836044,-0.761663834483799
3.71105066747653,-0.178632819138173,0.922209371251729,-0.743576552113558
3.71111086732774,-0.1967890674614,0.928212934699058,-0.731423867237642
3.71117106717895,-0.214874835970532,0.933884468226916,-0.719009632256363
3.71123126703016,-0.232883712662536,0.939221968426961,-0.706338255764414
3.71129146688137,-0.250809242984994,0.944223514093325,-0.693414271108343
3.71136396714337,-0.272277577661958,0.949798509098431,-0.677520931436437
3.71143646740536,-0.293604665693141,0.954880779309401,-0.661276113616222
3.71150896766735,-0.314779455796261,0.959467701853081,-0.64468824605679
3.71158146792935,-0.335790938535494,0.963556882934257,-0.627765944398713
3.71165396819134,-0.356628231947009,0.967146215040769,-0.610517983093746
3.71172646845333,-0.377280506589327,0.970233823304912,-0.592953316715546
3.71181463579446,-0.402130594244668,0.973310240534868,-0.571179646290182
3.71190280313559,-0.426672244506534,0.975639968174701,-0.548967723668179
3.71199097047672,-0.450886606104519,0.977221229053884,-0.526334622949354
3.71207913781786,-0.474755077051236,0.978052797172756,-0.503297720121512
3.71216730515899,-0.498259348540881,0.978134045744691,-0.479874697203823
3.71225547250012,-0.521381376037496,0.977464900909143,-0.456083524871599
3.71234363984125,-0.544103428496511,0.976045886927542,-0.431942458431004
3.71243180718238,-0.566408064551724,0.973878081630505,-0.407470017078746
3.71251997452351,-0.588278180978565,0.970963158505235,-0.382684977526659
3.71262837875599,-0.614547262966378,0.966358521468211,-0.351811258501818
3.71273678298846,-0.640103809567156,0.960633177460464,-0.320529367893315
3.71284518722094,-0.66491809174277,0.953793776251937,-0.288875684509114
3.71295359145342,-0.688961320020829,0.94584826073161,-0.256886940710804
3.7130619956859,-0.712205581090402,0.936805840866691,-0.224600259776266
3.71317039991838,-0.73462392828672,0.926677008789468,-0.192053080502718
3.71327880415086,-0.756190342288061,0.915473504852119,-0.15928316256406
3.71338720838334,-0.776879825205309,0.903208326600263,-0.126328501394909
3.71349561261582,-0.796668365072117,0.889895692049033,-0.0932273269769125
3.7136040168483,-0.815533026059434,0.875551044549859,-0.0600180184904319
3.71371242108078,-0.833451913724388,0.860191014027102,-0.0267391003027058
3.71382082531326,-0.85040426030269,0.843833418116153,0.0065708421865438
3.71392922954574,-0.86637039009171,0.826497221504109,0.0398731685876102
3.71399684269872,-0.875821451565906,0.815197371681774,0.060624079884162
3.7140644558517,-0.884877280193757,0.803529811503817,0.0813474686899492
3.71413206900468,-0.893533835996475,0.791499758774001,0.102034077222485
3.71419968215766,-0.901787206827039,0.779112632854495,0.122674573972537
3.71429184144629,-0.912380655075646,0.761663843065295,0.150716812010364
3.71438400073492,-0.922209361467546,0.743576564077818,0.17863279738976
3.71444420061379,-0.928212928008476,0.731423873887472,0.196789054121037
3.71450440049265,-0.933884464326623,0.719009633347957,0.214874830978701
3.71456460037152,-0.939221967010727,0.70633825105992,0.232883715950825
3.71462480025039,-0.944223514852265,0.693414260376342,0.250809254475949
3.71469730051019,-0.94979850945474,0.677520921014482,0.27227758844027
3.71476980077,-0.954880779291548,0.661276103529396,0.293604675762162
3.7148423010298,-0.959467701489872,0.644688236329526,0.314779465160372
3.71491480128961,-0.963556882254827,0.627765935054711,0.335790947200144
3.71498730154941,-0.967146214074562,0.610517974155832,0.356628239918754
3.71505980180922,-0.970233822081676,0.592953308206061,0.377280513875618
3.71514796914582,-0.973310238982295,0.571179638794348,0.402130600187955
3.71523613648243,-0.975639966369034,0.548967717234467,0.426672249134579
3.71532430381904,-0.977221227071614,0.5263346176237,0.450886609447919
3.71541247115565,-0.978052795090596,0.503297715946909,0.474755079143715
3.71550063849226,-0.978134043639659,0.479874694220855,0.498259349418817
3.71558880582887,-0.977464898858168,0.456083523118006,0.521381375740147
3.71567697316548,-0.976045885007451,0.43194245794172,0.544103427065746
3.71576514050209,-0.97387807991796,0.407470017885835,0.566408062032141
3.7158533078387,-0.970963157076642,0.382684979659267,0.588278177417346
3.71596171207117,-0.966358520227912,0.351811260707496,0.614547259520408
3.71607011630364,-0.960633176407625,0.320529370166033,0.640103806241599
3.71617852053612,-0.95379377538541,0.2888756868428,0.66491808854261
3.71628692476859,-0.945848260050131,0.256886943099284,0.688961316950868
3.71639532900106,-0.936805840368708,0.224600262213324,0.712205578155386
3.71650373323354,-0.926677008473154,0.192053082981969,0.734623925491202
3.71661213746601,-0.915473504715639,0.159283165079354,0.756190339636312
3.71672054169849,-0.903208326641378,0.1263285039398,0.776879822701573
3.71682894593096,-0.889895692265438,0.0932273295450107,0.796668362720422
3.71693735016343,-0.875551044938892,0.0600180210752605,0.815533023863677
3.71704575439591,-0.860191014585995,0.026739102897692,0.833451911688278
3.71715415862838,-0.843833418841943,-0.00657083958772491,0.850404258429651
3.71726256286085,-0.826497222393615,-0.03987316599148,0.866370388385139
3.71733017601469,-0.81519737252481,-0.0606240775583114,0.875821450083129
3.71739778916853,-0.803529812289772,-0.0813474666359907,0.88487727892572
3.71746540232237,-0.79149975949215,-0.10203407544189,0.893533834934036
3.71753301547621,-0.779112633494591,-0.122674572466153,0.901787205960769
3.71762517473711,-0.761663849157315,-0.150716802100413,0.912380651257709
3.717717333998,-0.743576575999349,-0.178632779162849,0.922209355162187
3.71777753390001,-0.73142388139379,-0.196789042940062,0.928212924333859
3.71783773380203,-0.719009636234411,-0.214874826794698,0.93388446302912
3.71789793370404,-0.706338249126919,-0.23288371870728,0.939221967834193
3.71795813360606,-0.693414253429518,-0.250809264109005,0.944223517538512
3.71803063386608,-0.677520913910194,-0.272277598095233,0.94979851200541
3.7181031341261,-0.661276096268143,-0.29360468543479,0.954880781702902
3.71817563438612,-0.64468822891206,-0.314779474846141,0.959467703758223
3.71824813464614,-0.627765927481716,-0.335790956894741,0.963556884376453
3.71832063490616,-0.610517966428271,-0.35662824961759,0.967146216045874
3.71839313516618,-0.592953300324938,-0.377280523574118,0.970233823899054
3.71848130247829,-0.571179636905256,-0.402130602943481,0.973310239848739
3.7185694697904,-0.548967721580736,-0.426672245118691,0.975639966699403
3.71865763710251,-0.526334628434449,-0.450886598847843,0.977221227282264
3.71874580441462,-0.50329773343684,-0.474755062161912,0.978052795598741
3.71883397172673,-0.479874718589352,-0.498259326273111,0.978134044862459
3.71892213903884,-0.456083554549467,-0.521381346662904,0.977464901212384
3.71901030635095,-0.431942496604839,-0.544103392303868,0.976045888908706
3.71909847366306,-0.407470063933452,-0.566408021846612,0.973878085780006
3.71918664097516,-0.382685033228172,-0.588278132082683,0.97096316531083
3.71929504520757,-0.351811315071172,-0.61454721543485,0.966358530505988
3.71940344943997,-0.320529425259352,-0.64010376346083,0.960633188720149
3.71951185367237,-0.288875742599844,-0.664918047120779,0.953793789720627
3.71962025790477,-0.256886999453379,-0.688961276940588,0.945848276393974
3.71972866213717,-0.224600319097082,-0.712205539607601,0.936805858704666
3.71983706636957,-0.192053140327284,-0.734623888455214,0.926677028782481
3.71994547060197,-0.159283222817577,-0.756190304159673,0.915473526977263
3.72005387483438,-0.126328562001766,-0.776879788830154,0.903208350831893
3.72016227906678,-0.0932273878611243,-0.796668330498159,0.889895718359243
3.72027068329918,-0.0600180795755948,-0.815532993332653,0.875551072908227
3.72037908753158,-0.0267391615121493,-0.833451882888632,0.860191044400753
3.72048749176398,0.00657078092969005,-0.850404231399584,0.843833450469882
3.72059589599638,0.0398731073603131,-0.866370363160777,0.826497255800431
3.72066350920715,0.0606240364532984,-0.87582143379961,0.815197397346286
3.72073112241791,0.0813474430305403,-0.884877270926401,0.803529827895825
3.72079873562868,0.102034069285811,-0.893533834551556,0.791499765265713
3.72086634883945,0.122674583685708,-0.901787212517918,0.779112628832161
3.7209585080874,0.150716809355036,-0.912380656134708,0.761663846779648
3.72105066733536,0.178632782483414,-0.922209358572019,0.743576576088586
3.72111086723312,0.19678904497657,-0.928212927309381,0.731423882332777
3.72117106713088,0.214874827557187,-0.93388446561719,0.719009638059961
3.72123126702865,0.232883718207058,-0.939221970082174,0.706338251875107
3.72129146692641,0.250809262358756,-0.944223519494073,0.693414257135298
3.72136396718871,0.272277597040383,-0.949798514216045,0.677520917175638
3.721436467451,0.293604685068028,-0.954880784138079,0.661276099070021
3.72150896771329,0.31477947515928,-0.959467706387129,0.644688231227824
3.72158146797559,0.335790957878485,-0.963556887168106,0.627765929289613
3.72165396823788,0.356628251261559,-0.967146218969027,0.610517967707457
3.72172646850018,0.377280525866897,-0.970233826922288,0.592953301055369
3.72181463579224,0.402130599619191,-0.973310242251808,0.571179642632603
3.72190280308431,0.426672236321534,-0.975639968822268,0.548967732500709
3.72199097037637,0.450886584734968,-0.977221229465838,0.526334644730878
3.72207913766844,0.474755042903025,-0.978052798184522,0.503297755281461
3.7221673049605,0.498259302050143,-0.978134048191932,0.479874746141751
3.72225547225257,0.521381317669884,-0.97746490562641,0.456083587956492
3.72234363954463,0.544103358746427,-0.976045894747121,0.431942536000676
3.72243180683669,0.566407983941844,-0.973878093381121,0.40747010943926
3.72251997412876,0.588278090058952,-0.970963175010775,0.382685084951825
3.7226283783611,0.614547174552379,-0.966358542071817,0.351811367519447
3.72273678259344,0.640103723770482,-0.960633202143193,0.320529478372702
3.72284518682577,0.664918008671923,-0.953793804990118,0.288875796318186
3.72295359105811,0.688961239781121,-0.945848293496939,0.256887053715815
3.72306199529045,0.712205503784075,-0.936805877626014,0.224600373841962
3.72317039952279,0.734623854012563,-0.926677049505059,0.192053195492503
3.72327880375513,0.756190271141262,-0.915473549481698,0.159283278340387
3.72338720798747,0.77687975727779,-0.903208375096801,0.126328617818981
3.72349561221981,0.796668300451854,-0.889895744361187,0.0932274439092906
3.72360401645215,0.815532964830814,-0.875551100621724,0.0600181357908879
3.72371242068448,0.833451855967828,-0.860191073798283,0.0267392178304232
3.72382082491682,0.850404206094676,-0.843833481522065,-0.00657072457263414
3.72392922914916,0.866370339504618,-0.826497288475769,-0.0398730510288649
3.72399684241632,0.875821418910882,-0.815197421432597,-0.0606239974783383
3.72406445568348,0.884877264153689,-0.803529842769952,-0.0813474213837138
3.72413206895064,0.893533835232913,-0.791499770317695,-0.102034064915182
3.72419968221779,0.901787219981471,-0.779112623465405,-0.122674596516093
3.72429184148053,0.912380664865211,-0.761663838246392,-0.15071682661882
3.72438400074327,0.922209368318565,-0.743576564193689,-0.178632804124886
3.72444420061352,0.928212933977483,-0.731423875725863,-0.196789058251633
3.72450440048377,0.933884469508753,-0.719009636983828,-0.214874832524954
3.72456460035401,0.939221971501947,-0.706338256566228,-0.232883714935729
3.72462480022426,0.944223518749338,-0.693414267824063,-0.250809250925274
3.72469730048874,0.949798513872326,-0.677520927554305,-0.272277586318032
3.72476980075322,0.954880784167008,-0.661276109113442,-0.293604675053601
3.7248423010177,0.959467706759946,-0.644688240911632,-0.314779465848321
3.72491480128217,0.963556887855674,-0.627765938590254,-0.335790949265424
3.72498730154665,0.967146219941966,-0.610517976601992,-0.356628243339976
3.72505980181113,0.970233828150969,-0.592953309521595,-0.377280518629363
3.72514796910778,0.973310243810191,-0.571179650069251,-0.40213059374094
3.72523613640443,0.975639970633169,-0.548967738858839,-0.426672231774327
3.72532430370107,0.977221231451741,-0.526334649964141,-0.450886581487636
3.72541247099772,0.978052800267582,-0.503297759346238,-0.474755040921335
3.72550063829436,0.978134050294173,-0.479874748997039,-0.49825930129714
3.72558880559101,0.977464907669919,-0.456083589564176,-0.521381318105739
3.72567697288765,0.976045896654022,-0.43194253632541,-0.544103360328599
3.7257651401843,0.973878095073717,-0.407470108448769,-0.566407986624967
3.72585330748095,0.97096317641173,-0.382685082616584,-0.58827809379517
3.72596171171329,0.966358543277236,-0.351811365109034,-0.614547178168185
3.72607011594563,0.960633203154011,-0.320529475893385,-0.64010372726062
3.72617852017797,0.953793805807504,-0.288875793776285,-0.664918012031191
3.72628692441031,0.945848294122326,-0.256887051117707,-0.688961243004599
3.72639532864266,0.936805878061026,-0.224600371194143,-0.712205506866878
3.726503732875,0.926677049751528,-0.192053192801494,-0.734623856950048
3.72661213710734,0.915473549541742,-0.159283275612773,-0.756190273928962
3.72672054133968,0.903208374972778,-0.126328615061478,-0.776879759911284
3.72682894557203,0.889895744055544,-0.0932274411285085,-0.796668302927069
3.72693734980437,0.875551100137192,-0.0600181329934044,-0.815532967143802
3.72704575403671,0.860191073137788,-0.0267392150230082,-0.833451858114791
3.72715415826905,0.843833480688772,0.00657072738314658,-0.850404208071928
3.72726256250139,0.82649728747302,0.0398730538357877,-0.866370341308811
3.72733017576751,0.815197420502721,0.0606239999603664,-0.875821420463099
3.72739778903363,0.803529841925717,0.0813474235391407,-0.884877265464853
3.72746540229975,0.791499769571505,0.102034066742857,-0.893533836314338
3.72753301556587,0.779112622829383,0.122674598015369,-0.901787220844727
3.72762517485639,0.761663832152004,0.150716836532281,-0.912380668684268
3.7277173341469,0.743576552262847,0.17863282236572,-0.922209374628548
3.72777753399397,0.731423868215136,0.196789069439026,-0.928212937654145
3.72783773384105,0.719009634097926,0.214874836708064,-0.933884470806001
3.72789793368812,0.706338258505015,0.232883712171081,-0.939221970676098
3.7279581335352,0.693414274782087,0.250809241276873,-0.944223516058951
3.72803063379945,0.677520934671282,0.27227757664622,-0.949798511317508
3.72810313406371,0.661276116388899,0.293604665362621,-0.954880781751531
3.72817563432797,0.644688248345015,0.314779456142638,-0.959467704487649
3.72824813459223,0.627765946180824,0.335790939549525,-0.963556885730353
3.72832063485649,0.610517984348847,0.356628233618412,-0.967146217967296
3.72839313512074,0.592953317423876,0.37728050890671,-0.970233826330563
3.72848130244182,0.571179651997823,0.402130590941514,-0.973310242939307
3.72856946976289,0.548967734570857,0.426672235727269,-0.975639970298107
3.72865763708397,0.526334639231182,0.45088659200624,-0.977221231237406
3.72874580440504,0.503297741954295,0.474755057803704,-0.978052799757984
3.72883397172611,0.479874724747163,0.498259324326187,-0.978134049073346
3.72892213904719,0.456083558272517,0.521381347049781,-0.977464905322265
3.72901030636826,0.431942497823792,0.544103394941448,-0.976045892765217
3.72909847368934,0.407470062584652,0.566408026646554,-0.973878089231198
3.72918664101041,0.382685029253599,0.5882781389517,-0.970963168205315
3.72929504524283,0.351811310954117,0.614547222080385,-0.966358533034499
3.72940344947524,0.320529421011402,0.640103769872953,-0.960633190884332
3.72951185370765,0.288875738232823,0.664918053289766,-0.953793791522609
3.72962025794007,0.256886994979373,0.688961282856949,-0.945848277836321
3.72972866217248,0.224600314528039,0.712205545262242,-0.936805859790257
3.7298370664049,0.192053135675444,0.734623893839301,-0.926677029514739
3.72994547063731,0.159283218095176,0.756190309264671,-0.915473527359848
3.73005387486973,0.126328557221253,0.776879793647859,-0.903208350869085
3.73016227910214,0.0932273830349745,0.796668335020628,-0.88989571805561
3.73027068333456,0.0600180747162451,0.815532997552445,-0.875551072268674
3.73037908756697,0.0267391566321633,0.833451886798505,-0.860191043430619
3.73048749179939,-0.00657078581765102,0.850404234992721,-0.843833449175051
3.7305958960318,-0.0398731122435841,0.866370366430595,-0.826497254187033
3.7306635092412,-0.0606240409039657,0.87582143667585,-0.815197395771863
3.73073112245059,-0.0813474470451325,0.884877273422912,-0.803529826377784
3.73079873565998,-0.102034072861207,0.893533836682712,-0.791499763821496
3.73086634886938,-0.122674586819476,0.901787214298225,-0.779112627478729
3.73095850817277,-0.150716829284106,0.912380663811058,-0.761663834526932
3.73105066747617,-0.178632819034635,0.922209371216601,-0.743576552181918
3.73111086732751,-0.196789067396959,0.928212934678309,-0.73142386728135
3.73117106717885,-0.21487483594496,0.933884468219199,-0.719009632274236
3.73123126703019,-0.232883712675544,0.939221968430827,-0.706338255755285
3.73129146688153,-0.250809243036198,0.944223514107388,-0.693414271071169
3.73136396714351,-0.27227757770836,0.949798509110257,-0.67752093140188
3.73143646740549,-0.293604665734855,0.954880779319211,-0.661276113584318
3.73150896766747,-0.314779455833198,0.959467701861052,-0.644688246027848
3.73158146792945,-0.335790938567818,0.963556882940661,-0.627765944372785
3.73165396819143,-0.356628231974766,0.967146215045795,-0.610517983070972
3.7317264684534,-0.377280506612549,0.970233823308726,-0.592953316696192
3.73181463579449,-0.402130594255929,0.97331024053681,-0.571179646280879
3.73190280313558,-0.426672244506161,0.975639968175498,-0.548967723669332
3.73199097047667,-0.450886606092715,0.977221229054239,-0.526334622961513
3.73207913781776,-0.474755077028428,0.978052797173346,-0.503297720144887
3.73216730515885,-0.498259348507493,0.978134045746232,-0.47987469723871
3.73225547249993,-0.521381375993868,0.97746490091236,-0.45608352491846
3.73234363984102,-0.54410342844305,0.976045886933131,-0.431942458490096
3.73243180718211,-0.56640806448881,0.973878081639215,-0.407470017150379
3.7325199745232,-0.588278180906782,0.97096315851772,-0.382684977610946
3.73262837875568,-0.614547262897288,0.966358521483747,-0.351811258586421
3.73273678298817,-0.640103809500965,0.960633177478874,-0.320529367977905
3.73284518722065,-0.664918091679492,0.953793776273113,-0.288875684593618
3.73295359145313,-0.688961319960391,0.945848260755589,-0.2568869407952
3.73306199568561,-0.7122055810329,0.936805840893329,-0.224600259860393
3.7331703999181,-0.734623928232207,0.926677008818542,-0.192053080586329
3.73327880415058,-0.756190342236437,0.915473504883702,-0.159283162647211
3.73338720838306,-0.776879825156659,0.903208326634114,-0.126328501477437
3.73349561261555,-0.796668365026386,0.889895692085187,-0.0932273270587839
3.73360401684803,-0.815533026016702,0.875551044588121,-0.0600180185713839
3.73371242108051,-0.833451913684627,0.860191014067307,-0.0267391003826701
3.733820825313,-0.850404260265834,0.84383341815827,0.00657084210756964
3.73392922954548,-0.866370390057801,0.826497221547957,0.0398731685098475
3.73399684269854,-0.875821451545128,0.815197371712706,0.0606240798324516
3.73406445585161,-0.884877280185066,0.803529811520913,0.0813474686641817
3.73413206900467,-0.893533835998947,0.791499758776235,0.102034077222726
3.73419968215773,-0.901787206839592,0.779112632841096,0.122674573998528
3.73429184144635,-0.912380655085493,0.761663843055059,0.150716812030434
3.73438400073496,-0.922209361474911,0.74357656407104,0.178632797403899
3.73444420061381,-0.928212928013929,0.731423873884168,0.196789054129738
3.73450440049266,-0.933884464330325,0.719009633348212,0.214874830982099
3.7345646003715,-0.939221967012885,0.706338251064016,0.232883715948891
3.73462480025035,-0.944223514853097,0.693414260384327,0.250809254468806
3.73469730051016,-0.94979850945556,0.677520921023183,0.272277588432394
3.73476980076996,-0.954880779292446,0.661276103538783,0.293604675753612
3.73484230102976,-0.959467701490879,0.644688236339733,0.314779465151133
3.73491480128956,-0.963556882255994,0.627765935065711,0.335790947190303
3.73498730154937,-0.967146214075884,0.610517974167658,0.356628239908233
3.73505980180917,-0.970233822083186,0.59295330821881,0.377280513864379
3.73514796914571,-0.973310238982164,0.571179638824315,0.402130600157871
3.73523613648225,-0.975639966368329,0.548967717282276,0.426672249086088
3.73532430381879,-0.977221227071543,0.526334617689893,0.450886609381647
3.73541247115533,-0.978052795092349,0.503297716032241,0.474755079060122
3.73550063849187,-0.978134043644359,0.479874694325785,0.498259349318577
3.73558880582841,-0.977464898866954,0.456083523242933,0.521381375624011
3.73567697316495,-0.976045885021486,0.431942458087227,0.544103426934289
3.7357651405015,-0.973878079938409,0.4074700180522,0.566408061886221
3.73585330783804,-0.970963157104591,0.382684979846886,0.588278177257723
3.73596171207051,-0.966358520262568,0.351811260896788,0.614547259365792
3.73607011630299,-0.960633176448817,0.320529370356603,0.640103806092216
3.73617852053547,-0.953793775433048,0.288875687034415,0.664918088398613
3.73628692476795,-0.945848260104114,0.256886943291829,0.688961316812305
3.73639532900042,-0.936805840428846,0.224600262406417,0.71220557802245
3.7365037332329,-0.926677008539396,0.1920530831755,0.73462392536391
3.73661213746538,-0.915473504787768,0.159283165273016,0.756190339514789
3.73672054169785,-0.903208326719215,0.126328504133271,0.77687982258595
3.73682894593033,-0.889895692348926,0.0932273297381788,0.796668362610736
3.73693735016281,-0.875551045027837,0.0600180212678723,0.815533023759988
3.73704575439529,-0.860191014680246,0.0267391030896108,0.833451911590646
3.73715415862776,-0.843833418941293,-0.00657083939689037,0.850404258338194
3.73726256286024,-0.826497222497885,-0.0398731658019247,0.866370388299792
3.73733017601425,-0.815197372604084,-0.0606240774201365,0.875821450024218
3.73739778916825,-0.803529812342119,-0.0813474665492576,0.884877278891352
3.73746540232226,-0.791499759515865,-0.102034075406352,0.893533834922201
3.73753301547627,-0.779112633487885,-0.122674572481638,0.901787205969519
3.73762517473716,-0.761663849150742,-0.150716802114984,0.912380651265724
3.73771733399805,-0.743576575992935,-0.178632779176486,0.92220935516945
3.73777753390005,-0.731423881389668,-0.196789042950012,0.928212924339697
3.73783773380205,-0.719009636232568,-0.214874826801113,0.933884463033649
3.73789793370405,-0.706338249127498,-0.232883718710097,0.939221967837588
3.73795813360606,-0.69341425343267,-0.250809264108215,0.944223517540892
3.73803063386601,-0.677520913928462,-0.272277598074336,0.949798512002801
3.73810313412596,-0.661276096302141,-0.29360468539405,0.954880781696194
3.73817563438592,-0.644688228962357,-0.31477947478596,0.959467703748332
3.73824813464587,-0.62776592754895,-0.3357909568154,0.963556884364362
3.73832063490582,-0.610517966513106,-0.356628249519383,0.967146216032459
3.73839313516577,-0.592953300427895,-0.377280523457489,0.970233823885354
3.73848130247783,-0.571179637024422,-0.402130602812336,0.97331023983672
3.73856946978988,-0.548967721716728,-0.426672244973382,0.975639966690097
3.73865763710193,-0.526334628587708,-0.450886598688947,0.977221227276632
3.73874580441398,-0.503297733607748,-0.474755061990017,0.978052795597742
3.73883397172603,-0.479874718778318,-0.49825932608881,0.978134044867104
3.73892213903809,-0.45608355475678,-0.521381346466832,0.9774649012236
3.73901030635014,-0.431942496830771,-0.544103392096683,0.976045888927462
3.73909847366219,-0.407470064178359,-0.566408021628921,0.973878085807293
3.73918664097424,-0.382685033492174,-0.588278131855378,0.970963165347538
3.73929504520665,-0.351811315337841,-0.614547215214266,0.966358530552098
3.73940344943905,-0.320529425528319,-0.640103763247225,0.960633188775529
3.73951185367146,-0.28887574287064,-0.664918046914462,0.953793789785097
3.73962025790386,-0.256886999725845,-0.688961276741599,0.945848276467416
3.73972866213627,-0.224600319370804,-0.712205539416176,0.936805858786936
3.73983706636867,-0.19205314060206,-0.734623888271471,0.926677028873513
3.73994547060108,-0.159283223092885,-0.756190303983858,0.915473527076728
3.74005387483348,-0.126328562277334,-0.77687978866236,0.903208350939656
3.74016227906589,-0.0932273881367098,-0.796668330338483,0.889895718475178
3.74027068329829,-0.0600180798507437,-0.815532993181297,0.875551073032038
3.7403790875307,-0.0267391617865756,-0.833451882745687,0.860191044532236
3.7404874917631,0.00657078065619467,-0.850404231265148,0.843833450608936
3.74059589599551,0.0398731070881096,-0.866370363034902,0.826497255946745
3.74066350920655,0.0606240362678271,-0.875821433717396,0.815197397449586
3.7407311224176,0.0813474429318017,-0.884877270884614,0.803529827952812
3.74079873562865,0.102034069273438,-0.893533834546899,0.791499765273432
3.7408663488397,0.12267458375935,-0.901787212547008,0.779112628787642
3.74095850808769,0.150716809438576,-0.912380656165458,0.761663846726887
3.74105066733568,0.178632782576732,-0.922209358603867,0.743576576027132
3.74111086723333,0.196789045035136,-0.928212927328334,0.731423882293174
3.74117106713098,0.21487482758131,-0.933884465624561,0.719009638043224
3.74123126702862,0.232883718196965,-0.939221970079272,0.706338251882267
3.74129146692627,0.250809262314759,-0.944223519482115,0.693414257167324
3.74136396718854,0.27227759698849,-0.94979851420298,0.677520917214457
3.74143646745081,0.293604685008378,-0.954880784124263,0.66127609911586
3.74150896771308,0.314779475092043,-0.959467706372988,0.644688231280926
3.74158146797534,0.335790957803777,-0.96355688715401,0.627765929350236
3.74165396823761,0.356628251179581,-0.967146218955342,0.610517967775756
3.74172646849988,0.377280525777826,-0.970233826909462,0.592953301131611
3.74181463579191,0.402130599523831,-0.97331024224073,0.571179642716858
3.74190280308395,0.426672236220132,-0.975639968813386,0.548967732593197
3.74199097037599,0.45088658462781,-0.977221229459627,0.526334644831804
3.74207913766803,0.474755042790314,-0.97805279818139,0.503297755391056
3.74216730496007,0.498259301932215,-0.97813404819234,0.479874746260114
3.74225547225211,0.52138131754709,-0.977464905630814,0.456083588083711
3.74234363954414,0.544103358619011,-0.976045894755992,0.431942536136948
3.74243180683618,0.566407983810219,-0.973878093394885,0.407470109584648
3.74251997412822,0.588278089923445,-0.970963175029832,0.382685085106338
3.74262837836056,0.614547174421249,-0.966358542096256,0.351811367675017
3.74273678259291,0.640103723643749,-0.960633202172984,0.320529478529223
3.74284518682525,0.664918008549739,-0.953793805025049,0.288875796475301
3.74295359105759,0.688961239663577,-0.945848293536939,0.25688705387336
3.74306199528993,0.71220550367122,-0.936805877670965,0.224600373999756
3.74317039952227,0.734623853904407,-0.926677049554869,0.19205319565043
3.74327880375462,0.75619027103798,-0.915473549536184,0.159283278498224
3.74338720798696,0.77687975717937,-0.903208375155878,0.126328617976497
3.7434956122193,0.79666830035839,-0.889895744424705,0.0932274440663022
3.74360401645164,0.815532964742338,-0.875551100689456,0.0600181359471059
3.74371242068399,0.833451855884342,-0.860191073870185,0.0267392179858172
3.74382082491633,0.85040420601619,-0.843833481597941,-0.0065707244182814
3.74392922914867,0.866370339431218,-0.826497288555471,-0.0398730508757458
3.74399684241598,0.875821418861216,-0.815197421489089,-0.0606239973721604
3.74406445568329,0.884877264125902,-0.803529842801643,-0.0813474213242568
3.7441320689506,0.893533835225262,-0.791499770322904,-0.102034064902408
3.74419968221791,0.901787219992236,-0.77911262344241,-0.12267459654985
3.74429184148077,0.912380664887611,-0.761663838200729,-0.150716826686866
3.74438400074362,0.922209368350559,-0.743576564123889,-0.178632804226696
3.74444420061373,0.928212933994823,-0.731423875681418,-0.19678905831343
3.74450440048385,0.933884469512862,-0.719009636965831,-0.214874832547081
3.74456460035396,0.939221971494319,-0.706338256575852,-0.232883714918436
3.74462480022408,0.944223518731404,-0.693414267862457,-0.250809250868949
3.74469730048854,0.949798513854557,-0.677520927596806,-0.272277586257795
3.74476980075301,0.954880784149577,-0.661276109160157,-0.293604674989436
3.74484230101747,0.959467706743112,-0.644688240962729,-0.314779465780385
3.74491480128193,0.963556887839613,-0.62776593864582,-0.335790949193837
3.7449873015464,0.967146219926896,-0.610517976662081,-0.356628243264819
3.74505980181086,0.970233828137077,-0.592953309586408,-0.377280518550712
3.74514796910746,0.973310243797128,-0.571179650147138,-0.402130593649995
3.74523613640406,0.975639970621733,-0.548967738950243,-0.426672231671512
3.74532430370066,0.977221231442757,-0.52633465006952,-0.450886581373269
3.74541247099726,0.978052800261803,-0.503297759465839,-0.474755040795998
3.74550063829386,0.978134050292497,-0.479874749131195,-0.49825930116131
3.74558880559046,0.977464907673044,-0.456083589713233,-0.521381317959838
3.74567697288705,0.976045896662813,-0.431942536489624,-0.544103360173181
3.74576514018365,0.973878095088927,-0.407470108628247,-0.566407986460703
3.74585330748025,0.970963176434217,-0.382685082811677,-0.588278093622546
3.74596171171259,0.966358543306959,-0.351811365307578,-0.614547177999413
3.74607011594493,0.960633203191092,-0.3205294760952,-0.640103727095871
3.74617852017727,0.953793805851838,-0.28887579398108,-0.664918011870799
3.74628692440961,0.945848294174038,-0.256887051325359,-0.688961242848697
3.74639532864195,0.936805878120064,-0.224600371404428,-0.712205506715643
3.74650373287429,0.926677049817943,-0.192053193014203,-0.734623856803735
3.74661213710663,0.915473549615415,-0.159283275827658,-0.756190273787762
3.74672054133897,0.903208375053674,-0.126328615278215,-0.776879759775448
3.74682894557131,0.889895744143693,-0.0932274413469019,-0.796668302796784
3.74693734980365,0.875551100232441,-0.0600181332132397,-0.815532967019222
3.74704575403599,0.860191073240122,-0.0267392152440347,-0.833451857996073
3.74715415826833,0.84383348079803,0.00657072716135338,-0.850404207959392
3.74726256250067,0.826497287589228,0.0398730536133826,-0.866370341202602
3.74733017576699,0.815197420588908,0.060623999799615,-0.875821420388514
3.74739778903331,0.803529841979596,0.0813474234400108,-0.884877265419607
3.74746540229963,0.791499769590968,0.102034066705188,-0.893533836296159
3.74753301556595,0.779112622812312,0.122674598038826,-0.901787220851152
3.74762517485643,0.761663832140585,0.150716836545881,-0.912380668686449
3.74771733414691,0.743576552257552,0.178632822369569,-0.922209374627101
3.74777753399398,0.731423868211335,0.196789069440596,-0.928212937651922
3.74783773384104,0.719009634095731,0.214874836707326,-0.933884470803042
3.74789793368811,0.706338258504414,0.232883712168102,-0.939221970672531
3.74795813353518,0.693414274783241,0.250809241271618,-0.944223516054838
3.74803063379944,0.677520934670262,0.272277576644,-0.949798511314286
3.74810313406371,0.66127611638567,0.293604665363398,-0.954880781749062
3.74817563432798,0.644688248339351,0.314779456146451,-0.959467704485827
3.74824813459225,0.627765946172696,0.335790939556274,-0.963556885728983
3.74832063485652,0.610517984338196,0.356628233628015,-0.967146217966213
3.74839313512078,0.592953317410591,0.377280508919134,-0.970233826329718
3.74848130244186,0.571179651984317,0.402130590953819,-0.973310242938146
3.74856946976293,0.548967734557141,0.426672235739457,-0.975639970296611
3.74865763708401,0.526334639217256,0.450886592018278,-0.97722123123553
3.74874580440508,0.503297741940175,0.474755057815616,-0.978052799755789
3.74883397172615,0.479874724732897,0.498259324337941,-0.978134049070829
3.74892213904723,0.456083558258135,0.521381347061303,-0.977464905319426
3.7490103063683,0.431942497809199,0.544103394952803,-0.976045892762011
3.74909847368938,0.407470062569864,0.566408026657762,-0.973878089227632
3.74918664101045,0.382685029238687,0.588278138962721,-0.970963168201399
3.74929504524286,0.351811310939665,0.614547222090613,-0.966358533030224
3.74940344947528,0.320529420997453,0.640103769882436,-0.960633190879847
3.74951185370769,0.288875738219476,0.664918053298445,-0.953793791517904
3.7496202579401,0.256886994966524,0.688961282864914,-0.945848277831429
3.74972866217251,0.224600314515747,0.712205545269505,-0.936805859785258
3.74983706640493,0.192053135663838,0.734623893845842,-0.926677029509696
3.74994547063734,0.159283218084217,0.756190309270593,-0.915473527354784
3.75005387486975,0.126328557210833,0.77687979365316,-0.903208350863972
3.75016227910216,0.0932273830251568,0.796668335025419,-0.889895718050534
3.75027068333458,0.0600180747071756,0.815532997556584,-0.875551072263764
3.75037908756699,0.0267391566237768,0.833451886802151,-0.860191043425925
3.7504874917994,-0.00657078582535781,0.850404234995888,-0.843833449170516
3.75059589603181,-0.0398731122506102,0.866370366433358,-0.82649725418271
3.7506635092412,-0.0606240409075623,0.875821436676966,-0.815197395769388
3.75073112245058,-0.0813474470452574,0.884877273422573,-0.803529826377305
3.75079873565996,-0.102034072857922,0.893533836681001,-0.79149976382307
3.75086634886935,-0.122674586812742,0.901787214295287,-0.779112627482534
3.7509585081727,-0.150716829265803,0.912380663804122,-0.76166383453832
3.75105066747606,-0.17863281900476,0.922209371206287,-0.743576552201527
3.75111086732743,-0.196789067376852,0.928212934671745,-0.73142386729488
3.75117106717881,-0.214874835934549,0.933884468216,-0.719009632281444
3.75123126703018,-0.232883712674807,0.93922196843064,-0.706338255755856
3.75129146688155,-0.250809243044944,0.944223514109858,-0.693414271064882
3.75136396714351,-0.272277577711737,0.949798509111252,-0.677520931399523
3.75143646740547,-0.293604665732867,0.954880779319005,-0.661276113586131
3.75150896766743,-0.314779455825956,0.959467701859938,-0.644688246033955
3.75158146792939,-0.33579093855543,0.963556882938805,-0.627765944383348
3.75165396819135,-0.356628231957303,0.967146215043471,-0.610517983086137
3.75172646845331,-0.377280506590097,0.970233823306242,-0.592953316716142
3.75181463579434,-0.402130594215647,0.973310240533103,-0.571179646317438
3.75190280313536,-0.426672244448541,0.975639968171699,-0.548967723723128
3.75199097047638,-0.450886606018301,0.977221229051401,-0.526334623033066
3.75207913781741,-0.47475507693775,0.978052797172605,-0.503297720234819
3.75216730515843,-0.49825934840113,0.97813404574875,-0.479874697347573
3.75225547249945,-0.521381375872538,0.977464900919139,-0.456083525046573
3.75234363984048,-0.544103428307354,0.976045886945313,-0.431942458637948
3.7524318071815,-0.566408064339565,0.973878081657852,-0.407470017318255
3.75251997452252,-0.588278180744659,0.970963158544008,-0.382684977799306
3.75262837875501,-0.614547262739678,0.966358521516979,-0.351811258777262
3.75273678298749,-0.640103809347953,0.960633177519056,-0.320529368171094
3.75284518721997,-0.664918091531309,0.953793776320167,-0.288875684788841
3.75295359145246,-0.688961319817198,0.945848260809435,-0.256886940992207
3.75306199568494,-0.712205580894903,0.936805840953805,-0.224600260058924
3.75317039991743,-0.734623928099489,0.926677008885738,-0.192053080786263
3.75327880414991,-0.756190342109189,0.915473504957463,-0.159283162848227
3.75338720838239,-0.776879825035019,0.903208326714312,-0.126328501679284
3.75349561261488,-0.796668364910458,0.889895692171786,-0.0932273272613122
3.75360401684736,-0.815533025906603,0.875551044681009,-0.0600180187744028
3.75371242107984,-0.833451913580507,0.860191014166374,-0.0267391005858303
3.75382082531233,-0.850404260167845,0.843833418263341,0.00657084190451162
3.75392922954481,-0.866370389966019,0.826497221658955,0.0398731683070558
3.75399684269807,-0.875821451484466,0.815197371793531,0.0606240796909769
3.75406445585134,-0.884877280153297,0.803529811569323,0.0813474685839787
3.7541320690046,-0.89353383599366,0.791499758790127,0.102034077203552
3.75419968215786,-0.901787206858417,0.779112632818341,0.122674574040107
3.75429184144644,-0.912380655099412,0.7616638430381,0.150716812061296
3.75438400073502,-0.922209361484521,0.743576564060316,0.178632797424207
3.75444420061384,-0.92821292802076,0.731423873878207,0.196789054142557
3.75450440049267,-0.933884464334726,0.7190096333473,0.214874830987396
3.75456460037149,-0.939221967015084,0.706338251068302,0.232883715946789
3.75462480025031,-0.944223514853393,0.693414260394082,0.250809254459303
3.75469730051012,-0.949798509456707,0.677520921031441,0.272277588425251
3.75476980076993,-0.954880779294263,0.661276103545535,0.293604675748758
3.75484230102974,-0.959467701493346,0.644688236344864,0.314779465148488
3.75491480128955,-0.963556882258966,0.627765935069072,0.335790947189921
3.75498730154936,-0.967146214079319,0.610517974169278,0.356628239910043
3.75505980180917,-0.970233822086921,0.592953308218587,0.377280513868383
3.7551479691457,-0.973310238985323,0.5711796388282,0.402130600157165
3.75523613648222,-0.975639966371262,0.548967717290345,0.426672249080911
3.75532430381875,-0.977221227074462,0.526334617702462,0.450886609371983
3.75541247115527,-0.978052795095546,0.503297716049309,0.474755079046238
3.7555006384918,-0.978134043648087,0.479874694347464,0.498259349300646
3.75558880582832,-0.977464898871509,0.456083523269439,0.521381375602103
3.75567697316484,-0.976045885027211,0.431942458118621,0.544103426908609
3.75576514050137,-0.973878079945541,0.407470018088635,0.56640806185691
3.75585330783789,-0.970963157113406,0.382684979888377,0.588278177225006
3.75596171207037,-0.96635852027267,0.351811260937581,0.614547259335061
3.75607011630286,-0.960633176460102,0.320529370396823,0.640103806063292
3.75617852053534,-0.953793775445422,0.288875687073906,0.664918088371563
3.75628692476782,-0.945848260117541,0.256886943330442,0.68896131678707
3.7563953290003,-0.936805840443205,0.224600262444184,0.712205577999006
3.75650373323278,-0.926677008554531,0.192053083212278,0.734623925342238
3.75661213746526,-0.915473504803715,0.159283165308844,0.756190339494862
3.75672054169774,-0.90320832673577,0.126328504168111,0.776879822567661
3.75682894593022,-0.889895692366026,0.0932273297718918,0.796668362594131
3.75693735016271,-0.875551045045396,0.0600180213003966,0.815533023745025
3.75704575439519,-0.86019101469814,0.0267391031208791,0.833451911577238
3.75715415862767,-0.843833418959439,-0.00657083936683127,0.850404258326281
3.75726256286015,-0.826497222516288,-0.0398731657730638,0.866370388289332
3.7573301760142,-0.815197372616178,-0.0606240774035672,0.875821450019756
3.75739778916824,-0.803529812347534,-0.0813474665448278,0.884877278892372
3.75746540232229,-0.791499759514122,-0.102034075414144,0.893533834928259
3.75753301547634,-0.779112633478574,-0.12267457250156,0.901787205980143
3.75762517473728,-0.761663849131299,-0.150716802150007,0.912380651281321
3.75771733399822,-0.743576575962735,-0.178632779226434,0.922209355189154
3.75777753390015,-0.731423881372939,-0.19678904297874,0.9282129243517
3.75783773380208,-0.719009636229987,-0.214874826808738,0.93388446303872
3.75789793370401,-0.706338249139727,-0.232883718696762,0.939221967836526
3.75795813360595,-0.693414253460182,-0.250809264074202,0.944223517534387
3.75803063386593,-0.677520913948944,-0.272277598050601,0.949798511999554
3.75810313412592,-0.661276096315377,-0.293604685380392,0.954880781695777
3.75817563438591,-0.644688228967937,-0.314779474782278,0.959467703750223
3.75824813464589,-0.627765927546657,-0.335790956821474,0.96355688436813
3.75832063490588,-0.610517966502448,-0.356628249535184,0.967146216037627
3.75839313516587,-0.592953300408752,-0.377280523482708,0.970233823891492
3.75848130247794,-0.571179636999437,-0.402130602843273,0.973310239842703
3.75856946979001,-0.54896772168563,-0.426672245009951,0.975639966695585
3.75865763710209,-0.526334628550405,-0.45088659873083,0.977221227281245
3.75874580441416,-0.503297733563985,-0.474755062037132,0.978052795601124
3.75883397172624,-0.479874718728019,-0.498259326140834,0.97813404486886
3.75892213903831,-0.456083554699717,-0.521381346523672,0.977464901223369
3.75901030635038,-0.431942496766966,-0.544103392157947,0.976045888924913
3.75909847366246,-0.407470064107556,-0.566408021694507,0.973878085802064
3.75918664097453,-0.382685033414383,-0.588278131924882,0.970963165339253
3.75929504520694,-0.351811315258837,-0.614547215281985,0.96635853054082
3.75940344943934,-0.320529425448234,-0.640103763313022,0.960633188761264
3.75951185367175,-0.288875742789736,-0.6649180469782,0.953793789767917
3.75962025790415,-0.25688699964402,-0.688961276803306,0.945848276447309
3.75972866213655,-0.224600319288218,-0.712205539475712,0.936805858763898
3.75983706636896,-0.19205314051879,-0.734623888328786,0.926677028847566
3.75994547060136,-0.15928322300919,-0.756190304038858,0.915473527048037
3.76005387483377,-0.126328562193122,-0.776879788715004,0.903208350908122
3.76016227906617,-0.0932273880521496,-0.796668330388754,0.889895718440879
3.76027068329858,-0.0600180797660247,-0.815532993229036,0.875551072995026
3.76037908753098,-0.0267391617016725,-0.833451882790897,0.860191044492549
3.76048749176339,0.00657078074115798,-0.850404231307764,0.843833450566623
3.76059589599579,0.0398731071730066,-0.866370363074887,0.826497255901845
3.76066350920675,0.06062403632505,-0.875821433743413,0.815197397418328
3.76073112241771,0.0813474429612364,-0.884877270897625,0.803529827936391
3.76079873562867,0.102034069275287,-0.89353383454802,0.791499765272708
3.76086634883963,0.122674583733676,-0.901787212537286,0.779112628803575
3.76095850808766,0.150716809427594,-0.912380656161664,0.76166384673407
3.7610506673357,0.178632782580267,-0.922209358605164,0.74357657602488
3.76111086723334,0.196789045036074,-0.928212927328729,0.731423882292624
3.76117106713098,0.214874827579579,-0.933884465624076,0.719009638044497
3.76123126702862,0.232883718192653,-0.939221970078029,0.706338251885351
3.76129146692626,0.250809262307868,-0.94422351948018,0.693414257172307
3.76136396718858,0.272277596996368,-0.949798514204821,0.677520917208415
3.7614364674509,0.293604685030923,-0.954880784129187,0.661276099098237
3.76150896771321,0.314779475128962,-0.959467706380322,0.644688231251319
3.76158146797553,0.335790957854841,-0.963556887163038,0.627765929308177
3.76165396823785,0.356628251244552,-0.967146218965372,0.610517967720824
3.76172646850016,0.377280525856396,-0.970233826919809,0.59295330106338
3.76181463579228,0.402130599623141,-0.973310242251018,0.571179642627846
3.7619028030844,0.426672236339649,-0.975639968822245,0.54896773248257
3.76199097037651,0.45088658476676,-0.9772212294658,0.526334644699004
3.76207913766863,0.474755042948097,-0.978052798183517,0.503297755235396
3.76216730496074,0.498259302107983,-0.97813404818909,0.479874746081088
3.76225547225286,0.521381317740029,-0.977464905620885,0.456083587880839
3.76234363954498,0.544103358828334,-0.976045894738056,0.431942535909719
3.76243180683709,0.566407984034931,-0.973878093367633,0.407470109332675
3.76251997412921,0.588278090162663,-0.970963174992004,0.382685084829306
3.76262837836155,0.614547174653068,-0.966358542048387,0.351811367395302
3.76273678259389,0.640103723868121,-0.96063320211515,0.320529478247013
3.76284518682622,0.664918008766358,-0.953793804957486,0.288875796191078
3.76295359105856,0.688961239872288,-0.945848293459762,0.256887053587502
3.7630619952909,0.712205503871712,-0.936805877584407,0.224600373712659
3.76317039952324,0.734623854096658,-0.926677049458961,0.192053195362276
3.76327880375558,0.756190271221762,-0.915473549431248,0.159283278209444
3.76338720798792,0.776879757354513,-0.903208375042039,0.126328617687528
3.76349561222025,0.796668300524738,-0.889895744302267,0.093227443777478
3.76360401645259,0.815532964899808,-0.875551100558512,0.060018135658706
3.76371242068493,0.833451856032885,-0.860191073731008,0.0267392176981478
3.76382082491727,0.850404206155592,-0.8438334814508,-0.00657072470479628
3.76392922914961,0.866370339561342,-0.826497288400616,-0.0398730511607517
3.76399684241665,0.875821418948817,-0.815197421375116,-0.0606239975737446
3.76406445568369,0.884877264174131,-0.803529842731587,-0.081347421442571
3.76413206895072,0.893533835237317,-0.791499770299627,-0.102034064937697
3.76419968221776,0.901787219971222,-0.779112623468862,-0.122674596502403
3.76429184148058,0.912380664863374,-0.761663838235901,-0.150716826627513
3.76438400074339,0.922209368323894,-0.743576564168136,-0.178632804155803
3.7644442006136,0.92821293397842,-0.731423875707701,-0.196789058270747
3.76450440048381,0.93388446950575,-0.719009636973246,-0.214874832532504
3.76456460035401,0.939221971495371,-0.706338256563716,-0.232883714931677
3.76462480022422,0.944223518739639,-0.693414267829971,-0.250809250909711
3.76469730048864,0.94979851385821,-0.677520927574575,-0.272277586283625
3.76476980075305,0.954880784149258,-0.661276109148795,-0.293604675000486
3.76484230101747,0.959467706739464,-0.644688240962672,-0.314779465776824
3.76491480128188,0.963556887833376,-0.627765938657534,-0.335790949175871
3.7649873015463,0.967146219918739,-0.610517976685938,-0.356628243232801
3.76505980181071,0.970233828127713,-0.592953309622879,-0.377280518504862
3.76514796910731,0.973310243788954,-0.571179650185276,-0.402130593603676
3.7652361364039,0.975639970614793,-0.548967738990047,-0.426672231624777
3.7653243037005,0.977221231437161,-0.526334650110987,-0.450886581326171
3.76541247099709,0.978052800257595,-0.503297759508993,-0.474755040748619
3.76550063829369,0.978134050289666,-0.479874749176032,-0.498259301113661
3.76558880559028,0.977464907671765,-0.456083589759665,-0.521381317912101
3.76567697288688,0.976045896663033,-0.431942536537685,-0.544103360125386
3.76576514018347,0.97387809509079,-0.407470108678045,-0.566407986412785
3.76585330748007,0.970963176437741,-0.382685082863048,-0.588278093574703
3.76596171171241,0.966358543312235,-0.351811365358552,-0.614547177953686
3.76607011594475,0.960633203197998,-0.320529476145748,-0.640103727052265
3.7661785201771,0.953793805860325,-0.288875794031056,-0.664918011829315
3.76628692440944,0.945848294183927,-0.2568870513746,-0.688961242809339
3.76639532864178,0.936805878131348,-0.224600371452953,-0.712205506678404
3.76650373287413,0.926677049830455,-0.192053193061867,-0.734623856768581
3.76661213710647,0.915473549629095,-0.159283275874453,-0.756190273754663
3.76672054133882,0.9032083750684,-0.126328615324008,-0.776879759744369
3.76682894557116,0.889895744159327,-0.093227441391612,-0.796668302767726
3.7669373498035,0.875551100248987,-0.0600181332568946,-0.815532966992104
3.76704575403585,0.860191073257431,-0.0267392152864929,-0.833451857970941
3.76715415826819,0.843833480816074,0.00657072711999047,-0.850404207936069
3.76726256250053,0.826497287607815,0.0398730535732638,-0.866370341181089
3.76733017576691,0.815197420598646,0.0606239997768949,-0.875821420375532
3.76739778903329,0.803529841979872,0.0813474234346021,-0.884877265414464
3.76746540229966,0.79149976958119,0.102034066716943,-0.893533836298123
3.76753301556604,0.779112622791897,0.12267459806772,-0.90178722085961
3.76762517485654,0.761663832115998,0.150716836580246,-0.912380668696225
3.76771733414704,0.743576552228541,0.178632822409309,-0.92220937463783
3.76777753399406,0.731423868191218,0.196789069466237,-0.928212937657429
3.76783773384108,0.719009634084942,0.214874836718976,-0.933884470803897
3.7678979336881,0.706338258503377,0.232883712165805,-0.93922197066921
3.76795813353512,0.693414274792333,0.250809241255544,-0.944223516047869
3.76803063379938,0.677520934679674,0.272277576627986,-0.94979851130764
3.76810313406365,0.661276116395375,0.293604665347479,-0.954880781742855
3.76817563432792,0.644688248349407,0.314779456130548,-0.959467704479946
3.76824813459219,0.627765946182994,0.335790939540542,-0.963556885723508
3.76832063485646,0.610517984348758,0.356628233612433,-0.967146217961202
3.76839313512073,0.592953317421378,0.377280508903671,-0.970233826325025
3.76848130244176,0.571179652005863,0.402130590926817,-0.973310242932663
3.76856946976279,0.548967734589859,0.42667223570119,-0.975639970291046
3.76865763708382,0.526334639261497,0.45088659196913,-0.977221231230607
3.76874580440486,0.503297741996245,0.474755057756013,-0.978052799752217
3.76883397172589,0.479874724801016,0.498259324268273,-0.978134049069286
3.76892213904692,0.456083558338709,0.521381346981942,-0.977464905320625
3.76901030636795,0.43194249790251,0.544103394864182,-0.976045892766706
3.76909847368898,0.407470062676187,0.566408026560317,-0.973878089236511
3.76918664101002,0.382685029358124,0.588278138857019,-0.970963168215131
3.76929504524243,0.35181131106015,0.614547221988255,-0.966358533048375
3.76940344947485,0.320529421118927,0.640103769783422,-0.960633190902315
3.76951185370726,0.288875738341652,0.664918053202994,-0.953793791544644
3.76962025793968,0.256886995089265,0.688961282773028,-0.945848277862313
3.76972866217209,0.224600314638918,0.712205545181335,-0.936805859820216
3.76983706640451,0.192053135787283,0.734623893761373,-0.926677029548672
3.76994547063692,0.159283218207783,0.756190309189878,-0.915473527397686
3.77005387486933,0.126328557334379,0.776879793576306,-0.903208350910701
3.77016227910175,0.093227383148529,0.796668334952449,-0.889895718101
3.77027068333416,0.0600180748301058,0.815532997487655,-0.87555107231775
3.77037908756658,0.0267391567462894,0.833451886737145,-0.860191043483447
3.77048749179899,-0.00657078570344565,0.850404234934912,-0.843833449231437
3.77059589603141,-0.0398731121295492,0.866370366376427,-0.826497254246871
3.77066350924091,-0.0606240408224237,0.875821436638394,-0.815197395815949
3.77073112245041,-0.0813474469958778,0.884877273400954,-0.803529826405046
3.77079873565991,-0.102034072844249,0.893533836674963,-0.791499763830714
3.77086634886941,-0.122674586834646,0.901787214303494,-0.779112627468832
3.77095850817279,-0.150716829295439,0.912380663814667,-0.761663834519227
3.77105066747617,-0.178632819042195,0.922209371218831,-0.743576552176609
3.77111086732751,-0.19678906740196,0.928212934679696,-0.731423867277734
3.77117106717884,-0.214874835947504,0.933884468219848,-0.719009632272376
3.77123126703017,-0.232883712675559,0.939221968430859,-0.706338255755315
3.7712914668815,-0.250809243033728,0.944223514106863,-0.693414271073105
3.77136396714347,-0.272277577701433,0.949798509108827,-0.677520931407384
3.77143646740543,-0.293604665723477,0.954880779317034,-0.661276113593574
3.77150896766739,-0.314779455817502,0.959467701858467,-0.644688246040937
3.77158146792935,-0.335790938547828,0.96355688293776,-0.627765944389907
3.77165396819132,-0.356628231950603,0.967146215042813,-0.610517983092208
3.77172646845328,-0.377280506584259,0.970233823305976,-0.592953316721669
3.77181463579429,-0.402130594205013,0.97331024053252,-0.571179646327505
3.77190280313529,-0.426672244433239,0.975639968171174,-0.548967723737928
3.7719909704763,-0.450886605998484,0.977221229051226,-0.526334623052701
3.7720791378173,-0.474755076913586,0.978052797173041,-0.503297720259449
3.77216730515831,-0.498259348372767,0.978134045750088,-0.479874697377279
3.77225547249932,-0.521381375840177,0.977464900921716,-0.456083525081533
3.77234363984032,-0.544103428271238,0.976045886949411,-0.431942458678137
3.77243180718133,-0.566408064299847,0.973878081663751,-0.407470017363897
3.77251997452234,-0.588278180701548,0.970963158551953,-0.382684977850426
3.77262837875481,-0.614547262696729,0.966358521527101,-0.351811258830335
3.77273678298729,-0.640103809305248,0.960633177531474,-0.320529368226226
3.77284518721977,-0.664918091488963,0.9537937763349,-0.288875684845925
3.77295359145225,-0.688961319775354,0.945848260826564,-0.2568869410512
3.77306199568473,-0.712205580853685,0.93680584097348,-0.224600260119779
3.77317039991721,-0.734623928058953,0.926677008907954,-0.192053080848987
3.77327880414969,-0.756190342069519,0.915473504982276,-0.15928316291273
3.77338720838217,-0.776879824996358,0.903208326741804,-0.126328501745463
3.77349561261465,-0.796668364872899,0.889895692201929,-0.0932273273290203
3.77360401684713,-0.81553302587026,0.875551044713948,-0.0600180188436863
3.77371242107961,-0.83345191354552,0.860191014202142,-0.0267391006566023
3.77382082531208,-0.850404260134331,0.84383341830197,0.00657084183235892
3.77392922954456,-0.866370389934069,0.826497221700458,0.0398731682336132
3.77399684269789,-0.875821451462852,0.815197371825413,0.0606240796374759
3.77406445585122,-0.884877280141203,0.803529811590898,0.0813474685503511
3.77413206900455,-0.893533835990381,0.791499758800563,0.102034077189827
3.77419968215787,-0.901787206863211,0.779112632817013,0.122674574046225
3.77429184144647,-0.912380655106088,0.761663843033169,0.15071681207293
3.77438400073507,-0.922209361492786,0.743576564051615,0.178632797441188
3.77444420061386,-0.928212928026074,0.731423873875085,0.196789054150979
3.77450440049266,-0.933884464337348,0.719009633349925,0.214874830987403
3.77456460037145,-0.939221967015313,0.706338251076923,0.232883715938401
3.77462480025025,-0.944223514851566,0.69341426040893,0.250809254442671
3.77469730051006,-0.949798509455617,0.677520921045702,0.272277588409909
3.77476980076988,-0.954880779293879,0.661276103559187,0.293604675734673
3.77484230102969,-0.959467701493546,0.64468823635787,0.314779465135724
3.77491480128951,-0.963556882259776,0.627765935081402,0.335790947178382
3.77498730154932,-0.967146214080623,0.610517974180841,0.356628239899785
3.77505980180913,-0.970233822088702,0.592953308229274,0.377280513859433
3.77514796914564,-0.973310238987019,0.571179638842296,0.402130600144759
3.77523613648216,-0.975639966373095,0.548967717308025,0.426672249065116
3.77532430381867,-0.977221227076682,0.526334617723716,0.45088660935299
3.77541247115518,-0.97805279509838,0.503297716074367,0.474755079024037
3.77550063849169,-0.978134043651775,0.479874694376405,0.498259349275398
3.7755888058282,-0.977464898876248,0.45608352330233,0.521381375573952
3.77567697316471,-0.976045885033203,0.431942458155468,0.544103426877726
3.77576514050123,-0.973878079952999,0.407470018129558,0.566408061823441
3.77585330783774,-0.970963157122542,0.382684979933427,0.588278177189109
3.77596171207021,-0.96635852028361,0.351811260984438,0.614547259299188
3.77607011630269,-0.960633176472982,0.320529370445288,0.640103806027707
3.77617852053517,-0.953793775460196,0.288875687124041,0.664918088336165
3.77628692476765,-0.945848260134352,0.256886943382278,0.688961316752077
3.77639532900012,-0.936805840462039,0.224600262497607,0.712205577964471
3.7765037332326,-0.926677008575541,0.192053083267319,0.734623925308247
3.77661213746508,-0.915473504826894,0.15928316536539,0.756190339461519
3.77672054169756,-0.903208326761303,0.12632850422617,0.776879822535095
3.77682894593003,-0.889895692393787,0.0932273298313535,0.796668362562468
3.77693735016251,-0.875551045075535,0.0600180213612557,0.815533023714315
3.77704575439499,-0.860191014730707,0.0267391031831012,0.833451911547614
3.77715415862746,-0.84383341899444,-0.00657083930338146,0.850404258297813
3.77726256285994,-0.826497222553694,-0.0398731657085093,0.866370388262227
3.77733017601405,-0.815197372645257,-0.0606240773562353,0.875821450001471
3.77739778916815,-0.803529812367588,-0.0813474665147695,0.884877278882329
3.77746540232225,-0.791499759524641,-0.10203407540115,0.893533834925786
3.77753301547635,-0.779112633478901,-0.122674572505694,0.901787205984584
3.77762517473731,-0.761663849128501,-0.150716802158876,0.912380651287358
3.77771733399827,-0.743576575956463,-0.178632779240117,0.922209355196584
3.77777753390019,-0.731423881368763,-0.196789042988959,0.92821292435772
3.77783773380211,-0.719009636228048,-0.214874826815464,0.93388446304349
3.77789793370403,-0.706338249140086,-0.232883718700118,0.939221967840197
3.77795813360595,-0.693414253462976,-0.250809264074074,0.944223517537051
3.77803063386592,-0.677520913956275,-0.272277598044476,0.949798512000714
3.77810313412588,-0.661276096327261,-0.293604685368438,0.954880781695692
3.77817563438585,-0.644688228984686,-0.314779474764534,0.959467703749197
3.77824813464581,-0.627765927568333,-0.335790956798118,0.963556884366473
3.77832063490578,-0.610517966529349,-0.356628249506263,0.967146216035583
3.77839313516575,-0.592953300440874,-0.377280523448393,0.97023382388928
3.77848130247781,-0.5711796370342,-0.402130602807069,0.97331023984129
3.77856946978988,-0.548967721723088,-0.426672244971962,0.975639966695021
3.77865763710195,-0.526334628590556,-0.450886598691161,0.977221227281698
3.77874580441401,-0.503297733606882,-0.474755061995875,0.97805279560275
3.77883397172608,-0.479874718773699,-0.498259326098099,0.978134044871784
3.77892213903814,-0.456083554748224,-0.521381346479541,0.977464901227781
3.77901030635021,-0.431942496818321,-0.544103392112551,0.976045888930857
3.77909847366228,-0.407470064161767,-0.566408021647939,0.97387808580967
3.77918664097434,-0.382685033471469,-0.588278131877282,0.970963165348734
3.77929504520675,-0.351811315316854,-0.614547215235454,0.96635853055227
3.77940344943915,-0.320529425507033,-0.640103763267714,0.960633188774743
3.77951185367155,-0.288875742849208,-0.664918046934097,0.95379378978334
3.77962025790396,-0.256886999704286,-0.688961276760457,0.945848276464722
3.77972866213636,-0.224600319349119,-0.712205539434213,0.936805858783307
3.77983706636877,-0.192053140580182,-0.734623888288689,0.926677028868852
3.77994547060117,-0.159283223071088,-0.756190304000182,0.915473527071292
3.78005387483358,-0.126328562255501,-0.776879788677843,0.903208350933321
3.78016227906598,-0.0932273881148541,-0.796668330353127,0.88989571846797
3.78027068329839,-0.0600180798290383,-0.815532993194992,0.875551073024037
3.78037908753079,-0.0267391617649547,-0.83345188275851,0.860191044523454
3.78048749176319,0.00657078067775142,-0.850404231277065,0.843833450599304
3.7805958959956,0.0398731071094818,-0.866370363045909,0.826497255936403
3.78066350920662,0.0606240362820421,-0.875821433724658,0.81519739744263
3.78073112241765,0.081347442938691,-0.88487727088841,0.803529827949674
3.78079873562867,0.102034069273147,-0.893533834547514,0.791499765274365
3.7808663488397,0.122674583751928,-0.901787212544676,0.779112628792753
3.78095850808781,0.150716809469417,-0.91238065617714,0.761663846707678
3.78105066733593,0.178632782645441,-0.922209358627364,0.74357657598192
3.78111086723349,0.196789045077436,-0.928212927342092,0.731423882264595
3.78117106713105,0.214874827597296,-0.933884465629463,0.719009638032131
3.78123126702861,0.232883718187001,-0.939221970076307,0.706338251889255
3.78129146692618,0.250809262279016,-0.944223519472235,0.693414257193177
3.78136396718848,0.272277596965087,-0.949798514196781,0.677520917231666
3.78143646745079,0.293604684997198,-0.954880784121264,0.661276099124029
3.7815089677131,0.31477947509299,-0.959467706372561,0.644688231279539
3.78158146797541,0.335790957816568,-0.963556887155578,0.627765929338984
3.78165396823772,0.35662825120408,-0.967146218958374,0.610517967754295
3.78172646850003,0.377280525813792,-0.970233826913358,0.592953301099536
3.78181463579217,0.402130599589745,-0.973310242246675,0.571179642656912
3.78190280308432,0.426672236315198,-0.975639968819539,0.548967732504341
3.78199097037647,0.450886584751105,-0.977221229464164,0.526334644713041
3.78207913766861,0.474755042940967,-0.97805279818242,0.503297755241445
3.78216730496076,0.498259302109154,-0.978134048188018,0.47987474607885
3.78225547225291,0.52138131774922,-0.977464905619319,0.456083587870085
3.78234363954506,0.544103358845263,-0.976045894735476,0.431942535890164
3.7824318068372,0.566407984059295,-0.973878093363462,0.407470109304136
3.78251997412935,0.588278090194113,-0.970963174985701,0.382685084791594
3.78262837836169,0.614547174683674,-0.966358542040666,0.351811367356951
3.78273678259403,0.64010372389771,-0.960633202105966,0.320529478208238
3.78284518682637,0.664918008794954,-0.95379380494683,0.288875796151866
3.7829535910587,0.688961239899791,-0.945848293447736,0.256887053547909
3.78306199529104,0.712205503898242,-0.936805877570853,0.224600373672613
3.78317039952338,0.73462385412205,-0.926677049444049,0.192053195321983
3.78327880375572,0.756190271246009,-0.915473549414932,0.159283278168931
3.78338720798806,0.776879757377558,-0.90320837502439,0.126328617646797
3.78349561222039,0.796668300546645,-0.889895744283177,0.0932274437365086
3.78360401645273,0.8155329649205,-0.875551100538155,0.0600181356176801
3.78371242068507,0.833451856052244,-0.86019107370938,0.0267392176570843
3.78382082491741,0.850404206173699,-0.843833481427853,-0.00657072474586873
3.78392922914975,0.866370339578168,-0.826497288376341,-0.0398730512018641
3.78399684241674,0.875821418957782,-0.815197421358852,-0.0606239975989713
3.78406445568372,0.884877264175796,-0.803529842723826,-0.0813474214519912
3.78413206895071,0.893533835232286,-0.791499770301001,-0.10203406493129
3.7841996822177,0.901787219960187,-0.779112623479849,-0.122674596480366
3.78429184148056,0.912380664857745,-0.761663838238829,-0.150716826618923
3.78438400074342,0.922209368322909,-0.743576564162508,-0.178632804160426
3.78444420061361,0.928212933976561,-0.731423875703469,-0.19678905827311
3.78450440048381,0.933884469503093,-0.71900963697058,-0.214874832532525
3.78456460035401,0.93922197149201,-0.706338256562599,-0.232883714929452
3.78462480022421,0.944223518735686,-0.693414267830451,-0.25080925090527
3.78469730048866,0.949798513856306,-0.677520927569051,-0.272277586287265
3.7847698007531,0.954880784149038,-0.661276109136949,-0.293604675012108
3.78484230101754,0.959467706740581,-0.644688240944166,-0.314779465796403
3.78491480128198,0.963556887835428,-0.627765938632214,-0.335790949203251
3.78498730154643,0.967146219921323,-0.610517976653609,-0.356628243267727
3.78505980181087,0.970233828130496,-0.59295330958321,-0.377280518547289
3.78514796910754,0.973310243792564,-0.571179650127053,-0.402130593665516
3.7852361364042,0.975639970618067,-0.54896773891252,-0.426672231705543
3.78532430370087,0.977221231438821,-0.526334650013532,-0.450886581425278
3.78541247099754,0.978052800256449,-0.503297759391005,-0.474755040865458
3.7855006382942,0.978134050284529,-0.479874749037092,-0.498259301247479
3.78558880559087,0.977464907661394,-0.456083589599191,-0.521381318062202
3.78567697288754,0.976045896646227,-0.431942536355221,-0.544103360291022
3.7857651401842,0.97387809506635,-0.4074701084732,-0.566407986593167
3.78585330748087,0.970963176404434,-0.382685082635428,-0.588278093768985
3.78596171171321,0.966358543270604,-0.351811365127928,-0.614547178142699
3.78607011594555,0.96063320314814,-0.320529475912297,-0.640103727235837
3.7861785201779,0.953793805802318,-0.288875793795133,-0.664918012007183
3.78628692441024,0.945848294117831,-0.256887051136508,-0.688961242981334
3.78639532864258,0.936805878057186,-0.224600371212891,-0.712205506844313
3.78650373287493,0.926677049748364,-0.192053192820165,-0.734623856928221
3.78661213710727,0.91547354953921,-0.159283275631333,-0.756190273907865
3.78672054133961,0.903208374970771,-0.126328615079813,-0.776879759890966
3.78682894557196,0.889895744054154,-0.0932274411466415,-0.796668302907491
3.7869373498043,0.875551100136269,-0.0600181330113523,-0.815532967124936
3.78704575403664,0.86019107313742,-0.0267392150407499,-0.833451858096666
3.78715415826899,0.843833480688839,0.00657072736573441,-0.85040420805455
3.78726256250133,0.826497287473551,0.0398730538186617,-0.866370341292208
3.78733017576745,0.815197420502576,0.0606239999451085,-0.875821420447685
3.78739778903358,0.803529841924837,0.0813474235257356,-0.884877265450567
3.7874654022997,0.791499769569887,0.102034066731297,-0.893533836301183
3.78753301556583,0.779112622826967,0.12267459800557,-0.901787220832562
3.78762517485629,0.761663832160927,0.150716836505137,-0.91238066866608
3.78771733414674,0.743576552283841,0.178632822321527,-0.922209374605342
3.78777753399388,0.731423868224435,0.19678906941324,-0.928212937637636
3.78783773384101,0.719009634095049,0.214874836700504,-0.933884470795538
3.78789793368815,0.706338258489413,0.232883712181645,-0.939221970671049
3.78795813353528,0.693414274753312,0.250809241305315,-0.944223516058608
3.78803063379954,0.677520934641487,0.272277576675262,-0.949798511316748
3.7881031340638,0.661276116358169,0.29360466539218,-0.954880781750307
3.78817563432806,0.644688248313267,0.314779456172758,-0.959467704485988
3.78824813459232,0.627765946148026,0.335790939580209,-0.963556885728219
3.78832063485658,0.610517984314985,0.356628233649637,-0.967146217964584
3.78839313512084,0.592953317388898,0.377280508938354,-0.970233826327244
3.78848130244189,0.571179651969143,0.402130590965241,-0.973310242934387
3.78856946976294,0.548967734548745,0.4266722357432,-0.975639970291889
3.78865763708399,0.526334639215839,0.450886592014593,-0.977221231230436
3.78874580440503,0.503297741945989,0.474755057804732,-0.978052799750715
3.78883397172608,0.47987472474619,0.498259324320026,-0.978134049066233
3.78892213904713,0.456083558279089,0.52138134703668,-0.977464905315769
3.78901030636817,0.43194249783809,0.544103394921719,-0.976045892759775
3.78909847368922,0.407470062606779,0.566408026620482,-0.973878089227251
3.78918664101027,0.382685029283761,0.588278138919573,-0.970963168203361
3.78929504524269,0.351811310984281,0.614547222049661,-0.966358533033937
3.7894034494751,0.320529421041487,0.640103769843666,-0.960633190885139
3.78951185370752,0.288875738262719,0.664918053261955,-0.953793791524659
3.78962025793994,0.256886995008933,0.688961282830623,-0.94584827783955
3.78972866217235,0.224600314557277,0.712205545237397,-0.936805859794657
3.78983706640477,0.192053135704332,0.734623893815906,-0.926677029520189
3.78994547063719,0.159283218123627,0.756190309242752,-0.91547352736639
3.7900538748696,0.126328557249232,0.776879793627382,-0.903208350876555
3.79016227910202,0.0932273830624416,0.796668335001616,-0.889895718064026
3.79027068333444,0.0600180747431555,0.815532997534829,-0.875551072278017
3.79037908756685,0.0267391566584527,0.83345188678232,-0.860191043440765
3.79048749179927,-0.00657078579201311,0.850404234977944,-0.843833449185912
3.79059589603169,-0.0398731122187303,0.866370366417213,-0.826497254198508
3.7906635092411,-0.060624040883452,0.875821436665051,-0.815197395781606
3.7907311224505,-0.0813474470289498,0.884877273414581,-0.803529826385657
3.79079873565991,-0.102034072849407,0.893533836676648,-0.791499763827226
3.79086634886932,-0.122674586812088,0.901787214294279,-0.779112627482168
3.79095850817266,-0.150716829257948,0.912380663800672,-0.76166383454271
3.79105066747599,-0.17863281898989,0.922209371200872,-0.743576552210977
3.79111086732739,-0.196789067369243,0.928212934669,-0.731423867299752
3.79117106717878,-0.214874835934212,0.933884468215728,-0.719009632281477
3.79123126703018,-0.232883712681569,0.939221968432586,-0.706338255750977
3.79129146688158,-0.250809243058854,0.944223514113692,-0.693414271054809
3.79136396714353,-0.272277577722729,0.949798509114234,-0.677520931391478
3.79143646740548,-0.293604665741006,0.954880779321218,-0.66127611358018
3.79150896766743,-0.314779455831225,0.959467701861496,-0.644688246030297
3.79158146792938,-0.335790938557853,0.96355688293992,-0.627765944382016
3.79165396819133,-0.356628231957007,0.967146215044236,-0.610517983087219
3.79172646845328,-0.377280506587123,0.970233823306772,-0.592953316719688
3.79181463579425,-0.402130594198599,0.97331024053239,-0.571179646333782
3.79190280313522,-0.426672244417773,0.975639968170585,-0.548967723752795
3.7919909704762,-0.450886605974231,0.977221229050766,-0.526334623076484
3.79207913781717,-0.474755076880817,0.978052797173261,-0.503297720292458
3.79216730515814,-0.498259348331791,0.978134045751561,-0.479874697419765
3.79225547249912,-0.521381375791297,0.977464900925028,-0.456083525133708
3.79234363984009,-0.544103428214728,0.976045886955146,-0.431942458740364
3.79243180718106,-0.566408064236138,0.973878081672443,-0.4074700174363
3.79251997452204,-0.588278180631003,0.970963158564206,-0.38268497793316
3.79262837875452,-0.61454726262889,0.966358521542238,-0.351811258913343
3.792736782987,-0.640103809240154,0.960633177549494,-0.320529368309315
3.79284518721948,-0.664918091426646,0.953793776355708,-0.288875684929075
3.79295359145196,-0.688961319715837,0.945848260850132,-0.256886941134276
3.79306199568445,-0.712205580796917,0.93680584099965,-0.224600260202721
3.79317039991693,-0.734623928005096,0.92667700893669,-0.192053080931575
3.79327880414941,-0.756190342018491,0.915473505013435,-0.159283162994925
3.79338720838189,-0.776879824948172,0.90320832677534,-0.126328501827158
3.79349561261437,-0.796668364827601,0.889895692237748,-0.0932273274101314
3.79360401684686,-0.815533025827861,0.875551044751881,-0.0600180189240179
3.79371242107934,-0.833451913505987,0.860191014242135,-0.0267391007361303
3.79382082531182,-0.850404260097661,0.843833418343928,0.00657084175373091
3.7939292295443,-0.866370389900274,0.826497221744294,0.0398731681559687
3.79399684269771,-0.875821451441823,0.815197371856669,0.060624079585206
3.79406445585112,-0.884877280132027,0.803529811608646,0.0813474685234315
3.79413206900453,-0.89353383599206,0.791499758804001,0.102034077188099
3.79419968215794,-0.90178720687482,0.779112632805188,0.122674574069626
3.79429184144653,-0.912380655115779,0.76166384302322,0.150716812092551
3.79438400073511,-0.922209361500748,0.743576564043719,0.178632797457045
3.79444420061389,-0.928212928032265,0.731423873870174,0.196789054162133
3.79450440049267,-0.933884464341926,0.719009633348144,0.214874830993817
3.79456460037145,-0.939221967018557,0.706338251078386,0.232883715940195
3.79462480025023,-0.944223514853589,0.69341426041379,0.250809254439816
3.79469730051004,-0.949798509457496,0.677520921051226,0.272277588406304
3.79476980076985,-0.954880779295721,0.661276103565399,0.293604675730357
3.79484230102967,-0.95946770149541,0.644688236364787,0.314779465130665
3.79491480128948,-0.963556882261652,0.627765935089079,0.33579094717259
3.79498730154929,-0.96714621408258,0.610517974189336,0.356628239893254
3.7950598018091,-0.970233822090745,0.592953308238619,0.377280513852142
3.79514796914559,-0.97331023898885,0.571179638856316,0.402130600132529
3.79523613648209,-0.975639966374981,0.548967717326903,0.426672249048084
3.79532430381858,-0.977221227078887,0.526334617747614,0.450886609331296
3.79541247115507,-0.978052795101255,0.503297716103433,0.474755078997836
3.79550063849157,-0.978134043655618,0.479874694410764,0.498259349244857
3.79558880582806,-0.977464898881353,0.456083523342117,0.521381375539249
3.79567697316455,-0.976045885039879,0.431942458200809,0.544103426839074
3.79576514050105,-0.97387807996161,0.407470018180624,0.566408061780978
3.79585330783754,-0.970963157133336,0.382684979990258,0.588278177143069
3.79596171207002,-0.966358520296495,0.351811261042384,0.614547259254138
3.79607011630249,-0.960633176487985,0.320529370504409,0.640103805983587
3.79617852053497,-0.953793775477407,0.288875687184183,0.664918088293195
3.79628692476744,-0.945848260153657,0.256886943443415,0.68896131671023
3.79639532899992,-0.936805840483577,0.224600262559777,0.712205577923793
3.7965037332324,-0.926677008599247,0.192053083330331,0.73462392526891
3.79661213746487,-0.915473504852725,0.159283165429192,0.756190339423561
3.79672054169735,-0.903208326789261,0.126328504290634,0.776879822498632
3.79682894592982,-0.889895692423983,0.0932273298965453,0.796668362527457
3.7969373501623,-0.875551045107867,0.0600180214269827,0.8155330236809
3.79704575439478,-0.860191014765176,0.026739103249335,0.833451911515848
3.79715415862725,-0.843833419031072,-0.00657083923669455,0.85040425826776
3.79726256285973,-0.826497222592445,-0.0398731656414397,0.866370388233875
3.79733017601391,-0.815197372672412,-0.0606240773122691,0.875821449984689
3.79739778916808,-0.803529812382406,-0.081347466493798,0.884877278876212
3.79746540232226,-0.791499759526187,-0.102034075403244,0.893533834929406
3.79753301547644,-0.779112633466432,-0.122674572530627,0.90178720599707
3.79762517473741,-0.761663849112388,-0.150716802188478,0.912380651300895
3.79771733399838,-0.743576575936628,-0.178632779274256,0.92220935521087
3.79777753390025,-0.731423881358559,-0.19678904300805,0.928212924366612
3.79783773380212,-0.719009636227813,-0.214874826819694,0.933884463047496
3.797897933704,-0.706338249150251,-0.232883718689596,0.93922196783982
3.79795813360587,-0.69341425348392,-0.250809264049052,0.944223517532966
3.79803063386586,-0.677520913971283,-0.272277598027954,0.949798511999252
3.79810313412586,-0.661276096336136,-0.293604685360314,0.954880781696422
3.79817563438585,-0.644688228987106,-0.314779474764705,0.959467703751813
3.79824813464585,-0.627765927564034,-0.335790956806499,0.963556884370517
3.79832063490584,-0.610517966518069,-0.356628249522683,0.967146216040725
3.79839313516584,-0.592953300422451,-0.377280523472697,0.970233823895132
3.79848130247791,-0.57117963701496,-0.402130602831488,0.973310239846404
3.79856946978997,-0.548967721702966,-0.426672244996468,0.975639966699409
3.79865763710204,-0.526334628569636,-0.450886598715757,0.977221227285381
3.79874580441411,-0.503297733585195,-0.47475506202042,0.978052795605645
3.79883397172617,-0.479874718751191,-0.498259326122679,0.978134044873855
3.79892213903824,-0.456083554724959,-0.521381346504046,0.977464901229009
3.79901030635031,-0.431942496794286,-0.544103392136965,0.976045888931247
3.79909847366238,-0.407470064136973,-0.566408021672219,0.973878085809166
3.79918664097444,-0.382685033445908,-0.588278131901404,0.970963165347301
3.79929504520685,-0.351811315290488,-0.61454721525927,0.966358530549723
3.79940344943926,-0.320529425479873,-0.640103763291172,0.960633188771051
3.79951185367166,-0.288875742821287,-0.66491804695719,0.95379378977845
3.79962025790407,-0.256886999675427,-0.688961276783179,0.945848276458594
3.79972866213647,-0.22460031931947,-0.712205539456435,0.936805858775938
3.79983706636888,-0.192053140549838,-0.734623888310433,0.926677028860256
3.79994547060129,-0.159283223039964,-0.756190304021374,0.915473527061309
3.80005387483369,-0.126328562223719,-0.776879788698364,0.903208350922069
3.8001622790661,-0.093227388082458,-0.79666833037295,0.889895718455394
3.8002706832985,-0.0600180797959875,-0.815532993214159,0.875551073010105
3.80037908753091,-0.0267391617312595,-0.833451882776889,0.860191044508119
3.80048749176332,0.00657078071197324,-0.850404231294612,0.843833450582603
3.80059589599572,0.0398731071442584,-0.866370363062567,0.826497255918296
3.80066350920671,0.0606240363060372,-0.875821433735831,0.815197397429794
3.8007311224177,0.0813474429520578,-0.884877270894474,0.803529827942437
3.80079873562869,0.102034069275867,-0.893533834548935,0.79149976527305
3.80086634883968,0.122674583744042,-0.901787212541848,0.779112628797768
3.80095850808779,0.150716809458137,-0.912380656173165,0.761663846715037
3.80105066733589,0.178632782630792,-0.922209358622481,0.743576575991665
3.80111086723347,0.196789045069524,-0.92821292733956,0.731423882269994
3.80117106713106,0.214874827596073,-0.933884465629044,0.719009638032922
3.80123126702864,0.232883718192357,-0.939221970077745,0.706338251885366
3.80129146692623,0.250809262290939,-0.944223519475291,0.693414257184346
3.80136396718852,0.272277596973065,-0.949798514198569,0.677520917225481
3.80143646745082,0.293604685001367,-0.954880784121866,0.661276099120478
3.80150896771311,0.314779475093263,-0.95946770637221,0.644688231278926
3.80158146797541,0.335790957813093,-0.963556887154485,0.627765929341357
3.80165396823771,0.356628251196927,-0.967146218956663,0.610517967759731
3.8017264685,0.377280525802967,-0.970233826911201,0.59295330110821
3.80181463579215,0.40213059957965,-0.973310242244849,0.571179642665159
3.8019028030843,0.42667223630577,-0.975639968817938,0.548967732512162
3.80199097037645,0.450886584742352,-0.977221229462779,0.526334644720406
3.8020791376686,0.474755042932955,-0.978052798181217,0.503297755248241
3.80216730496075,0.498259302101837,-0.978134048186986,0.479874746085115
3.8022554722529,0.521381317742517,-0.977464905618365,0.456083587875811
3.80234363954505,0.54410335883919,-0.976045894734553,0.431942535895355
3.8024318068372,0.566407984053816,-0.973878093362561,0.407470109308734
3.80251997412934,0.588278090189203,-0.970963174984825,0.382685084795572
3.80262837836168,0.614547174678745,-0.9663585420398,0.351811367361046
3.80273678259402,0.640103723892886,-0.960633202105186,0.320529478212277
3.80284518682636,0.66491800879018,-0.953793804946123,0.288875796155907
3.8029535910587,0.688961239895078,-0.945848293447046,0.256887053551952
3.80306199529104,0.712205503893524,-0.936805877570264,0.224600373676739
3.80317039952337,0.73462385411745,-0.926677049443516,0.192053195326047
3.80327880375571,0.756190271241434,-0.915473549414413,0.159283278172982
3.80338720798805,0.776879757373064,-0.903208375023947,0.126328617650848
3.80349561222039,0.796668300542148,-0.889895744282827,0.0932274437406464
3.80360401645273,0.815532964916078,-0.875551100537855,0.0600181356217665
3.80371242068507,0.833451856047887,-0.860191073709048,0.0267392176611518
3.8038208249174,0.850404206169416,-0.8438334814276,-0.00657072474181389
3.80392922914974,0.866370339573905,-0.82649728837622,-0.0398730511977264
3.80399684241675,0.87582141895622,-0.815197421355385,-0.0606239976008563
3.80406445568376,0.884877264176711,-0.803529842716892,-0.081347421459837
3.80413206895076,0.893533835235432,-0.791499770290365,-0.102034064945074
3.80419968221777,0.901787219965293,-0.779112623465362,-0.122674596499974
3.80429184148063,0.91238066486247,-0.761663838223423,-0.150716826639058
3.80438400074349,0.922209368327232,-0.743576564146219,-0.17863280418101
3.80444420061366,0.928212933977959,-0.731423875692256,-0.196789058285717
3.80450440048384,0.93388446950181,-0.719009636964581,-0.214874832537234
3.80456460035401,0.939221971488356,-0.706338256562039,-0.232883714926332
3.80462480022418,0.944223518729941,-0.693414267835576,-0.250809250894391
3.80469730048862,0.949798513850521,-0.677520927574939,-0.272277586275583
3.80476980075306,0.954880784143271,-0.661276109143653,-0.293604674999642
3.8048423010175,0.95946770673486,-0.644688240951772,-0.314779465783118
3.80491480128194,0.963556887829865,-0.6277659386407,-0.335790949189177
3.80498730154638,0.967146219915898,-0.610517976662999,-0.356628243252911
3.80505980181082,0.970233828125213,-0.592953309593568,-0.37728051853167
3.80514796910748,0.973310243787344,-0.571179650140426,-0.402130593646928
3.80523613640413,0.975639970613111,-0.548967738929088,-0.426672231684005
3.80532430370079,0.977221231434291,-0.526334650033336,-0.450886581400964
3.80541247099744,0.978052800252543,-0.503297759414088,-0.474755040838471
3.8055006382941,0.978134050281437,-0.479874749063492,-0.498259301217966
3.80558880559075,0.977464907659283,-0.456083589629093,-0.521381318030204
3.80567697288741,0.976045896645327,-0.431942536388708,-0.544103360256639
3.80576514018407,0.973878095066798,-0.407470108510147,-0.566407986556655
3.80585330748072,0.970963176406457,-0.382685082676047,-0.588278093730402
3.80596171171307,0.966358543274133,-0.351811365168821,-0.614547178105356
3.80607011594541,0.960633203153113,-0.320529475953445,-0.640103727199698
3.80617852017775,0.953793805808749,-0.288875793836467,-0.664918011972266
3.8062869244101,0.945848294125635,-0.256887051177916,-0.688961242947724
3.80639532864244,0.936805878066362,-0.224600371254357,-0.712205506812001
3.80650373287479,0.926677049758876,-0.192053192861666,-0.734623856897203
3.80661213710713,0.915473549551,-0.159283275672838,-0.756190273878185
3.80672054133947,0.903208374983781,-0.126328615121184,-0.776879759862608
3.80682894557182,0.889895744068395,-0.0932274411878785,-0.79666830288051
3.80693734980416,0.875551100151769,-0.0600181330524339,-0.815532967099309
3.80704575403651,0.860191073154031,-0.0267392150816178,-0.833451858072397
3.80715415826885,0.843833480706592,0.0065707273251118,-0.8504042080317
3.80726256250119,0.826497287492345,0.0398730537784152,-0.866370341270742
3.80733017576736,0.815197420515862,0.060623999916162,-0.875821420432032
3.80739778903352,0.803529841932167,0.0813474235081005,-0.884877265440305
3.80746540229968,0.791499769570907,0.10203406672494,-0.893533836295818
3.80753301556584,0.779112622821305,0.122674598010448,-0.901787220831712
3.80762517485628,0.761663832158533,0.150716836504649,-0.912380668663159
3.80771733414672,0.743576552285025,0.178632822315652,-0.922209374600675
3.80777753399385,0.731423868225728,0.196789069407411,-0.928212937633115
3.80783773384099,0.719009634096436,0.214874836694726,-0.933884470791164
3.80789793368812,0.70633825849094,0.232883712175828,-0.939221970666762
3.80795813353526,0.693414274754857,0.250809241299615,-0.944223516054466
3.80803063379955,0.677520934635484,0.272277576679882,-0.949798511315356
3.80810313406385,0.661276116344146,0.29360466540706,-0.954880781751192
3.80817563432814,0.644688248290939,0.31477945619769,-0.959467704488634
3.80824813459244,0.627765946117113,0.335790939614997,-0.96355688573206
3.80832063485674,0.610517984275086,0.356628233694172,-0.967146217969255
3.80839313512103,0.592953317339798,0.377280508992465,-0.970233826332235
3.80848130244211,0.571179651910306,0.402130591028561,-0.973310242938824
3.8085694697632,0.548967734479902,0.426672235815407,-0.975639970295301
3.80865763708428,0.526334639136691,0.450886592095412,-0.977221231232125
3.80874580440536,0.503297741856277,0.474755057893806,-0.978052799750085
3.80883397172644,0.479874724645658,0.498259324417027,-0.978134049062686
3.80892213904752,0.456083558167554,0.521381347141177,-0.977464905308742
3.80901030636861,0.43194249771532,0.544103395033355,-0.976045892748666
3.80909847368969,0.407470062472633,0.566408026738813,-0.97387808921143
3.80918664101077,0.382685029138132,0.588278139044165,-0.970963168182258
3.80929504524318,0.351811310838273,0.614547222169653,-0.966358533007916
3.80940344947559,0.320529420895349,0.640103769958985,-0.960633190854318
3.809511853708,0.288875738116677,0.66491805337253,-0.953793791489192
3.80962025794042,0.256886994863189,0.688961282936425,-0.94584827779963
3.80972866217283,0.224600314412028,0.71220554533835,-0.936805859750395
3.80983706640524,0.192053135559762,0.734623893912037,-0.926677029471774
3.80994547063765,0.159283217980042,0.75619030933399,-0.91547352731399
3.81005387487006,0.126328557106647,0.776879793713745,-0.903208350820378
3.81016227910247,0.0932273829210609,0.796668335083116,-0.889895718004178
3.81027068333488,0.0600180746031773,0.815532997611458,-0.875551072214576
3.81037908756729,0.026739156520049,0.83345188685406,-0.860191043374091
3.8104874917997,-0.00657078592867957,0.850404235044838,-0.843833449116169
3.81059589603212,-0.0398731123535158,0.866370366479341,-0.82649725412581
3.81066350924139,-0.0606240409778923,0.875821436706733,-0.815197395728832
3.81073112245067,-0.0813474470831066,0.884877273437362,-0.803529826354212
3.81079873565995,-0.10203407286341,0.893533836682006,-0.79149976381858
3.81086634886923,-0.122674586786102,0.901787214283836,-0.779112627497742
3.81095850817251,-0.150716829217379,0.912380663785696,-0.761663834568313
3.8110506674758,-0.178632818934919,0.922209371182133,-0.743576552247198
3.81111086732727,-0.196789067336664,0.928212934658461,-0.731423867321766
3.81117106717874,-0.214874835923887,0.93388446821256,-0.719009632288657
3.81123126703021,-0.232883712693306,0.939221968436021,-0.706338255742671
3.81129146688168,-0.250809243092456,0.944223514122857,-0.693414271030369
3.81136396714361,-0.272277577752078,0.94979850912172,-0.677520931369618
3.81143646740555,-0.293604665766152,0.954880779327178,-0.661276113561015
3.81150896766749,-0.31477945585232,0.959467701866213,-0.644688246013859
3.81158146792942,-0.33579093857488,0.963556882943438,-0.627765944368531
3.81165396819136,-0.356628231970016,0.967146215046814,-0.610517983076777
3.8117264684533,-0.377280506596088,0.97023382330865,-0.592953316712506
3.81181463579423,-0.402130594195701,0.973310240532752,-0.571179646337046
3.81190280313516,-0.42667224440331,0.975639968170211,-0.548967723766861
3.81199097047609,-0.450886605948565,0.977221229050366,-0.526334623101752
3.81207913781702,-0.47475507684421,0.978052797173592,-0.503297720329354
3.81216730515795,-0.498259348284689,0.978134045753297,-0.479874697468607
3.81225547249888,-0.521381375734106,0.977464900928881,-0.456083525194773
3.81234363983981,-0.544103428147878,0.976045886961835,-0.431942458813921
3.81243180718074,-0.566408064160079,0.973878081682657,-0.407470017522581
3.81251997452167,-0.588278180546142,0.97096315857871,-0.382684978032522
3.81262837875415,-0.614547262545493,0.966358521560677,-0.351811259015146
3.81273678298663,-0.640103809158379,0.960633177571882,-0.320529368413455
3.81284518721911,-0.664918091346619,0.953793776382112,-0.288875685035494
3.81295359145159,-0.688961319637696,0.945848260880576,-0.256886941242852
3.81306199568407,-0.71220558072086,0.936805841034183,-0.224600260313329
3.81317039991655,-0.734623927931198,0.926677008975317,-0.192053081044119
3.81327880414902,-0.756190341946942,0.915473505056251,-0.15928316310928
3.8133872083815,-0.776879824879088,0.903208326822291,-0.126328501943195
3.81349561261398,-0.79666836476123,0.889895692288891,-0.0932273275276416
3.81360401684646,-0.815533025764259,0.875551044807182,-0.0600180190429103
3.81371242107894,-0.833451913445331,0.860191014301631,-0.0267391008562846
3.81382082531142,-0.850404260040023,0.843833418407608,0.00657084163243747
3.8139292295439,-0.866370389845808,0.82649722181218,0.039873168033673
3.81399684269743,-0.875821451406331,0.815197371906186,0.0606240795001951
3.81406445585096,-0.884877280114048,0.803529811638471,0.0813474684755874
3.81413206900449,-0.893533835990188,0.791499758812833,0.102034077177384
3.81419968215802,-0.901787206887582,0.779112632791788,0.122674574095834
3.8142918414466,-0.912380655127601,0.76166384300983,0.150716812117791
3.81438400073518,-0.92220936151166,0.743576564030296,0.178632797481381
3.81444420061393,-0.928212928039889,0.731423873862444,0.196789054177449
3.81450440049268,-0.933884464346607,0.71900963334643,0.214874831000177
3.81456460037144,-0.939221967020554,0.706338251082989,0.232883715937586
3.81462480025019,-0.944223514853292,0.693414260424863,0.250809254428453
3.81469730051005,-0.949798509461248,0.67752092105145,0.272277588409786
3.81476980076991,-0.95488077930276,0.661276103554201,0.293604675748597
3.81484230102977,-0.959467701505088,0.644688236341731,0.314779465163378
3.81491480128963,-0.963556882273275,0.627765935053684,0.33579094721959
3.81498730154949,-0.967146214095434,0.610517974141213,0.356628239954243
3.81505980180935,-0.970233822104167,0.592953308177284,0.377280513926894
3.81514796914587,-0.973310239000655,0.571179638789061,0.402130600211623
3.81523613648238,-0.975639966384916,0.548967717253511,0.426672249131372
3.81532430381889,-0.977221227086608,0.526334617668068,0.450886609418556
3.8154124711554,-0.978052795106421,0.503297716017501,0.474755079088926
3.81550063849191,-0.978134043657892,0.479874694318438,0.498259349339487
3.81558880582843,-0.977464898880492,0.456083523243294,0.521381375637205
3.81567697316494,-0.976045885035501,0.431942458095452,0.544103426940066
3.81576514050145,-0.97387807995342,0.407470018068552,0.566408061884827
3.81585330783796,-0.970963157121018,0.38268497987155,0.588278177249494
3.81596171207044,-0.966358520279768,0.351811260921867,0.614547259357924
3.81607011630292,-0.9606331764668,0.320529370382081,0.640103806084731
3.81617852053539,-0.953793775451816,0.288875687060329,0.664918088391491
3.81628692476787,-0.945848260123691,0.256886943318051,0.688961316805666
3.81639532900035,-0.936805840449215,0.224600262432997,0.712205578016216
3.81650373323282,-0.926677008560555,0.192053083202322,0.734623925358223
3.8166121374653,-0.915473504809713,0.159283165300154,0.756190339509589
3.81672054169778,-0.903208326742019,0.126328504160696,0.776879822581326
3.81682894593025,-0.889895692372415,0.0932273297657951,0.796668362606657
3.81693735016273,-0.875551045052189,0.0600180212957149,0.815533023756496
3.81704575439521,-0.86019101470532,0.0267391031175822,0.833451911587774
3.81715415862768,-0.84383341896716,-0.00657083936876324,0.8504042583359
3.81726256286016,-0.826497222524558,-0.0398731657736307,0.866370388298183
3.81733017601421,-0.815197372624131,-0.0606240774046352,0.87582145002876
3.81739778916826,-0.803529812355129,-0.081347466546375,0.884877278901505
3.81746540232231,-0.791499759521411,-0.102034075416068,0.893533834937485
3.81753301547636,-0.779112633485467,-0.12267457250399,0.901787205989446
3.81762517473736,-0.761663849125467,-0.15071680217226,0.91238065129774
3.81771733399837,-0.743576575943255,-0.178632779268371,0.922209355211615
3.81777753390025,-0.731423881362494,-0.196789043006269,0.928212924368739
3.81783773380214,-0.719009636228991,-0.214874826821898,0.933884463050847
3.81789793370402,-0.706338249148564,-0.232883718695759,0.939221967844339
3.8179581336059,-0.693414253479187,-0.250809264059174,0.944223517538372
3.81803063386592,-0.677520913961211,-0.272277598044925,0.949798512006145
3.81810313412594,-0.661276096320399,-0.293604685384081,0.95488078170447
3.81817563438596,-0.644688228965515,-0.31477947479519,0.959467703760697
3.81824813464598,-0.62776592753648,-0.335790956843426,0.96355688437991
3.818320634906,-0.610517966484287,-0.356628249566031,0.967146216050291
3.81839313516602,-0.592953300382178,-0.377280523522329,0.970233823904532
3.81848130247816,-0.571179636953788,-0.402130602902942,0.973310239856718
3.81856946979031,-0.548967721620338,-0.426672245089001,0.975639966709331
3.81865763710246,-0.526334628464725,-0.450886598828786,0.977221227293513
3.8187458044146,-0.503297733457321,-0.47475506215327,0.978052795610593
3.81883397172675,-0.47987471859977,-0.498259326274537,0.978134044874294
3.8189221390389,-0.45608355454944,-0.521381346674121,0.977464901223559
3.81901030635105,-0.431942496594202,-0.544103392324399,0.976045888918626
3.81909847366319,-0.407470063911915,-0.566408021876077,0.973878085787994
3.81918664097534,-0.382685033195424,-0.5882781321208,0.970963165316235
3.81929504520775,-0.35181131503559,-0.614547215473611,0.966358530509203
3.81940344944016,-0.320529425220863,-0.640103763500138,0.960633188720984
3.81951185367257,-0.288875742558559,-0.664918047160479,0.953793789719034
3.81962025790498,-0.256886999409325,-0.688961276980472,0.945848276389792
3.81972866213738,-0.224600319050207,-0.712205539647546,0.936805858697725
3.81983706636979,-0.192053140277682,-0.734623888495016,0.926677028772663
3.8199454706022,-0.159283222765215,-0.756190304199217,0.915473526964383
3.82005387483461,-0.126328561946783,-0.776879788869216,0.903208350815985
3.82016227906702,-0.093227387803594,-0.796668330536556,0.889895718340143
3.82027068329943,-0.060018079515504,-0.815532993370217,0.875551072885737
3.82037908753184,-0.0267391614495678,-0.833451882925266,0.860191044374803
3.82048749176425,0.00657078099461328,-0.85040423143502,0.843833450440394
3.82059589599666,0.0398731074274539,-0.866370363194812,0.826497255767353
3.82066350920737,0.0606240365032829,-0.875821433824448,0.815197397321148
3.82073112241808,0.0813474430634619,-0.884877270942676,0.803529827879192
3.82079873562879,0.102034069301671,-0.893533834559951,0.791499765258248
3.8208663488395,0.122674583684612,-0.90178721251905,0.77911262883441
3.8209585080876,0.150716809398668,-0.912380656151754,0.761663846753097
3.8210506673357,0.178632782571428,-0.922209358602592,0.743576576031127
3.82111086723337,0.196789045033321,-0.928212927328057,0.731423882294713
3.82117106713103,0.214874827582931,-0.933884465625123,0.719009638042181
3.82123126702869,0.232883718202013,-0.939221970080556,0.706338251878523
3.82129146692635,0.250809262323149,-0.944223519483952,0.693414257160796
3.82136396718861,0.272277596994646,-0.949798514203808,0.677520917209144
3.82143646745087,0.293604685012306,-0.954880784124162,0.661276099111838
3.82150896771313,0.314779475093828,-0.959467706372047,0.644688231278236
3.82158146797539,0.33579095780335,-0.963556887152359,0.627765929349002
3.82165396823765,0.356628251177028,-0.96714621895309,0.610517967776022
3.82172646849991,0.377280525773175,-0.9702338269066,0.592953301133441
3.8218146357921,0.40213059956273,-0.973310242242409,0.571179642679655
3.8219028030843,0.426672236301524,-0.975639968816918,0.548967732515382
3.82199097037649,0.450886584750361,-0.977221229462416,0.526334644712019
3.82207913766868,0.474755042952805,-0.978052798180698,0.503297755227879
3.82216730496088,0.49825930213316,-0.978134048185574,0.479874746052382
3.82225547225307,0.521381317784945,-0.97746490561529,0.456083587830334
3.82234363954527,0.54410335889224,-0.976045894729097,0.431942535836829
3.82243180683746,0.566407984117058,-0.973878093353962,0.407470109236857
3.82251997412966,0.588278090262132,-0.970963174972274,0.382685084710124
3.82262837836199,0.614547174749665,-0.966358542024052,0.351811367274361
3.82273678259433,0.640103723961703,-0.960633202086214,0.320529478124478
3.82284518682667,0.66491800885683,-0.953793804923947,0.288875796067094
3.82295359105901,0.688961239959487,-0.94584829342176,0.256887053462231
3.82306199529135,0.712205503955611,-0.936805877541849,0.224600373586236
3.82317039952368,0.734623854177109,-0.926677049411993,0.192053195234854
3.82327880375602,0.756190271298635,-0.915473549379827,0.159283278081181
3.82338720798836,0.776879757427734,-0.903208374986319,0.126328617558579
3.8234956122207,0.796668300594187,-0.889895744242194,0.0932274436480091
3.82360401645304,0.815532964965444,-0.875551100494306,0.0600181355288757
3.82371242068538,0.833451856094519,-0.86019107366262,0.0267392175681032
3.82382082491771,0.850404206213193,-0.843833481378317,-0.00657072483488889
3.82392922915005,0.8663703396149,-0.826497288324172,-0.0398730512907319
3.82399684241697,0.875821418982586,-0.81519742131756,-0.0606239976650358
3.82406445568388,0.884877264189529,-0.803529842694243,-0.0813474214953036
3.82413206895079,0.893533835235888,-0.791499770283979,-0.102034064951907
3.82419968221771,0.901787219954418,-0.779112623476135,-0.122674596478308
3.82429184148056,0.912380664851739,-0.761663838235361,-0.150716826616414
3.82438400074342,0.922209368316719,-0.743576564159241,-0.178632804157485
3.82444420061362,0.9282129339707,-0.731423875699499,-0.196789058271207
3.82450440048383,0.933884469497491,-0.719009636965821,-0.214874832531673
3.82456460035403,0.939221971486686,-0.706338256557049,-0.232883714929634
3.82462480022423,0.944223518730482,-0.69341426782403,-0.250809250906484
3.82469730048867,0.949798513850663,-0.677520927563677,-0.272277586286966
3.82476980075311,0.954880784142939,-0.66127610913254,-0.293604675010415
3.82484230101755,0.959467706734082,-0.64468824094092,-0.314779465793201
3.82491480128198,0.963556887828677,-0.627765938630027,-0.33579094919865
3.82498730154642,0.967146219914325,-0.61051797665262,-0.356628243261719
3.82505980181086,0.970233828123313,-0.592953309583452,-0.377280518539873
3.82514796910755,0.973310243786182,-0.571179650121297,-0.402130593664918
3.82523613640424,0.975639970612085,-0.548967738900658,-0.426672231711459
3.82532430370093,0.977221231432836,-0.526334649995249,-0.450886581437627
3.82541247099762,0.978052800250089,-0.503297759366125,-0.47475504088398
3.82550063829431,0.978134050277376,-0.479874749005383,-0.49825930127198
3.825588805591,0.977464907652925,-0.456083589560539,-0.521381318092429
3.82567697288769,0.976045896636208,-0.431942536309454,-0.544103360326733
3.82576514018438,0.973878095054244,-0.407470108420087,-0.566407986634195
3.82585330748107,0.970963176389876,-0.382685082574993,-0.588278093814918
3.82596171171341,0.96635854325412,-0.351811365067574,-0.614547178186553
3.82607011594575,0.96063320312971,-0.320529475852094,-0.640103727277635
3.82617852017809,0.953793805782064,-0.288875793735227,-0.664918012046857
3.82628692441043,0.945848294095833,-0.256887051076946,-0.688961243018891
3.82639532864277,0.936805878033514,-0.224600371153721,-0.712205506879801
3.82650373287512,0.926677049723037,-0.192053192761451,-0.734623856961599
3.82661213710746,0.915473549512401,-0.159283275573274,-0.756190273939131
3.8267205413398,0.903208374942539,-0.126328615022395,-0.776879759920113
3.82682894557214,0.889895744024548,-0.0932274410899462,-0.796668302934584
3.82693734980448,0.875551100105461,-0.0600181329555058,-0.815532967149957
3.82704575403682,0.860191073105413,-0.0267392149857693,-0.83345185811963
3.82715415826916,0.843833480655742,0.00657072741980838,-0.850404208075537
3.8272625625015,0.826497287439469,0.0398730538716886,-0.866370341311196
3.82733017576757,0.815197420476735,0.0606239999815765,-0.875821420458335
3.82739778903364,0.8035298419078,0.0813474235456967,-0.884877265453522
3.82746540229971,0.79149976956222,0.10203406673481,-0.893533836297012
3.82753301556578,0.779112622829267,0.122674597992704,-0.901787220821955
3.8276251748562,0.76166383217052,0.150716836481334,-0.912380668651835
3.82771733414662,0.743576552301291,0.178632822286811,-0.922209374588082
3.8277775339938,0.731423868234016,0.1967890693911,-0.928212937625109
3.82783773384097,0.719009634096317,0.214874836690938,-0.933884470787247
3.82789793368815,0.706338258482083,0.232883712184417,-0.93922197066651
3.82795813353532,0.693414274737025,0.250809241320354,-0.944223516057409
3.82803063379955,0.677520934633221,0.272277576679298,-0.949798511312517
3.82810313406377,0.661276116358167,0.29360466538544,-0.954880781743618
3.828175634328,0.644688248321882,0.314779456155366,-0.959467704477207
3.82824813459222,0.62776594616564,0.33579093955232,-0.963556885717923
3.82832063485644,0.610517984341995,0.356628233611362,-0.967146217953348
3.82839313512067,0.592953317425519,0.377280508890043,-0.970233826315562
3.82848130244169,0.571179652013104,0.402130590910226,-0.973310242923307
3.82856946976271,0.548967734600418,0.426672235681628,-0.975639970282057
3.82865763708373,0.526334639275373,0.450886591946783,-0.977221231222183
3.82874580440475,0.503297742013567,0.474755057730936,-0.978052799744496
3.82883397172577,0.479874724821974,0.498259324240516,-0.978134049062505
3.82892213904679,0.45608355836323,0.521381346951748,-0.977464905314977
3.82901030636781,0.431942497930771,0.5441033948316,-0.976045892762394
3.82909847368883,0.40747006270813,0.566408026525545,-0.973878089233639
3.82918664100985,0.382685029393825,0.588278138820172,-0.970963168213981
3.82929504524228,0.35181131109475,0.614547221953903,-0.966358533048637
3.8294034494747,0.320529421152287,0.640103769751567,-0.960633190903848
3.82951185370712,0.288875738373646,0.664918053173632,-0.95379379154725
3.82962025793954,0.256886995119881,0.68896128274606,-0.945848277865929
3.82972866217196,0.2246003146681,0.712205545156597,-0.936805859824659
3.82983706640438,0.192053135814793,0.734623893738978,-0.926677029553778
3.8299454706368,0.159283218233658,0.75619030916973,-0.915473527403377
3.83005387486922,0.126328557358504,0.776879793558293,-0.903208350916796
3.83016227910164,0.093227383170942,0.796668334936451,-0.889895718107414
3.83027068333406,0.0600180748507772,0.815532997473585,-0.875551072324364
3.83037908756648,0.0267391567649913,0.833451886725036,-0.860191043490009
3.83048749179891,-0.00657078568662488,0.850404234924575,-0.843833449237895
3.83059589603133,-0.0398731121146046,0.866370366367779,-0.826497254253153
3.83066350924085,-0.0606240408139426,0.875821436633088,-0.815197395819134
3.83073112245037,-0.0813474469939356,0.884877273398791,-0.803529826404838
3.83079873565989,-0.102034072848793,0.89353383667566,-0.79149976382688
3.83086634886941,-0.1226745868457,0.90178721430681,-0.779112627461126
3.8309585081727,-0.150716829278376,0.912380663807742,-0.761663834529337
3.83105066747599,-0.178632818997177,0.922209371203111,-0.743576552205891
3.83111086732738,-0.196789067375114,0.928212934670789,-0.731423867295638
3.83117106717877,-0.21487483593865,0.933884468217079,-0.719009632278398
3.83123126703017,-0.232883712684613,0.939221968433564,-0.706338255748911
3.83129146688156,-0.250809243060479,0.944223514114345,-0.693414271053843
3.83136396714351,-0.272277577724345,0.94979850911497,-0.67752093139063
3.83143646740546,-0.293604665742643,0.954880779322089,-0.661276113579459
3.83150896766741,-0.314779455833002,0.959467701862557,-0.644688246029538
3.83158146792936,-0.335790938559705,0.963556882941073,-0.627765944381379
3.83165396819131,-0.35662823195892,0.967146215045518,-0.610517983086593
3.83172646845326,-0.377280506589091,0.970233823308186,-0.592953316719091
3.83181463579418,-0.402130594185236,0.973310240532239,-0.571179646346993
3.8319028031351,-0.426672244389471,0.975639968169836,-0.548967723780347
3.83199097047601,-0.450886605931358,0.977221229050351,-0.526334623118997
3.83207913781693,-0.474755076823895,0.978052797174158,-0.503297720350242
3.83216730515785,-0.498259348261324,0.978134045754674,-0.479874697493345
3.83225547249877,-0.52138137570783,0.977464900931284,-0.456083525223435
3.83234363983969,-0.544103428118831,0.976045886965468,-0.431942458846592
3.8324318071806,-0.566408064128404,0.973878081687779,-0.407470017559343
3.83251997452152,-0.588278180512038,0.970963158585443,-0.382684978073355
3.832628378754,-0.614547262513197,0.96635852156883,-0.351811259055624
3.83273678298649,-0.640103809127937,0.960633177581354,-0.320529368453402
3.83284518721897,-0.664918091318004,0.953793776392837,-0.2888756850748
3.83295359145145,-0.688961319610937,0.94584826089244,-0.256886941281507
3.83306199568393,-0.712205580695853,0.936805841047148,-0.22460026035125
3.83317039991641,-0.734623927907972,0.926677008989287,-0.192053081081259
3.8332788041489,-0.756190341925486,0.915473505071034,-0.159283163145559
3.83338720838138,-0.776879824859362,0.903208326837995,-0.126328501978592
3.83349561261386,-0.796668364743112,0.889895692305302,-0.0932273275621537
3.83360401684634,-0.815533025747787,0.875551044824283,-0.0600180190764582
3.83371242107883,-0.833451913430466,0.860191014319257,-0.0267391008887935
3.83382082531131,-0.850404260026772,0.843833418425738,0.0065708416010107
3.83392922954379,-0.866370389834053,0.826497221830688,0.0398731680033824
3.83399684269735,-0.875821451398854,0.815197371920684,0.060624079478205
3.83406445585091,-0.884877280110639,0.803529811648685,0.0813474684619684
3.83413206900446,-0.893533835990465,0.791499758818445,0.102034077172044
3.83419968215802,-0.90178720689122,0.779112632792467,0.122674574098804
3.83429184144658,-0.912380655128209,0.761663843015694,0.150716812112534
3.83438400073513,-0.922209361509727,0.743576564041729,0.178632797468029
3.8344442006139,-0.92821292804025,0.731423873869916,0.196789054170342
3.83450440049267,-0.933884464349041,0.71900963334979,0.21487483099927
3.83456460037144,-0.939221967024834,0.706338251081961,0.232883715942892
3.83462480025022,-0.944223514859138,0.69341426041939,0.250809254439757
3.83469730051004,-0.949798509464402,0.677520921053384,0.272277588411034
3.83476980076987,-0.954880779303683,0.661276103563831,0.293604675739878
3.8348423010297,-0.959467701504251,0.644688236359359,0.314779465144912
3.83491480128953,-0.963556882271105,0.627765935079593,0.335790947191507
3.83498730154935,-0.967146214092415,0.610517974175653,0.356628239916778
3.83505980180918,-0.970233822100795,0.592953308220714,0.377280513880118
3.83514796914562,-0.973310238996514,0.571179638851589,0.402130600144928
3.83523613648206,-0.975639966381224,0.54896771733597,0.426672249045257
3.8353243038185,-0.977221227084639,0.526334617771009,0.450886609313622
3.83541247115494,-0.978052795107379,0.503297716141509,0.474755078965888
3.83550063849138,-0.978134043663067,0.479874694464068,0.498259349199028
3.83558880582781,-0.977464898891082,0.456083523411079,0.521381375480047
3.83567697316425,-0.976045885052865,0.431942458285851,0.544103426767015
3.83576514050069,-0.973878079978672,0.407470018281918,0.566408061696756
3.83585330783713,-0.970963157155456,0.382684980108255,0.588278177047211
3.83596171206961,-0.966358520322787,0.351811261161526,0.614547259161264
3.83607011630209,-0.96063317651836,0.320529370624477,0.640103805893871
3.83617852053456,-0.953793775511782,0.288875687305091,0.664918088206705
3.83628692476704,-0.945848260192036,0.256886943564957,0.688961316627062
3.83639532899952,-0.93680584052582,0.224600262681767,0.712205577844057
3.836503733232,-0.926677008645311,0.192053083452694,0.734623925192631
3.83661213746447,-0.915473504902589,0.15928316555182,0.756190339350759
3.83672054169695,-0.90320832684277,0.126328504413396,0.77687982242941
3.83682894592943,-0.889895692481081,0.0932273300192071,0.796668362461869
3.83693735016191,-0.875551045168482,0.0600180215494749,0.815533023619011
3.83704575439438,-0.860191014829135,0.0267391033714414,0.833451911457681
3.83715415862686,-0.843833419098332,-0.00657083911507018,0.850404258213393
3.83726256285934,-0.826497222662894,-0.0398731655204835,0.866370388183415
3.83733017601364,-0.815197372724482,-0.0606240772284972,0.875821449952955
3.83739778916794,-0.803529812414658,-0.0813474664472474,0.884877278861904
3.83746540232224,-0.791499759537425,-0.102034075393698,0.893533834931111
3.83753301547654,-0.779112633455345,-0.122674572557943,0.901787206013276
3.83762517473751,-0.761663849099823,-0.150716802216983,0.912380651316819
3.83771733399849,-0.743576575922456,-0.178632779303913,0.922209355226399
3.83777753390033,-0.73142388135013,-0.196789043028469,0.928212924378582
3.83783773380217,-0.719009636225461,-0.214874826830802,0.933884463056261
3.83789793370401,-0.706338249154209,-0.232883718691548,0.939221967845719
3.83795813360585,-0.693414253494509,-0.250809264041812,0.944223517536303
3.83803063386585,-0.677520913980246,-0.272277598023046,0.94979851200329
3.83810313412586,-0.661276096343445,-0.29360468535763,0.954880781701057
3.83817563438586,-0.644688228992651,-0.314779474764273,0.959467703756928
3.83824813464586,-0.627765927567765,-0.335790956808231,0.963556884375981
3.83832063490586,-0.61051796651995,-0.356628249526501,0.967146216046452
3.83839313516587,-0.592953300422379,-0.377280523478648,0.97023382390099
3.83848130247799,-0.571179637001208,-0.402130602852498,0.973310239853718
3.83856946979011,-0.548967721675157,-0.426672245032084,0.975639966707224
3.83865763710223,-0.526334628527107,-0.450886598765645,0.977221227292745
3.83874580441435,-0.50329773352753,-0.474755062084117,0.978052795611632
3.83883397172647,-0.479874718678029,-0.498259326199591,0.978134044877617
3.83892213903859,-0.45608355463588,-0.521381346593681,0.97746490122955
3.83901030635072,-0.431942496688912,-0.544103392238795,0.976045888927697
3.83909847366284,-0.407470064014964,-0.566408021785672,0.973878085800641
3.83918664097496,-0.38268503330702,-0.588278132025838,0.970963165332833
3.83929504520736,-0.351811315149734,-0.614547215380216,0.966358530529927
3.83940344943977,-0.320529425337457,-0.640103763408498,0.960633188745936
3.83951185367217,-0.288875742677486,-0.664918047070715,0.953793789748216
3.83962025790458,-0.25688699953048,-0.68896127689275,0.945848276423241
3.83972866213698,-0.224600319173466,-0.71220553956203,0.936805858735503
3.83983706636939,-0.192053140402943,-0.734623888411886,0.926677028814801
3.8399454706018,-0.159283222892354,-0.7561903041186,0.915473527010956
3.8400538748342,-0.126328562075558,-0.776879788791274,0.903208350866845
3.84016227906661,-0.0932273879339245,-0.796668330461483,0.889895718395375
3.84027068329901,-0.0600180796472822,-0.815532993298114,0.875551072945366
3.84037908753142,-0.0267391615826433,-0.833451882856225,0.860191044438849
3.84048749176382,0.00657078086037634,-0.850404231369266,0.843833450508867
3.84059589599623,0.0398731072921939,-0.866370363132416,0.826497255840227
3.84066350920708,0.0606240364112282,-0.875821433783796,0.815197397372562
3.84073112241793,0.0813474430145294,-0.884877270922099,0.80352982790755
3.84079873562878,0.102034069295644,-0.893533834557777,0.79149976526213
3.84086634883963,0.122674583721347,-0.901787212533613,0.779112628812265
3.84095850808778,0.150716809450744,-0.912380656170919,0.761663846720171
3.84105066733594,0.178632782638507,-0.92220935862539,0.743576575986845
3.84111086723351,0.19678904507282,-0.928212927340757,0.731423882267922
3.84117106713108,0.214874827595017,-0.933884465628783,0.719009638033735
3.84123126702865,0.232883718186861,-0.939221970076055,0.706338251889216
3.84129146692622,0.250809262281108,-0.944223519472443,0.6934142571913
3.84136396718852,0.272277596965513,-0.949798514196316,0.677520917230795
3.84143646745082,0.293604684996004,-0.954880784120124,0.661276099124111
3.84150896771313,0.314779475090116,-0.959467706370902,0.644688231280781
3.84158146797543,0.335790957812092,-0.963556887153501,0.627765929341407
3.84165396823773,0.356628251197966,-0.96714621895587,0.610517967757902
3.84172646850004,0.377280525806116,-0.970233826910556,0.59295330110441
3.84181463579227,0.402130599607089,-0.973310242246558,0.571179642639444
3.84190280308451,0.426672236356936,-0.975639968820555,0.548967732463586
3.84199097037675,0.450886584816479,-0.977221229464812,0.526334644648319
3.84207913766898,0.474755043029206,-0.978052798181188,0.503297755151961
3.84216730496122,0.498259302219511,-0.978134048183367,0.479874745963847
3.84225547225345,0.521381317880752,-0.977464905609692,0.456083587728946
3.84234363954569,0.54410335899712,-0.976045894719404,0.431942535722274
3.84243180683793,0.566407984230478,-0.973878093339463,0.407470109108986
3.84251997413016,0.588278090383563,-0.970963174952304,0.382685084568706
3.8426283783625,0.614547174866958,-0.966358541998986,0.351811367131984
3.84273678259483,0.640103724074705,-0.960633202056196,0.320529477981421
3.84284518682717,0.664918008965479,-0.953793804888995,0.288875795923513
3.8429535910595,0.688961240063761,-0.945848293382005,0.256887053318212
3.84306199529184,0.712205504055425,-0.936805877497444,0.224600373442
3.84317039952417,0.734623854272348,-0.926677049363063,0.192053195090712
3.84327880375651,0.756190271389277,-0.915473549326525,0.1592832779372
3.84338720798884,0.776879757513773,-0.903208374928717,0.126328617414939
3.84349561222118,0.796668300675537,-0.889895744180448,0.0932274435049221
3.84360401645351,0.815532965042027,-0.875551100428546,0.0600181353865129
3.84371242068585,0.83345185616637,-0.860191073593062,0.0267392174266519
3.84382082491818,0.850404206280313,-0.843833481305038,-0.00657072497528136
3.84392922915051,0.86637033967722,-0.826497288247252,-0.0398730514299733
3.84399684241728,0.875821419022456,-0.815197421262637,-0.0606239977598028
3.84406445568405,0.884877264208592,-0.803529842663014,-0.0813474215456299
3.84413206895082,0.893533835235822,-0.791499770277849,-0.102034064958012
3.84419968221759,0.901787219937024,-0.779112623496723,-0.122674596440319
3.84429184148046,0.912380664836073,-0.761663838255379,-0.15071682658069
3.84438400074332,0.922209368302643,-0.743576564178667,-0.178632804123979
3.84444420061356,0.928212933960966,-0.73142387571151,-0.196789058249451
3.8445044004838,0.933884469491625,-0.719009636970082,-0.214874832521568
3.84456460035404,0.939221971484273,-0.706338256553182,-0.232883714931147
3.84462480022429,0.944223518731169,-0.693414267811725,-0.25080925091945
3.84469730048873,0.94979851385139,-0.677520927549588,-0.272277586301856
3.84476980075317,0.954880784143778,-0.661276109116667,-0.293604675027131
3.84484230101762,0.959467706734874,-0.64468824092324,-0.314779465811685
3.84491480128206,0.96355688782931,-0.627765938610476,-0.335790949218878
3.84498730154651,0.967146219914774,-0.610517976631078,-0.356628243283702
3.84505980181095,0.970233828123401,-0.592953309559894,-0.377280518563534
3.84514796910767,0.973310243786413,-0.571179650090164,-0.402130593696257
3.84523613640439,0.975639970611891,-0.548967738861633,-0.426672231750304
3.84532430370111,0.977221231431801,-0.526334649948138,-0.450886581483675
3.84541247099783,0.978052800247675,-0.50329775931074,-0.474755040936957
3.84550063829455,0.978134050273099,-0.47987474894144,-0.498259301331666
3.84558880559127,0.977464907646382,-0.456083589487916,-0.521381318158482
3.84567697288798,0.976045896626763,-0.431942536227981,-0.544103360398816
3.8457651401847,0.973878095041594,-0.407470108329617,-0.566407986711975
3.84585330748142,0.970963176373462,-0.382685082475336,-0.588278093898133
3.84596171171377,0.966358543233898,-0.351811364965341,-0.614547178268535
3.84607011594611,0.960633203105602,-0.320529475747362,-0.640103727358219
3.84617852017846,0.953793805753967,-0.288875793627977,-0.664918012126007
3.8462869244108,0.945848294063694,-0.256887050967301,-0.688961243096404
3.84639532864315,0.936805877997291,-0.224600371041827,-0.712205506955473
3.84650373287549,0.926677049682728,-0.192053192647425,-0.734623857035296
3.84661213710783,0.91547354946789,-0.159283275457208,-0.756190274010682
3.84672054134018,0.90320837489385,-0.126328614904436,-0.776879759989431
3.84682894557252,0.8898957439716,-0.0932274409701911,-0.796668303001426
3.84693734980487,0.875551100048193,-0.0600181328340005,-0.815532967214207
3.84704575403721,0.860191073043848,-0.0267392148627031,-0.833451858181144
3.84715415826956,0.843833480589874,0.00657072754427393,-0.850404208134177
3.8472625625019,0.826497287369314,0.0398730539974068,-0.866370341366727
3.84733017576785,0.815197420425524,0.0606240000689159,-0.875821420494413
3.84739778903379,0.803529841876944,0.0813474235946655,-0.884877265471616
3.84746540229974,0.791499769553047,0.102034066745576,-0.893533836298623
3.84753301556569,0.77911262284313,0.122674597965377,-0.901787220808501
3.84762517485609,0.761663832189254,0.150716836447533,-0.912380668636788
3.84771733414649,0.743576552325136,0.17863282224665,-0.922209374571783
3.84777753399371,0.73142386824787,0.196789069366705,-0.928212937614549
3.84783773384094,0.719009634099743,0.214874836682122,-0.933884470781906
3.84789793368817,0.706338258474594,0.232883712191193,-0.93922197066578
3.8479581335354,0.693414274718184,0.250809241342546,-0.944223516060743
3.84803063379965,0.67752093460797,0.272277576709399,-0.949798511317412
3.8481031340639,0.66127611632632,0.293604665423305,-0.954880781749609
3.84817563432815,0.644688248283218,0.314779456200808,-0.959467704484039
3.8482481345924,0.62776594611985,0.335790939605288,-0.96355688572512
3.84832063485665,0.610517984288852,0.356628233671704,-0.967146217960543
3.8483931351209,0.592953317364871,0.377280508957535,-0.970233826322375
3.84848130244193,0.571179651949807,0.402130590978594,-0.973310242928379
3.84856946976295,0.548967734534336,0.426672235750865,-0.975639970285192
3.84865763708398,0.52633463920652,0.450886592016775,-0.977221231223296
3.84874580440501,0.50329774194195,0.474755057801545,-0.978052799743498
3.84883397172604,0.479874724747594,0.498259324311712,-0.978134049059274
3.84892213904706,0.456083558286083,0.521381347023356,-0.977464905309422
3.84901030636809,0.431942497850876,0.54410339490353,-0.976045892754407
3.84909847368912,0.407470062625409,0.566408026597747,-0.973878089223162
3.84918664101014,0.382685029308435,0.588278138892442,-0.97096316820085
3.84929504524256,0.351811311009498,0.614547222023224,-0.966358533032724
3.84940344947498,0.3205294210673,0.640103769817968,-0.960633190885242
3.84951185370739,0.288875738289122,0.66491805323702,-0.953793791526107
3.84962025793981,0.256886995035776,0.688961282806488,-0.945848277842255
3.84972866217223,0.22460031458459,0.712205545214106,-0.936805859798667
3.84983706640464,0.192053135732101,0.734623893793468,-0.926677029525553
3.84994547063706,0.159283218151831,0.756190309221207,-0.915473527373042
3.85005387486948,0.126328557277636,0.776879793606823,-0.903208350884451
3.85016227910189,0.0932273830910983,0.796668334982087,-0.889895718073205
3.85027068333431,0.0600180747720841,0.815532997516273,-0.875551072288346
3.85037908756673,0.0267391566876196,0.833451886764849,-0.860191043452448
3.85048749179914,-0.0065707857627305,0.850404234961546,-0.843833449198796
3.85059589603156,-0.0398731121893369,0.866370366401996,-0.826497254212621
3.85066350924098,-0.0606240408580804,0.875821436652316,-0.81519739579421
3.8507311224504,-0.0813474470076198,0.884877273404252,-0.803529826396619
3.85079873565982,-0.102034072832024,0.89353383666849,-0.791499763836457
3.85086634886924,-0.12267458679871,0.901787214288214,-0.779112627489485
3.85095850817248,-0.150716829214073,0.912380663784103,-0.761663834569998
3.85105066747571,-0.178632818915856,0.92220937117545,-0.743576552259563
3.8511108673272,-0.196789067324268,0.928212934654399,-0.731423867330084
3.85117106717869,-0.214874835918027,0.933884468210829,-0.719009632292774
3.85123126703019,-0.232883712694049,0.93922196843637,-0.706338255742294
3.85129146688168,-0.250809243099633,0.944223514125104,-0.693414271025463
3.85136396714363,-0.27227757776306,0.94979850912485,-0.677520931361786
3.85143646740558,-0.293604665780888,0.954880779331119,-0.661276113550193
3.85150896766753,-0.314779455870675,0.959467701870693,-0.644688246000013
3.85158146792948,-0.335790938596844,0.963556882948324,-0.627765944351469
3.85165396819143,-0.356628231995441,0.967146215051916,-0.610517983056471
3.85172646845338,-0.377280506625066,0.970233823313759,-0.592953316688701
3.85181463579428,-0.402130594217952,0.973310240536532,-0.571179646318588
3.85190280313519,-0.426672244418961,0.975639968172986,-0.548967723754018
3.8519909704761,-0.450886605957772,0.977221229052565,-0.526334623094757
3.85207913781701,-0.474755076847171,0.978052797175622,-0.503297720328418
3.85216730515791,-0.498259348281593,0.978134045755535,-0.479874697473921
3.85225547249882,-0.521381375725147,0.977464900931688,-0.456083525206527
3.85234363983973,-0.544103428133303,0.976045886965605,-0.431942458832294
3.85243180718064,-0.566408064140084,0.973878081687826,-0.407470017547731
3.85251997452154,-0.58827818052108,0.970963158585598,-0.382684978064517
3.85262837875403,-0.614547262522059,0.966358521568768,-0.351811259046686
3.85273678298651,-0.640103809136596,0.960633177581091,-0.320529368444461
3.85284518721899,-0.664918091326484,0.953793776392356,-0.288875685065836
3.85295359145147,-0.688961319619218,0.945848260891735,-0.256886941272492
3.85306199568396,-0.712205580703974,0.936805841046203,-0.224600260342205
3.85317039991644,-0.734623927915914,0.926677008988091,-0.192053081072157
3.85327880414892,-0.756190341933211,0.915473505069677,-0.159283163136431
3.8533872083814,-0.776879824866885,0.903208326836345,-0.126328501969433
3.85349561261388,-0.796668364750472,0.889895692303482,-0.0932273275529795
3.85360401684637,-0.815533025754961,0.875551044822254,-0.0600180190672808
3.85371242107885,-0.833451913437416,0.86019101431702,-0.0267391008796105
3.85382082531133,-0.850404260033496,0.843833418423339,0.00657084161019393
3.85392922954381,-0.866370389840593,0.826497221828055,0.0398731680125559
3.85399684269737,-0.875821451405349,0.81519737191784,0.0606240794875718
3.85406445585093,-0.884877280117058,0.803529811645558,0.0813474684715225
3.85413206900449,-0.89353383599682,0.791499758815133,0.102034077181703
3.85419968215805,-0.901787206897488,0.779112632788886,0.122674574108621
3.8542918414466,-0.912380655134061,0.761663843012396,0.150716812121678
3.85438400073515,-0.922209361515158,0.743576564038726,0.178632797476492
3.85444420061391,-0.928212928044089,0.731423873869955,0.19678905417417
3.85450440049266,-0.933884464351473,0.719009633352891,0.214874830998598
3.85456460037142,-0.939221967026065,0.706338251088326,0.232883715937739
3.85462480025017,-0.944223514859319,0.693414260429102,0.25080925443023
3.85469730051,-0.949798509464334,0.677520921064805,0.272277588399546
3.85476980076982,-0.954880779303503,0.661276103577084,0.293604675726425
3.85484230102964,-0.959467701503996,0.644688236374454,0.314779465129543
3.85491480128946,-0.963556882270935,0.627765935096724,0.335790947174242
3.85498730154928,-0.967146214092451,0.61051797419478,0.356628239897664
3.8550598018091,-0.970233822101047,0.592953308241809,0.377280513859242
3.85514796914552,-0.973310238996894,0.57117963887791,0.402130600118958
3.85523613648194,-0.975639966382004,0.54896771736762,0.426672249014382
3.85532430381836,-0.97722122708617,0.52633461780814,0.450886609278045
3.85541247115478,-0.978052795110011,0.503297716184407,0.474755078925639
3.8555006384912,-0.978134043667143,0.47987469451274,0.498259349154412
3.85558880582762,-0.977464898896923,0.456083523465692,0.52138137543124
3.85567697316404,-0.976045885060703,0.43194245834644,0.544103426714311
3.85576514050046,-0.973878079988936,0.407470018348672,0.566408061640267
3.85585330783688,-0.970963157168405,0.382684980181162,0.588278176987246
3.85596171206935,-0.96635852033842,0.351811261235722,0.614547259102712
3.85607011630183,-0.960633176536692,0.320529370699945,0.640103805836775
3.85617852053431,-0.953793775532854,0.288875687381662,0.664918088151186
3.85628692476678,-0.945848260215741,0.256886943642543,0.688961316573209
3.85639532899926,-0.936805840552258,0.224600262760367,0.712205577791907
3.85650373323174,-0.926677008674413,0.192053083532154,0.734623925142266
3.85661213746421,-0.915473504934267,0.159283165631949,0.756190339302363
3.85672054169669,-0.9032083268772,0.126328504494226,0.776879822382941
3.85682894592917,-0.889895692518055,0.0932273301006167,0.796668362417451
3.85693735016164,-0.875551045208024,0.0600180216313412,0.815533023576701
3.85704575439412,-0.860191014871263,0.0267391034536872,0.833451911417568
3.8571541586266,-0.843833419143043,-0.0065708390324656,0.850404258175521
3.85726256285907,-0.826497222710107,-0.0398731654376605,0.866370388147775
3.85733017601346,-0.815197372757577,-0.0606240771738369,0.87582144993142
3.85739778916785,-0.803529812432763,-0.0813474664205712,0.884877278853349
3.85746540232225,-0.79149975953942,-0.102034075395028,0.893533834934447
3.85753301547664,-0.779112633440307,-0.122674572587185,0.901787206027505
3.85762517473769,-0.761663849068729,-0.150716802270328,0.912380651339042
3.85771733399875,-0.743576575874167,-0.17863277938115,0.922209355255329
3.85777753390049,-0.731423881320732,-0.196789043075824,0.928212924396548
3.85783773380223,-0.719009636215787,-0.214874826848552,0.933884463064339
3.85789793370397,-0.706338249165237,-0.232883718679793,0.939221967845025
3.85795813360572,-0.693414253526945,-0.250809264000958,0.944223517527903
3.85803063386573,-0.677520914011676,-0.272277597984628,0.949798511996329
3.85810313412574,-0.661276096373824,-0.293604685321622,0.954880781695445
3.85817563438575,-0.644688229021919,-0.314779474730648,0.959467703752581
3.85824813464576,-0.62776592759588,-0.335790956776897,0.963556884372792
3.85832063490577,-0.610517966546814,-0.356628249497501,0.967146216044294
3.85839313516578,-0.592953300447878,-0.377280523451945,0.970233823899816
3.85848130247791,-0.571179637024862,-0.402130602828725,0.97331023985359
3.85856946979004,-0.548967721696815,-0.426672245011184,0.975639966708001
3.85865763710217,-0.526334628546762,-0.450886598747523,0.977221227294275
3.8587458044143,-0.503297733545011,-0.474755062068739,0.978052795613762
3.85883397172643,-0.479874718693244,-0.498259326186915,0.978134044880171
3.85892213903856,-0.45608355464874,-0.521381346583636,0.97746490123237
3.85901030635069,-0.431942496699314,-0.544103392231308,0.976045888930591
3.85909847366282,-0.407470064022834,-0.566408021780646,0.973878085803457
3.85918664097495,-0.382685033312266,-0.588278132023189,0.970963165335473
3.85929504520736,-0.351811315154932,-0.614547215377706,0.966358530532636
3.85940344943976,-0.32052942534253,-0.640103763406155,0.960633188748684
3.85951185367217,-0.288875742682405,-0.664918047068556,0.953793789750931
3.85962025790457,-0.256886999535207,-0.688961276890772,0.945848276425971
3.85972866213698,-0.224600319178118,-0.712205539560144,0.936805858738262
3.85983706636939,-0.192053140407435,-0.734623888410124,0.926677028817564
3.85994547060179,-0.159283222896752,-0.756190304116945,0.915473527013699
3.8600538748342,-0.126328562079793,-0.776879788789799,0.903208350869541
3.8601622790666,-0.0932273879380838,-0.796668330460046,0.88989571839809
3.86027068329901,-0.0600180796512793,-0.815532993296816,0.875551072948096
3.86037908753142,-0.0267391615865536,-0.833451882854963,0.860191044441534
3.86048749176382,0.0065707808566172,-0.850404231368108,0.843833450511499
3.86059589599623,0.0398731072886325,-0.866370363131398,0.826497255842751
3.86066350920708,0.0606240364078449,-0.875821433782831,0.815197397374963
3.86073112241793,0.0813474430112599,-0.884877270921158,0.803529827909865
3.86079873562878,0.102034069292533,-0.89353383455691,0.791499765264357
3.86086634883963,0.122674583718352,-0.901787212532815,0.779112628814465
3.86095850808783,0.15071680946069,-0.912380656174804,0.761663846714116
3.86105066733602,0.178632782661381,-0.922209358633317,0.743576575971943
3.86111086723356,0.196789045086015,-0.928212927345127,0.731423882259096
3.8611710671311,0.214874827598587,-0.933884465629931,0.719009638031312
3.86123126702864,0.232883718180974,-0.939221970074402,0.706338251893376
3.86129146692618,0.250809262265808,-0.944223519468236,0.693414257202385
3.86136396718847,0.272277596948473,-0.949798514191937,0.677520917243441
3.86143646745077,0.293604684977235,-0.954880784115677,0.661276099138413
3.86150896771307,0.314779475069714,-0.959467706366463,0.64468823129672
3.86158146797537,0.335790957790035,-0.963556887149091,0.627765929359077
3.86165396823766,0.356628251174345,-0.967146218951674,0.61051796777731
3.86172646849996,0.377280525780915,-0.970233826906566,0.592953301125663
3.86181463579221,0.402130599586674,-0.973310242243726,0.571179642657037
3.86190280308446,0.426672236341074,-0.975639968818597,0.548967732477514
3.86199097037672,0.450886584805163,-0.977221229463438,0.526334644658268
3.86207913766897,0.474755043022309,-0.978052798180164,0.503297755157823
3.86216730496122,0.498259302216907,-0.978134048182411,0.479874745965501
3.86225547225347,0.521381317882258,-0.977464905608557,0.456083587726239
3.86234363954573,0.544103359002613,-0.976045894717733,0.431942535715098
3.86243180683798,0.566407984239781,-0.97387809333699,0.407470109097226
3.86251997413023,0.588278090396494,-0.970963174948823,0.382685084552298
3.86262837836256,0.614547174879346,-0.966358541994835,0.351811367115485
3.8627367825949,0.640103724086472,-0.960633202051394,0.320529477964912
3.86284518682723,0.664918008976616,-0.95379380488362,0.288875795906992
3.86295359105957,0.688961240074213,-0.945848293376061,0.256887053301824
3.8630619952919,0.712205504065234,-0.93680587749092,0.224600373425706
3.86317039952423,0.734623854281477,-0.926677049356025,0.192053195074532
3.86327880375657,0.756190271397763,-0.915473549319005,0.159283277921202
3.8633872079889,0.77687975752156,-0.903208374920741,0.126328617399127
3.86349561222123,0.796668300682704,-0.889895744171987,0.0932274434892668
3.86360401645357,0.815532965048524,-0.875551100419605,0.0600181353710632
3.8637124206859,0.833451856172258,-0.860191073583675,0.0267392174113953
3.86382082491824,0.850404206285545,-0.843833481295247,-0.00657072499029853
3.86392922915057,0.866370339681799,-0.826497288237129,-0.0398730514446664
3.86399684241733,0.875821419024809,-0.815197421254578,-0.0606239977702313
3.86406445568408,0.884877264208959,-0.803529842657069,-0.0813474215519104
3.86413206895084,0.893533835234275,-0.791499770274305,-0.10203406496001
3.86419968221759,0.901787219933782,-0.779112623495676,-0.122674596438105
3.86429184148045,0.912380664831995,-0.761663838255731,-0.150716826576299
3.8643840007433,0.922209368297892,-0.743576564180491,-0.178632804117436
3.86444420061356,0.928212933957515,-0.731423875710813,-0.196789058246747
3.86450440048381,0.933884469489385,-0.719009636966635,-0.214874832522781
3.86456460035407,0.939221971483046,-0.706338256546929,-0.232883714936134
3.86462480022432,0.944223518730846,-0.693414267802632,-0.25080925092821
3.86469730048871,0.949798513846806,-0.677520927552415,-0.272277586294367
3.8647698007531,0.954880784135622,-0.661276109132037,-0.293604675003586
3.86484230101749,0.959467706723954,-0.644688240951496,-0.314779465772491
3.86491480128188,0.963556887816362,-0.627765938652181,-0.335790949164178
3.86498730154627,0.967146219900524,-0.61051797668678,-0.356628243213761
3.86505980181066,0.97023382810866,-0.59295330963001,-0.377280518478649
3.86514796910736,0.973310243773368,-0.571179650167756,-0.402130593605623
3.86523613640405,0.975639970601023,-0.548967738946851,-0.426672231654172
3.86532430370075,0.977221231423433,-0.52633465004116,-0.450886581382304
3.86541247099744,0.978052800242285,-0.503297759411674,-0.474755040830625
3.86550063829414,0.978134050271075,-0.479874749050453,-0.498259301220633
3.86558880559083,0.977464907648148,-0.456083589605076,-0.521381318043056
3.86567697288753,0.976045896632743,-0.431942536353536,-0.544103360279226
3.86576514018422,0.973878095052109,-0.407470108463527,-0.566407986588594
3.86585330748092,0.970963176388922,-0.382685082617694,-0.588278093771241
3.86596171171327,0.966358543254367,-0.351811365108365,-0.614547178146042
3.86607011594561,0.960633203131035,-0.32052947589098,-0.640103727240059
3.86617852017796,0.953793805784293,-0.288875793772056,-0.664918012012225
3.86628692441031,0.945848294098698,-0.256887051111596,-0.688961242987087
3.86639532864266,0.936805878036891,-0.224600371186196,-0.712205506850718
3.86650373287501,0.926677049726815,-0.192053192791698,-0.734623856935098
3.86661213710736,0.915473549516253,-0.159283275601049,-0.756190273915181
3.8667205413397,0.903208374946354,-0.126328615047765,-0.776879759898597
3.86682894557205,0.88989574402819,-0.0932274411129042,-0.796668302915317
3.8669373498044,0.875551100108654,-0.0600181329758209,-0.815532967132868
3.86704575403675,0.860191073108087,-0.0267392150035286,-0.83345185810455
3.8671541582691,0.843833480657734,0.00657072740457527,-0.850404208062323
3.86726256250145,0.826497287440523,0.039873053859169,-0.866370341299697
3.86733017576753,0.815197420476684,0.0606239999715176,-0.875821420448196
3.86739778903361,0.80352984190657,0.081347423538105,-0.88487726544468
3.86746540229968,0.791499769559745,0.102034066729592,-0.893533836289337
3.86753301556576,0.779112622825457,0.122674597989915,-0.901787220815377
3.86762517485618,0.761663832168381,0.150716836476123,-0.91238066864449
3.86771733414659,0.743576552300942,0.178632822279227,-0.922209374580146
3.86777753399378,0.731423868230496,0.196789069388377,-0.928212937618907
3.86783773384097,0.719009634089626,0.214874836692903,-0.933884470782519
3.86789793368816,0.706338258471967,0.23288371219116,-0.939221970663154
3.86795813353536,0.693414274723401,0.2508092413318,-0.944223516055213
3.86803063379961,0.677520934613782,0.272277576698209,-0.949798511311993
3.86810313406385,0.661276116332694,0.293604665411686,-0.954880781744372
3.8681756343281,0.64468824829019,0.314779456188814,-0.959467704478966
3.86824813459235,0.627765946127521,0.335790939592774,-0.963556885720273
3.8683206348566,0.610517984297148,0.356628233658797,-0.967146217955927
3.86839313512085,0.592953317373771,0.377280508944254,-0.970233826318045
3.86848130244189,0.571179651954606,0.402130590970411,-0.97331024292502
3.86856946976294,0.548967734534864,0.426672235747611,-0.975639970282471
3.86865763708398,0.526334639202688,0.45088659201827,-0.977221231220943
3.86874580440503,0.503297741933574,0.474755057807672,-0.978052799741247
3.86883397172607,0.479874724734477,0.498259324322335,-0.978134049056781
3.86892213904712,0.456083558268037,0.521381347038392,-0.977464905306423
3.86901030636816,0.431942497827758,0.544103394922807,-0.976045892750591
3.86909847368921,0.407470062597276,0.566408026620974,-0.973878089218231
3.86918664101025,0.382685029275086,0.588278138919473,-0.970963168194558
3.86929504524267,0.351811310976177,0.61454722204922,-0.966358533025393
3.86940344947508,0.320529421033924,0.640103769842987,-0.960633190876875
3.8695118537075,0.288875738255816,0.664918053260944,-0.953793791516769
3.86962025793991,0.256886995002612,0.688961282829424,-0.945848277832018
3.86972866217233,0.224600314551581,0.712205545235966,-0.936805859787531
3.86983706640474,0.192053135699298,0.734623893814288,-0.926677029513553
3.86994547063716,0.159283218119181,0.756190309241021,-0.915473527360204
3.87005387486957,0.126328557245335,0.77687979362556,-0.903208350870877
3.87016227910199,0.0932273830591626,0.796668334999734,-0.889895718058897
3.8702706833344,0.0600180747404151,0.81553299753294,-0.875551072273352
3.87037908756682,0.0267391566563218,0.833451886780438,-0.860191043436772
3.87048749179923,-0.00657078579361025,0.850404234976139,-0.843833449182494
3.87059589603165,-0.0398731122197531,0.866370366415556,-0.826497254195747
3.87066350924104,-0.0606240408794724,0.875821436661306,-0.81519739578183
3.87073112245043,-0.0813474470199378,0.884877273409057,-0.803529826389069
3.87079873565982,-0.102034072835371,0.893533836669433,-0.791499763834051
3.87086634886922,-0.122674586793071,0.901787214285649,-0.779112627492572
3.87095850817243,-0.150716829201633,0.91238066377929,-0.761663834577662
3.87105066747564,-0.17863281889662,0.92220937116874,-0.743576552272088
3.87111086732715,-0.19678906731185,0.928212934650251,-0.731423867338371
3.87117106717866,-0.214874835912393,0.933884468209039,-0.719009632296638
3.87123126703018,-0.232883712695149,0.939221968436666,-0.706338255741486
3.87129146688169,-0.250809243107415,0.944223514127262,-0.693414271019827
3.87136396714365,-0.272277577772003,0.94979850912722,-0.677520931355236
3.8714364674056,-0.293604665791035,0.954880779333626,-0.66127611354257
3.87150896766755,-0.314779455882075,0.959467701873291,-0.644688245991223
3.87158146792951,-0.335790938609436,0.963556882950982,-0.627765944341521
3.87165396819146,-0.356628232009201,0.967146215054547,-0.610517983045307
3.87172646845342,-0.377280506639953,0.970233823316309,-0.592953316676336
3.8718146357943,-0.402130594225862,0.973310240538028,-0.571179646312128
3.87190280313518,-0.426672244420086,0.975639968173781,-0.548967723753688
3.87199097047607,-0.450886605952321,0.977221229053083,-0.526334623100758
3.87207913781695,-0.474755076835385,0.978052797176241,-0.503297720340828
3.87216730515783,-0.498259348263594,0.978134045756729,-0.479874697493126
3.87225547249872,-0.521381375701164,0.977464900933908,-0.456083525232724
3.8723436398396,-0.544103428103562,0.976045886969208,-0.431942458865638
3.87243180718048,-0.56640806410486,0.973878081693266,-0.407470017588386
3.87251997452137,-0.588278180480602,0.970963158593267,-0.382684978112633
3.87262837875385,-0.614547262482979,0.96635852157823,-0.351811259095226
3.87273678298633,-0.640103809098916,0.960633177592313,-0.320529368493383
3.87284518721881,-0.664918091290211,0.953793776405331,-0.288875685115109
3.8729535914513,-0.688961319584377,0.945848260906464,-0.256886941322063
3.87306199568378,-0.712205580670664,0.936805841062595,-0.22460026039189
3.87317039991626,-0.734623927884153,0.926677009006162,-0.192053081121983
3.87327880414875,-0.75619034190297,0.915473505089331,-0.159283163186334
3.87338720838123,-0.776879824838235,0.903208326857623,-0.126328502019346
3.87349561261371,-0.796668364723432,0.88989569232624,-0.0932273276027792
3.8736040168462,-0.815533025729522,0.875551044846451,-0.0600180191169383
3.87371242107868,-0.833451913413598,0.860191014342713,-0.0267391009291043
3.87382082531116,-0.850404260011367,0.843833418450364,0.00657084156102642
3.87392922954365,-0.866370389820136,0.826497221856465,0.0398731679636974
3.87399684269723,-0.875821451389598,0.815197371942597,0.060624079447052
3.87406445585082,-0.88487728010564,0.803529811666352,0.0813474684393297
3.8741320690044,-0.893533835989443,0.791499758831582,0.102034077157899
3.87419968215799,-0.901787206893897,0.77911263280079,0.12267457409312
3.8742918414465,-0.912380655126435,0.761663843032424,0.150716812094062
3.87438400073501,-0.922209361504306,0.743576564067464,0.178632797436843
3.87444420061382,-0.928212928039335,0.731423873888062,0.196789054151303
3.87450440049263,-0.933884464352226,0.719009633359846,0.214874830992359
3.87456460037145,-0.939221967031687,0.706338251083713,0.232883715947961
3.87462480025026,-0.944223514869191,0.69341426041244,0.250809254456773
3.87469730051008,-0.949798509473666,0.677520921047793,0.27227758842587
3.8747698007699,-0.95488077931226,0.661276103559709,0.293604675752563
3.87484230102972,-0.959467701512184,0.644688236356759,0.314779465155457
3.87491480128954,-0.963556882278555,0.627765935078639,0.335790947199931
3.87498730154936,-0.967146214099432,0.610517974176355,0.356628239923095
3.87505980180918,-0.970233822107504,0.592953308223065,0.377280513884455
3.8751479691456,-0.973310239002565,0.571179638859426,0.402130600143182
3.87523613648201,-0.975639966386986,0.548967717349405,0.426672249037591
3.87532430381843,-0.97722122709048,0.52633461779025,0.45088660930024
3.87541247115485,-0.978052795113704,0.503297716166776,0.474755078946959
3.87550063849126,-0.978134043670204,0.479874694495491,0.498259349174748
3.87558880582768,-0.977464898899449,0.456083523448868,0.521381375450612
3.8756769731641,-0.976045885062807,0.431942458330103,0.544103426732679
3.87576514050052,-0.973878079990503,0.407470018332805,0.566408061657707
3.87585330783693,-0.97096315716959,0.382684980165842,0.588278177003755
3.87596171206941,-0.966358520339033,0.351811261220135,0.614547259118874
3.87607011630189,-0.960633176536689,0.320529370684139,0.640103805852564
3.87617852053436,-0.953793775532253,0.288875687365656,0.664918088166578
3.87628692476684,-0.945848260214578,0.256886943626322,0.688961316588226
3.87639532899932,-0.936805840550468,0.224600262743992,0.712205577806513
3.87650373323179,-0.926677008672075,0.192053083515631,0.734623925156444
3.87661213746427,-0.915473504931385,0.159283165615304,0.756190339316098
3.87672054169675,-0.903208326873672,0.126328504477476,0.776879822396218
3.87682894592922,-0.889895692514037,0.0932273300838035,0.796668362430247
3.8769373501617,-0.875551045203448,0.0600180216144663,0.815533023589004
3.87704575439418,-0.860191014866187,0.0267391034368615,0.833451911429323
3.87715415862665,-0.843833419137411,-0.00657083904935732,0.850404258186772
3.87726256285913,-0.826497222703963,-0.0398731654545681,0.866370388158519
3.87733017601349,-0.815197372756983,-0.0606240771801022,0.875821449937116
3.87739778916784,-0.803529812438057,-0.0813474664162809,0.884877278854337
3.8774654023222,-0.791499759551049,-0.102034075380172,0.893533834931245
3.87753301547655,-0.779112633458663,-0.12267457256173,0.901787206020391
3.87762517473755,-0.76166384909889,-0.150716802227235,0.912380651326108
3.87771733399855,-0.743576575917016,-0.178632779320508,0.922209355237506
3.87777753390037,-0.731423881348826,-0.196789043038437,0.928212924387246
3.87783773380219,-0.719009636228542,-0.214874826834181,0.93388446306271
3.87789793370401,-0.706338249161915,-0.232883718688322,0.939221967850226
3.87795813360582,-0.693414253506893,-0.25080926403219,0.944223517539066
3.87803063386585,-0.677520913987037,-0.272277598021087,0.949798512008135
3.87810313412588,-0.661276096344348,-0.29360468536328,0.954880781707651
3.87817563438591,-0.6446882289875,-0.314779474777341,0.95946770376487
3.87824813464594,-0.627765927556275,-0.335790956828657,0.963556884384938
3.87832063490597,-0.610517966501925,-0.356628249554155,0.967146216056074
3.87839313516599,-0.59295330039759,-0.377280523513318,0.970233823910893
3.87848130247812,-0.57117963697403,-0.402130602888707,0.97331023986275
3.87856946979025,-0.548967721645491,-0.426672245069777,0.975639966715264
3.87865763710238,-0.526334628495004,-0.450886598804665,0.977221227299654
3.87874580441451,-0.503297733492882,-0.474755062124434,0.978052795617294
3.87883397172664,-0.479874718640786,-0.498259326241123,0.978134044881933
3.87892213903877,-0.45608355459602,-0.521381346636348,0.977464901232381
3.87901030635089,-0.43194249664641,-0.54410339228251,0.97604588892891
3.87909847366302,-0.407470063969903,-0.566408021830232,0.973878085800109
3.87918664097515,-0.382685033259295,-0.588278132071197,0.970963165330504
3.87929504520756,-0.351811315101497,-0.614547215424155,0.966358530525625
3.87940344943996,-0.320529425288795,-0.640103763450926,0.960633188739715
3.87951185367236,-0.28887574262845,-0.664918047111614,0.953793789740054
3.87962025790477,-0.256886999481132,-0.68896127693208,0.945848276413192
3.87972866213717,-0.224600319123863,-0.712205539599791,0.936805858723604
3.87983706636958,-0.192053140353238,-0.734623888447939,0.926677028801173
3.87994547060198,-0.159283222842572,-0.756190304152998,0.91547352699554
3.88005387483439,-0.12632856202574,-0.776879788823997,0.903208350849693
3.88016227906679,-0.0932273878842237,-0.796668330492401,0.889895718376602
3.8802706832992,-0.0600180795977176,-0.815532993327304,0.875551072924982
3.8803790875316,-0.0267391615332448,-0.833451882883649,0.860191044416876
3.880487491764,0.00657078090945018,-0.850404231394872,0.843833450485437
3.88059589599641,0.0398731073410392,-0.866370363156267,0.826497255815228
3.88066350920722,0.0606240364484529,-0.875821433801425,0.815197397352943
3.88073112241804,0.0813474430400534,-0.884877270933917,0.803529827893847
3.88079873562885,0.102034069309648,-0.893533834564283,0.791499765254576
3.88086634883966,0.122674583723745,-0.901787212535173,0.779112628811414
3.88095850808788,0.150716809472716,-0.912380656179403,0.76166384670667
3.8810506673361,0.178632782680028,-0.922209358639733,0.743576575959673
3.88111086723362,0.19678904509901,-0.92821292734934,0.731423882250338
3.88117106713114,0.214874827605941,-0.933884465632135,0.719009638026197
3.88123126702866,0.232883718182717,-0.939221970074826,0.706338251892078
3.88129146692618,0.250809262262058,-0.94422351946704,0.693414257205013
3.8813639671885,0.27227759695285,-0.949798514192823,0.67752091723994
3.88143646745083,0.293604684989623,-0.954880784118218,0.66127609912856
3.88150896771315,0.314779475089998,-0.959467706370256,0.644688231280251
3.88158146797547,0.335790957818068,-0.963556887153842,0.627765929335741
3.8816539682378,0.356628251209992,-0.967146218956902,0.610517967746895
3.88172646850012,0.377280525824018,-0.97023382691196,0.592953301087912
3.88181463579243,0.402130599645424,-0.97331024224944,0.571179642604021
3.88190280308474,0.426672236415155,-0.97563996882378,0.548967732408587
3.88199097037705,0.450886584894004,-0.977221229466997,0.526334644572983
3.88207913766937,0.474755043125471,-0.978052798181138,0.503297755055657
3.88216730496168,0.498259302333713,-0.97813404817981,0.479874745846081
3.88225547225399,0.521381318012163,-0.977464905601388,0.456083587589221
3.8823436395463,0.544103359144945,-0.976045894705025,0.431942535560084
3.88243180683861,0.566407984393946,-0.973878093317826,0.407470108923867
3.88251997413092,0.588278090561828,-0.970963174922126,0.382685084360249
3.88262837836326,0.61454717504152,-0.96635854196074,0.3518113669192
3.8827367825956,0.640103724245254,-0.960633202009862,0.320529477764598
3.88284518682794,0.664918009131694,-0.95379380483462,0.288875795702899
3.88295359106027,0.688961240225388,-0.945848293319429,0.256887053094022
3.88306199529261,0.7122055042122,-0.936805877426742,0.224600373214512
3.88317039952495,0.734623854424071,-0.926677049284143,0.192053194860072
3.88327880375729,0.756190271535641,-0.915473549239415,0.159283277703784
3.88338720798963,0.776879757654504,-0.903208374833444,0.12632861717892
3.88349561222197,0.796668300810431,-0.889895744077044,0.0932274432665839
3.88360401645431,0.815532965170806,-0.875551100317044,0.0600181351461679
3.88371242068665,0.833451856288877,-0.860191073473442,0.0267392171845705
3.88382082491899,0.85040420639625,-0.843833481177377,-0.00657072521888624
3.88392922915133,0.866370339786371,-0.826497288111701,-0.039873051674687
3.88399684241786,0.87582141909411,-0.815197421163271,-0.0606239979308355
3.88406445568439,0.884877264245545,-0.803529842602492,-0.0813474216430669
3.88413206895092,0.893533835240856,-0.791499770258796,-0.102034064982041
3.88419968221745,0.901787219912988,-0.779112623521639,-0.122674596391347
3.88429184148036,0.912380664818666,-0.761663838271955,-0.150716826546727
3.88438400074327,0.922209368291047,-0.743576564186166,-0.178632804104893
3.88444420061354,0.92821293395222,-0.731423875713661,-0.196789058238551
3.88450440048381,0.93388446948547,-0.719009636966678,-0.214874832518842
3.88456460035408,0.9392219714804,-0.706338256543965,-0.232883714936458
3.88462480022435,0.944223518729258,-0.693414267796583,-0.250809250932714
3.88469730048874,0.949798513845356,-0.677520927545421,-0.27227758629994
3.88476980075313,0.95488078413421,-0.661276109124048,-0.293604675010198
3.88484230101753,0.959467706722574,-0.644688240942584,-0.314779465780008
3.88491480128192,0.963556887814892,-0.627765938642267,-0.335790949172657
3.88498730154631,0.967146219899001,-0.610517976675831,-0.35662824322316
3.88505980181071,0.970233828106979,-0.592953309617958,-0.377280518489041
3.88514796910745,0.973310243772758,-0.571179650143317,-0.40213059362949
3.88523613640419,0.975639970600722,-0.548967738909599,-0.426672231691142
3.88532430370094,0.977221231422604,-0.526334649990594,-0.450886581432032
3.88541247099768,0.978052800240088,-0.503297759347424,-0.474755040892669
3.88550063829443,0.978134050266688,-0.479874748972172,-0.498259301294505
3.88558880559117,0.977464907640676,-0.456083589512338,-0.521381318128343
3.88567697288791,0.976045896621385,-0.431942536245985,-0.544103360375449
3.88576514018466,0.97387809503608,-0.407470108340948,-0.566407986695129
3.8858533074814,0.970963176367422,-0.382685082479795,-0.588278093887625
3.88596171171375,0.966358543227947,-0.351811364969097,-0.614547178258841
3.88607011594609,0.960633203099697,-0.320529475750506,-0.640103727349214
3.88617852017844,0.953793805748137,-0.288875793630572,-0.664918012117618
3.88628692441079,0.945848294057879,-0.256887050969317,-0.688961243088575
3.88639532864313,0.936805877991429,-0.224600371043202,-0.712205506948248
3.88650373287548,0.926677049676741,-0.192053192648158,-0.734623857028607
3.88661213710783,0.915473549461746,-0.159283275457188,-0.756190274004559
3.88672054134017,0.90320837488747,-0.126328614903713,-0.776879759983744
3.88682894557252,0.889895743965007,-0.093227440968774,-0.796668302996217
3.88693734980487,0.875551100041312,-0.060018132831912,-0.815532967209416
3.88704575403721,0.860191073036631,-0.0267392148599212,-0.833451858176711
3.88715415826956,0.84383348058231,0.00657072754773234,-0.850404208130008
3.88726256250191,0.826497287361328,0.0398730540015474,-0.866370341362897
3.88733017576785,0.815197420418563,0.0606240000711079,-0.875821420489711
3.88739778903379,0.803529841871089,0.0813474235949882,-0.884877265466072
3.88746540229973,0.791499769548317,0.102034066743977,-0.893533836292325
3.88753301556567,0.779112622839621,0.122674597961939,-0.901787220801555
3.88762517485605,0.761663832189211,0.150716836438837,-0.912380668628041
3.88771733414643,0.743576552328827,0.178632822232757,-0.922209374561556
3.88777753399368,0.731423868248206,0.196789069358076,-0.928212937606268
3.88783773384092,0.719009634096663,0.214874836678744,-0.933884470775438
3.88789793368817,0.706338258467923,0.232883712192947,-0.939221970660883
3.88795813353541,0.693414274707767,0.25080924134943,-0.944223516057221
3.88803063379966,0.677520934597283,0.272277576716545,-0.949798511313794
3.88810313406392,0.661276116315343,0.293604665430649,-0.954880781745998
3.88817563432817,0.644688248271904,0.314779456208438,-0.959467704480334
3.88824813459242,0.627765946108301,0.335790939613042,-0.963556885721351
3.88832063485667,0.610517984276978,0.356628233679695,-0.967146217956657
3.88839313512092,0.592953317352677,0.377280508965707,-0.97023382631842
3.88848130244196,0.571179651935876,0.402130590988548,-0.973310242924382
3.88856946976299,0.548967734518516,0.426672235762631,-0.975639970281141
3.88865763708402,0.526334639188856,0.450886592030163,-0.977221231218988
3.88874580440506,0.503297741922313,0.474755057816606,-0.978052799738925
3.88883397172609,0.47987472472595,0.498259324328313,-0.978134049054251
3.88892213904713,0.45608355826246,0.521381347041413,-0.977464905303851
3.88901030636816,0.431942497825102,0.544103394923072,-0.976045892748166
3.88909847368919,0.40747006259761,0.566408026618546,-0.973878089216157
3.88918664101023,0.38268502927843,0.588278138914525,-0.97096316819295
3.88929504524264,0.351811310979558,0.614547222044486,-0.966358533024061
3.88940344947506,0.320529421037492,0.640103769838345,-0.960633190875838
3.88951185370747,0.288875738259352,0.66491805325655,-0.953793791515927
3.88962025793989,0.256886995006301,0.688961282825167,-0.94584827783145
3.8897286621723,0.22460031455535,0.712205545231863,-0.936805859787215
3.88983706640472,0.192053135703036,0.734623893810426,-0.926677029513455
3.88994547063713,0.159283218123023,0.756190309237346,-0.91547352736035
3.89005387486955,0.12632855724914,0.776879793622108,-0.903208350871235
3.89016227910196,0.0932273830629632,0.796668334996513,-0.889895718059471
3.89027068333438,0.060018074744317,0.815532997529868,-0.875551072274179
3.89037908756679,0.026739156660168,0.83345188677765,-0.86019104343778
3.89048749179921,-0.00657078578969792,0.850404234973507,-0.843833449183795
3.89059589603162,-0.0398731122159252,0.866370366413172,-0.826497254197215
3.89066350924103,-0.0606240408788331,0.875821436660492,-0.815197395781644
3.89073112245043,-0.081347447022461,0.884877273409646,-0.803529826387151
3.89079873565983,-0.102034072841046,0.893533836671381,-0.791499763830302
3.89086634886923,-0.122674586801851,0.901787214288774,-0.779112627486894
3.89095850817241,-0.150716829199314,0.912380663778202,-0.761663834578897
3.89105066747558,-0.178632818883342,0.922209371164058,-0.743576552280737
3.89111086732711,-0.19678906730284,0.92821293464729,-0.731423867344425
3.89117106717864,-0.214874835907691,0.933884468207573,-0.719009632299855
3.89123126703017,-0.232883712694649,0.939221968436553,-0.706338255741884
3.89129146688169,-0.250809243111143,0.94422351412835,-0.693414271017172
3.89136396714365,-0.272277577775499,0.949798509128234,-0.677520931352732
3.8914364674056,-0.293604665794129,0.954880779334561,-0.661276113540413
3.89150896766755,-0.314779455884799,0.959467701874156,-0.644688245989367
3.8915814679295,-0.335790938611811,0.963556882951825,-0.627765944339995
3.89165396819146,-0.3566282320113,0.96714621505536,-0.610517983044057
3.89172646845341,-0.377280506641715,0.970233823317146,-0.592953316675389
3.89181463579426,-0.402130594218866,0.973310240537915,-0.571179646319053
3.89190280313511,-0.426672244404523,0.975639968173283,-0.548967723768747
3.89199097047597,-0.450886605928515,0.977221229052737,-0.526334623124217
3.89207913781682,-0.474755076803564,0.978052797176623,-0.503297720373022
3.89216730515767,-0.498259348224061,0.978134045758294,-0.479874697534218
3.89225547249852,-0.521381375654229,0.977464900937191,-0.456083525282957
3.89234363983938,-0.544103428049532,0.976045886974786,-0.431942458925224
3.89243180718023,-0.566408064044116,0.973878081701647,-0.407470017657498
3.89251997452108,-0.588278180413551,0.97096315860492,-0.382684978191373
3.89262837875356,-0.614547262418292,0.966358521592759,-0.351811259174437
3.89273678298605,-0.640103809036667,0.960633177609667,-0.320529368572961
3.89284518721854,-0.664918091230534,0.953793776425394,-0.288875685194851
3.89295359145102,-0.688961319527233,0.945848260929193,-0.256886941401907
3.89306199568351,-0.712205580616074,0.936805841087939,-0.224600260471859
3.89317039991599,-0.734623927832168,0.926677009033991,-0.192053081201809
3.89327880414848,-0.756190341853639,0.915473505119637,-0.159283163265971
3.89338720838096,-0.776879824791525,0.903208326890274,-0.126328502098721
3.89349561261345,-0.796668364679414,0.889895692361196,-0.0932273276817556
3.89360401684593,-0.815533025688188,0.875551044883656,-0.0600180191954494
3.89371242107842,-0.833451913374964,0.860191014382017,-0.0267391010070441
3.8938208253109,-0.850404259975423,0.843833418491722,0.00657084148372385
3.89392922954339,-0.866370389786906,0.826497221899788,0.0398731678871539
3.89399684269705,-0.875821451368338,0.815197371974235,0.0606240793941143
3.89406445585071,-0.884877280095536,0.803529811685545,0.0813474684099666
3.89413206900438,-0.893533835989512,0.79149975883753,0.102034077152031
3.89419968215804,-0.901787206903275,0.779112632792578,0.12267457411074
3.89429184144658,-0.912380655138446,0.761663843018632,0.150716812119832
3.89438400073512,-0.922209361518391,0.743576564047711,0.178632797470736
3.89444420061388,-0.928212928048587,0.731423873876904,0.196789054171666
3.89450440049265,-0.933884464357094,0.719009633357706,0.214874830999347
3.89456460037142,-0.939221967032574,0.706338251090987,0.232883715941619
3.89462480025018,-0.944223514866708,0.693414260429449,0.250809254437288
3.89469730051002,-0.949798509472748,0.677520921061887,0.27227758841091
3.89476980076985,-0.954880779312744,0.661276103570768,0.293604675742017
3.89484230102969,-0.959467701513875,0.644688236364545,0.314779465149372
3.89491480128952,-0.963556882281242,0.627765935083057,0.335790947198176
3.89498730154936,-0.967146214102926,0.610517974177353,0.356628239925608
3.89505980180919,-0.970233822111573,0.592953308220403,0.377280513891178
3.89514796914561,-0.973310239006637,0.571179638855781,0.402130600150834
3.89523613648204,-0.975639966390956,0.548967717344812,0.42667224904613
3.89532430381846,-0.9772212270943,0.526334617784648,0.450886609309648
3.89541247115488,-0.978052795117311,0.503297716160199,0.474755078957136
3.8955006384913,-0.978134043673601,0.479874694487894,0.498259349185716
3.89558880582772,-0.977464898902489,0.456083523440179,0.521381375462358
3.89567697316414,-0.976045885065407,0.43194245832023,0.544103426745217
3.89576514050056,-0.973878079992712,0.407470018321827,0.566408061670903
3.89585330783698,-0.970963157171268,0.382684980153744,0.588278177017567
3.89596171206945,-0.966358520340415,0.351811261208913,0.61454725913151
3.89607011630193,-0.960633176537854,0.320529370673808,0.640103805864045
3.8961785205344,-0.953793775533249,0.288875687356257,0.664918088176983
3.89628692476687,-0.94584826021549,0.25688694361792,0.688961316597582
3.89639532899935,-0.936805840551392,0.224600262736504,0.712205577814879
3.89650373323182,-0.926677008673058,0.19205308350922,0.734623925163848
3.89661213746429,-0.915473504932514,0.159283165609982,0.756190339322549
3.89672054169677,-0.903208326875018,0.12632850447314,0.776879822401861
3.89682894592924,-0.889895692515617,0.093227330080516,0.79666836243511
3.89693735016171,-0.875551045205399,0.0600180216122668,0.815533023593125
3.89704575439419,-0.860191014868544,0.0267391034357686,0.833451911432798
3.89715415862666,-0.843833419140283,-0.00657083904934386,0.850404258189646
3.89726256285913,-0.826497222707384,-0.039873165453444,0.866370388160847
3.8973301760135,-0.815197372758868,-0.0606240771818215,0.8758214499407
3.89739778916786,-0.803529812438256,-0.08134746642084,0.884877278859079
3.89746540232223,-0.79149975954951,-0.102034075387491,0.893533834937009
3.89753301547659,-0.77911263345518,-0.122674572571918,0.90178720602713
3.89762517473764,-0.761663849084574,-0.150716802254009,0.912380651338587
3.8977173339987,-0.743576575891122,-0.178632779363718,0.922209355254864
3.89777753390046,-0.731423881333678,-0.196789043064711,0.928212924398378
3.89783773380222,-0.71900963622461,-0.214874826843647,0.933884463068251
3.89789793370399,-0.706338249169598,-0.232883718681187,0.939221967850788
3.89795813360575,-0.693414253526729,-0.25080926400855,0.94422351753529
3.89803063386578,-0.677520914005769,-0.272277597999549,0.949798512005323
3.89810313412582,-0.661276096361926,-0.293604685343802,0.954880781705739
3.89817563438585,-0.644688229003795,-0.314779474760013,0.959467703763805
3.89824813464589,-0.62776592757132,-0.335790956813279,0.963556884384622
3.89832063490592,-0.610517966515534,-0.356628249540865,0.967146216056389
3.89839313516596,-0.592953300409795,-0.37728052350201,0.970233823911778
3.89848130247811,-0.571179636980796,-0.402130602883802,0.973310239864609
3.89856946979026,-0.548967721646632,-0.42667224507113,0.975639966717734
3.89865763710241,-0.526334628490353,-0.450886598812039,0.977221227302358
3.89874580441456,-0.503297733482213,-0.474755062137668,0.978052795619866
3.89883397172671,-0.479874718623912,-0.498259326260056,0.978134044883977
3.89892213903886,-0.456083554572847,-0.521381346660698,0.977464901233529
3.89901030635101,-0.431942496616716,-0.544103392312097,0.976045888928803
3.89909847366316,-0.407470063933501,-0.566408021864836,0.973878085798326
3.89918664097532,-0.382685033216177,-0.588278132110536,0.970963165326699
3.89929504520772,-0.351811315058524,-0.614547215461757,0.966358530520283
3.89940344944012,-0.320529425246027,-0.640103763486863,0.960633188732869
3.89951185367252,-0.288875742585877,-0.664918047145875,0.953793789731763
3.89962025790492,-0.256886999438891,-0.688961276964646,0.945848276403535
3.89972866213732,-0.224600319082035,-0.712205539630623,0.936805858712648
3.89983706636973,-0.192053140311826,-0.734623888477114,0.92667702878893
3.89994547060213,-0.159283222801678,-0.756190304180474,0.915473526982135
3.90005387483453,-0.126328561985455,-0.776879788849758,0.903208350835205
3.90016227906693,-0.0932273878445417,-0.796668330516568,0.889895718361071
3.90027068329933,-0.0600180795587179,-0.815532993349783,0.875551072908496
3.90037908753173,-0.0267391614950312,-0.833451882904477,0.860191044399516
3.90048749176414,0.00657078094692407,-0.850404231414119,0.843833450467181
3.90059589599654,0.039873107377658,-0.866370363173936,0.826497255796252
3.90066350920731,0.0606240364708202,-0.875821433811963,0.815197397341132
3.90073112241807,0.0813474430482948,-0.88487727093791,0.803529827889626
3.90079873562884,0.102034069303654,-0.893533834562264,0.791499765258589
3.90086634883961,0.122674583703708,-0.901787212527737,0.779112628824025
3.90095850808784,0.150716809458253,-0.9123806561744,0.761663846716124
3.90105066733608,0.178632782670987,-0.922209358636873,0.743576575965884
3.90111086723361,0.196789045092371,-0.928212927347392,0.731423882254995
3.90117106713113,0.214874827601703,-0.933884465630926,0.719009638029236
3.90123126702866,0.232883718180938,-0.939221970074314,0.706338251893379
3.90129146692619,0.250809262262577,-0.94422351946722,0.693414257204589
3.90136396718849,0.272277596945858,-0.94979851419099,0.677520917245116
3.90143646745079,0.293604684975309,-0.954880784114791,0.661276099139481
3.90150896771309,0.314779475068322,-0.959467706365558,0.644688231297225
3.90158146797539,0.335790957789288,-0.963556887148228,0.627765929358928
3.90165396823768,0.356628251174133,-0.967146218950755,0.610517967776597
3.90172646849998,0.37728052578132,-0.970233826905551,0.59295330112426
3.9018146357923,0.402130599605955,-0.973310242244594,0.571179642638631
3.90190280308462,0.426672236378858,-0.975639968820204,0.548967732441312
3.90199097037694,0.450886584860849,-0.977221229464618,0.526334644603727
3.90207913766926,0.474755043095314,-0.978052798179711,0.503297755084395
3.90216730496159,0.498259302306618,-0.978134048179196,0.479874745872576
3.90225547225391,0.521381317988042,-0.977464905601445,0.456083587613365
3.90234363954623,0.544103359123684,-0.97604589470557,0.431942535581884
3.90243180683855,0.566407984375493,-0.97387809331864,0.407470108943136
3.90251997413087,0.588278090546099,-0.970963174923088,0.38268508437698
3.90262837836321,0.614547175025968,-0.96635854196229,0.351811366936311
3.90273678259554,0.640103724230012,-0.960633202011913,0.320529477781862
3.90284518682788,0.664918009116833,-0.953793804837159,0.288875795720331
3.90295359106022,0.688961240210867,-0.945848293322513,0.25688705311163
3.90306199529256,0.712205504198029,-0.936805877430335,0.224600373232268
3.9031703995249,0.734623854410286,-0.926677049288254,0.192053194877957
3.90327880375724,0.756190271522251,-0.915473549244058,0.159283277721797
3.90338720798958,0.776879757641507,-0.903208374838522,0.126328617197016
3.90349561222192,0.796668300797872,-0.889895744082628,0.0932274432847535
3.90360401645426,0.815532965158714,-0.875551100323125,0.0600181351643899
3.9037124206866,0.833451856277183,-0.860191073479998,0.0267392172028367
3.90382082491894,0.850404206385027,-0.843833481184437,-0.00657072520061398
3.90392922915128,0.866370339775576,-0.826497288119187,-0.039873051656405
3.90399684241782,0.875821419086148,-0.815197421167974,-0.0606239979181758
3.90406445568437,0.88487726424017,-0.803529842604124,-0.0813474216360766
3.90413206895092,0.893533835237869,-0.79149977025721,-0.102034064980659
3.90419968221747,0.90178721991215,-0.779112623516703,-0.12267459639543
3.90429184148034,0.912380664813136,-0.761663838274681,-0.150716826538459
3.90438400074321,0.922209368281525,-0.74357656419708,-0.178632804084469
3.90444420061351,0.928212933945897,-0.731423875718819,-0.196789058227075
3.90450440048381,0.933884469482014,-0.719009636965861,-0.214874832516153
3.90456460035411,0.939221971479417,-0.706338256536978,-0.232883714942482
3.9046248002244,0.944223518730472,-0.693414267783092,-0.250809250947416
3.90469730048883,0.949798513848714,-0.677520927524033,-0.272277586324657
3.90476980075326,0.954880784139249,-0.661276109094509,-0.293604675044748
3.90484230101769,0.959467706728786,-0.644688240904484,-0.314779465824302
3.90491480128211,0.963556887821829,-0.627765938595389,-0.335790949226444
3.90498730154654,0.967146219906122,-0.610517976619793,-0.356628243286331
3.90505980181097,0.970233828113908,-0.592953309552668,-0.377280518561244
3.90514796910776,0.973310243778858,-0.571179650065564,-0.402130593713302
3.90523613640455,0.975639970605154,-0.548967738819051,-0.426672231786135
3.90532430370133,0.977221231424714,-0.526334649886902,-0.450886581537795
3.90541247099812,0.978052800238999,-0.50329775923021,-0.474755041008806
3.90550063829491,0.978134050261704,-0.479874748841193,-0.498259301420522
3.9055888055917,0.97746490763103,-0.45608358936732,-0.521381318263757
3.90567697288849,0.976045896606415,-0.431942536086634,-0.544103360519792
3.90576514018528,0.973878095014898,-0.407470108167034,-0.5664079868479
3.90585330748206,0.970963176339407,-0.382685082291253,-0.588278094048146
3.9059617117144,0.966358543193336,-0.351811364779717,-0.614547178413617
3.90607011594674,0.960633203058721,-0.320529475560557,-0.640103727498142
3.90617852017909,0.953793805700855,-0.288875793440286,-0.664918012260577
3.90628692441143,0.945848294004513,-0.25688705077893,-0.688961243225569
3.90639532864377,0.936805877932181,-0.224600370853022,-0.712205507079149
3.90650373287611,0.926677049611814,-0.192053192458485,-0.73462385715335
3.90661213710845,0.915473549391364,-0.159283275268267,-0.756190274123097
3.90672054134079,0.903208374811787,-0.126328614715708,-0.776879760096075
3.90682894557313,0.889895743884249,-0.0932274407819726,-0.796668303102249
3.90693734980547,0.875551099955683,-0.0600181326465639,-0.815532967309126
3.90704575403781,0.860191072946301,-0.0267392146761498,-0.833451858270149
3.90715415827015,0.843833480487531,0.00657072772963336,-0.850404208217144
3.90726256250249,0.826497287262283,0.0398730541814398,-0.866370341443718
3.90733017576826,0.815197420345132,0.0606240001988476,-0.875821420543973
3.90739778903403,0.803529841825085,0.0813474236706495,-0.884877265495722
3.9074654022998,0.791499769531614,0.102034066767717,-0.893533836299336
3.90753301556557,0.779112622854,0.122674597933971,-0.901787220787967
3.90762517485593,0.761663832209444,0.150716836402791,-0.912380668612223
3.90771733414628,0.743576552355258,0.178632822188736,-0.922209374543978
3.90777753399359,0.731423868263758,0.196789069331236,-0.928212937595029
3.90783773384089,0.719009634100877,0.214874836668928,-0.933884470769796
3.90789793368819,0.706338258460315,0.23288371220002,-0.939221970660355
3.90795813353549,0.693414274687825,0.250809241373249,-0.944223516061087
3.90803063379974,0.67752093457669,0.272277576740565,-0.949798511317264
3.908103134064,0.66127611629412,0.293604665454914,-0.954880781748997
3.90817563432825,0.644688248249973,0.314779456232922,-0.959467704482853
3.9082481345925,0.627765946085658,0.335790939637739,-0.963556885723388
3.90832063485675,0.610517984253677,0.356628233704524,-0.96714621795818
3.90839313512101,0.592953317328665,0.377280508990764,-0.970233826319446
3.90848130244207,0.571179651904124,0.402130591021473,-0.973310242925605
3.90856946976313,0.548967734478937,0.426672235803101,-0.975639970282008
3.9086576370842,0.526334639141032,0.450886592078039,-0.97722123121904
3.90874580440526,0.503297741866144,0.47475505787152,-0.97805279973768
3.90883397172632,0.479874724661186,0.498259324390017,-0.978134049051179
3.90892213904738,0.456083558188906,0.521381347109639,-0.977464905298524
3.90901030636845,0.431942497742553,0.544103394997495,-0.976045892740067
3.90909847368951,0.407470062505922,0.566408026698872,-0.973878089204772
3.90918664101057,0.382685029177569,0.588278139000303,-0.970963168177885
3.90929504524298,0.351811310878007,0.614547222127468,-0.966358533005487
3.9094034494754,0.320529420935251,0.640103769918576,-0.960633190853837
3.90951185370781,0.288875738156735,0.664918053333885,-0.953793791490596
3.90962025794022,0.256886994903338,0.688961282899528,-0.945848277802879
3.90972866217264,0.224600314452093,0.712205545303322,-0.936805859755415
3.90983706640505,0.19205313559974,0.734623893878823,-0.926677029478531
3.90994547063746,0.159283218019792,0.756190309302648,-0.915473527322428
3.91005387486987,0.126328557146086,0.776879793684307,-0.903208350830382
3.91016227910229,0.093227382960184,0.796668335055577,-0.889895718015726
3.9102706833347,0.0600180746419416,0.81553299758575,-0.875551072227706
3.91037908756711,0.0267391565583157,0.833451886830325,-0.860191043388632
3.91048749179953,-0.00657078589092442,0.850404235022975,-0.843833449132023
3.91059589603194,-0.0398731123163085,0.866370366459351,-0.826497254143037
3.91066350924125,-0.0606240409509329,0.875821436692286,-0.815197395741335
3.91073112245056,-0.0813474470662822,0.884877273428049,-0.803529826361765
3.91079873565987,-0.102034072856669,0.89353383667749,-0.791499763820797
3.91086634886918,-0.122674586789403,0.901787214283657,-0.779112627494228
3.91095850817232,-0.150716829177185,0.912380663769976,-0.761663834592795
3.91105066747546,-0.178632818851673,0.922209371153282,-0.743576552301586
3.91111086732704,-0.196789067284461,0.928212934641344,-0.731423867356878
3.91117106717861,-0.214874835902441,0.933884468206029,-0.719009632303569
3.91123126703018,-0.232883712702426,0.939221968438872,-0.706338255736454
3.91129146688175,-0.250809243131811,0.944223514134098,-0.693414271002273
3.9113639671437,-0.272277577795016,0.949798509133344,-0.677520931338325
3.91143646740565,-0.293604665812661,0.95488077933906,-0.661276113526402
3.9115089676676,-0.31477945590225,0.959467701878119,-0.644688245975841
3.91158146792955,-0.335790938628234,0.963556882955275,-0.627765944326998
3.9116539681915,-0.356628232026712,0.967146215058378,-0.610517983031639
3.91172646845345,-0.377280506656065,0.970233823319655,-0.592953316663603
3.91181463579426,-0.402130594220944,0.973310240538788,-0.57117964631785
3.91190280313507,-0.426672244394655,0.975639968173291,-0.548967723778623
3.91199097047588,-0.450886605906915,0.977221229052561,-0.526334623145615
3.91207913781668,-0.474755076770655,0.978052797176951,-0.503297720406286
3.91216730515749,-0.498259348180238,0.978134045759954,-0.47987469757966
3.9122554724983,-0.521381375599938,0.977464900940877,-0.456083525340956
3.91234363983911,-0.544103427985184,0.976045886981252,-0.431942458996045
3.91243180717992,-0.566408063970216,0.97387808171161,-0.407470017741348
3.91251997452073,-0.58827818033052,0.970963158619111,-0.382684978288596
3.91262837875321,-0.61454726233705,0.966358521610733,-0.351811259273636
3.91273678298569,-0.640103808957386,0.960633177631384,-0.320529368673953
3.91284518721818,-0.664918091153288,0.953793776450868,-0.288875685297572
3.91295359145066,-0.688961319452213,0.945848260958412,-0.256886941506183
3.91306199568314,-0.712205580543395,0.936805841120921,-0.224600260577544
3.91317039991563,-0.734623927761881,0.926677009070777,-0.192053081308862
3.91327880414811,-0.756190341785924,0.915473505160202,-0.159283163374226
3.91338720838059,-0.776879824726527,0.90320832693459,-0.126328502208023
3.91349561261308,-0.796668364617115,0.889895692409214,-0.0932273277920584
3.91360401684556,-0.815533025628762,0.875551044935465,-0.060018019306668
3.91371242107805,-0.833451913318546,0.860191014437507,-0.0267391011189683
3.91382082531053,-0.850404259922047,0.843833418550874,0.00657084137117721
3.91392922954301,-0.866370389736715,0.82649722196256,0.0398731677741706
3.91399684269679,-0.875821451336536,0.815197372019045,0.0606240793175047
3.91406445585057,-0.884877280080705,0.803529811711018,0.0813474683697237
3.91413206900435,-0.893533835990348,0.791499758842343,0.102034077148009
3.91419968215813,-0.901787206918254,0.779112632775574,0.122674574142656
3.9142918414466,-0.912380655144346,0.761663843015337,0.150716812129028
3.91438400073506,-0.922209361516494,0.74357656405913,0.178632797457375
3.91444420061384,-0.928212928047898,0.731423873886549,0.196789054161329
3.91450440049262,-0.933884464357462,0.71900963336554,0.21487483099194
3.91456460037139,-0.93922196703404,0.706338251096867,0.232883715937194
3.91462480025017,-0.94422351486904,0.69341426043334,0.250809254435755
3.91469730051,-0.949798509475104,0.677520921066005,0.272277588409146
3.91476980076984,-0.954880779315173,0.661276103575138,0.293604675740076
3.91484230102967,-0.959467701516346,0.644688236369215,0.314779465147153
3.91491480128951,-0.963556882283779,0.627765935088032,0.335790947195742
3.91498730154934,-0.967146214105548,0.610517974182541,0.356628239922977
3.91505980180918,-0.970233822114233,0.592953308225965,0.377280513888293
3.91514796914555,-0.973310239008031,0.571179638873108,0.402130600134932
3.91523613648192,-0.975639966391863,0.548967717374361,0.426672249017505
3.9153243038183,-0.977221227095506,0.526334617826819,0.45088660926872
3.91541247115467,-0.978052795119652,0.503297716215345,0.474755078904345
3.91550063849105,-0.978134043677832,0.479874694556426,0.498259349121407
3.91558880582742,-0.977464898909408,0.456083523522402,0.521381375387035
3.91567697316379,-0.976045885075802,0.431942458416507,0.544103426659297
3.91576514050017,-0.973878080007379,0.407470018432405,0.566408061575007
3.91585330783654,-0.970963157191035,0.382684980278897,0.58827817691215
3.91596171206901,-0.966358520364639,0.351811261335624,0.614547259029026
3.91607011630149,-0.960633176566559,0.320529370801937,0.640103805764671
3.91617852053396,-0.953793775566428,0.288875687485737,0.664918088080704
3.91628692476644,-0.945848260253087,0.256886943748514,0.688961316504566
3.91639532899891,-0.936805840593364,0.224600262868143,0.712205577725218
3.91650373323138,-0.926677008719282,0.192053083641599,0.734623925077696
3.91661213746386,-0.915473504983018,0.159283165743048,0.756190339239973
3.91672054169633,-0.903208326929735,0.126328504606804,0.776879822322911
3.9168289459288,-0.889895692574435,0.0932273302145409,0.796668362359885
3.91693735016128,-0.875551045268293,0.0600180217465707,0.815533023521731
3.91704575439375,-0.860191014935368,0.0267391035700286,0.833451911365348
3.91715415862623,-0.843833419210974,-0.00657083891514708,0.850404258126149
3.9172625628587,-0.826497222781923,-0.0398731653194286,0.866370388101341
3.91733017601321,-0.815197372810594,-0.0606240770934134,0.87582144990402
3.91739778916773,-0.803529812465591,-0.0813474663779016,0.884877278843485
3.91746540232224,-0.79149975955081,-0.102034075389915,0.893533834940727
3.91753301547675,-0.779112633428971,-0.122674572619458,0.901787206048411
3.91762517473783,-0.761663849051668,-0.150716802310138,0.91238065136179
3.91771733399891,-0.74357657585109,-0.17863277942841,0.922209355279479
3.9177775339006,-0.731423881309001,-0.19678904310509,0.928212924414092
3.91783773380228,-0.719009636215935,-0.214874826859947,0.933884463075871
3.91789793370396,-0.706338249177673,-0.232883718673524,0.939221967851225
3.91795813360565,-0.693414253552218,-0.250809263977231,0.944223517529464
3.91803063386568,-0.677520914032433,-0.272277597967514,0.949798511999976
3.91810313412571,-0.661276096389793,-0.293604685311114,0.954880781700931
3.91817563438574,-0.644688229032915,-0.314779474726601,0.959467703759515
3.91824813464577,-0.627765927601666,-0.335790956779247,0.963556884380903
3.91832063490581,-0.610517966547193,-0.356628249506176,0.967146216053341
3.91839313516584,-0.592953300442708,-0.377280523466743,0.970233823909419
3.91848130247798,-0.57117963701579,-0.402130602847312,0.973310239863101
3.91856946979013,-0.548967721683756,-0.426672245033443,0.975639966717175
3.91865763710227,-0.526334628529597,-0.450886598773241,0.977221227302827
3.91874580441442,-0.503297733523637,-0.474755062097855,0.978052795621488
3.91883397172656,-0.479874718667521,-0.498259326219324,0.978134044886813
3.91892213903871,-0.456083554618552,-0.521381346619147,0.977464901237683
3.91901030635085,-0.431942496664674,-0.544103392269737,0.976045888934415
3.919098473663,-0.407470063983717,-0.566408021821809,0.973878085805524
3.91918664097514,-0.38268503326852,-0.588278132066969,0.970963165335458
3.91929504520755,-0.351811315109662,-0.614547215420889,0.966358530530527
3.91940344943996,-0.320529425295851,-0.640103763448599,0.960633188744474
3.91951185367237,-0.288875742634318,-0.664918047110219,0.953793789744489
3.91962025790478,-0.25688699948574,-0.688961276931569,0.945848276417326
3.91972866213718,-0.224600319127292,-0.712205539600042,0.936805858727308
3.91983706636959,-0.192053140355397,-0.734623888448953,0.926677028804359
3.919945470602,-0.159283222843517,-0.756190304154632,0.915473526998155
3.92005387483441,-0.126328562025503,-0.77687978882621,0.903208350851692
3.92016227906682,-0.0932273878826276,-0.796668330495219,0.889895718377822
3.92027068329923,-0.0600180795948605,-0.815532993330585,0.875551072925409
3.92037908753164,-0.0267391615292095,-0.833451882887257,0.860191044416443
3.92048749176404,0.0065707809147547,-0.850404231398778,0.843833450484013
3.92059589599645,0.0398731073475152,-0.866370363160378,0.826497255812805
3.92066350920726,0.0606240364529852,-0.875821433804416,0.815197397351434
3.92073112241807,0.0813474430427149,-0.884877270935892,0.803529827893151
3.92079873562887,0.10203406931037,-0.893533834565301,0.791499765254911
3.92086634883968,0.122674583722604,-0.901787212535342,0.779112628812719
3.92095850808796,0.150716809488944,-0.912380656185737,0.761663846696772
3.92105066733623,0.178632782713331,-0.922209358651282,0.74357657593793
3.9211108672337,0.196789045117107,-0.92821292735534,0.731423882238224
3.92117106713117,0.214874827608867,-0.933884465633073,0.719009638024177
3.92123126702864,0.232883718170658,-0.93922197007125,0.706338251900594
3.92129146692611,0.250809262235086,-0.944223519459612,0.693414257224482
3.92136396718845,0.272277596931852,-0.949798514187284,0.677520917255397
3.9214364674508,0.293604684974549,-0.95488078411432,0.661276099139724
3.92150896771314,0.314779475080803,-0.959467706367746,0.644688231286932
3.92158146797549,0.335790957814671,-0.963556887152425,0.627765929337751
3.92165396823783,0.356628251212225,-0.967146218956303,0.610517967744063
3.92172646850017,0.37728052583182,-0.970233826911904,0.592953301080083
3.92181463579256,0.402130599674086,-0.97331024225132,0.571179642577208
3.92190280308495,0.42667223646411,-0.97563996882621,0.548967732362035
3.92199097037733,0.450886584962649,-0.977221229468787,0.526334644506101
3.92207913766972,0.474755043213152,-0.978052798180943,0.503297754967761
3.9221673049621,0.498259302439792,-0.978134048176387,0.479874745736532
3.92225547225449,0.521381318135899,-0.977464905593391,0.456083587457495
3.92234363954687,0.544103359285573,-0.976045894691299,0.431942535405697
3.92243180683926,0.566407984550559,-0.973878093296992,0.407470108746434
3.92251997413164,0.588278090733608,-0.97096317489297,0.382685084159328
3.92262837836398,0.614547175208378,-0.966358541924135,0.351811366715724
3.92273678259632,0.640103724407031,-0.960633201965807,0.320529477558765
3.92284518682866,0.664918009288245,-0.953793804783178,0.288875795494933
3.922953591061,0.688961240376512,-0.945848293260695,0.256887052884187
3.92306199529334,0.712205504357722,-0.936805877360769,0.224600373003018
3.92317039952567,0.734623854563797,-0.92667704921108,0.192053194647296
3.92327880375801,0.756190271669406,-0.915473549159392,0.15928327748992
3.92338720799035,0.776879757782215,-0.903208374746438,0.126328616964197
3.92349561222269,0.796668300931995,-0.889895743983261,0.0932274430512592
3.92360401645503,0.815532965286,-0.87555110021659,0.0600181349305718
3.92371242068737,0.83345185639756,-0.860191073366462,0.0267392169689152
3.9238208249197,0.850404206498357,-0.843833481063995,-0.00657072543438248
3.92392922915204,0.866370339881755,-0.826497287992017,-0.0398730518897519
3.92399684241835,0.875821419155016,-0.815197421077397,-0.0606239980776362
3.92406445568466,0.884877264274547,-0.803529842552687,-0.0813474217218436
3.92413206895097,0.893533835240491,-0.791499770247593,-0.102034064992892
3.92419968221728,0.901787219885962,-0.779112623551347,-0.122674596334597
3.92429184148017,0.912380664791214,-0.761663838305907,-0.150716826485286
3.92438400074307,0.922209368263499,-0.743576564224642,-0.178632804038864
3.92444420061342,0.928212933934008,-0.731423875735746,-0.196789058198284
3.92450440048378,0.93388446947568,-0.719009636971571,-0.214874832504123
3.92456460035413,0.939221971478067,-0.706338256531009,-0.232883714947079
3.92462480022448,0.94422351873345,-0.693414267764996,-0.250809250968499
3.92469730048889,0.949798513849771,-0.677520927509736,-0.27227758634004
3.9247698007533,0.954880784138627,-0.661276109084164,-0.293604675054484
3.92484230101771,0.959467706726766,-0.644688240898277,-0.314779465828482
3.92491480128212,0.963556887818656,-0.627765938593453,-0.335790949225214
3.92498730154653,0.967146219902077,-0.610517976622401,-0.35662824327966
3.92505980181094,0.970233828109182,-0.592953309559853,-0.377280518549339
3.92514796910775,0.973310243775141,-0.571179650067179,-0.402130593707998
3.92523613640456,0.975639970602073,-0.548967738814832,-0.42667223178725
3.92532430370137,0.97722123142178,-0.526334649876618,-0.450886581545173
3.92541247099818,0.978052800235916,-0.503297759213775,-0.474755041022177
3.92550063829499,0.978134050258014,-0.47987474881824,-0.498259301439802
3.9255888055918,0.977464907626415,-0.456083589337717,-0.521381318288678
3.92567697288862,0.976045896600408,-0.431942536050324,-0.544103360550073
3.92576514018543,0.973878095007157,-0.407470108123825,-0.566407986883347
3.92585330748224,0.970963176329442,-0.382685082240894,-0.588278094088544
3.92596171171459,0.966358543181241,-0.351811364726658,-0.614547178454602
3.92607011594693,0.960633203044289,-0.32052947550467,-0.640103727539622
3.92617852017928,0.953793805684006,-0.288875793381534,-0.664918012302469
3.92628692441163,0.945848293985066,-0.256887050717402,-0.688961243267677
3.92639532864398,0.93680587791004,-0.224600370788772,-0.712205507121273
3.92650373287633,0.926677049586813,-0.192053192391478,-0.734623857195352
3.92661213710867,0.91547354936331,-0.159283275198517,-0.756190274164834
3.92672054134102,0.903208374780654,-0.126328614643327,-0.776879760137345
3.92682894557337,0.889895743849896,-0.0932274407070642,-0.796668303142842
3.92693734980572,0.875551099918038,-0.0600181325691196,-0.815532967348914
3.92704575403807,0.860191072905278,-0.0267392145963208,-0.833451858308941
3.92715415827041,0.843833480442955,0.00657072781184422,-0.850404208254794
3.92726256250276,0.826497287214107,0.0398730542658666,-0.866370341479958
3.92733017576844,0.815197420311486,0.0606240002542527,-0.875821420565733
3.92739778903412,0.803529841807029,0.0813474236970169,-0.88487726550406
3.92746540229979,0.791499769530243,0.10203406676511,-0.893533836295373
3.92753301556547,0.779112622870213,0.122674597902598,-0.901787220772799
3.92762517485584,0.761663832223401,0.150716836376241,-0.912380668599671
3.92771733414621,0.743576552366792,0.178632822166967,-0.922209374533733
3.92777753399354,0.731423868270146,0.196789069317683,-0.928212937587839
3.92783773384087,0.719009634101757,0.214874836663624,-0.933884470765377
3.92789793368819,0.706338258455519,0.232883712202808,-0.939221970658342
3.92795813353552,0.69341427467713,0.250809241384118,-0.944223516061253
3.92803063379978,0.677520934565859,0.272277576751342,-0.949798511317194
3.92810313406403,0.661276116283097,0.293604665465591,-0.954880781748679
3.92817563432828,0.644688248238851,0.314779456243507,-0.959467704482317
3.92824813459253,0.627765946074365,0.335790939648235,-0.963556885722598
3.92832063485679,0.610517984242275,0.356628233714926,-0.967146217957197
3.92839313512104,0.592953317317221,0.37728050900098,-0.970233826318145
3.92848130244208,0.571179651898902,0.402130591024398,-0.973310242923294
3.92856946976311,0.548967734480153,0.426672235798921,-0.975639970279061
3.92865763708415,0.526334639149044,0.450886592066901,-0.977221231215943
3.92874580440519,0.503297741881175,0.474755057853608,-0.978052799734781
3.92883397172623,0.479874724683379,0.498259324365631,-0.978134049049
3.92892213904726,0.456083558218394,0.521381347079034,-0.97746490529746
3.9290103063683,0.431942497779712,0.544103394960789,-0.976045892740527
3.92909847368934,0.407470062550811,0.566408026656422,-0.973878089207253
3.92918664101037,0.382685029230271,0.588278138952459,-0.970963168182738
3.92929504524279,0.35181131092958,0.614547222082519,-0.966358533012086
3.92940344947521,0.320529420985588,0.640103769876458,-0.960633190862033
3.92951185370763,0.288875738205746,0.664918053294551,-0.953793791500278
3.92962025794005,0.256886994950845,0.688961282862981,-0.945848277813802
3.92972866217247,0.224600314498133,0.7122055452694,-0.936805859767541
3.92983706640489,0.19205313564411,0.734623893847571,-0.926677029491658
3.92994547063731,0.159283218062438,0.756190309273936,-0.915473527336386
3.93005387486973,0.126328557186953,0.776879793658105,-0.903208350845037
3.93016227910215,0.093227382999214,0.796668335031741,-0.889895718030922
3.93027068333457,0.0600180746789816,0.815532997564312,-0.875551072243263
3.93037908756699,0.026739156593446,0.833451886811043,-0.860191043404456
3.93048749179941,-0.00657078585784797,0.850404235005848,-0.843833449147993
3.93059589603183,-0.0398731122853908,0.866370366444306,-0.826497254158892
3.93066350924115,-0.0606240409236288,0.875821436679506,-0.815197395755865
3.93073112245047,-0.0813474470427044,0.884877273417412,-0.803529826374718
3.93079873565979,-0.102034072836839,0.893533836668871,-0.791499763832029
3.93086634886912,-0.12267458677326,0.901787214276945,-0.779112627503658
3.93095850817219,-0.150716829139855,0.912380663756034,-0.761663834616169
3.93105066747526,-0.178632818793261,0.922209371133237,-0.743576552339959
3.93111086732691,-0.196789067248601,0.928212934629626,-0.731423867380947
3.93117106717855,-0.21487483588894,0.933884468201766,-0.719009632312836
3.9312312670302,-0.232883712711145,0.939221968441335,-0.706338255730163
3.93129146688185,-0.250809243162491,0.944223514142368,-0.693414270979873
3.93136396714378,-0.27227757782186,0.949798509140113,-0.677520931318206
3.93143646740572,-0.293604665835646,0.954880779344434,-0.66127611350879
3.93150896766765,-0.314779455921367,0.959467701882285,-0.644688245960898
3.93158146792959,-0.335790938643538,0.96355688295838,-0.627765944314834
3.93165396819153,-0.356628232038242,0.967146215060608,-0.610517983022364
3.93172646845346,-0.377280506663962,0.970233823321259,-0.592953316657266
3.93181463579427,-0.402130594226573,0.973310240539996,-0.571179646313394
3.93190280313507,-0.426672244398185,0.975639968174269,-0.548967723776067
3.93199097047587,-0.450886605908391,0.977221229053382,-0.526334623144993
3.93207913781667,-0.474755076770084,0.97805279717782,-0.503297720407706
3.93216730515747,-0.498259348177748,0.978134045760978,-0.479874697583201
3.93225547249827,-0.52138137559553,0.977464900942222,-0.456083525346643
3.93234363983907,-0.544103427978986,0.976045886982975,-0.431942459003942
3.93243180717987,-0.56640806396226,0.973878081713851,-0.40747001775154
3.93251997452067,-0.588278180320884,0.970963158622016,-0.38268497830114
3.93262837875315,-0.61454726232691,0.966358521614348,-0.351811259287413
3.93273678298563,-0.640103808946684,0.960633177635769,-0.32052936868908
3.93284518721811,-0.664918091142092,0.953793776456241,-0.288875685314107
3.93295359145059,-0.688961319440647,0.945848260964695,-0.256886941524051
3.93306199568307,-0.712205580531492,0.936805841128304,-0.224600260596798
3.93317039991555,-0.7346239277497,0.926677009079294,-0.192053081329562
3.93327880414803,-0.756190341773599,0.915473505169873,-0.159283163396235
3.93338720838051,-0.776879824714108,0.903208326945519,-0.126328502231397
3.93349561261299,-0.796668364604725,0.8898956924215,-0.0932273278167294
3.93360401684547,-0.815533025616456,0.875551044949047,-0.060018019332575
3.93371242107795,-0.833451913306412,0.860191014452584,-0.0267391011461634
3.93382082531043,-0.850404259910204,0.843833418567426,0.00657084134278527
3.93392922954291,-0.86637038972522,0.826497221980667,0.0398731677445605
3.93399684269671,-0.875821451328238,0.815197372034458,0.0606240792937953
3.93406445585051,-0.884877280075386,0.803529811723579,0.0813474683517907
3.93413206900431,-0.893533835987803,0.791499758851854,0.102034077135948
3.93419968215811,-0.901787206918267,0.779112632781794,0.122674574136498
3.93429184144661,-0.91238065514892,0.761663843014208,0.150716812134683
3.93438400073511,-0.922209361524933,0.743576564050247,0.178632797474699
3.93444420061387,-0.928212928054135,0.73142387388148,0.196789054172651
3.93450440049263,-0.933884464361766,0.719009633364483,0.214874830997329
3.93456460037138,-0.939221967036586,0.706338251099881,0.232883715936692
3.93462480025014,-0.944223514870099,0.693414260440651,0.250809254429438
3.93469730050998,-0.949798509476722,0.677520921072343,0.272277588404418
3.93476980076982,-0.954880779317274,0.66127610358031,0.293604675736989
3.93484230102966,-0.959467701518906,0.644688236373281,0.314779465145628
3.9349148012895,-0.963556882286678,0.627765935090941,0.335790947195756
3.93498730154934,-0.967146214108739,0.610517974184233,0.35662823992455
3.93505980180918,-0.970233822117727,0.592953308226368,0.377280513891374
3.93514796914552,-0.973310239010545,0.571179638880541,0.402130600130049
3.93523613648187,-0.97563996639402,0.548967717389116,0.426672249004891
3.93532430381822,-0.977221227097699,0.526334617849138,0.450886609248595
3.93541247115456,-0.978052795122426,0.503297716245551,0.474755078876876
3.93550063849091,-0.978134043681587,0.479874694594643,0.498259349086968
3.93558880582725,-0.977464898914737,0.456083523568934,0.521381375345825
3.9356769731636,-0.976045885083179,0.431942458471617,0.544103426611562
3.93576514049994,-0.973878080017207,0.407470018496137,0.566408061521071
3.93585330783629,-0.970963157203814,0.382684980351446,0.588278176852395
3.93596171206877,-0.966358520379923,0.351811261408238,0.614547258971688
3.93607011630124,-0.960633176584233,0.320529370874428,0.64010380570979
3.93617852053372,-0.953793775586355,0.288875687558092,0.664918088028298
3.9362869247662,-0.945848260275242,0.256886943820663,0.688961316454606
3.93639532899867,-0.936805840617643,0.224600262939898,0.712205577677759
3.93650373323115,-0.926677008745681,0.192053083713038,0.734623925032658
3.93661213746363,-0.915473505011354,0.159283165813924,0.756190339197456
3.9367205416961,-0.903208326959917,0.126328504676995,0.776879822282906
3.93682894592858,-0.889895692606459,0.093227330284109,0.796668362322365
3.93693735016106,-0.875551045301983,0.0600180218153315,0.815533023486673
3.93704575439353,-0.860191014970674,0.0267391036379301,0.833451911332748
3.93715415862601,-0.843833419247762,-0.00657083884824915,0.850404258095995
3.93726256285849,-0.826497222820088,-0.0398731652535606,0.866370388073671
3.93733017601305,-0.815197372840731,-0.0606240770442477,0.875821449884975
3.93739778916762,-0.803529812487066,-0.0813474663454351,0.884877278832465
3.93746540232219,-0.791499759562944,-0.102034075374182,0.893533834937141
3.93753301547676,-0.779112633431153,-0.122674572620423,0.901787206051603
3.93762517473787,-0.761663849046819,-0.150716802322177,0.912380651368985
3.93771733399899,-0.743576575838664,-0.178632779451396,0.922209355290069
3.93777753390065,-0.731423881301873,-0.1967890431197,0.928212924421525
3.9378377338023,-0.719009636214288,-0.214874826866259,0.933884463080548
3.93789793370396,-0.706338249181742,-0.232883718671676,0.939221967853417
3.93795813360562,-0.693414253562271,-0.250809263967177,0.944223517529407
3.93803063386563,-0.677520914046802,-0.272277597951977,0.949798511998793
3.93810313412564,-0.661276096408573,-0.293604685290249,0.954880781698809
3.93817563438566,-0.6446882290563,-0.314779474700455,0.95946770375677
3.93824813464567,-0.627765927629862,-0.335790956747919,0.963556884377785
3.93832063490568,-0.610517966580274,-0.356628249469812,0.967146216050102
3.9383931351657,-0.592953300480867,-0.377280523425438,0.970233823906286
3.93848130247782,-0.571179637060252,-0.402130602800257,0.973310239860487
3.93856946978994,-0.548967721734632,-0.426672244980851,0.975639966715483
3.93865763710206,-0.526334628587061,-0.450886598715377,0.977221227302424
3.93874580441419,-0.503297733587877,-0.474755062034892,0.978052795622783
3.93883397172631,-0.479874718738702,-0.498259326151433,0.97813404489014
3.93892213903843,-0.456083554696854,-0.521381346546612,0.977464901243456
3.93901030635055,-0.431942496750092,-0.544103392192843,0.976045888942939
3.93909847366268,-0.407470064076427,-0.566408021740791,0.973878085817232
3.9391866409748,-0.382685033368647,-0.588278131982091,0.970963165350742
3.93929504520721,-0.351811315212027,-0.614547215337479,0.966358530549472
3.93940344943961,-0.320529425400356,-0.640103763366803,0.960633188767136
3.93951185367202,-0.288875742740806,-0.664918047030146,0.953793789770976
3.93962025790442,-0.25688699959424,-0.688961276853373,0.9458482764476
3.93972866213683,-0.224600319237611,-0.712205539523834,0.936805858761409
3.93983706636923,-0.192053140467443,-0.73462388837488,0.926677028842308
3.93994547060164,-0.159283222957148,-0.756190304082864,0.915473527040022
3.94005387483404,-0.126328562140691,-0.776879788756807,0.903208350897457
3.94016227906645,-0.0932273879992797,-0.796668330428274,0.889895718427542
3.94027068329885,-0.0600180797127801,-0.815532993266291,0.875551072979043
3.94037908753126,-0.0267391616482279,-0.833451882825797,0.860191044473987
3.94048749176366,0.00657078079477074,-0.850404231340249,0.843833450545462
3.94059589599607,0.0398731072267151,-0.866370363104912,0.826497255878183
3.94066350920699,0.0606240363671738,-0.875821433766714,0.815197397399537
3.94073112241791,0.0813474429918277,-0.884877270914659,0.803529827922797
3.94079873562883,0.102034069294304,-0.893533834559178,0.791499765264855
3.94086634883975,0.122674583741218,-0.901787212543007,0.779112628801788
3.94095850808808,0.150716809523268,-0.912380656198571,0.761663846675289
3.94105066733641,0.178632782763207,-0.922209358668427,0.743576575905201
3.94111086723382,0.196789045150865,-0.928212927366377,0.731423882215502
3.94117106713124,0.214874827626691,-0.933884465638584,0.719009638011871
3.94123126702866,0.232883718172635,-0.939221970071843,0.706338251899198
3.94129146692607,0.250809262221337,-0.944223519455869,0.693414257234492
3.94136396718837,0.272277596904072,-0.949798514180233,0.67752091727616
3.94143646745067,0.293604684932954,-0.954880784104644,0.661276099171668
3.94150896771296,0.314779475025429,-0.95946770635611,0.644688231330646
3.94158146797526,0.335790957745852,-0.963556887139495,0.6277659293936
3.94165396823756,0.356628251130271,-0.967146218942715,0.61051796781244
3.94172646849985,0.37728052573703,-0.970233826898347,0.592953301161298
3.94181463579221,0.402130599571576,-0.973310242239514,0.571179642667889
3.94190280308456,0.426672236354152,-0.975639968816681,0.548967732462521
3.94199097037691,0.450886584845592,-0.977221229462121,0.526334644616496
3.94207913766927,0.474755043089276,-0.978052798177641,0.503297755088371
3.94216730496162,0.498259302309453,-0.978134048177009,0.479874745867546
3.94225547225398,0.521381317999518,-0.977464905598547,0.45608358759898
3.94234363954633,0.544103359143479,-0.9760458947014,0.431942535557871
3.94243180683868,0.56640798440321,-0.973878093312611,0.407470108909376
3.94251997413104,0.588278090581412,-0.970963174914618,0.382685084333175
3.94262837836338,0.614547175060216,-0.966358541952009,0.351811366891766
3.94273678259572,0.640103724263167,-0.960633201999843,0.320529477736686
3.94284518682806,0.664918009148792,-0.953793804823395,0.288875795674566
3.9429535910604,0.688961240241607,-0.945848293307009,0.256887053065341
3.94306199529273,0.712205504227501,-0.936805877413052,0.224600373185511
3.94317039952507,0.734623854438435,-0.926677049269274,0.1920531948308
3.94327880375741,0.756190271549041,-0.915473549223367,0.1592832776743
3.94338720798975,0.776879757666884,-0.903208374816229,0.126328617149339
3.94349561222209,0.796668300821815,-0.889895744058671,0.0932274432368154
3.94360401645443,0.815532965181136,-0.875551100297503,0.0600181351163619
3.94371242068677,0.833451856298124,-0.860191073452807,0.0267392171546513
3.94382082491911,0.850404206404416,-0.843833481155654,-0.00657072524875777
3.94392922915145,0.866370339793432,-0.826497288088881,-0.0398730517045863
3.94399684241795,0.875821419096685,-0.815197421144563,-0.0606239979521319
3.94406445568445,0.88487726424391,-0.803529842588106,-0.0813474216558162
3.94413206895095,0.893533835235343,-0.791499770249137,-0.102034064986227
3.94419968221746,0.901787219903932,-0.779112623516995,-0.122674596386945
3.9442918414804,0.912380664812642,-0.761663838261776,-0.150716826550884
3.94438400074334,0.922209368287633,-0.743576564170086,-0.178632804117585
3.94444420061359,0.928212933947097,-0.731423875700198,-0.196789058246926
3.94450440048385,0.933884469478769,-0.719009636955882,-0.214874832522889
3.9445646003541,0.939221971472243,-0.706338256536099,-0.232883714936203
3.94462480022435,0.944223518719893,-0.693414267791653,-0.250809250928249
3.94469730048877,0.949798513837765,-0.677520927534786,-0.272277586303001
3.94476980075319,0.954880784128107,-0.661276109107519,-0.293604675020619
3.94484230101761,0.959467706717596,-0.64468824091989,-0.314779465797713
3.94491480128203,0.963556887810695,-0.627765938613219,-0.335790949197472
3.94498730154645,0.967146219895203,-0.61051797664021,-0.356628243255003
3.94505980181087,0.97023382810322,-0.592953309575602,-0.377280518527636
3.94514796910768,0.973310243769886,-0.571179650082518,-0.402130593687376
3.9452361364045,0.975639970597402,-0.548967738829681,-0.42667223176775
3.94532430370131,0.977221231417719,-0.526334649890977,-0.450886581526755
3.94541247099812,0.978052800232357,-0.503297759227475,-0.474755041004889
3.94550063829494,0.978134050254952,-0.479874748831345,-0.498259301423586
3.94558880559175,0.977464907623725,-0.456083589350236,-0.521381318273487
3.94567697288857,0.976045896598078,-0.43194253606212,-0.544103360535964
3.94576514018538,0.973878095005139,-0.407470108134927,-0.566407986870227
3.9458533074822,0.970963176327691,-0.382685082251298,-0.588278094076399
3.94596171171454,0.966358543180099,-0.351811364738319,-0.614547178441795
3.94607011594689,0.960633203043858,-0.32052947551768,-0.640103727526163
3.94617852017923,0.953793805684355,-0.288875793395921,-0.664918012288441
3.94628692441157,0.945848293986226,-0.256887050733082,-0.68896124325315
3.94639532864392,0.93680587791208,-0.224600370805751,-0.712205507106358
3.94650373287626,0.926677049589939,-0.192053192409799,-0.73462385718011
3.94661213710861,0.915473549367469,-0.159283275218205,-0.756190274149292
3.94672054134095,0.903208374785978,-0.126328614664402,-0.776879760121603
3.94682894557329,0.889895743856389,-0.0932274407293323,-0.796668303127059
3.94693734980564,0.875551099925777,-0.0600181325926621,-0.815532967333124
3.94704575403798,0.860191072914352,-0.0267392146211726,-0.833451858293175
3.94715415827033,0.843833480453447,0.00657072778571449,-0.850404208239176
3.94726256250267,0.826497287226004,0.0398730542386496,-0.866370341464665
3.94733017576837,0.815197420320131,0.0606240002338114,-0.875821420553965
3.94739778903407,0.803529841812207,0.0813474236833968,-0.884877265495599
3.94746540229977,0.79149976953162,0.102034066758319,-0.893533836289952
3.94753301556546,0.779112622867632,0.122674597902522,-0.901787220770138
3.94762517485578,0.761663832230625,0.150716836360777,-0.912380668591419
3.9477173341461,0.743576552384503,0.178632822136263,-0.922209374520782
3.94777753399347,0.731423868280487,0.196789069298641,-0.928212937579119
3.94783773384084,0.719009634104463,0.214874836656066,-0.933884470760532
3.9478979336882,0.706338258450176,0.232883712206793,-0.939221970656945
3.94795813353557,0.693414274663475,0.250809241399401,-0.944223516062866
3.94803063379981,0.677520934555176,0.272277576762254,-0.949798511317443
3.94810313406405,0.661276116275505,0.293604665472202,-0.9548807817477
3.94817563432828,0.644688248234574,0.314779456245805,-0.959467704480373
3.94824813459252,0.627765946073554,0.335790939646317,-0.963556885719858
3.94832063485676,0.610517984244975,0.356628233708881,-0.967146217953841
3.948393135121,0.592953317323519,0.377280508990901,-0.970233826314436
3.94848130244202,0.571179651909272,0.402130591010172,-0.973310242919447
3.94856946976304,0.54896773449467,0.426672235780673,-0.975639970275341
3.94865763708407,0.526334639167835,0.450886592044778,-0.977221231212585
3.94874580440509,0.503297741904365,0.474755057827739,-0.978052799732065
3.94883397172611,0.479874724711055,0.498259324336152,-0.978134049047235
3.94892213904713,0.456083558250704,0.521381347046104,-0.97746490529677
3.94901030636815,0.431942497816636,0.544103394924659,-0.97604589274127
3.94909847368917,0.407470062592474,0.566408026617224,-0.97387808920971
3.9491866410102,0.382685029276775,0.58827813891034,-0.970963168187117
3.94929504524261,0.351811310977853,0.614547222040603,-0.966358533018438
3.94940344947503,0.320529421035689,0.6401037698348,-0.960633190870471
3.94951185370744,0.288875738257546,0.664918053253307,-0.953793791510863
3.94962025793986,0.256886995004385,0.688961282822238,-0.945848277826603
3.94972866217227,0.22460031455334,0.712205545229289,-0.936805859782605
3.94983706640469,0.19205313570097,0.734623893808126,-0.926677029509093
3.9499454706371,0.15928321812084,0.756190309235366,-0.915473527356186
3.95005387486952,0.126328557246899,0.776879793620425,-0.90320835086728
3.95016227910194,0.0932273830605888,0.796668334995138,-0.889895718055706
3.95027068333435,0.0600180747417804,0.815532997528823,-0.875551072270612
3.95037908756677,0.0267391566575269,0.833451886776813,-0.860191043434362
3.95048749179918,-0.00657078579249637,0.850404234973021,-0.843833449180496
3.9505958960316,-0.0398731122188142,0.866370366412933,-0.826497254194092
3.95066350924099,-0.0606240408796622,0.875821436659545,-0.815197395779828
3.95073112245039,-0.0813474470212474,0.884877273407935,-0.803529826386688
3.95079873565979,-0.102034072837736,0.893533836669015,-0.791499763831263
3.95086634886918,-0.122674586796519,0.901787214285862,-0.779112627489331
3.95095850817227,-0.150716829168297,0.912380663766357,-0.761663834598011
3.95105066747536,-0.178632818826801,0.92220937114463,-0.743576552317788
3.95111086732696,-0.19678906726928,0.928212934636337,-0.731423867367019
3.95117106717857,-0.214874835896966,0.933884468204338,-0.719009632307358
3.95123126703017,-0.232883712706526,0.939221968440184,-0.706338255733631
3.95129146688178,-0.250809243145386,0.944223514137969,-0.693414270992571
3.9513639671437,-0.272277577799812,0.949798509134895,-0.677520931335072
3.95143646740561,-0.293604665808784,0.954880779338698,-0.661276113529895
3.95150896766753,-0.314779455889839,0.959467701876222,-0.644688245986369
3.95158146792945,-0.335790938607402,0.963556882952271,-0.627765944344819
3.95165396819137,-0.356628231997562,0.967146215054602,-0.610517983057052
3.95172646845329,-0.377280506618888,0.970233823315671,-0.592953316696759
3.95181463579404,-0.402130594166605,0.973310240534134,-0.571179646367511
3.95190280313478,-0.426672244323582,0.975639968169028,-0.54896772384548
3.95199097047553,-0.450886605819692,0.977221229049853,-0.526334623230147
3.95207913781628,-0.474755076667843,0.978052797176816,-0.503297720509009
3.95216730515702,-0.498259348062471,0.978134045763535,-0.479874697701045
3.95225547249777,-0.521381375467817,0.977464900949221,-0.456083525481377
3.95234363983851,-0.544103427839473,0.976045886995417,-0.431942459155919
3.95243180717926,-0.566408063811501,0.973878081732605,-0.407470017921091
3.95251997452,-0.588278180159597,0.970963158648109,-0.382684978488465
3.95262837875249,-0.614547262170369,0.96635852164723,-0.35181125947688
3.95273678298497,-0.640103808795083,0.960633177675466,-0.320529368880402
3.95284518721745,-0.664918090995522,0.953793776502646,-0.288875685507098
3.95295359144993,-0.688961319299263,0.945848261017789,-0.256886941718494
3.95306199568241,-0.712205580395447,0.936805841187879,-0.224600260792414
3.95317039991489,-0.734623927619207,0.926677009145251,-0.192053081526031
3.95327880414737,-0.756190341648715,0.915473505242126,-0.159283163593426
3.95338720837985,-0.776879824594887,0.903208327023989,-0.126328502429115
3.95349561261234,-0.796668364491319,0.889895692506087,-0.093227328014736
3.95360401684482,-0.81553302550903,0.875551045039554,-0.0600180195305387
3.9537124210773,-0.833451913205029,0.860191014548858,-0.0267391013438271
3.95382082530978,-0.850404259814963,0.843833418669384,0.00657084114558254
3.95392922954226,-0.866370389636219,0.826497222088127,0.0398731675480933
3.95399684269626,-0.875821451269726,0.815197372112289,0.0606240791574281
3.95406445585025,-0.884877280045122,0.803529811769596,0.0813474682755408
3.95413206900425,-0.893533835983501,0.791499758863886,0.102034077119604
3.95419968215824,-0.901787206937604,0.779112632757908,0.122674574179704
3.95429184144668,-0.912380655159972,0.761663843001893,0.150716812158077
3.95438400073512,-0.92220936152879,0.743576564050347,0.178632797478464
3.95444420061388,-0.928212928058199,0.73142387388107,0.196789054177118
3.95450440049264,-0.933884464366032,0.71900963336347,0.214874831002556
3.9545646003714,-0.939221967040976,0.706338251098349,0.232883715942614
3.95462480025015,-0.944223514874604,0.693414260438592,0.250809254436029
3.95469730050996,-0.949798509478461,0.677520921078219,0.27227758840026
3.95476980076976,-0.954880779316751,0.661276103594599,0.293604675722134
3.95484230102956,-0.95946770151658,0.644688236396269,0.314779465120318
3.95491480128937,-0.963556882283083,0.627765935122923,0.335790947160168
3.95498730154917,-0.9671462141044,0.610517974225573,0.356628239878837
3.95505980180897,-0.970233822113067,0.592953308277287,0.37728051383578
3.95514796914527,-0.973310239006195,0.571179638945073,0.402130600061124
3.95523613648156,-0.975639966390627,0.548967717467589,0.426672248923078
3.95532430381786,-0.977221227096302,0.526334617942032,0.450886609154254
3.95541247115416,-0.978052795123739,0.503297716353129,0.474755078770596
3.95550063849045,-0.978134043686563,0.479874694717394,0.498259348969152
3.95558880582675,-0.977464898924153,0.456083523707156,0.52138137521701
3.95567697316304,-0.976045885097904,0.431942458625533,0.544103426472359
3.95576514049934,-0.973878080038089,0.407470018666129,0.566408061371979
3.95585330783563,-0.970963157231699,0.382684980537669,0.588278176694038
3.95596171206811,-0.966358520414615,0.35181126159724,0.614547258817402
3.95607011630059,-0.960633176625728,0.320529371065977,0.640103805559752
3.95617852053306,-0.953793775634627,0.288875687751895,0.664918087882736
3.95628692476554,-0.945848260330231,0.256886944016567,0.688961316313676
3.95639532899801,-0.936805840679297,0.224600263137681,0.712205577541671
3.95650373323049,-0.926677008813924,0.192053083912289,0.734623924901623
3.95661213746297,-0.91547350508612,0.159283166014546,0.75619033907155
3.95672054169544,-0.903208327041102,0.12632850487879,0.776879822162331
3.95682894592792,-0.889895692694001,0.0932273304867808,0.796668362207224
3.9569373501604,-0.875551045395833,0.0600180220186934,0.815533023377139
3.95704575439287,-0.860191015070767,0.0267391038417824,0.833451911228966
3.95715415862535,-0.843833419353967,-0.00657083864414384,0.850404257998085
3.95726256285783,-0.826497222932272,-0.0398731650495027,0.866370387981773
3.9573301760126,-0.815197372921955,-0.0606240769028009,0.875821449824751
3.95739778916737,-0.803529812535088,-0.0813474662664803,0.884877278801583
3.95746540232214,-0.79149975957561,-0.10203407535755,0.893533834933195
3.95753301547691,-0.779112633406357,-0.122674572665831,0.901787206072174
3.95762517473806,-0.76166384901482,-0.150716802377029,0.912380651391825
3.95771733399921,-0.743576575799047,-0.178632779515547,0.922209355314552
3.95777753390078,-0.731423881277814,-0.196789043159227,0.928212924437014
3.95783773380236,-0.719009636206576,-0.214874826881305,0.933884463087873
3.95789793370393,-0.706338249191111,-0.232883718662377,0.939221967853467
3.95795813360551,-0.693414253589326,-0.250809263933797,0.944223517523078
3.95803063386553,-0.677520914071615,-0.272277597922504,0.949798511994113
3.95810313412556,-0.661276096431091,-0.293604685264522,0.954880781695633
3.95817563438558,-0.644688229076355,-0.314779474678536,0.959467703754879
3.95824813464561,-0.627765927647319,-0.335790956729746,0.963556884377064
3.95832063490564,-0.610517966595023,-0.356628249455317,0.967146216050314
3.95839313516566,-0.592953300492832,-0.377280523414554,0.970233823907356
3.95848130247779,-0.571179637070566,-0.40213060279149,0.973310239862026
3.95856946978992,-0.548967721743289,-0.426672244974147,0.975639966717425
3.95865763710205,-0.526334628593954,-0.450886598710702,0.977221227304658
3.95874580441418,-0.503297733592935,-0.47475506203218,0.978052795625147
3.95883397172631,-0.479874718741947,-0.498259326150577,0.978134044892532
3.95892213903844,-0.456083554698156,-0.521381346547619,0.977464901245754
3.95901030635057,-0.43194249674942,-0.544103392195624,0.976045888945023
3.9590984736627,-0.407470064073681,-0.566408021745276,0.973878085818949
3.95918664097483,-0.382685033363804,-0.588278131988217,0.970963165351991
3.95929504520723,-0.351811315206944,-0.614547215343491,0.966358530550434
3.95940344943964,-0.320529425395015,-0.640103763372747,0.960633188767735
3.95951185367205,-0.288875742735295,-0.664918047035976,0.953793789771246
3.95962025790445,-0.256886999588474,-0.688961276859063,0.94584827644751
3.95972866213686,-0.2246003192317,-0.712205539529366,0.936805858761013
3.95983706636926,-0.192053140461287,-0.734623888380295,0.926677028841547
3.95994547060167,-0.159283222950849,-0.756190304088093,0.915473527038882
3.96005387483408,-0.126328562134094,-0.776879788761884,0.903208350895986
3.96016227906648,-0.093227387992423,-0.796668330433212,0.889895718425618
3.96027068329889,-0.0600180797057938,-0.815532993270997,0.875551072976784
3.96037908753129,-0.0267391616410511,-0.833451882830292,0.860191044471348
3.9604874917637,0.0065707808020528,-0.850404231344505,0.843833450542431
3.9605958959961,0.0398731072341548,-0.866370363108898,0.82649725587472
3.96066350920702,0.0606240363724044,-0.875821433769529,0.815197397397083
3.96073112241793,0.0813474429948634,-0.884877270916377,0.803529827921511
3.96079873562884,0.102034069295137,-0.893533834559875,0.791499765264705
3.96086634883976,0.122674583739855,-0.901787212542777,0.779112628802907
3.96095850808811,0.150716809528927,-0.912380656200862,0.761663846671907
3.96105066733646,0.178632782775913,-0.922209358672877,0.743576575896942
3.96111086723386,0.196789045157857,-0.928212927368707,0.73142388221083
3.96117106713126,0.214874827628016,-0.933884465639015,0.719009638011006
3.96123126702865,0.232883718168326,-0.939221970070593,0.706338251902241
3.96129146692605,0.250809262211451,-0.944223519453105,0.69341425724161
3.96136396718835,0.272277596895794,-0.949798514178002,0.677520917282196
3.96143646745066,0.293604684926251,-0.954880784102878,0.66127609917661
3.96150896771296,0.314779475020426,-0.959467706354744,0.644688231334328
3.96158146797526,0.335790957742427,-0.963556887138447,0.627765929395983
3.96165396823756,0.356628251128368,-0.967146218941954,0.610517967813596
3.96172646849986,0.377280525736607,-0.970233826897755,0.59295330116114
3.96181463579226,0.402130599584098,-0.973310242240249,0.571179642656123
3.96190280308466,0.426672236379371,-0.975639968817999,0.548967732438591
3.96199097037706,0.450886584883088,-0.97722122946318,0.526334644580063
3.96207913766946,0.474755043138714,-0.978052798177674,0.503297755038928
3.96216730496187,0.498259302370365,-0.978134048175216,0.479874745804803
3.96225547225427,0.521381318071486,-0.97746490559404,0.456083587522569
3.96234363954667,0.544103359225977,-0.97604589469353,0.43194253546752
3.96243180683907,0.566407984495738,-0.973878093300562,0.407470108804804
3.96251997413147,0.588278090683476,-0.970963174897544,0.382685084214083
3.96262837836381,0.614547175160165,-0.966358541930394,0.351811366770212
3.96273678259615,0.640103724360783,-0.960633201973662,0.320529477612848
3.96284518682849,0.66491800924397,-0.953793804792514,0.288875795548551
3.96295359106084,0.688961240334136,-0.94584829327148,0.256887052937309
3.96306199529318,0.712205504317348,-0.936805877372862,0.224600373055465
3.96317039952552,0.734623854525356,-0.926677049224368,0.192053194699012
3.96327880375786,0.756190271632928,-0.915473549173786,0.15928327754085
3.9633872079902,0.776879757747573,-0.903208374761974,0.126328617014364
3.96349561222254,0.79666830089918,-0.889895743999744,0.0932274431005638
3.96360401645489,0.815532965255052,-0.875551100234001,0.0600181349789085
3.96371242068723,0.833451856368397,-0.860191073384662,0.0267392170162446
3.96382082491957,0.850404206470959,-0.843833481082868,-0.00657072538813021
3.96392922915191,0.866370339856152,-0.826497288011524,-0.0398730518446223
3.96399684241827,0.875821419136588,-0.815197421089605,-0.0606239980470175
3.96406445568462,0.884877264262769,-0.803529842557203,-0.0813474217055966
3.96413206895098,0.893533835234818,-0.791499770243879,-0.10203406499096
3.96419968221733,0.901787219885755,-0.77911262353892,-0.122674596346876
3.96429184148029,0.912380664797428,-0.761663838281204,-0.15071682651622
3.96438400074325,0.922209368275054,-0.743576564186778,-0.178632804088323
3.96444420061354,0.928212933938814,-0.731423875709342,-0.196789058229516
3.96450440048384,0.933884469474364,-0.719009636957086,-0.214874832517297
3.96456460035413,0.939221971471274,-0.706338256528965,-0.232883714942323
3.96462480022442,0.944223518721843,-0.693414267775934,-0.25080925094594
3.9646973004888,0.94979851383644,-0.677520927527384,-0.272277586309072
3.96476980075318,0.954880784124007,-0.661276109108808,-0.293604675015215
3.96484230101756,0.959467706711208,-0.644688240930153,-0.31477946578107
3.96491480128194,0.963556887802594,-0.627765938632821,-0.335790949169791
3.96498730154632,0.967146219885892,-0.610517976669434,-0.35662824321649
3.9650598018107,0.970233828093319,-0.592953309614808,-0.377280518478523
3.96514796910751,0.973310243760983,-0.571179650125484,-0.402130593635506
3.96523613640431,0.97563997058976,-0.548967738876494,-0.42667223171329
3.96532430370111,0.977221231411508,-0.52633464994166,-0.450886581469834
3.96541247099791,0.97805280022776,-0.503297759282147,-0.474755040945644
3.96550063829472,0.978134050252185,-0.479874748890057,-0.498259301362159
3.96558880559152,0.977464907623025,-0.456083589413001,-0.521381318210038
3.96567697288832,0.976045896599603,-0.431942536128992,-0.544103360470624
3.96576514018513,0.973878095009061,-0.407470108205917,-0.56640798680314
3.96585330748193,0.970963176334224,-0.382685082326475,-0.588278094007782
3.96596171171427,0.966358543189436,-0.351811364814526,-0.614547178374912
3.96607011594662,0.96063320305595,-0.320529475594754,-0.640103727461199
3.96617852017896,0.953793805699162,-0.288875793473821,-0.664918012225364
3.96628692441131,0.945848294003821,-0.256887050811833,-0.688961243192014
3.96639532864365,0.936805877932438,-0.2246003708852,-0.712205507047228
3.96650373287599,0.926677049612889,-0.192053192489863,-0.734623857123034
3.96661213710834,0.915473549393103,-0.159283275298671,-0.756190274094413
3.96672054134068,0.903208374814172,-0.126328614745247,-0.776879760068948
3.96682894557303,0.889895743887164,-0.0932274408105503,-0.796668303076643
3.96693734980537,0.875551099959149,-0.0600181326741262,-0.815532967285049
3.96704575403771,0.860191072950194,-0.0267392147026946,-0.833451858247517
3.96715415827006,0.843833480491741,0.00657072770419512,-0.850404208195933
3.9672625625024,0.826497287266724,0.0398730541571215,-0.866370341423842
3.96733017576819,0.815197420347863,0.0606240001785404,-0.875821420526367
3.96739778903397,0.803529841825915,0.0813474236543392,-0.88487726548027
3.96746540229975,0.791499769530514,0.102034066755325,-0.893533836285847
3.96753301556554,0.779112622850786,0.12267459792554,-0.901787220776319
3.96762517485587,0.761663832210402,0.15071683638824,-0.91238066859862
3.96771733414621,0.743576552360728,0.178632822168056,-0.922209374528777
3.96777753399353,0.731423868264449,0.196789069318248,-0.928212937582716
3.96783773384086,0.719009634096462,0.214874836663602,-0.933884470760067
3.96789793368819,0.706338258450631,0.23288371220228,-0.939221970652925
3.96795813353551,0.693414274672722,0.250809241383026,-0.944223516055705
3.96803063379976,0.677520934561518,0.272277576750185,-0.949798511311685
3.96810313406402,0.66127611627885,0.293604665464393,-0.954880781743249
3.96817563432827,0.644688248234831,0.314779456242144,-0.959467704476955
3.96824813459252,0.62776594607052,0.335790939646794,-0.963556885717311
3.96832063485677,0.610517984238535,0.356628233713437,-0.967146217951945
3.96839313512103,0.592953317313595,0.377280508999402,-0.970233826313009
3.96848130244202,0.571179651905658,0.402130591011306,-0.973310242916992
3.96856946976302,0.548967734497651,0.426672235774615,-0.975639970272271
3.96865763708401,0.526334639177741,0.450886592031661,-0.977221231209398
3.96874580440501,0.503297741921308,0.474755057807876,-0.97805279972917
3.96883397172601,0.479874724735413,0.498259324309689,-0.978134049045078
3.968922139047,0.456083558282559,0.521381347013312,-0.977464905295878
3.969010306368,0.431942497856181,0.544103394885828,-0.976045892742007
3.96909847368899,0.407470062639964,0.566408026572532,-0.973878089212463
3.96918664100999,0.382685029332278,0.588278138860137,-0.970963168192414
3.9692950452424,0.351811311034443,0.61454722199156,-0.966358533025988
3.96940344947482,0.320529421093149,0.640103769787063,-0.960633190880201
3.96951185370723,0.288875738315884,0.664918053206902,-0.953793791522756
3.96962025793965,0.256886995063548,0.688961282777158,-0.945848277840701
3.96972866217206,0.224600314613156,0.712205545185716,-0.936805859798858
3.96983706640448,0.192053135761452,0.734623893766055,-0.926677029527483
3.96994547063689,0.159283218181836,0.756190309194881,-0.915473527376706
3.97005387486931,0.126328557308395,0.776879793581592,-0.903208350889942
3.97016227910172,0.0932273831225301,0.79666833495796,-0.889895718080493
3.97027068333414,0.0600180748040119,0.81553299749345,-0.875551072297421
3.97037908756655,0.0267391567200398,0.833451886743233,-0.860191043463274
3.97048749179897,-0.00657078572986544,0.850404234941288,-0.843833449211422
3.97059589603138,-0.0398731121560648,0.866370366383065,-0.826497254227015
3.97066350924083,-0.0606240408320793,0.875821436637675,-0.815197395805564
3.97073112245027,-0.0813474469888317,0.884877273393544,-0.803529826404668
3.97079873565972,-0.10203407282052,0.893533836661471,-0.791499763840943
3.97086634886916,-0.122674586794404,0.901787214284616,-0.779112627490179
3.97095850817222,-0.150716829155126,0.912380663761176,-0.761663834606019
3.97105066747527,-0.178632818802837,0.92220937113619,-0.743576552333352
3.97111086732691,-0.196789067255041,0.928212934631511,-0.731423867376453
3.97117106717854,-0.214874835892305,0.933884468202753,-0.719009632310429
3.97123126703018,-0.232883712711407,0.939221968441487,-0.706338255730081
3.97129146688181,-0.250809243159795,0.944223514141864,-0.693414270981995
3.97136396714381,-0.272277577835502,0.9497985091438,-0.677520931308283
3.9714364674058,-0.293604665865304,0.954880779351654,-0.661276113486365
3.97150896766779,-0.314779455966953,0.959467701892285,-0.64468824592532
3.97158146792978,-0.335790938704691,0.963556882970408,-0.627765944265672
3.97165396819177,-0.356628232114701,0.967146215073799,-0.610517982959113
3.97172646845376,-0.377280506755388,0.970233823334962,-0.592953316579519
3.97181463579456,-0.402130594314971,0.973310240550944,-0.57117964623598
3.97190280313535,-0.426672244483426,0.975639968182533,-0.548967723699102
3.97199097047614,-0.450886605990489,0.977221229059192,-0.526334623068732
3.97207913781694,-0.47475507684916,0.978052797181244,-0.503297720332085
3.97216730515773,-0.498259348253712,0.978134045762135,-0.479874697508431
3.97225547249852,-0.521381375668412,0.977464900941221,-0.456083525272799
3.97234363983932,-0.544103428048774,0.976045886979993,-0.431942458931216
3.97243180718011,-0.566408064028944,0.973878081708951,-0.407470017680059
3.97251997452091,-0.58827818038458,0.970963158615436,-0.382684978230845
3.97262837875339,-0.614547262390296,0.966358521605128,-0.351811259214815
3.97273678298588,-0.640103809009726,0.960633177623861,-0.320529368614081
3.97284518721836,-0.664918091204694,0.953793776441442,-0.288875685236696
3.97295359145084,-0.68896131950261,0.945848260946963,-0.256886941444342
3.97306199568333,-0.712205580592627,0.936805841107588,-0.224600260514912
3.97317039991581,-0.734623927809987,0.926677009055427,-0.192053081245449
3.9732788041483,-0.756190341832786,0.915473505142848,-0.159283163310033
3.97338720838078,-0.776879824772031,0.90320832691526,-0.126328502143213
3.97349561261327,-0.796668364661293,0.889895692387969,-0.0932273277266521
3.97360401684575,-0.815533025671555,0.875551044912135,-0.0600180192405879
3.97371242107824,-0.83345191335985,0.860191014412206,-0.0267391010523419
3.97382082531072,-0.850404259961813,0.843833418523656,0.00657084143817301
3.97392922954321,-0.866370389774879,0.826497221933373,0.0398731678415262
3.97399684269693,-0.875821451365451,0.815197371998787,0.0606240793666986
3.97406445585065,-0.884877280101072,0.803529811700336,0.0813474684007349
3.97413206900437,-0.893533836002835,0.791499758841986,0.102034077160864
3.97419968215809,-0.901787206923615,0.779112632786121,0.122674574137523
3.97429184144654,-0.912380655147553,0.761663843030522,0.15071681211705
3.97438400073498,-0.922209361517884,0.743576564079229,0.178632797438675
3.97444420061378,-0.928212928052463,0.731423873901391,0.196789054151067
3.97450440049259,-0.933884464364917,0.719009633374791,0.214874830990123
3.97456460037139,-0.939221967044069,0.706338251100291,0.232883715943778
3.9746248002502,-0.944223514881329,0.693414260430749,0.250809254450595
3.97469730050999,-0.949798509484213,0.677520921072265,0.272277588411995
3.97476980076978,-0.954880779321663,0.661276103590517,0.293604675731155
3.97484230102958,-0.959467701520815,0.644688236394237,0.314779465126589
3.97491480128937,-0.963556882286712,0.627765935123002,0.335790947163727
3.97498730154917,-0.967146214107597,0.610517974227882,0.356628239879738
3.97505980180896,-0.97023382211594,0.592953308281897,0.377280513834042
3.97514796914524,-0.973310239008546,0.57117963895439,0.402130600054195
3.97523613648151,-0.975639966392896,0.548967717481889,0.42667224891102
3.97532430381779,-0.977221227098729,0.526334617961461,0.450886609137272
3.97541247115407,-0.97805279512669,0.503297716377869,0.474755078748829
3.97550063849034,-0.978134043690317,0.479874694747537,0.498259348942767
3.97558880582662,-0.977464898929069,0.456083523742846,0.521381375186202
3.9756769731629,-0.976045885104185,0.431942458666854,0.544103426437369
3.97576514049917,-0.97387808004621,0.407470018713236,0.566408061332994
3.97585330783545,-0.970963157241919,0.382684980590648,0.588278176651289
3.97596171206792,-0.966358520426929,0.351811261652072,0.614547258774844
3.97607011630039,-0.960633176640147,0.320529371122616,0.64010380551755
3.97617852053287,-0.953793775651261,0.288875687810379,0.664918087840898
3.97628692476534,-0.945848260349163,0.25688694407677,0.688961316272413
3.97639532899781,-0.936805840700598,0.22460026319963,0.712205577500993
3.97650373323028,-0.926677008837644,0.19205308397597,0.734623924861682
3.97661213746276,-0.91547350511235,0.1592831660799,0.75619033903248
3.97672054169523,-0.903208327069891,0.126328504945683,0.776879822124208
3.9768289459277,-0.889895692725391,0.0932273305552175,0.79666836217019
3.97693735016017,-0.875551045429831,0.0600180220885211,0.815533023341313
3.97704575439265,-0.860191015107385,0.0267391039128902,0.833451911194507
3.97715415862512,-0.84383341939327,-0.00657083857174009,0.850404257965052
3.97726256285759,-0.826497222974268,-0.0398731649759652,0.866370387950226
3.97733017601244,-0.815197372952631,-0.0606240768521671,0.875821449804804
3.97739778916728,-0.803529812553555,-0.0813474662388293,0.884877278792409
3.97746540232213,-0.791499759581079,-0.102034075352764,0.893533834933833
3.97753301547697,-0.779112633398061,-0.122674572683716,0.901787206081775
3.97762517473807,-0.761663849015173,-0.150716802380465,0.912380651395638
3.97771733399918,-0.743576575808827,-0.178632779504606,0.922209355313414
3.97777753390076,-0.731423881286688,-0.196789043149864,0.928212924436561
3.97783773380234,-0.719009636214541,-0.214874826873506,0.933884463088035
3.97789793370392,-0.706338249197966,-0.232883718656217,0.939221967854193
3.9779581336055,-0.693414253595166,-0.25080926392921,0.944223517524358
3.97803063386551,-0.677520914080387,-0.272277597914114,0.949798511994471
3.97810313412552,-0.661276096442923,-0.293604685252374,0.954880781695298
3.97817563438553,-0.644688229091363,-0.314779474662693,0.959467703754061
3.97824813464555,-0.627765927665557,-0.335790956710342,0.963556884375888
3.97832063490556,-0.6105179666167,-0.356628249432297,0.967146216048991
3.97839313516557,-0.59295330051797,-0.37728052338811,0.970233823906057
3.9784813024777,-0.571179637097916,-0.402130602763372,0.973310239861277
3.97856946978982,-0.548967721772904,-0.426672244944419,0.975639966717341
3.97865763710194,-0.526334628625912,-0.450886598679418,0.977221227305358
3.97874580441406,-0.503297733627285,-0.474755061999436,0.978052795626701
3.97883397172619,-0.479874718778668,-0.498259326116493,0.978134044895148
3.97892213903831,-0.456083554737285,-0.521381346512245,0.977464901249547
3.97901030635043,-0.431942496791047,-0.54410339215904,0.976045888950089
3.97909847366255,-0.407470064117732,-0.566408021707664,0.973878085825378
3.97918664097468,-0.38268503341032,-0.588278131949596,0.97096316535992
3.97929504520708,-0.351811315254198,-0.614547215305804,0.966358530559948
3.97940344943949,-0.320529425442938,-0.640103763335978,0.960633188778904
3.97951185367189,-0.28887574278379,-0.664918047000233,0.953793789783996
3.9796202579043,-0.256886999637549,-0.688961276824339,0.945848276461891
3.9797286621367,-0.224600319281236,-0.712205539495788,0.936805858777009
3.97983706636911,-0.192053140511305,-0.734623888347797,0.926677028859102
3.97994547060151,-0.159283223001216,-0.756190304056797,0.915473527057969
3.98005387483392,-0.126328562184825,-0.776879788731797,0.903208350916608
3.98016227906632,-0.0932273880435071,-0.796668330404352,0.889895718447852
3.98027068329873,-0.0600180797570814,-0.815532993243467,0.875551073000514
3.98037908753114,-0.0267391616926507,-0.833451882803997,0.860191044496641
3.98048749176354,0.00657078075031834,-0.850404231319594,0.843833450569276
3.98059589599595,0.0398731071823024,-0.866370363085393,0.826497255903014
3.98066350920691,0.0606240363365798,-0.875821433754044,0.815197397417424
3.98073112241788,0.0813474429750288,-0.884877270908359,0.803529827933305
3.98079873562884,0.102034069291259,-0.893533834558691,0.791499765267392
3.98086634883981,0.122674583751855,-0.901787212547809,0.779112628795927
3.9809585080882,0.15071680955268,-0.912380656209774,0.76166384665708
3.98105066733659,0.178632782811218,-0.922209358684991,0.743576575873757
3.98111086723394,0.196789045178979,-0.928212927375611,0.731423882196623
3.98117106713129,0.214874827635087,-0.933884465641237,0.719009638006106
3.98123126702864,0.232883718161386,-0.939221970068561,0.706338251907154
3.98129146692599,0.250809262190694,-0.944223519447412,0.69341425725671
3.98136396718829,0.272277596874026,-0.94979851417242,0.67752091729837
3.98143646745059,0.293604684903413,-0.954880784097502,0.661276099194032
3.98150896771289,0.314779474996532,-0.959467706349566,0.644688231353025
3.98158146797518,0.335790957717576,-0.963556887133533,0.627765929415934
3.98165396823748,0.356628251102521,-0.967146218937391,0.610517967834817
3.98172646849978,0.377280525709846,-0.970233826893571,0.59295330118368
3.98181463579219,0.402130599559196,-0.973310242236904,0.571179642677701
3.98190280308459,0.426672236356209,-0.975639968815372,0.548967732459208
3.981990970377,0.450886584861625,-0.977221229461264,0.526334644599622
3.9820791376694,0.474755043118929,-0.978052798176377,0.503297755057437
3.98216730496181,0.498259302352255,-0.978134048174387,0.4798747458221
3.98225547225422,0.52138131805501,-0.977464905593652,0.456083587538664
3.98234363954662,0.544103359211059,-0.976045894693464,0.431942535482377
3.98243180683903,0.566407984482418,-0.973878093300706,0.407470108818296
3.98251997413143,0.588278090671615,-0.970963174897875,0.382685084226228
3.98262837836378,0.614547175148997,-0.966358541930967,0.35181136678194
3.98273678259612,0.640103724350224,-0.960633201974471,0.320529477624214
3.98284518682846,0.664918009234035,-0.953793804793465,0.288875795559456
3.98295359106081,0.68896124032482,-0.945848293272655,0.256887052947831
3.98306199529315,0.712205504308537,-0.936805877374152,0.224600373065573
3.9831703995255,0.734623854517129,-0.926677049225757,0.192053194708602
3.98327880375784,0.7561902716252,-0.91547354917523,0.159283277549998
3.98338720799018,0.776879757740401,-0.903208374763384,0.126328617022959
3.98349561222253,0.796668300892477,-0.88989574400118,0.093227443108667
3.98360401645487,0.815532965248818,-0.875551100235294,0.0600181349864504
3.98371242068721,0.833451856362646,-0.860191073385838,0.0267392170231819
3.98382082491956,0.8504042064656,-0.843833481083988,-0.00657072538163233
3.9839292291519,0.866370339851099,-0.826497288012455,-0.0398730518386759
3.98399684241828,0.875821419135337,-0.815197421086017,-0.0606239980493001
3.98406445568466,0.884877264264927,-0.803529842548773,-0.0813474217161702
3.98413206895105,0.893533835240118,-0.791499770230327,-0.102034065009806
3.98419968221743,0.901787219893864,-0.779112623519975,-0.122674596373894
3.98429184148038,0.912380664803705,-0.761663838263415,-0.150716826540294
3.98438400074333,0.922209368279657,-0.743576564170223,-0.178632804109443
3.9844442006136,0.92821293394076,-0.731423875697027,-0.196789058243742
3.98450440048387,0.933884469473891,-0.71900963694931,-0.214874832524613
3.98456460035414,0.939221971468703,-0.706338256525889,-0.232883714942845
3.98462480022441,0.944223518717437,-0.69341426777771,-0.250809250939731
3.98469730048881,0.94979851383383,-0.677520927524035,-0.272277586309811
3.98476980075322,0.95488078412286,-0.661276109100027,-0.293604675022869
3.98484230101762,0.959467706711259,-0.644688240915722,-0.314779465795548
3.98491480128202,0.963556887803491,-0.627765938612606,-0.335790949190926
3.98498730154643,0.967146219887312,-0.610517976643243,-0.356628243244113
3.98505980181083,0.970233828094956,-0.592953309582384,-0.377280518512579
3.9851479691077,0.973310243763462,-0.571179650076555,-0.402130593686945
3.98523613640456,0.975639970592023,-0.548967738810373,-0.426672231781645
3.98532430370143,0.977221231412445,-0.526334649857879,-0.450886581554574
3.9854124709983,0.978052800226348,-0.503297759180262,-0.47475504104613
3.98550063829516,0.978134050247308,-0.479874748769493,-0.498259301477834
3.98558880559203,0.977464907613601,-0.45608358927333,-0.521381318340266
3.9856769728889,0.976045896584537,-0.431942535969848,-0.544103360614673
3.98576514018576,0.973878094987357,-0.407470108026969,-0.566407986960352
3.98585330748263,0.970963176304749,-0.382685082127332,-0.588278094177411
3.98596171171498,0.966358543152459,-0.351811364611445,-0.614547178540998
3.98607011594733,0.960633203011507,-0.320529475388103,-0.640103727623436
3.98617852017967,0.953793805647232,-0.288875793263696,-0.664918012383531
3.98628692441202,0.9458482939443,-0.256887050598405,-0.688961243345875
3.98639532864437,0.936805877865304,-0.2246003706687,-0.712205507196616
3.98650373287672,0.926677049538217,-0.192053192270549,-0.734623857267651
3.98661213710907,0.915473549310855,-0.159283275076867,-0.756190274233996
3.98672054134141,0.903208374724395,-0.126328614521077,-0.77687976020333
3.98682894557376,0.889895743789867,-0.0932274405842761,-0.796668303205581
3.98693734980611,0.875551099854313,-0.0600181324460453,-0.815532967408305
3.98704575403846,0.860191072837912,-0.0267392144730883,-0.833451858364814
3.98715415827081,0.843833480372019,0.00657072793512961,-0.85040420830718
3.98726256250315,0.826497287139646,0.0398730543891405,-0.866370341528812
3.9873301757687,0.815197420257552,0.0606240003364638,-0.875821420594021
3.98739778903424,0.803529841775115,0.0813474237382613,-0.884877265513358
3.98746540229978,0.791499769521704,0.10203406676556,-0.893533836287266
3.98753301556533,0.779112622886457,0.122674597862417,-0.901787220748852
3.98762517485565,0.761663832250507,0.15071683632075,-0.912380668571236
3.98771733414597,0.74357655240531,0.178632822096409,-0.922209374501779
3.98777753399339,0.731423868290637,0.196789069275624,-0.928212937566249
3.98783773384081,0.719009634103415,0.214874836649768,-0.933884470753175
3.98789793368823,0.706338258437474,0.232883712217025,-0.9392219706545
3.98795813353565,0.693414274638697,0.250809241425994,-0.94422351606469
3.98803063379987,0.67752093453425,0.272277576783028,-0.949798511317265
3.98810313406409,0.661276116258633,0.293604665487221,-0.954880781745847
3.98817563432831,0.644688248221934,0.314779456255086,-0.959467704477059
3.98824813459253,0.627765946065309,0.335790939650023,-0.963556885715338
3.98832063485675,0.610517984241295,0.356628233707111,-0.967146217948379
3.98839313512097,0.592953317324626,0.37728050898369,-0.970233826308282
3.98848130244194,0.571179651922769,0.402130590989296,-0.973310242912083
3.98856946976291,0.548967734521072,0.426672235746478,-0.975639970267545
3.98865763708389,0.526334639207569,0.450886591997686,-0.977221231205277
3.98874580440486,0.503297741957884,0.474755057768135,-0.978052799725989
3.98883397172583,0.479874724778729,0.498259324264516,-0.978134049043229
3.9889221390468,0.45608355833287,0.521381346962924,-0.977464905295779
3.98901030636778,0.431942497913729,0.544103394830355,-0.976045892744078
3.98909847368875,0.407470062704734,0.566408026512364,-0.973878089217077
3.98918664100972,0.382685029404428,0.58827813879554,-0.970963168199967
3.98929504524214,0.351811311106383,0.614547221929703,-0.966358533036087
3.98940344947456,0.320529421164887,0.640103769727889,-0.960633190892791
3.98951185370698,0.288875738387241,0.664918053150456,-0.953793791537692
3.9896202579394,0.256886995134402,0.68896128272351,-0.945848277857901
3.98972866217182,0.22460031468354,0.712205545134724,-0.936805859818231
3.98983706640424,0.192053135831169,0.734623893717811,-0.926677029548986
3.98994547063666,0.159283218250833,0.75619030914933,-0.915473527400168
3.99005387486907,0.126328557376505,0.776879793538781,-0.903208350915245
3.99016227910149,0.093227383189621,0.796668334917863,-0.889895718107455
3.99027068333391,0.0600180748700886,0.815532997455992,-0.875551072326072
3.99037908756633,0.0267391567849574,0.833451886708448,-0.860191043493407
3.99048749179875,-0.00657078566612499,0.850404234909117,-0.843833449242973
3.99059589603117,-0.0398731120936461,0.866370366353539,-0.826497254259848
3.99066350924068,-0.0606240407908704,0.875821436618746,-0.815197395827856
3.9907311224502,-0.081347446968779,0.884877273384516,-0.803529826415695
3.99079873565971,-0.102034072821559,0.893533836661532,-0.791499763839934
3.99086634886923,-0.122674586816427,0.901787214292889,-0.779112627476437
3.99095850817226,-0.150716829170547,0.91238066376657,-0.761663834596016
3.99105066747529,-0.178632818811574,0.922209371139019,-0.743576552327468
3.99111086732691,-0.196789067258732,0.928212934632685,-0.731423867373915
3.99117106717852,-0.21487483589099,0.933884468202347,-0.719009632311342
3.99123126703014,-0.232883712705071,0.939221968439742,-0.70633825573465
3.99129146688176,-0.250809243148457,0.944223514138883,-0.69341427099044
3.99136396714373,-0.272277577816607,0.9497985091393,-0.677520931322698
3.9914364674057,-0.29360466583902,0.954880779345967,-0.661276113506931
3.99150896766766,-0.314779455933328,0.959467701885722,-0.644688245952383
3.99158146792963,-0.335790938663962,0.963556882963317,-0.627765944299339
3.99165396819159,-0.35662823206694,0.967146215066639,-0.610517982999678
3.99172646845356,-0.377280506700725,0.970233823327977,-0.59295331662723
3.99181463579427,-0.40213059423839,0.973310240543208,-0.5711796463048
3.99190280313498,-0.426672244385493,0.97563996817546,-0.548967723789912
3.9919909704757,-0.450886605871933,0.977221229054099,-0.526334623182164
3.99207913781641,-0.474755076710586,0.978052797179542,-0.503297720468923
3.99216730515712,-0.498259348096003,0.978134045765182,-0.479874697669156
3.99225547249784,-0.521381375492365,0.977464900950427,-0.456083525458041
3.99234363983855,-0.544103427855309,0.976045886996638,-0.431942459141325
3.99243180717926,-0.566408063818929,0.97387808173455,-0.407470017915568
3.99251997451997,-0.588278180158978,0.970963158651244,-0.382684978492223
3.99262837875245,-0.614547262169915,0.966358521650709,-0.351811259480783
3.99273678298494,-0.640103808794762,0.960633177679291,-0.320529368884504
3.99284518721742,-0.664918090995445,0.953793776506724,-0.288875685511256
3.9929535914499,-0.688961319299421,0.945848261022185,-0.256886941722743
3.99306199568238,-0.712205580395826,0.936805841192553,-0.224600260796727
3.99317039991486,-0.734623927619809,0.926677009150216,-0.192053081530432
3.99327880414734,-0.756190341649547,0.91547350524742,-0.159283163597887
3.99338720837982,-0.77687982459597,0.903208327029602,-0.126328502433623
3.9934956126123,-0.796668364492681,0.88989569251197,-0.0932273280192684
3.99360401684479,-0.815533025510637,0.875551045045741,-0.0600180195351053
3.99371242107727,-0.833451913206906,0.860191014555346,-0.026739101348402
3.99382082530975,-0.850404259817125,0.84383341867613,0.00657084114099009
3.99392922954223,-0.866370389638593,0.826497222095199,0.0398731675434224
3.99399684269624,-0.875821451274172,0.815197372117163,0.0606240791570442
3.99406445585025,-0.884877280051498,0.803529811772136,0.0813474682794177
3.99413206900426,-0.893533835991617,0.791499758863968,0.102034077127686
3.99419968215827,-0.90178720694731,0.779112632755342,0.122674574191992
3.99429184144667,-0.91238065516529,0.761663843006443,0.150716812158865
3.99438400073507,-0.922209361530348,0.743576564062499,0.178632797467883
3.99444420061384,-0.928212928060916,0.731423873891531,0.196789054169426
3.9945044004926,-0.933884464369833,0.719009633372202,0.214874830997669
3.99456460037137,-0.939221967045785,0.706338251105257,0.232883715940549
3.99462480025014,-0.944223514880317,0.69341426044352,0.250809254436783
3.99469730050998,-0.949798509486721,0.677520921075791,0.272277588410953
3.99476980076982,-0.954880779327086,0.661276103584491,0.293604675742616
3.99484230102965,-0.959467701528587,0.644688236378114,0.314779465150478
3.99491480128949,-0.963556882296252,0.627765935096408,0.335790947199866
3.99498730154933,-0.967146214118253,0.610517974190455,0.35662823992783
3.99505980180916,-0.970233822127182,0.592953308233251,0.377280513893947
3.99514796914545,-0.973310239018387,0.57117963890207,0.402130600116332
3.99523613648174,-0.975639966401173,0.548967717425902,0.426672248975292
3.99532430381802,-0.977221227105249,0.526334617901695,0.450886609203585
3.99541247115431,-0.978052795131256,0.503297716314365,0.47475507881692
3.9955006384906,-0.978134043692782,0.479874694680263,0.498259349012521
3.99558880582688,-0.977464898929233,0.456083523671678,0.521381375257567
3.99567697316317,-0.976045885101949,0.431942458591899,0.54410342651009
3.99576514049946,-0.973878080041322,0.407470018634334,0.566408061407003
3.99585330783575,-0.970963157234211,0.382684980507851,0.588278176726381
3.99596171206822,-0.966358520415996,0.351811261567094,0.614547258848918
3.9960701163007,-0.960633176625947,0.320529371035607,0.640103805590392
3.99617852053317,-0.95379377563372,0.288875687721245,0.664918087912509
3.99628692476565,-0.945848260328251,0.256886943985747,0.68896131634251
3.99639532899812,-0.936805840676233,0.22460026310666,0.712205577569566
3.9965037332306,-0.926677008809793,0.192053083881277,0.734623924928504
3.99661213746308,-0.915473505081004,0.159283165983561,0.756190339097459
3.99672054169555,-0.903208327035003,0.12632850484776,0.776879822187244
3.99682894592803,-0.889895692686954,0.0932273304558074,0.796668362231159
3.9969373501605,-0.875551045387772,0.0600180219877229,0.815533023400077
3.99704575439298,-0.860191015061752,0.0267391038109359,0.833451911250824
3.99715415862546,-0.843833419344027,-0.00657083867490265,0.850404258018925
3.99726256285793,-0.82649722292146,-0.0398731650800756,0.866370388001534
3.99733017601267,-0.815197372915601,-0.0606240769242356,0.875821449839824
3.99739778916741,-0.80352981253354,-0.0813474662787901,0.884877278812335
3.99746540232216,-0.791499759579204,-0.102034075360757,0.893533834939985
3.9975330154769,-0.779112633415376,-0.122674572659891,0.90178720607528
3.99762517473803,-0.761663849027485,-0.150716802365482,0.912380651392958
3.99771733399916,-0.743576575815742,-0.17863277949833,0.922209355314064
3.99777753390075,-0.731423881291388,-0.196789043147025,0.928212924438419
3.99783773380234,-0.71900963621674,-0.214874826874198,0.933884463090976
3.99789793370393,-0.706338249197782,-0.232883718660275,0.939221967858087
3.99795813360552,-0.693414253592401,-0.250809263936645,0.944223517529068
3.9980306338655,-0.677520914086315,-0.272277597909741,0.949798511996042
3.99810313412547,-0.661276096457927,-0.293604685236366,0.954880781694301
3.99817563438544,-0.644688229115798,-0.314779474635212,0.959467703751028
3.99824813464542,-0.62776592769988,-0.335790956671504,0.963556884371368
3.99832063490539,-0.610517966661101,-0.356628249382454,0.967146216043573
3.99839313516536,-0.592953300572893,-0.377280523327355,0.970233823900225
3.99848130247745,-0.571179637163176,-0.402130602692938,0.97331023985614
3.99856946978953,-0.548967721848914,-0.426672244864548,0.975639966713459
3.99865763710162,-0.526334628712894,-0.450886598590506,0.977221227303354
3.9987458044137,-0.503297733725518,-0.474755061901779,0.978052795627311
3.99883397172579,-0.479874718888361,-0.498259326010535,0.978134044898935
3.99892213903787,-0.456083554858792,-0.521381346398338,0.977464901257101
3.99901030634996,-0.43194249692443,-0.544103392037666,0.976045888962092
3.99909847366204,-0.40747006426338,-0.566408021579143,0.973878085842496
3.99918664097413,-0.382685033568261,-0.588278131814517,0.970963165382762
3.99929504520653,-0.351811315414391,-0.614547215174091,0.966358530588485
3.99940344943894,-0.320529425605296,-0.640103763207805,0.960633188813087
3.99951185367134,-0.288875742948028,-0.664918046875792,0.953793789823818
3.99962025790375,-0.256886999803552,-0.688961276703774,0.945848276507298
3.99972866213615,-0.22460031944882,-0.712205539379165,0.936805858827928
3.99983706636856,-0.192053140680326,-0.734623888235329,0.926677028915644
3.99994547060096,-0.159283223171375,-0.75619030394861,0.915473527119986
4.00005387483337,-0.12632856235599,-0.776879788628001,0.903208350983986
4.00016227906577,-0.0932273882155095,-0.796668330305115,0.889895718520616
4.00027068329818,-0.060018079929644,-0.815532993148859,0.875551073078509
4.00037908753058,-0.0267391618655433,-0.833451882714246,0.860191044579792
4.00048749176299,0.00657078057721247,-0.850404231234705,0.843833450657487
4.00059589599539,0.0398731070091452,-0.866370363005509,0.826497255996343
4.00066350920655,0.0606240362214902,-0.875821433703223,0.815197397481709
4.0007311224177,0.0813474429179213,-0.88487727088438,0.803529827966398
4.00079873562886,0.102034069291956,-0.893533834559354,0.791499765267349
4.00086634884001,0.122674583810023,-0.901787212570826,0.779112628760794
4.00095850808842,0.150716809617014,-0.912380656233504,0.761663846616469
4.00105066733683,0.178632782881603,-0.922209358709031,0.743576575827395
4.00111086723409,0.196789045222131,-0.928212927389616,0.731423882167478
4.00117106713135,0.214874827651193,-0.933884465646183,0.719009637994988
4.00123126702862,0.232883718150736,-0.939221970065516,0.70633825191475
4.00129146692588,0.250809262153418,-0.94422351943731,0.693414257283848
4.00136396718816,0.272277596833455,-0.949798514162227,0.677520917328758
4.00143646745045,0.293604684859748,-0.954880784087341,0.661276099227587
4.00150896771274,0.314779474949702,-0.959467706339632,0.644688231389943
4.00158146797502,0.335790957667731,-0.963556887124042,0.627765929456279
4.00165396823731,0.356628251049817,-0.967146218928481,0.610517967878609
4.0017264684996,0.377280525654322,-0.970233826885404,0.592953301231034
4.00181463579199,0.402130599500892,-0.9733102422299,0.571179642728997
4.00190280308438,0.426672236295258,-0.975639968809836,0.54896773251455
4.00199097037678,0.450886584798205,-0.977221229457275,0.526334644659032
4.00207913766917,0.474755043053143,-0.9780527981742,0.503297755121036
4.00216730496157,0.498259302284325,-0.97813404817424,0.479874745889857
4.00225547225396,0.52138131798502,-0.97746490559574,0.45608358761072
4.00234363954635,0.544103359139214,-0.976045894697936,0.431942535558683
4.00243180683875,0.566407984408821,-0.973878093307807,0.407470108898957
4.00251997413114,0.588278090596492,-0.970963174907765,0.382685084311273
4.00262837836348,0.614547175074726,-0.966358541944084,0.351811366869372
4.00273678259582,0.640103724276902,-0.960633201990897,0.320529477713969
4.00284518682816,0.664918009161882,-0.953793804813342,0.288875795651452
4.0029535910605,0.688961240253916,-0.945848293295888,0.256887053041982
4.00306199529284,0.712205504239088,-0.936805877400911,0.224600373161816
4.00317039952518,0.734623854449184,-0.926677049256105,0.192053194806928
4.00327880375752,0.756190271558998,-0.915473549209166,0.15928327765016
4.00338720798985,0.776879757676013,-0.903208374801004,0.126328617125008
4.00349561222219,0.796668300830097,-0.889895744042449,0.0932274432123555
4.00360401645453,0.81553296518852,-0.875551100280373,0.0600181350918108
4.00371242068687,0.833451856304614,-0.86019107343467,0.0267392171300503
4.00382082491921,0.850404206409968,-0.843833481136588,-0.00657072527337762
4.00392922915155,0.866370339798046,-0.826497288068883,-0.0398730517291796
4.00399684241803,0.875821419098072,-0.815197421127169,-0.0606239979709215
4.00406445568452,0.884877264242378,-0.803529842573595,-0.0813474216688009
4.004132068951,0.893533835231042,-0.791499770237667,-0.102034064993413
4.00419968221748,0.901787219897133,-0.779112623508795,-0.12267459638836
4.00429184148049,0.912380664812963,-0.761663838240558,-0.150716826572436
4.0043840007435,0.92220936829393,-0.743576564134949,-0.178632804159001
4.0044442006137,0.928212933947305,-0.731423875675359,-0.196789058271977
4.0045044004839,0.933884469473489,-0.719009636941796,-0.214874832531686
4.0045646003541,0.939221971462079,-0.706338256533177,-0.232883714928908
4.0046248002243,0.944223518705343,-0.693414267800382,-0.250809250905003
4.00469730048872,0.949798513823994,-0.677520927542669,-0.272277586281337
4.00476980075315,0.954880784115072,-0.661276109114408,-0.293604675000652
4.00484230101757,0.959467706705156,-0.644688240925708,-0.314779465779442
4.004914801282,0.963556887798807,-0.627765938617989,-0.335790949180823
4.00498730154642,0.967146219883747,-0.61051797664376,-0.356628243240002
4.00505980181084,0.970233828092207,-0.592953309578011,-0.377280518514201
4.00514796910772,0.973310243760863,-0.571179650070072,-0.402130593690791
4.00523613640459,0.975639970589406,-0.548967738801697,-0.426672231787699
4.00532430370147,0.977221231409675,-0.526334649846975,-0.450886581562708
4.00541247099834,0.978052800223289,-0.503297759166883,-0.474755041056401
4.00550063829522,0.97813405024377,-0.479874748753697,-0.498259301490069
4.00558880559209,0.977464907609481,-0.456083589255132,-0.521381318354348
4.00567697288897,0.976045896579666,-0.431942535949031,-0.544103360630634
4.00576514018584,0.973878094981627,-0.40747010800357,-0.566407986978049
4.00585330748272,0.970963176298049,-0.382685082101363,-0.588278094196684
4.00596171171506,0.966358543145218,-0.351811364587384,-0.614547178557853
4.0060701159474,0.960633203003866,-0.320529475365938,-0.640103727637938
4.00617852017974,0.953793805639411,-0.288875793243676,-0.664918012395708
4.00628692441208,0.945848293936441,-0.256887050580549,-0.688961243355894
4.00639532864442,0.936805877857585,-0.224600370653077,-0.712205507204508
4.00650373287676,0.92667704953076,-0.192053192257133,-0.734623857273607
4.0066121371091,0.915473549303859,-0.15928327506582,-0.756190274238052
4.00672054134144,0.903208374718027,-0.126328614512434,-0.776879760205611
4.00682894557378,0.889895743784258,-0.0932274405780198,-0.796668303206247
4.00693734980612,0.875551099849669,-0.0600181324422242,-0.81553296740744
4.00704575403846,0.860191072834332,-0.0267392144716973,-0.833451858362661
4.0071541582708,0.843833480369678,0.00657072793406563,-0.850404208303741
4.00726256250314,0.826497287138734,0.03987305438556,-0.866370341524293
4.0073301757687,0.815197420254497,0.0606240003368948,-0.875821420591396
4.00739778903425,0.803529841769707,0.0813474237428092,-0.884877265512488
4.00746540229981,0.791499769513872,0.102034066774122,-0.893533836287983
4.00753301556536,0.779112622876123,0.122674597874906,-0.901787220751016
4.00762517485561,0.76166383225345,0.15071683631188,-0.912380668565288
4.00771733414586,0.743576552422521,0.178632822066394,-0.922209374488898
4.00777753399332,0.731423868300399,0.196789069257337,-0.928212937557701
4.00783773384078,0.719009634105342,0.214874836643209,-0.93388447074858
4.00789793368824,0.706338258431344,0.232883712222033,-0.939221970653347
4.0079581335357,0.693414274624087,0.250809241442512,-0.944223516066593
4.00803063379991,0.677520934521399,0.272277576796767,-0.949798511318145
4.00810313406412,0.661276116247653,0.293604665498188,-0.954880781745825
4.00817563432833,0.644688248212966,0.314779456263301,-0.959467704476242
4.00824813459254,0.627765946058415,0.335790939655502,-0.963556885713892
4.00832063485675,0.610517984236539,0.356628233709894,-0.967146217946388
4.00839313512096,0.59295331732206,0.377280508983908,-0.970233826305973
4.00848130244195,0.571179651917135,0.402130590993019,-0.973310242910115
4.00856946976293,0.548967734512152,0.426672235753659,-0.975639970265815
4.00865763708392,0.526334639195333,0.450886592008171,-0.977221231203498
4.00874580440491,0.503297741942067,0.474755057781975,-0.978052799723997
4.00883397172589,0.479874724759315,0.498259324281496,-0.978134049040823
4.00892213904688,0.456083558309758,0.52138134698293,-0.977464905292687
4.00901030636786,0.431942497886786,0.544103394853307,-0.976045892740104
4.00909847368885,0.407470062673863,0.566408026538119,-0.973878089212002
4.00918664100983,0.382685029369666,0.588278138823884,-0.97096316819356
4.00929504524225,0.351811311072293,0.614547221956439,-0.966358533028677
4.00940344947466,0.320529421131455,0.640103769753049,-0.960633190884474
4.00951185370708,0.288875738354579,0.664918053174043,-0.953793791528594
4.00962025793949,0.256886995102517,0.688961282745578,-0.945848277848074
4.00972866217191,0.224600314652434,0.712205545155322,-0.93680585980772
4.00983706640433,0.192053135800913,0.734623893736943,-0.926677029537829
4.00994547063674,0.159283218221506,0.756190309167051,-0.915473527388536
4.01005387486916,0.126328557348156,0.776879793555087,-0.90320835090321
4.01016227910157,0.0932273831622955,0.796668334932853,-0.889895718095139
4.01027068333399,0.0600180748438055,0.815532997469667,-0.87555107231349
4.0103790875664,0.0267391567597604,0.833451886720897,-0.86019104348063
4.01048749179882,-0.0065707856902137,0.850404234920369,-0.843833449230125
4.01059589603123,-0.0398731121166841,0.8663703663636,-0.826497254246922
4.01066350924072,-0.0606240408063391,0.875821436625146,-0.815197395818779
4.01073112245021,-0.0813474469767027,0.884877273387421,-0.803529826410697
4.0107987356597,-0.102034072821988,0.893533836661301,-0.79149976383929
4.01086634886919,-0.122674586809368,0.901787214289819,-0.779112627480416
4.01095850817219,-0.150716829152831,0.912380663759897,-0.76166383460703
4.01105066747518,-0.178632818783362,0.922209371129328,-0.743576552345954
4.01111086732684,-0.196789067243494,0.928212934627651,-0.731423867384121
4.01117106717851,-0.214874835888622,0.933884468201588,-0.719009632312935
4.01123126703017,-0.232883712715534,0.939221968442728,-0.706338255727204
4.01129146688183,-0.250809243171586,0.944223514145175,-0.693414270973625
4.01136396714379,-0.272277577836622,0.949798509144457,-0.677520931307824
4.01143646740574,-0.29360466585597,0.954880779350049,-0.661276113494058
4.0115089676677,-0.314779455947267,0.959467701888904,-0.644688245941591
4.01158146792965,-0.335790938674852,0.963556882965716,-0.627765944290833
4.01165396819161,-0.356628232074943,0.967146215068411,-0.610517982993446
4.01172646845356,-0.377280506705847,0.970233823329259,-0.5929533166234
4.01181463579426,-0.402130594238868,0.973310240543946,-0.57117964630506
4.01190280313496,-0.426672244381596,0.975639968175896,-0.548967723794271
4.01199097047565,-0.4508866058637,0.977221229054527,-0.526334623190838
4.01207913781635,-0.47475507669818,0.978052797180252,-0.503297720482046
4.01216730515705,-0.498259348079571,0.978134045766445,-0.479874697686822
4.01225547249774,-0.52138137547209,0.977464900952473,-0.45608352548036
4.01234363983844,-0.544103427831363,0.976045886999838,-0.431942459168445
4.01243180717914,-0.566408063791481,0.973878081739091,-0.407470017947573
4.01251997451983,-0.588278180128148,0.970963158657392,-0.382684978529243
4.01262837875231,-0.614547262139081,0.966358521658524,-0.351811259519414
4.01273678298479,-0.640103808764067,0.960633177688745,-0.320529368924637
4.01284518721727,-0.664918090964961,0.953793776517929,-0.288875685552927
4.01295359144975,-0.688961319269229,0.94584826103515,-0.256886941765928
4.01306199568222,-0.712205580366009,0.936805841207453,-0.224600260841379
4.0131703999147,-0.734623927590472,0.926677009167028,-0.192053081576527
4.01327880414718,-0.756190341620777,0.915473505266226,-0.1592831636454
4.01338720837966,-0.776879824567913,0.903208327050369,-0.126328502482396
4.01349561261213,-0.796668364465415,0.889895692534711,-0.0932273280693131
4.01360401684461,-0.815533025484228,0.875551045070655,-0.0600180195863993
4.01371242107709,-0.833451913181435,0.860191014582329,-0.0267391014008844
4.01382082530957,-0.850404259792659,0.843833418705394,0.00657084108728656
4.01392922954205,-0.866370389615346,0.826497222126656,0.0398731674887106
4.01399684269611,-0.875821451260265,0.815197372139371,0.0606240791209463
4.01406445585018,-0.884877280046268,0.803529811784369,0.0813474682619359
4.01413206900425,-0.893533835994359,0.79149975886567,0.102034077128715
4.01419968215832,-0.901787206957246,0.779112632745793,0.122674574211495
4.01429184144672,-0.912380655174581,0.761663842996868,0.150716812177748
4.01438400073512,-0.922209361539013,0.743576564052865,0.178632797486186
4.01444420061387,-0.928212928067146,0.731423873886304,0.196789054180834
4.01450440049261,-0.933884464373758,0.719009633371643,0.214874831002143
4.01456460037136,-0.939221967047706,0.70633825110947,0.232883715938237
4.0146248002501,-0.944223514880454,0.693414260452811,0.250809254427678
4.01469730050995,-0.949798509487631,0.677520921083882,0.27227758840375
4.01476980076979,-0.954880779328638,0.661276103591315,0.293604675737347
4.01484230102963,-0.959467701530645,0.6446882363837,0.314779465146973
4.01491480128947,-0.963556882298793,0.627765935100669,0.335790947198137
4.01498730154932,-0.967146214121187,0.610517974193307,0.356628239927924
4.01505980180916,-0.970233822130451,0.592953308234672,0.377280513895768
4.01514796914542,-0.97331023902088,0.571179638910274,0.402130600110622
4.01523613648168,-0.975639966403272,0.548967717440971,0.426672248962341
4.01532430381794,-0.977221227107485,0.526334617923939,0.450886609183571
4.0154124711542,-0.978052795134091,0.503297716344026,0.474755078790054
4.01550063849046,-0.978134043696618,0.47987469471747,0.498259348979167
4.01558880582672,-0.977464898934557,0.456083523716762,0.521381375217794
4.01567697316298,-0.976045885109208,0.431942458644897,0.544103426464312
4.01576514049924,-0.973878080050945,0.407470018695471,0.566408061355466
4.0158533078355,-0.970963157246635,0.382684980577281,0.588278176669357
4.01596171206798,-0.966358520431075,0.351811261638301,0.614547258792765
4.01607011630045,-0.960633176643715,0.320529371108483,0.640103805535258
4.01617852053292,-0.953793775654199,0.288875687795758,0.664918087858478
4.0162869247654,-0.945848260351507,0.256886944061831,0.688961316289685
4.01639532899787,-0.936805840702276,0.224600263184256,0.712205577518028
4.01650373323034,-0.926677008838646,0.192053083960221,0.734623924878441
4.01661213746282,-0.915473505112648,0.159283166063726,0.756190339048913
4.01672054169529,-0.903208327069481,0.12632850492915,0.776879822140337
4.01682894592776,-0.889895692724314,0.093227330538362,0.796668362185966
4.01693735016024,-0.875551045428083,0.060018022071379,0.815533023356677
4.01704575439271,-0.860191015104908,0.0267391038954918,0.833451911209413
4.01715415862518,-0.843833419390053,-0.00657083858947574,0.850404257979543
4.01726256285766,-0.826497222970421,-0.0398731649938561,0.866370387964276
4.01733017601248,-0.815197372951237,-0.06062407686489,0.875821449816138
4.01739778916731,-0.803529812554904,-0.0813474662462976,0.884877278801207
4.01746540232214,-0.791499759585315,-0.102034075355039,0.893533834940337
4.01753301547697,-0.779112633405312,-0.122674572680842,0.901787206086153
4.01762517473812,-0.76166384901382,-0.150716802391171,0.912380651405021
4.01771733399926,-0.743576575798318,-0.178632779528695,0.922209355327002
4.01777753390081,-0.731423881281577,-0.196789043165345,0.928212924446931
4.01783773380237,-0.719009636215048,-0.214874826880471,0.933884463095487
4.01789793370392,-0.706338249204409,-0.232883718654637,0.93922196785904
4.01795813360547,-0.693414253607697,-0.250809263919226,0.944223517526915
4.01803063386548,-0.677520914092443,-0.272277597905042,0.949798511997471
4.0181031341255,-0.661276096454339,-0.293604685244285,0.954880781698632
4.01817563438552,-0.644688229102172,-0.314779474655533,0.959467703757691
4.01824813464553,-0.62776592767574,-0.335790956704098,0.963556884379828
4.01832063490555,-0.610517966626177,-0.356628249427014,0.96714621605317
4.01839313516556,-0.592953300526721,-0.377280523383731,0.970233823910456
4.0184813024777,-0.571179637103669,-0.402130602762433,0.97331023986612
4.01856946978983,-0.548967721775524,-0.426672244946863,0.975639966722362
4.01865763710197,-0.526334628625371,-0.450886598685075,0.97722122731043
4.0187458044141,-0.50329773362342,-0.474755062008233,0.978052795631644
4.01883397172624,-0.479874718771389,-0.498259326128298,0.978134044899698
4.01892213903837,-0.456083554726549,-0.521381346526948,0.977464901253499
4.01901030635051,-0.431942496776653,-0.544103392176577,0.97604588895323
4.01909847366264,-0.407470064099844,-0.566408021727739,0.973878085827583
4.01918664097478,-0.382685033388743,-0.588278131972191,0.970963165360968
4.01929504520718,-0.351811315232726,-0.614547215327301,0.966358530559994
4.01940344943958,-0.320529425421725,-0.640103763356355,0.960633188778047
4.01951185367199,-0.288875742762958,-0.664918047019404,0.953793789782361
4.01962025790439,-0.256886999617113,-0.688961276842365,0.945848276459469
4.01972866213679,-0.224600319261214,-0.712205539512642,0.936805858773811
4.0198370663692,-0.192053140491733,-0.734623888363538,0.926677028855263
4.0199454706016,-0.159283222982136,-0.75619030407144,0.915473527053553
4.020053874834,-0.126328562166279,-0.776879788745344,0.903208350911599
4.0201622790664,-0.0932273880256185,-0.796668330416773,0.889895718442366
4.02027068329881,-0.0600180797398285,-0.81553299325479,0.875551072994602
4.02037908753121,-0.0267391616759346,-0.833451882814348,0.860191044490257
4.02048749176361,0.00657078076639903,-0.850404231328925,0.843833450562496
4.02059589599602,0.0398731071977121,-0.866370363093746,0.826497255895999
4.02066350920697,0.0606240363470266,-0.875821433759764,0.815197397412733
4.02073112241792,0.0813474429806332,-0.884877270911654,0.803529827930988
4.02079873562887,0.102034069291963,-0.893533834559771,0.791499765267784
4.02086634883982,0.122674583747768,-0.901787212546854,0.779112628799075
4.02095850808826,0.150716809564715,-0.912380656214671,0.761663846649889
4.0210506673367,0.178632782839165,-0.922209358694759,0.743576575855589
4.02111086723401,0.196789045195054,-0.928212927380946,0.731423882185905
4.02117106713133,0.214874827639284,-0.933884465642562,0.719009638003251
4.02123126702864,0.232883718153936,-0.939221970066354,0.706338251912419
4.02129146692595,0.250809262171661,-0.944223519442096,0.693414257270403
4.02136396718829,0.272277596867369,-0.949798514170467,0.677520917303054
4.02143646745063,0.293604684909031,-0.954880784098295,0.66127609918927
4.02150896771297,0.314779475014257,-0.959467706352603,0.644688231338317
4.02158146797531,0.335790957747123,-0.963556887138215,0.62776592939105
4.02165396823765,0.35662825114375,-0.967146218943102,0.610517967799363
4.02172646849999,0.377280525762514,-0.970233826899768,0.592953301137214
4.02181463579251,0.402130599642331,-0.973310242244749,0.571179642602435
4.02190280308502,0.426672236468986,-0.975639968823057,0.548967732354037
4.02199097037754,0.450886585003261,-0.977221229466757,0.526334644463495
4.02207913767006,0.474755043288344,-0.97805279817785,0.503297754889454
4.02216730496258,0.498259302548424,-0.978134048169923,0.479874745621437
4.02225547225509,0.521381318276698,-0.977464905581374,0.456083587304651
4.02234363954761,0.544103359457201,-0.976045894671393,0.43194253521417
4.02243180684013,0.566407984751733,-0.973878093267092,0.407470108515298
4.02251997413265,0.588278090962791,-0.970963174850743,0.3826850838879
4.02262837836498,0.614547175431283,-0.966358541871463,0.351811366440175
4.02273678259732,0.640103724623407,-0.960633201902736,0.320529477279323
4.02284518682966,0.664918009497782,-0.953793804709774,0.288875795211973
4.022953591062,0.688961240578969,-0.945848293177064,0.256887052598057
4.02306199529434,0.712205504552829,-0.936805877266904,0.224600372714082
4.02317039952668,0.734623854751284,-0.92667704910711,0.192053194355802
4.02327880375902,0.756190271849054,-0.91547354904534,0.159283277196267
4.02338720799136,0.776879757953764,-0.903208374622516,0.126328616668761
4.0234956122237,0.796668301095152,-0.889895743849537,0.0932274427543942
4.02360401645604,0.81553296544059,-0.875551100073279,0.0600181346326533
4.02371242068838,0.833451856543395,-0.860191073213604,0.0267392166702054
4.02382082492072,0.850404206635189,-0.843833480901814,-0.0065707257333733
4.02392922915305,0.866370340009437,-0.826497287820653,-0.0398730521888043
4.02399684241908,0.875821419238481,-0.815197420947955,-0.0606239982905379
4.02406445568511,0.884877264317011,-0.803529842468391,-0.0813474218486582
4.02413206895114,0.893533835245289,-0.791499770211383,-0.102034065033917
4.02419968221717,0.901787219856376,-0.779112623566249,-0.122674596290144
4.02429184148015,0.912380664771666,-0.761663838305698,-0.150716826465969
4.02438400074313,0.922209368252609,-0.743576564208118,-0.178632804044497
4.02444420061347,0.928212933921933,-0.731423875720778,-0.196789058201145
4.02450440048382,0.933884469462491,-0.719009636958297,-0.214874832504178
4.02456460035416,0.939221971463897,-0.706338256519489,-0.232883714944411
4.0246248002245,0.944223518718386,-0.693414267755245,-0.250809250963141
4.02469730048894,0.949798513836433,-0.677520927494131,-0.27227758634228
4.02476980075337,0.954880784126735,-0.661276109062468,-0.293604675064272
4.02484230101781,0.959467706715861,-0.644688240870275,-0.314779465845609
4.02491480128224,0.9635568878085,-0.627765938558911,-0.335790949249601
4.02498730154668,0.967146219892227,-0.610517976581082,-0.356628243311176
4.02505980181111,0.970233828099341,-0.59295330951159,-0.377280518587755
4.02514796910803,0.973310243767119,-0.57117964999075,-0.402130593776397
4.02523613640495,0.975639970594043,-0.548967738709088,-0.426672231884956
4.02532430370188,0.977221231411891,-0.526334649740664,-0.45088658167122
4.0254124709988,0.978052800222255,-0.503297759046624,-0.474755041175637
4.02550063829572,0.978134050238782,-0.479874748619172,-0.498259301619605
4.02558880559264,0.977464907599669,-0.456083589105982,-0.52138131849371
4.02567697288956,0.976045896564345,-0.431942535785107,-0.544103360779221
4.02576514018648,0.973878094959906,-0.407470107824503,-0.566407987135392
4.0258533074834,0.97096317626921,-0.382685081906982,-0.58827809436222
4.02596171171575,0.966358543109023,-0.351811364388865,-0.614547178720197
4.02607011594809,0.960633202960307,-0.32052947516345,-0.640103727796845
4.02617852018044,0.95379380558831,-0.288875793037351,-0.664918012550971
4.02628692441278,0.945848293877862,-0.256887050370657,-0.688961243507199
4.02639532864513,0.936805877791438,-0.224600370439826,-0.712205507351613
4.02650373287747,0.926677049457005,-0.192053192040756,-0.734623857416275
4.02661213710982,0.91547354922253,-0.159283274846469,-0.756190274376055
4.02672054134216,0.903208374629038,-0.126328614290384,-0.776879760338652
4.02682894557451,0.889895743687665,-0.0932274403535564,-0.796668303334098
4.02693734980686,0.875551099745402,-0.0600181322154926,-0.815532967529908
4.0270457540392,0.8601910727225,-0.0267392142430257,-0.833451858479458
4.02715415827155,0.84383348025022,0.00657072816450057,-0.850404208414706
4.02726256250389,0.826497287011642,0.0398730546175027,-0.866370341629137
4.02733017576921,0.815197420164346,0.0606240004944271,-0.875821420658759
4.02739778903452,0.803529841719225,0.0813474238259574,-0.884877265545172
4.02746540229984,0.791499769505618,0.102034066783182,-0.893533836288805
4.02753301556515,0.77911262291263,0.122674597810278,-0.901787220722908
4.02762517485542,0.761663832286987,0.150716836254519,-0.912380668541516
4.02771733414569,0.743576552452768,0.17863282201627,-0.922209374469078
4.02777753399321,0.731423868319302,0.196789069225253,-0.92821293754452
4.02783773384073,0.719009634112348,0.214874836629036,-0.933884470741387
4.02789793368825,0.706338258425966,0.232883712225609,-0.939221970651541
4.02795813353578,0.693414274605736,0.250809241463761,-0.944223516069497
4.0280306338,0.677520934499006,0.272277576822839,-0.949798511321848
4.02810313406423,0.66127611622105,0.293604665528997,-0.954880781750049
4.02817563432846,0.644688248181948,0.314779456298821,-0.959467704480775
4.02824813459268,0.627765946022896,0.335790939695583,-0.963556885718474
4.02832063485691,0.610517984196374,0.356628233754436,-0.967146217950839
4.02839313512114,0.592953317277167,0.377280509032769,-0.970233826309922
4.02848130244214,0.571179651866377,0.402130591046909,-0.973310242913266
4.02856946976315,0.548967734455524,0.426672235812288,-0.975639970267811
4.02865763708415,0.526334639132569,0.450886592071444,-0.977221231203996
4.02874580440516,0.503297741873136,0.47475505784955,-0.978052799722657
4.02883397172616,0.479874724684028,0.498259324353274,-0.978134049037276
4.02892213904717,0.456083558228072,0.52138134705861,-0.977464905286675
4.02901030636817,0.431942497798538,0.544103394932707,-0.976045892731208
4.02909847368918,0.407470062579084,0.5664080266209,-0.973878089199976
4.02918664101018,0.38268502926814,0.588278138909893,-0.970963168178051
4.0292950452426,0.351811310969276,0.614547222040294,-0.966358533009545
4.02940344947501,0.320529421027137,0.640103769834646,-0.960633190861761
4.02951185370743,0.288875738249041,0.664918053253288,-0.953793791502325
4.02962025793984,0.256886994995938,0.688961282822358,-0.945848277818277
4.02972866217226,0.224600314544901,0.712205545229579,-0.936805859774448
4.02983706640467,0.192053135692566,0.734623893808568,-0.926677029501103
4.02994547063709,0.159283218112466,0.756190309235924,-0.915473527348355
4.0300538748695,0.126328557238538,0.77687979362112,-0.903208350859682
4.03016227910192,0.0932273830522355,0.796668334995971,-0.889895718048192
4.03027068333434,0.0600180747334467,0.815532997529864,-0.875551072263271
4.03037908756675,0.0267391566492024,0.83345188677799,-0.860191043427232
4.03048749179917,-0.00657078580082518,0.850404234974351,-0.843833449173495
4.03059589603158,-0.0398731122271507,0.866370366414419,-0.826497254187242
4.03066350924096,-0.0606240408829083,0.875821436658848,-0.815197395775902
4.03073112245034,-0.0813474470193382,0.884877273405267,-0.803529826385925
4.03079873565972,-0.10203407283083,0.893533836664595,-0.791499763833737
4.0308663488691,-0.122674586784618,0.901787214279852,-0.779112627495211
4.0309585081721,-0.150716829129013,0.912380663751034,-0.761663834621949
4.0310506674751,-0.178632818760554,0.922209371121527,-0.743576552360944
4.03111086732679,-0.196789067230132,0.928212934623311,-0.731423867393143
4.03117106717848,-0.214874835884663,0.933884468200425,-0.719009632315752
4.03123126703017,-0.232883712720888,0.939221968444376,-0.706338255723487
4.03129146688187,-0.250809243186187,0.944223514149329,-0.693414270963125
4.03136396714382,-0.272277577851489,0.949798509148381,-0.677520931296862
4.03143646740578,-0.293604665871199,0.954880779353816,-0.661276113482556
4.03150896766774,-0.314779455962881,0.959467701892452,-0.644688245929561
4.0315814679297,-0.335790938690778,0.96355688296903,-0.62776594427824
4.03165396819165,-0.356628232091138,0.967146215071455,-0.610517982980324
4.03172646845361,-0.377280506722335,0.970233823332024,-0.592953316609711
4.03181463579429,-0.402130594250636,0.973310240545856,-0.571179646295191
4.03190280313497,-0.426672244388631,0.975639968177171,-0.548967723788523
4.03199097047565,-0.450886605866127,0.977221229055468,-0.526334623189344
4.03207913781633,-0.474755076696175,0.978052797181138,-0.503297720484946
4.03216730515701,-0.49825934807317,0.978134045767552,-0.479874697694367
4.03225547249769,-0.52138137546149,0.977464900954097,-0.456083525492595
4.03234363983837,-0.544103427816674,0.976045887002281,-0.43194245918558
4.03243180717905,-0.566408063772942,0.973878081742605,-0.407470017969647
4.03251997451973,-0.588278180105944,0.970963158662318,-0.382684978556348
4.03262837875221,-0.61454726211839,0.966358521664309,-0.351811259545926
4.03273678298469,-0.640103808744899,0.960633177695367,-0.320529368950457
4.03284518721717,-0.6649180909473,0.953793776525306,-0.288875685578003
4.03295359144966,-0.688961319253003,0.945848261043193,-0.256886941790193
4.03306199568214,-0.712205580351175,0.936805841216092,-0.224600260864901
4.03317039991462,-0.734623927577005,0.926677009176227,-0.192053081599189
4.0332788041471,-0.756190341608675,0.915473505275828,-0.159283163667116
4.03338720837958,-0.776879824557122,0.903208327060309,-0.12632850250316
4.03349561261206,-0.796668364455908,0.889895692544976,-0.0932273280890783
4.03360401684454,-0.815533025475941,0.875551045081082,-0.0600180196051141
4.03371242107702,-0.833451913174331,0.86019101459299,-0.0267391014186268
4.03382082530951,-0.850404259786704,0.843833418715995,0.00657084107070289
4.03392922954199,-0.866370389610458,0.826497222137199,0.0398731674732704
4.03399684269606,-0.875821451255747,0.815197372150228,0.0606240791055326
4.03406445585013,-0.884877280042046,0.803529811795599,0.0813474682464847
4.03413206900419,-0.893533835990509,0.791499758877154,0.102034077113354
4.03419968215826,-0.901787206953764,0.779112632757576,0.122674574196203
4.03429184144666,-0.912380655170979,0.761663843010044,0.150716812160963
4.03438400073505,-0.922209361535388,0.743576564067569,0.178632797467857
4.03444420061382,-0.928212928065919,0.731423873896969,0.196789054168955
4.03450440049259,-0.933884464374798,0.71900963337807,0.214874830996777
4.03456460037135,-0.939221967050725,0.706338251111504,0.232883715939236
4.03462480025012,-0.944223514885226,0.693414260450153,0.250809254435059
4.03469730050997,-0.949798509492801,0.677520921079594,0.272277588413218
4.03476980076982,-0.954880779334097,0.661276103585322,0.2936046757488
4.03484230102967,-0.959467701536353,0.644688236375888,0.31477946516049
4.03491480128952,-0.963556882304617,0.627765935091043,0.335790947213579
4.03498730154937,-0.967146214127027,0.610517974181772,0.356628239945279
4.03505980180922,-0.970233822136166,0.592953308221254,0.377280513914954
4.03514796914548,-0.973310239026033,0.571179638897029,0.402130600129027
4.03523613648174,-0.975639966407895,0.548967717427928,0.426672248979972
4.03532430381799,-0.977221227111547,0.526334617911217,0.450886609200353
4.03541247115425,-0.978052795137677,0.503297716331578,0.474755078806112
4.03550063849051,-0.978134043699776,0.479874694705385,0.498259348994424
4.03558880582677,-0.977464898937292,0.456083523704967,0.521381375232351
4.03567697316303,-0.976045885111548,0.431942458633402,0.544103426478155
4.03576514049929,-0.973878080052946,0.407470018684373,0.566408061368584
4.03585330783555,-0.970963157248367,0.382684980566544,0.588278176681799
4.03596171206802,-0.966358520432298,0.351811261627106,0.614547258805161
4.03607011630049,-0.960633176644428,0.320529371096853,0.640103805547573
4.03617852053297,-0.953793775654396,0.288875687783726,0.664918087870696
4.03628692476544,-0.945848260351126,0.256886944049339,0.68896131630181
4.03639532899792,-0.936805840701373,0.22460026317136,0.712205577530023
4.03650373323039,-0.926677008837181,0.192053083946972,0.734623924890221
4.03661213746286,-0.915473505110669,0.159283166050123,0.75619033906053
4.03672054169534,-0.903208327066949,0.126328504915236,0.776879822151706
4.03682894592781,-0.889895692721142,0.0932273305240465,0.796668362197115
4.03693735016029,-0.875551045424285,0.0600180220567491,0.815533023367567
4.03704575439276,-0.860191015100547,0.0267391038805738,0.833451911219967
4.03715415862524,-0.843833419385124,-0.00657083860463407,0.850404257989775
4.03726256285771,-0.826497222964817,-0.0398731650093398,0.866370387974133
4.03733017601252,-0.815197372948217,-0.0606240768752117,0.875821449823449
4.03739778916733,-0.803529812554578,-0.0813474662515096,0.884877278806074
4.03746540232215,-0.791499759587953,-0.102034075355082,0.893533834943042
4.03753301547696,-0.77911263341105,-0.12267457267579,0.901787206086838
4.03762517473812,-0.76166384901669,-0.150716802390813,0.912380651407474
4.03771733399928,-0.743576575798122,-0.178632779532976,0.922209355331084
4.03777753390083,-0.731423881282218,-0.196789043168245,0.928212924450459
4.03783773380237,-0.719009636216531,-0.214874826882029,0.933884463098537
4.03789793370392,-0.706338249206832,-0.232883718654854,0.939221967861679
4.03795813360547,-0.693414253611056,-0.250809263918127,0.944223517529186
4.03803063386549,-0.677520914095256,-0.272277597904678,0.949798511999903
4.03810313412551,-0.661276096456549,-0.293604685244728,0.954880781701249
4.03817563438552,-0.644688229103703,-0.314779474656767,0.959467703760463
4.03824813464554,-0.627765927676572,-0.335790956706097,0.963556884382638
4.03832063490556,-0.610517966626392,-0.356628249429726,0.967146216056089
4.03839313516558,-0.59295330052618,-0.377280523387176,0.970233823913343
4.03848130247773,-0.571179637098463,-0.40213060277102,0.973310239869485
4.03856946978989,-0.548967721765428,-0.426672244960474,0.975639966725897
4.03865763710204,-0.526334628610162,-0.450886598703598,0.977221227313735
4.03874580441419,-0.503297733603031,-0.474755062031422,0.978052795634447
4.03883397172635,-0.479874718745539,-0.498259326156111,0.978134044901658
4.0389221390385,-0.456083554695194,-0.521381346559108,0.977464901254312
4.03901030635065,-0.431942496739663,-0.544103392212931,0.976045888952601
4.03909847366281,-0.407470064057091,-0.566408021768071,0.973878085825171
4.03918664097496,-0.382685033340192,-0.588278132016234,0.970963165356423
4.03929504520736,-0.351811315184082,-0.61454721536964,0.966358530553738
4.03940344943976,-0.320529425373055,-0.64010376339695,0.960633188770014
4.03951185367216,-0.288875742714183,-0.66491804705837,0.953793789772513
4.03962025790457,-0.256886999568404,-0.688961276879595,0.945848276448002
4.03972866213697,-0.224600319212678,-0.712205539548079,0.936805858760766
4.03983706636937,-0.192053140443359,-0.73462388839728,0.926677028840608
4.03994547060177,-0.159283222934077,-0.756190304103347,0.915473527037458
4.04005387483417,-0.126328562118592,-0.776879788775477,0.903208350894094
4.04016227906657,-0.0932273879782129,-0.796668330445233,0.889895718423438
4.04027068329897,-0.0600180796928698,-0.815532993281441,0.875551072974332
4.04037908753137,-0.0267391616294499,-0.833451882839294,0.860191044468715
4.04048749176378,0.00657078081230235,-0.85040423135208,0.843833450539744
4.04059589599618,0.0398731072429267,-0.866370363115141,0.826497255872157
4.0406635092071,0.0606240363853475,-0.875821433777181,0.815197397391826
4.04073112241803,0.0813474430118499,-0.884877270925285,0.803529827913402
4.04079873562896,0.102034069316214,-0.893533834569907,0.791499765253674
4.04086634883989,0.122674583764997,-0.90178721255371,0.77911262878874
4.04095850808841,0.15071680960708,-0.912380656230186,0.761663846623073
4.04105066733694,0.178632782906513,-0.922209358717596,0.743576575811055
4.04111086723417,0.196789045238127,-0.928212927394778,0.73142388215665
4.0411710671314,0.214874827658282,-0.933884465648225,0.719009637989933
4.04123126702863,0.232883718148992,-0.939221970064795,0.706338251915801
4.04129146692587,0.250809262143039,-0.94422351943414,0.69341425729108
4.0413639671882,0.272277596836995,-0.94979851416262,0.677520917325592
4.04143646745053,0.293604684876991,-0.954880784090648,0.661276099213669
4.04150896771287,0.314779474980571,-0.959467706345235,0.644688231364624
4.0415814679752,0.33579095771189,-0.963556887131228,0.627765929419291
4.04165396823753,0.35662825110696,-0.967146218936589,0.610517967829597
4.04172646849987,0.37728052572419,-0.97023382689381,0.592953301169587
4.04181463579237,0.402130599601233,-0.973310242239502,0.571179642638237
4.04190280308488,0.426672236425152,-0.975639968818637,0.548967732393462
4.04199097037738,0.450886584956798,-0.977221229463411,0.526334644506617
4.04207913766989,0.474755043239323,-0.978052798175774,0.503297754936449
4.0421673049624,0.498259302496988,-0.978134048169302,0.479874745672308
4.0422554722549,0.521381318223105,-0.977464905582435,0.456083587359322
4.04234363954741,0.54410335940154,-0.976045894674353,0.431942535272782
4.04243180683991,0.566407984694114,-0.973878093272044,0.407470108577896
4.04251997413242,0.588278090903432,-0.970963174857983,0.382685083954525
4.04262837836476,0.614547175373383,-0.966358541881129,0.351811366507684
4.0427367825971,0.640103724566993,-0.960633201914743,0.320529477347712
4.04284518682944,0.66491800944302,-0.953793804724099,0.288875795281031
4.04295359106178,0.688961240525788,-0.945848293193679,0.256887052667845
4.04306199529412,0.712205504501369,-0.936805877285819,0.224600372784404
4.04317039952645,0.734623854701603,-0.926677049128264,0.192053194426695
4.04327880375879,0.756190271801175,-0.91547354906875,0.159283277267534
4.04338720799113,0.776879757907717,-0.903208374648206,0.126328616740444
4.04349561222347,0.796668301051069,-0.889895743877374,0.0932274428263002
4.04360401645581,0.815532965398455,-0.87555110010317,0.0600181347047052
4.04371242068815,0.833451856503252,-0.860191073245624,0.0267392167423659
4.04382082492049,0.850404206597088,-0.843833480935914,-0.00657072566120002
4.04392922915283,0.86637033997344,-0.826497287856793,-0.0398730521166676
4.04399684241893,0.875821419213955,-0.815197420972799,-0.0606239982411892
4.04406445568503,0.884877264303129,-0.803529842481097,-0.081347421822056
4.04413206895114,0.893533835241139,-0.791499770211141,-0.102034065030026
4.04419968221724,0.901787219861095,-0.779112623552288,-0.12267459630882
4.04429184148025,0.912380664779657,-0.761663838284591,-0.150716826495082
4.04438400074326,0.922209368263271,-0.743576564179391,-0.178632804083915
4.04444420061356,0.928212933927328,-0.731423875701075,-0.196789058226225
4.04450440048386,0.933884469463046,-0.719009636948049,-0.214874832514989
4.04456460035416,0.93922197146015,-0.706338256519067,-0.232883714941098
4.04462480022445,0.944223518710824,-0.693414267765106,-0.250809250945752
4.04469730048886,0.949798513826856,-0.67752092751156,-0.272277586315326
4.04476980075326,0.954880784115488,-0.661276109087653,-0.293604675027876
4.04484230101766,0.959467706703518,-0.644688240903571,-0.314779465799959
4.04491480128206,0.963556887795417,-0.627765938600635,-0.335790949194782
4.04498730154646,0.967146219878926,-0.610517976631503,-0.35662824324744
4.04505980181086,0.970233828086182,-0.592953309570925,-0.3772805185153
4.04514796910778,0.973310243756023,-0.571179650051943,-0.402130593704114
4.0452361364047,0.975639970585032,-0.548967738772144,-0.426672231812913
4.04532430370162,0.977221231405001,-0.526334649805559,-0.45088658159945
4.04541247099854,0.978052800217565,-0.50329775911328,-0.474755041104274
4.04550063829546,0.978134050236274,-0.479874748687605,-0.498259301548678
4.04558880559238,0.977464907599421,-0.456083589176134,-0.521381318423315
4.04567697288929,0.976045896566368,-0.431942535856965,-0.544103360709399
4.04576514018621,0.973878094964295,-0.407470107898155,-0.566407987066154
4.04585330748313,0.970963176275967,-0.382685081982286,-0.588278094293723
4.04596171171548,0.966358543118539,-0.351811364464433,-0.614547178654089
4.04607011594783,0.960633202972371,-0.320529475239281,-0.640103727733101
4.04617852018017,0.953793805602913,-0.288875793113245,-0.664918012489681
4.04628692441252,0.945848293894929,-0.256887050446479,-0.688961243448447
4.04639532864487,0.936805877810866,-0.224600370515476,-0.712205507295391
4.04650373287722,0.926677049478809,-0.192053192116234,-0.734623857362561
4.04661213710957,0.915473549246478,-0.159283274921591,-0.756190274324884
4.04672054134191,0.90320837465511,-0.126328614365033,-0.776879760290095
4.04682894557426,0.889895743715749,-0.0932274404276393,-0.796668303288131
4.04693734980661,0.875551099775481,-0.060018132288993,-0.81553296748651
4.04704575403896,0.860191072754451,-0.026739214315802,-0.833451858438631
4.04715415827131,0.843833480283984,0.00657072809246108,-0.850404208376414
4.04726256250366,0.826497287047077,0.0398730545463555,-0.866370341593433
4.04733017576904,0.815197420188713,0.0606240004456865,-0.875821420634396
4.04739778903443,0.803529841731773,0.0813474237995185,-0.884877265531271
4.04746540229982,0.791499769505493,0.102034066779046,-0.893533836284517
4.0475330155652,0.779112622899067,0.12267459782829,-0.901787220727384
4.04762517485548,0.761663832272678,0.150716836273065,-0.912380668545749
4.04771733414575,0.743576552437705,0.178632822035258,-0.922209374472996
4.04777753399325,0.731423868309157,0.196789069236526,-0.928212937545701
4.04783773384074,0.719009634107434,0.214874836632576,-0.933884470740018
4.04789793368824,0.70633825842639,0.232883712221552,-0.939221970647966
4.04795813353573,0.693414274611823,0.250809241452101,-0.944223516063931
4.04803063379997,0.677520934503506,0.272277576813622,-0.949798511317106
4.0481031340642,0.661276116223932,0.293604665522213,-0.954880781746127
4.04817563432843,0.644688248183124,0.314779456294427,-0.959467704477549
4.04824813459267,0.627765946022252,0.335790939693571,-0.963556885715818
4.0483206348569,0.610517984193813,0.356628233754802,-0.967146217948618
4.04839313512114,0.59295331727261,0.37728050903546,-0.970233826308086
4.04848130244213,0.571179651864567,0.402130591046485,-0.973310242911054
4.04856946976313,0.548967734456542,0.426672235808827,-0.975639970265365
4.04865763708412,0.526334639136519,0.450886592065028,-0.977221231201536
4.04874580440512,0.503297741879991,0.47475505784037,-0.97805279972036
4.04883397172611,0.479874724693946,0.498259324341372,-0.978134049035317
4.0489221390471,0.456083558241171,0.52138134704408,-0.977464905285211
4.0490103063681,0.431942497814832,0.544103394915672,-0.976045892730487
4.04909847368909,0.40747006259861,0.566408026601529,-0.973878089200133
4.04918664101009,0.382685029291004,0.588278138888265,-0.970963168179275
4.0492950452425,0.351811310992085,0.614547222019636,-0.966358533011673
4.04940344947492,0.320529421049787,0.640103769814966,-0.96063319086472
4.04951185370734,0.288875738271523,0.664918053234543,-0.953793791506056
4.04962025793976,0.256886995018135,0.688961282804624,-0.945848277822777
4.04972866217217,0.224600314566864,0.712205545212801,-0.936805859779662
4.04983706640459,0.192053135714171,0.734623893792764,-0.926677029506902
4.04994547063701,0.159283218133734,0.756190309221105,-0.915473527354799
4.05005387486943,0.126328557259387,0.776879793607282,-0.903208350866656
4.05016227910184,0.0932273830726756,0.796668334983106,-0.889895718055755
4.05027068333426,0.0600180747534834,0.815532997517885,-0.875551072271352
4.05037908756668,0.0267391566687201,0.833451886766982,-0.860191043435681
4.0504874917991,-0.00657078578179781,0.850404234964203,-0.843833449182427
4.05059589603151,-0.0398731122087036,0.866370366405235,-0.826497254196477
4.05066350924091,-0.0606240408693515,0.875821436652193,-0.815197395782826
4.0507311224503,-0.0813474470106879,0.884877273401031,-0.803529826390349
4.0507987356597,-0.102034072827045,0.893533836662558,-0.791499763835503
4.05086634886909,-0.122674586785699,0.901787214279882,-0.779112627494126
4.05095850817205,-0.150716829118043,0.912380663746622,-0.761663834628586
4.05105066747501,-0.178632818737663,0.922209371113477,-0.743576552375819
4.05111086732673,-0.196789067216177,0.928212934618616,-0.731423867402444
4.05117106717845,-0.214874835879647,0.933884468198737,-0.719009632319082
4.05123126703018,-0.232883712724678,0.939221968445406,-0.706338255720721
4.0512914668819,-0.250809243198669,0.944223514152686,-0.693414270954001
4.05136396714383,-0.272277577855036,0.949798509149325,-0.677520931294248
4.05143646740575,-0.293604665865906,0.954880779352752,-0.661276113486813
4.05150896766768,-0.314779455948832,0.959467701889788,-0.64468824594093
4.05158146792961,-0.335790938668204,0.963556882965188,-0.627765944296954
4.05165396819153,-0.356628232060163,0.967146215066853,-0.610517983006691
4.05172646845346,-0.377280506683165,0.97023382332706,-0.592953316643913
4.05181463579408,-0.402130594195805,0.973310240540409,-0.571179646344573
4.05190280313471,-0.426672244318587,0.975639968172225,-0.548967723853608
4.05199097047533,-0.450886605781453,0.977221229051997,-0.526334623270519
4.05207913781595,-0.474755076597314,0.978052797180142,-0.503297720582786
4.05216730515657,-0.498259347960688,0.978134045769965,-0.479874697809275
4.05225547249719,-0.521381375336017,0.977464900960934,-0.456083525624934
4.05234363983782,-0.544103427678795,0.97604588701455,-0.431942459335712
4.05243180717844,-0.566408063623267,0.973878081761231,-0.407470018137936
4.05251997451906,-0.588278179945251,0.970963158688217,-0.382684978742985
4.05262837875155,-0.614547261962643,0.966358521697072,-0.351811259734403
4.05273678298403,-0.640103808594292,0.960633177734825,-0.320529369140529
4.05284518721651,-0.664918090801885,0.953793776571382,-0.288875685769481
4.052953591449,-0.688961319113027,0.945848261095817,-0.25688694198279
4.05306199568148,-0.712205580216736,0.936805841275102,-0.224600261058332
4.05317039991396,-0.734623927448249,0.926677009241477,-0.192053081793227
4.05327880414645,-0.75619034148562,0.915473505347205,-0.159283163861603
4.05338720837893,-0.77687982443991,0.903208327137713,-0.126328502697775
4.05349561261142,-0.79666836434461,0.889895692628284,-0.0932273282836862
4.0536040168439,-0.815533025370665,0.875551045170083,-0.060018019799407
4.05371242107638,-0.833451913075154,0.860191014687528,-0.0267391016123435
4.05382082530887,-0.850404259693728,0.84383341881594,0.00657084087779418
4.05392922954135,-0.866370389523696,0.826497222242407,0.0398731672813049
4.05399684269561,-0.875821451198519,0.815197372226806,0.0606240789717344
4.05406445584987,-0.884877280012169,0.803529811841475,0.0813474681707284
4.05413206900413,-0.893533835985741,0.791499758890253,0.10203407709547
4.05419968215839,-0.901787206971905,0.779112632735897,0.122674574236023
4.05429184144681,-0.912380655191811,0.76166384298107,0.150716812210778
4.05438400073524,-0.922209361558371,0.743576564030753,0.178632797527608
4.05444420061394,-0.928212928080914,0.731423873873983,0.196789054206941
4.05450440049263,-0.933884464382564,0.719009633369481,0.214874831013065
4.05456460037133,-0.93922196705204,0.706338251118006,0.232883715934047
4.05462480025002,-0.944223514880928,0.693414260472325,0.250809254408603
4.05469730050991,-0.94979850949206,0.67752092109346,0.272277588398622
4.0547698007698,-0.954880779336437,0.661276103590424,0.293604675746025
4.05484230102969,-0.9594677015412,0.644688236371841,0.314779465169375
4.05491480128958,-0.963556882311447,0.627765935077454,0.335790947233985
4.05498730154947,-0.967146214135247,0.610517974158354,0.35662823997687
4.05505980180936,-0.970233822145219,0.592953308187611,0.377280513957633
4.05514796914563,-0.973310239034088,0.571179638860908,0.402130600173204
4.05523613648189,-0.975639966414836,0.548967717389317,0.426672249025561
4.05532430381816,-0.977221227117267,0.526334617869984,0.45088660924731
4.05541247115442,-0.978052795142039,0.503297716287708,0.474755078854333
4.05550063849069,-0.978134043702683,0.47987469465886,0.498259349043838
4.05558880582695,-0.977464898938587,0.456083523655751,0.52138137528285
4.05567697316322,-0.97604588511116,0.431942458581568,0.54410342652957
4.05576514049949,-0.973878080050727,0.407470018629861,0.566408061420859
4.05585330783575,-0.970963157244147,0.382684980509292,0.588278176734828
4.05596171206823,-0.966358520425785,0.351811261568183,0.61454725885761
4.05607011630071,-0.960633176635605,0.32052937103629,0.640103805599362
4.05617852053318,-0.953793775643257,0.288875687721683,0.664918087921576
4.05628692476566,-0.945848260337619,0.256886943985826,0.688961316351768
4.05639532899814,-0.936805840685427,0.224600263106414,0.712205577578992
4.05650373323061,-0.926677008818781,0.19205308388075,0.734623924938038
4.05661213746309,-0.915473505089732,0.159283165982648,0.756190339107103
4.05672054169557,-0.903208327043494,0.126328504846524,0.776879822196979
4.05682894592804,-0.889895692695187,0.0932273304542785,0.796668362240924
4.05693735016052,-0.875551045395826,0.0600180219859253,0.815533023409864
4.057045754393,-0.860191015069483,0.0267391038087673,0.833451911260711
4.05715415862547,-0.843833419351482,-0.00657083867727005,0.850404258028749
4.05726256285795,-0.826497222928571,-0.0398731650827611,0.86637038801134
4.0573301760127,-0.815197372920936,-0.060624076929977,0.87582144985091
4.05739778916745,-0.803529812536978,-0.0813474662875848,0.884877278824563
4.0574654023222,-0.791499759580611,-0.102034075372581,0.893533834953171
4.05753301547696,-0.779112633414592,-0.122674572674824,0.901787206089415
4.05762517473815,-0.761663849013481,-0.150716802400495,0.91238065141397
4.05771733399935,-0.743576575787537,-0.178632779553327,0.922209355340884
4.05777753390087,-0.731423881276642,-0.196789043180662,0.928212924457297
4.05783773380239,-0.719009636216215,-0.214874826886532,0.933884463102781
4.05789793370391,-0.70633824921193,-0.232883718651616,0.939221967863531
4.05795813360544,-0.693414253621865,-0.250809263907138,0.944223517529002
4.05803063386545,-0.677520914105918,-0.272277597894118,0.949798512000045
4.05810313412547,-0.661276096467169,-0.293604685234498,0.954880781701631
4.05817563438549,-0.64468822911424,-0.314779474646851,0.959467703761132
4.05824813464551,-0.627765927687079,-0.335790956696507,0.963556884383557
4.05832063490553,-0.610517966636804,-0.356628249420427,0.967146216057233
4.05839313516555,-0.592953300536546,-0.377280523378178,0.970233823914727
4.05848130247771,-0.571179637107664,-0.402130602763551,0.9733102398712
4.05856946978987,-0.548967721773435,-0.426672244954479,0.975639966727888
4.05865763710203,-0.526334628616861,-0.450886598699117,0.977221227315936
4.05874580441419,-0.503297733608432,-0.474755062028336,0.978052795636753
4.05883397172635,-0.479874718749635,-0.498259326154395,0.978134044904031
4.0589221390385,-0.45608355469783,-0.521381346558782,0.977464901256587
4.05901030635066,-0.431942496740872,-0.544103392213874,0.976045888954761
4.05909847366282,-0.407470064056827,-0.566408021770261,0.973878085827059
4.05918664097498,-0.382685033338371,-0.588278132019663,0.970963165358039
4.05929504520738,-0.351811315181369,-0.614547215373626,0.966358530554968
4.05940344943979,-0.320529425369394,-0.640103763401485,0.96063318877087
4.05951185367219,-0.288875742709697,-0.664918047063355,0.953793789772991
4.0596202579046,-0.256886999563003,-0.688961276884998,0.945848276447972
4.059728662137,-0.224600319206333,-0.712205539553876,0.936805858760161
4.0598370663694,-0.192053140436173,-0.734623888403325,0.92667702883949
4.05994547060181,-0.159283222925871,-0.756190304109728,0.91547352703558
4.06005387483421,-0.126328562109436,-0.77687978878211,0.903208350891483
4.06016227906662,-0.0932273879681946,-0.796668330451951,0.889895718420137
4.06027068329902,-0.0600180796819651,-0.815532993288296,0.875551072970247
4.06037908753142,-0.026739161617749,-0.833451882846125,0.860191044463828
4.06048749176383,0.00657078082484949,-0.850404231358903,0.843833450534003
4.06059589599623,0.0398731072563376,-0.866370363121835,0.826497255865489
4.06066350920714,0.060624036391353,-0.875821433780325,0.815197397388968
4.06073112241804,0.0813474430106138,-0.884877270925152,0.803529827914544
4.06079873562894,0.102034069307629,-0.893533834566715,0.791499765259059
4.06086634883984,0.122674583749136,-0.901787212547838,0.779112628798687
4.06095850808836,0.150716809586984,-0.912380656223076,0.761663846636073
4.06105066733687,0.178632782882093,-0.922209358709442,0.743576575827328
4.06111086723413,0.196789045222596,-0.928212927389833,0.731423882167219
4.06117106713139,0.214874827651611,-0.933884465646217,0.719009637994591
4.06123126702865,0.232883718151117,-0.939221970065346,0.706338251914196
4.06129146692591,0.25080926215375,-0.94422351943692,0.693414257283165
4.06136396718818,0.272277596828789,-0.949798514160399,0.677520917331591
4.06143646745045,0.293604684850059,-0.954880784084309,0.661276099234233
4.06150896771272,0.314779474935201,-0.9594677063356,0.644688231400355
4.06158146797499,0.335790957648372,-0.963556887119162,0.627765929470789
4.06165396823726,0.356628251025653,-0.967146218923041,0.610517967897364
4.06172646849953,0.377280525625524,-0.970233826879622,0.592953301254132
4.06181463579203,0.402130599500735,-0.973310242227821,0.571179642727085
4.06190280308452,0.426672236322997,-0.975639968809702,0.548967732486687
4.06199097037702,0.450886584853112,-0.977221229457388,0.526334644604257
4.06207913766951,0.474755043134344,-0.978052798172845,0.503297755038473
4.06216730496201,0.498259302390822,-0.978134048169666,0.479874745778806
4.0622554722545,0.521381318115882,-0.977464905586258,0.456083587470333
4.062343639547,0.544103359293461,-0.976045894681765,0.431942535388277
4.06243180683949,0.566407984585432,-0.973878093283221,0.407470108697803
4.06251997413199,0.58827809079423,-0.97096317487314,0.382685084078881
4.06262837836433,0.614547175267123,-0.966358541900674,0.351811366633558
4.06273678259667,0.64010372446383,-0.960633201938726,0.320529477474866
4.06284518682901,0.664918009343033,-0.953793804752371,0.288875795409344
4.06295359106135,0.68896124042908,-0.945848293226255,0.256887052797184
4.06306199529369,0.712205504408043,-0.936805877322707,0.224600372914611
4.06317039952603,0.734623854611729,-0.926677049169313,0.192053194557541
4.06327880375837,0.756190271714927,-0.915473549113895,0.159283277398923
4.06338720799071,0.776879757825108,-0.903208374697386,0.126328616872246
4.06349561222305,0.796668300972129,-0.889895743930493,0.0932274429583568
4.06360401645539,0.815532965323365,-0.875551100160211,0.0600181348367929
4.06371242068773,0.833451856431992,-0.860191073306506,0.0267392168744721
4.06382082492007,0.850404206529824,-0.843833481000469,-0.00657072552934663
4.06392922915241,0.866370339910115,-0.826497287924963,-0.0398730519851796
4.06399684241863,0.875821419169552,-0.815197421022799,-0.0606239981467621
4.06406445568485,0.884877264276231,-0.803529842511551,-0.081347421764687
4.06413206895108,0.893533835230372,-0.791499770220807,-0.102034065009599
4.0641996822173,0.901787219865009,-0.779112623539926,-0.122674596325129
4.0642918414803,0.912380664781602,-0.76166383827425,-0.150716826507343
4.0643840007433,0.922209368263499,-0.743576564171328,-0.178632804092173
4.06444420061358,0.928212933925728,-0.731423875696309,-0.196789058229412
4.06450440048386,0.933884469459836,-0.719009636946638,-0.214874832513206
4.06456460035414,0.939221971455524,-0.706338256521128,-0.232883714934384
4.06462480022442,0.944223518704984,-0.693414267770832,-0.250809250934151
4.06469730048884,0.949798513822167,-0.677520927514503,-0.272277586307692
4.06476980075325,0.95488078411186,-0.661276109087639,-0.293604675024231
4.06484230101767,0.959467706700683,-0.644688240900549,-0.314779465800188
4.06491480128208,0.963556887793251,-0.627765938594432,-0.33579094919883
4.0649873015465,0.967146219877227,-0.610517976622005,-0.356628243255216
4.06505980181091,0.970233828084807,-0.592953309557999,-0.377280518526803
4.06514796910788,0.97331024375567,-0.5711796500271,-0.402130593728547
4.06523613640484,0.975639970584856,-0.548967738734932,-0.426672231849935
4.06532430370181,0.97722123140423,-0.526334649755565,-0.450886581648668
4.06541247099878,0.97805280021543,-0.503297759050098,-0.474755041165334
4.06550063829574,0.978134050231945,-0.479874748610817,-0.498259301621122
4.06558880559271,0.977464907592101,-0.456083589085434,-0.521381318506707
4.06567697288967,0.976045896555301,-0.431942535752054,-0.544103360803242
4.06576514018664,0.973878094948645,-0.407470107778665,-0.566407987169982
4.0658533074836,0.970963176254966,-0.382685081848099,-0.588278094406883
4.06596171171595,0.966358543092803,-0.351811364329422,-0.614547178763372
4.06607011594829,0.960633202942057,-0.320529475103522,-0.640103727838521
4.06617852018064,0.953793805568064,-0.288875792976998,-0.664918012591082
4.06628692441298,0.94584829385564,-0.25688705030993,-0.688961243545735
4.06639532864533,0.936805877767318,-0.224600370378802,-0.712205507388508
4.06650373287767,0.926677049431021,-0.192053191979605,-0.734623857451422
4.06661213711001,0.915473549194742,-0.159283274785227,-0.75619027440947
4.06672054134236,0.903208374599413,-0.126328614229074,-0.77687976037034
4.0668289455747,0.889895743656274,-0.0932274402922485,-0.796668303364006
4.06693734980705,0.875551099712267,-0.0600181321542423,-0.81553296755804
4.06704575403939,0.860191072687655,-0.0267392141819172,-0.833451858505754
4.06715415827174,0.843833480213864,0.0065707282252186,-0.850404208439098
4.06726256250408,0.826497286973803,0.0398730546778616,-0.86637034165165
4.06733017576935,0.815197420132384,0.0606240005422883,-0.875821420674644
4.06739778903463,0.803529841693557,0.0813474238613187,-0.884877265554855
4.0674654022999,0.791499769486676,0.102034066806098,-0.893533836292795
4.06753301556518,0.779112622900946,0.122674597820605,-0.901787220721558
4.06762517485537,0.761663832290747,0.150716836240268,-0.912380668531017
4.06771733414556,0.743576552473055,0.178632821977635,-0.922209374450677
4.06777753399313,0.731423868329654,0.196789069202292,-0.928212937531947
4.0678377338407,0.719009634112353,0.214874836621586,-0.933884470733916
4.06789793368827,0.706338258415142,0.232883712233549,-0.939221970648698
4.06795813353585,0.693414274583714,0.250809241486934,-0.944223516070649
4.06803063380006,0.677520934478421,0.272277576843449,-0.949798511321865
4.06810313406428,0.661276116202011,0.293604665547081,-0.954880781749127
4.0681756343285,0.64468824816455,0.31477945631443,-0.95946770447895
4.06824813459272,0.627765946007155,0.335790939708732,-0.963556885715881
4.06832063485694,0.610517984182455,0.356628233765182,-0.967146217947623
4.06839313512116,0.592953317265032,0.377280509041152,-0.970233826306163
4.06848130244216,0.571179651856056,0.402130591053076,-0.973310242909112
4.06856946976315,0.548967734447082,0.426672235816267,-0.975639970263339
4.06865763708415,0.526334639126124,0.450886592073261,-0.977221231199372
4.06874580440515,0.503297741868744,0.474755057849288,-0.978052799718033
4.06883397172614,0.479874724681781,0.498259324350961,-0.978134049032742
4.06892213904714,0.456083558228057,0.521381347054308,-0.977464905282362
4.06901030636814,0.431942497800761,0.544103394926536,-0.976045892727297
4.06909847368913,0.407470062583628,0.566408026612911,-0.97387808919654
4.06918664101013,0.382685029275159,0.588278138900131,-0.970963168175275
4.06929504524254,0.351811310977811,0.614547222029754,-0.966358533007575
4.06940344947495,0.32052942103715,0.640103769823421,-0.960633190860535
4.06951185370736,0.288875738260551,0.66491805324147,-0.953793791502007
4.06962025793977,0.256886995008909,0.688961282810003,-0.945848277818926
4.06972866217219,0.224600314559354,0.712205545216783,-0.936805859776127
4.0698370664046,0.192053135708509,0.734623893795428,-0.926677029503918
4.06994547063701,0.159283218129877,0.756190309222537,-0.915473527352439
4.07005387486942,0.126328557257503,0.776879793607559,-0.903208350865021
4.07016227910183,0.0932273830726631,0.796668334982296,-0.889895718054953
4.07027068333424,0.0600180747552991,0.815532997516183,-0.875551072271479
4.07037908756665,0.026739156672453,0.83345188676448,-0.860191043436933
4.07048749179906,-0.00657078577622654,0.850404234961025,-0.843833449184791
4.07059589603147,-0.0398731122012354,0.866370366401437,-0.826497254200161
4.07066350924087,-0.0606240408634162,0.875821436649275,-0.815197395785823
4.07073112245028,-0.0813474470063647,0.884877273398948,-0.803529826392565
4.07079873565968,-0.102034072824305,0.893533836661291,-0.791499763836936
4.07086634886908,-0.12267458678451,0.901787214279305,-0.779112627494751
4.07095850817197,-0.150716829097814,0.912380663739243,-0.761663834641397
4.07105066747487,-0.178632818698427,0.922209371100221,-0.74357655240177
4.07111086732663,-0.196789067189918,0.928212934610273,-0.731423867420348
4.0711710671784,-0.214874835866265,0.933884468194835,-0.719009632328563
4.07123126703016,-0.232883712724082,0.939221968445451,-0.706338255721364
4.07129146688193,-0.250809243210742,0.944223514156243,-0.693414270945452
4.07136396714385,-0.272277577865005,0.949798509152164,-0.677520931287149
4.07143646740577,-0.293604665873743,0.954880779354955,-0.661276113481199
4.07150896766769,-0.31477945595458,0.959467701891478,-0.644688245936853
4.07158146792961,-0.335790938671884,0.963556882966468,-0.627765944294556
4.07165396819153,-0.356628232061874,0.967146215067787,-0.610517983005933
4.07172646845345,-0.377280506682893,0.97023382332782,-0.592953316644877
4.07181463579404,-0.402130594186284,0.973310240540205,-0.571179646353868
4.07190280313463,-0.426672244300124,0.975639968171632,-0.548967723871521
4.07199097047522,-0.450886605754159,0.977221229051631,-0.526334623297464
4.0720791378158,-0.474755076561581,0.978052797180534,-0.50329772061894
4.07216730515639,-0.498259347916854,0.978134045771741,-0.479874697854869
4.07225547249698,-0.521381375284355,0.977464900964613,-0.456083525680253
4.07234363983757,-0.544103427619697,0.976045887020633,-0.431942459400918
4.07243180717816,-0.566408063557104,0.973878081770308,-0.407470018213187
4.07251997451875,-0.588278179872325,0.97096315870089,-0.382684978828534
4.07262837875123,-0.614547261891066,0.966358521713064,-0.351811259822002
4.07273678298371,-0.640103808524111,0.960633177754236,-0.320529369230104
4.07284518721619,-0.664918090733229,0.953793776594192,-0.288875685860941
4.07295359144868,-0.688961319045973,0.945848261122053,-0.256886942076076
4.07306199568116,-0.712205580151531,0.936805841304805,-0.224600261153251
4.07317039991364,-0.734623927384929,0.926677009274662,-0.192053081889728
4.07327880414612,-0.756190341424404,0.915473505383928,-0.159283163959503
4.0733872083786,-0.776879824380902,0.903208327177934,-0.126328502797054
4.07349561261108,-0.796668364287792,0.889895692672054,-0.093227328384228
4.07360401684356,-0.815533025316305,0.875551045217417,-0.0600180199011202
4.07371242107604,-0.833451913023355,0.860191014738398,-0.0267391017150206
4.07382082530853,-0.850404259644516,0.843833418870354,0.00657084077421592
4.07392922954101,-0.86637038947729,0.826497222300271,0.0398731671770233
4.07399684269537,-0.87582145116831,0.815197372269023,0.060624078899298
4.07406445584973,-0.884877279996949,0.803529811866857,0.0813474681301095
4.07413206900409,-0.893533835984231,0.791499758897851,0.102034077086428
4.07419968215845,-0.901787206982929,0.779112632724487,0.122674574258432
4.07429184144686,-0.912380655199582,0.761663842973854,0.150716812225748
4.07438400073526,-0.922209361563286,0.743576564028257,0.178632797535066
4.07444420061394,-0.928212928084023,0.731423873875037,0.196789054208985
4.07450440049261,-0.93388446438402,0.719009633374284,0.214874831009793
4.07456460037129,-0.93922196705213,0.706338251126649,0.232883715925489
4.07462480024997,-0.944223514879795,0.693414260484946,0.25080925439485
4.07469730050986,-0.949798509491237,0.677520921106605,0.272277588384629
4.07476980076975,-0.954880779335872,0.661276103604065,0.293604675731803
4.07484230102964,-0.959467701540928,0.64468823638604,0.314779465154881
4.07491480128952,-0.963556882311466,0.627765935092188,0.335790947219309
4.07498730154941,-0.967146214135628,0.610517974173577,0.356628239962054
4.0750598018093,-0.970233822146003,0.592953308203334,0.377280513942669
4.07514796914553,-0.973310239034279,0.571179638885719,0.402130600148574
4.07523613648176,-0.97563996641506,0.548967717423566,0.426672248991498
4.07532430381799,-0.977221227118139,0.526334617914125,0.450886609204034
4.07541247115422,-0.978052795144159,0.503297716341946,0.474755078802199
4.07550063849045,-0.978134043706615,0.479874694723475,0.498259348983172
4.07558880582668,-0.977464898944965,0.456083523730959,0.521381375214009
4.07567697316291,-0.976045885120545,0.431942458667615,0.54410342645295
4.07576514049914,-0.973878080063748,0.407470018726961,0.566408061336843
4.07585330783537,-0.970963157261445,0.382684980617606,0.58827817664383
4.07596171206785,-0.966358520447066,0.351811261678232,0.614547258768848
4.07607011630032,-0.9606331766609,0.320529371147938,0.640103805512964
4.0761785205328,-0.953793775672551,0.28887568783479,0.664918087837757
4.07628692476528,-0.945848260370822,0.256886944100227,0.688961316270588
4.07639532899775,-0.936805840722563,0.22460026322213,0.712205577500425
4.07650373323023,-0.926677008859847,0.192053083997451,0.73462392486235
4.0766121374627,-0.915473505134682,0.159283166100364,0.75619033903433
4.07672054169518,-0.903208327092282,0.126328504965073,0.776879822127238
4.07682894592766,-0.889895692747797,0.0932273305734991,0.796668362174285
4.07693735016013,-0.875551045452193,0.0600180221057865,0.815533023346408
4.07704575439261,-0.860191015129583,0.0267391039290677,0.833451911200529
4.07715415862508,-0.843833419415291,-0.00657083855668201,0.850404257971962
4.07726256285756,-0.826497222995979,-0.0398731649620377,0.86637038795805
4.07733017601242,-0.815197372971932,-0.0606240768429091,0.875821449814846
4.07739778916728,-0.803529812570261,-0.0813474662342361,0.884877278804526
4.07746540232214,-0.791499759595037,-0.102034075352826,0.893533834947863
4.077533015477,-0.779112633409104,-0.122674572688393,0.901787206097497
4.07762517473814,-0.76166384901935,-0.150716802395606,0.912380651414969
4.07771733399928,-0.743576575805656,-0.178632779530119,0.922209355335757
4.07777753390083,-0.731423881288607,-0.196789043167069,0.928212924455687
4.07783773380238,-0.71900963622182,-0.214874826882415,0.933884463104233
4.07789793370393,-0.706338249210975,-0.232883718656795,0.93922196786775
4.07795813360549,-0.693414253614073,-0.250809263921578,0.944223517535612
4.07803063386551,-0.677520914097273,-0.272277597909239,0.949798512006504
4.07810313412553,-0.66127609645765,-0.293604685250299,0.954880781707905
4.07817563438555,-0.644688229103914,-0.314779474663265,0.959467703767149
4.07824813464557,-0.627765927675839,-0.335790956713537,0.96355688438936
4.0783206349056,-0.610517966624634,-0.356628249438102,0.967146216062716
4.07839313516562,-0.592953300523416,-0.377280523396457,0.970233823919868
4.0784813024778,-0.571179637089136,-0.402130602787297,0.973310239876429
4.07856946978998,-0.548967721749315,-0.426672244983513,0.975639966732834
4.07865763710216,-0.526334628587013,-0.450886598733235,0.977221227320246
4.07874580441433,-0.503297733572579,-0.47475506206748,0.978052795640061
4.07883397172651,-0.479874718707669,-0.498259326198289,0.978134044905972
4.07892213903869,-0.456083554649678,-0.521381346607199,0.977464901256876
4.07901030635087,-0.431942496686376,-0.544103392266607,0.976045888952981
4.07909847366305,-0.4074700639958,-0.566408021827122,0.973878085822887
4.07918664097523,-0.382685033270801,-0.588278132080377,0.970963165351161
4.07929504520764,-0.351811315112523,-0.614547215432952,0.966358530545462
4.07940344944004,-0.320529425299401,-0.640103763459349,0.960633188758731
4.07951185367244,-0.288875742638494,-0.664918047119678,0.953793789758175
4.07962025790485,-0.256886999490794,-0.688961276939714,0.945848276430458
4.07972866213725,-0.224600319133198,-0.712205539606859,0.936805858740064
4.07983706636966,-0.19205314036222,-0.734623888454551,0.926677028816748
4.07994547060206,-0.15928322285118,-0.75619030415906,0.915473527010249
4.08005387483447,-0.126328562034105,-0.776879788829488,0.903208350863597
4.08016227906687,-0.0932273878923131,-0.796668330497319,0.889895718389632
4.08027068329928,-0.0600180796055144,-0.815532993331629,0.875551072937135
4.08037908753168,-0.0267391615408992,-0.83345188288731,0.860191044428183
4.08048749176409,0.00657078090199861,-0.850404231397888,0.84383345049588
4.08059589599649,0.0398731073336762,-0.866370363158538,0.826497255824854
4.08066350920733,0.0606240364484214,-0.875821433806471,0.815197397358031
4.08073112241817,0.0813474430474011,-0.884877270941459,0.803529827894074
4.08079873562901,0.102034069324183,-0.893533834574034,0.791499765249858
4.08086634883984,0.122674583745547,-0.901787212546924,0.779112628801363
4.08095850808839,0.150716809593337,-0.912380656225733,0.761663846632396
4.08105066733693,0.178632782898451,-0.922209358715271,0.743576575816799
4.08111086723417,0.196789045233154,-0.928212927393452,0.731423882160287
4.08117106713142,0.214874827656443,-0.933884465647852,0.719009637991382
4.08123126702866,0.232883718150282,-0.939221970065223,0.706338251914906
4.0812914669259,0.250809262147367,-0.944223519435225,0.693414257287857
4.0813639671882,0.272277596829565,-0.949798514160563,0.677520917330947
4.08143646745049,0.293604684857857,-0.954880784085951,0.661276099228059
4.08150896771278,0.314779474949922,-0.959467706338433,0.64468823138848
4.08158146797508,0.335790957669864,-0.963556887122852,0.627765929452977
4.08165396823737,0.356628251053887,-0.967146218927235,0.610517967873359
4.08172646849966,0.377280525660197,-0.970233826884045,0.592953301223834
4.08181463579219,0.402130599544976,-0.973310242232186,0.571179642687194
4.08190280308473,0.426672236376461,-0.975639968813417,0.548967732436922
4.08199097037726,0.450886584915477,-0.977221229459847,0.526334644544353
4.08207913766979,0.474755043205263,-0.978052798173384,0.503297754968093
4.08216730496232,0.498259302469984,-0.978134048167741,0.479874745697741
4.08225547225485,0.521381318202964,-0.97746490558122,0.45608358737824
4.08234363954738,0.544103359388018,-0.976045894673068,0.431942535285028
4.08243180683991,0.566407984686973,-0.973878093270298,0.407470108583307
4.08251997413244,0.588278090902402,-0.970963174855361,0.38268508395294
4.08262837836478,0.614547175371905,-0.966358541878232,0.351811366506338
4.08273678259712,0.640103724565206,-0.960633201911715,0.320529477346492
4.08284518682946,0.664918009440788,-0.953793804720889,0.288875795280081
4.08295359106179,0.688961240523234,-0.945848293190401,0.256887052667131
4.08306199529413,0.71220550449843,-0.936805877282457,0.224600372783995
4.08317039952647,0.734623854698337,-0.926677049124809,0.192053194426443
4.08327880375881,0.756190271797599,-0.915473549065211,0.159283277267585
4.08338720799115,0.776879757903805,-0.903208374644584,0.126328616740752
4.08349561222349,0.796668301046815,-0.889895743873782,0.0932274428269409
4.08360401645582,0.815532965393992,-0.875551100099518,0.0600181347055386
4.08371242068816,0.833451856498489,-0.860191073242022,0.0267392167435126
4.0838208249205,0.850404206592068,-0.843833480932331,-0.00657072565975952
4.08392922915284,0.866370339968161,-0.826497287853287,-0.039873052114884
4.08399684241895,0.875821419210614,-0.815197420966724,-0.0606239982438766
4.08406445568507,0.884877264301494,-0.803529842472419,-0.0813474218291006
4.08413206895119,0.89353383524109,-0.79149977019969,-0.102034065041431
4.0841996822173,0.901787219862419,-0.779112623537919,-0.122674596324509
4.08429184148037,0.912380664785947,-0.761663838260216,-0.150716826525744
4.08438400074343,0.922209368273677,-0.743576564144248,-0.178632804129469
4.08444420061367,0.928212933930857,-0.731423875677677,-0.196789058253179
4.0845044004839,0.933884469460448,-0.719009636936889,-0.214874832523569
4.08456460035414,0.939221971452039,-0.706338256520693,-0.232883714931366
4.08462480022438,0.944223518697971,-0.693414267780119,-0.250809250917878
4.08469730048875,0.949798513812448,-0.67752092753305,-0.272277586279403
4.08476980075312,0.954880784100022,-0.661276109115941,-0.293604674984073
4.0848423010175,0.959467706687275,-0.644688240938858,-0.314779465748409
4.08491480128187,0.963556887778823,-0.627765938643154,-0.335790949135654
4.08498730154625,0.967146219862368,-0.610517976681474,-0.356628243180883
4.08505980181062,0.970233828070048,-0.59295330962861,-0.377280518441452
4.08514796910751,0.973310243741061,-0.571179650117954,-0.402130593623113
4.0852361364044,0.975639970571702,-0.548967738846787,-0.426672231724922
4.08532430370129,0.977221231393807,-0.526334649889071,-0.450886581504771
4.08541247099818,0.978052800209034,-0.503297759205827,-0.474755041003194
4.08550063829507,0.978134050230868,-0.479874748789328,-0.498259301441546
4.08558880559196,0.977464907597655,-0.45608358928716,-0.521381318310499
4.08567697288885,0.976045896568671,-0.43194253597745,-0.544103360591234
4.08576514018574,0.973878094971206,-0.407470108028196,-0.566407986942981
4.08585330748263,0.970963176287923,-0.382685082122062,-0.588278094165856
4.08596171171498,0.966358543135788,-0.351811364607182,-0.614547178528629
4.08607011594732,0.960633202995033,-0.320529475384811,-0.640103727610271
4.08617852017966,0.953793805631044,-0.28887579326144,-0.664918012369643
4.08628692441201,0.945848293928482,-0.256887050597211,-0.68896124333129
4.08639532864435,0.936805877849979,-0.224600370668684,-0.712205507181302
4.0865037328767,0.926677049523381,-0.192053192271633,-0.734623857251762
4.08661213710904,0.915473549296621,-0.159283275079034,-0.756190274217581
4.08672054134139,0.903208374710798,-0.126328614524377,-0.776879760186426
4.08682894557373,0.88989574377698,-0.0932274405886974,-0.796668303188281
4.08693734980608,0.875551099842129,-0.0600181324514999,-0.815532967390658
4.08704575403842,0.860191072826604,-0.0267392144796163,-0.833451858347
4.08715415827076,0.843833480361661,0.00657072792740509,-0.850404208289077
4.08726256250311,0.826497287130249,0.0398730543803016,-0.866370341510566
4.08733017576868,0.815197420244222,0.0606240003351523,-0.875821420579379
4.08739778903424,0.803529841757573,0.0813474237444996,-0.884877265502083
4.08746540229981,0.791499769499712,0.102034066779292,-0.893533836278994
4.08753301556538,0.779112622859832,0.122674597883552,-0.901787220743376
4.08762517485563,0.761663832235764,0.150716836322459,-0.912380668558276
4.08771733414589,0.743576552403472,0.178632822078891,-0.922209374482311
4.08777753399333,0.731423868285321,0.196789069263682,-0.928212937549003
4.08783773384077,0.719009634094576,0.214874836643372,-0.933884470737939
4.08789793368821,0.706338258424923,0.232883712216111,-0.939221970641017
4.08795813353565,0.693414274622203,0.2508092414306,-0.944223516052835
4.0880306337999,0.677520934510773,0.272277576796964,-0.949798511307734
4.08810313406415,0.661276116227883,0.293604665510349,-0.954880781738253
4.0881756343284,0.644688248183517,0.31477945628739,-0.959467704470908
4.08824813459265,0.627765946019039,0.335790939691223,-0.963556885710229
4.08832063485691,0.610517984186904,0.356628233757007,-0.967146217943911
4.08839313512116,0.5929533172618,0.37728050904217,-0.970233826303982
4.08848130244214,0.571179651855355,0.402130591051264,-0.973310242906578
4.08856946976313,0.548967734448962,0.426672235811768,-0.975639970260746
4.08865763708412,0.526334639130654,0.450886592066114,-0.977221231196772
4.0887458044051,0.503297741875986,0.474755057839636,-0.978052799715654
4.08883397172609,0.479874724691872,0.498259324338866,-0.978134049030763
4.08892213904708,0.456083558240984,0.521381347039903,-0.977464905280886
4.08901030636807,0.431942497816669,0.544103394909885,-0.976045892726536
4.08909847368905,0.407470062602503,0.56640802659417,-0.973878089196669
4.08918664101004,0.382685029297012,0.5882781388794,-0.970963168176401
4.08929504524246,0.351811310998809,0.614547222010612,-0.966358533009395
4.08940344947487,0.320529421057252,0.640103769805784,-0.960633190863005
4.08951185370729,0.288875738279657,0.664918053225336,-0.953793791504993
4.0896202579397,0.256886995026989,0.688961282795355,-0.945848277822353
4.08972866217212,0.224600314576366,0.712205545203555,-0.936805859779904
4.08983706640453,0.19205313572439,0.734623893783556,-0.926677029507937
4.08994547063695,0.159283218144581,0.756190309211994,-0.915473527356575
4.09005387486936,0.126328557270899,0.776879793598352,-0.903208350869193
4.09016227910178,0.0932273830847898,0.796668334974322,-0.889895718059142
4.0902706833342,0.0600180747661275,0.815532997509381,-0.875551072275503
4.09037908756661,0.0267391566819731,0.833451886758747,-0.860191043440722
4.09048749179903,-0.00657078576801984,0.850404234956316,-0.843833449188281
4.09059589603144,-0.0398731121943693,0.866370366397669,-0.826497254203268
4.09066350924085,-0.0606240408577962,0.875821436646272,-0.815197395788481
4.09073112245025,-0.08134744700196,0.884877273396659,-0.803529826394705
4.09079873565965,-0.102034072821104,0.89353383665962,-0.791499763838491
4.09086634886906,-0.122674586782498,0.90178721427822,-0.779112627495708
4.09095850817193,-0.150716829088462,0.912380663735655,-0.761663834647191
4.0910506674748,-0.178632818681877,0.92220937109453,-0.743576552412617
4.09111086732658,-0.19678906717901,0.928212934606694,-0.731423867427687
4.09117106717837,-0.214874835860918,0.933884468193241,-0.719009632332276
4.09123126703015,-0.232883712724307,0.939221968445618,-0.706338255721258
4.09129146688193,-0.250809243216505,0.944223514157902,-0.693414270941372
4.09136396714389,-0.27227757788205,0.949798509156572,-0.677520931274517
4.09143646740585,-0.293604665901921,0.954880779361619,-0.661276113459615
4.09150896766781,-0.314779455993654,0.959467701899844,-0.644688245906156
4.09158146792977,-0.335790938721692,0.963556882975987,-0.627765944254253
4.09165396819173,-0.356628232122143,0.967146215077945,-0.610517982955793
4.09172646845369,-0.377280506753467,0.970233823338062,-0.592953316584564
4.09181463579429,-0.402130594259513,0.973310240548814,-0.57117964628927
4.09190280313489,-0.426672244375823,0.975639968178436,-0.5489677238026
4.09199097047549,-0.45088660583228,0.977221229056361,-0.526334623224074
4.09207913781609,-0.474755076641928,0.97805279718298,-0.503297720541037
4.09216730515669,-0.498259347999335,0.978134045771677,-0.479874697772341
4.0922554724973,-0.521381375368727,0.977464900961828,-0.456083525593122
4.0923436398379,-0.544103427705771,0.976045887014951,-0.431942459309175
4.0924318071785,-0.566408063644726,0.973878081761551,-0.40747001811683
4.0925199745191,-0.588278179961283,0.970963158688827,-0.382684978727535
4.09262837875158,-0.614547261977794,0.966358521697392,-0.351811259719584
4.09273678298406,-0.640103808608487,0.960633177734922,-0.320529369126391
4.09284518721654,-0.664918090815267,0.953793776571307,-0.288875685756016
4.09295359144903,-0.68896131912548,0.945848261095654,-0.256886941970157
4.09306199568151,-0.7122055802284,0.936805841274881,-0.224600261046453
4.09317039991399,-0.734623927459134,0.926677009241256,-0.192053081782128
4.09327880414647,-0.756190341495794,0.915473505347066,-0.159283163851267
4.09338720837895,-0.776879824449426,0.903208327137701,-0.126328502688254
4.09349561261143,-0.796668364353417,0.889895692628487,-0.0932273282750339
4.09360401684391,-0.815533025378884,0.87555104517052,-0.060018019791624
4.09371242107639,-0.833451913082863,0.860191014688238,-0.0267391016053585
4.09382082530888,-0.850404259700906,0.843833418817009,0.00657084088391866
4.09392922954136,-0.866370389530433,0.826497222243842,0.0398731672866378
4.09399684269561,-0.875821451204469,0.815197372229186,0.0606240789753119
4.09406445584986,-0.884877280017425,0.803529811844887,0.0813474681725616
4.09413206900411,-0.893533835990288,0.791499758894805,0.102034077095503
4.09419968215837,-0.901787206975879,0.779112632741666,0.122674574234216
4.09429184144673,-0.912380655188702,0.761663842999618,0.150716812189067
4.09438400073509,-0.922209361549249,0.743576564063088,0.178632797486179
4.09444420061384,-0.928212928077936,0.731423873895775,0.196789054182179
4.09450440049259,-0.933884464385193,0.719009633380251,0.214874831004923
4.09456460037134,-0.939221967059628,0.706338251117236,0.232883715942383
4.09462480025009,-0.944223514892838,0.693414260459679,0.250809254433158
4.09469730050991,-0.949798509498071,0.677520921096912,0.272277588401151
4.09476980076972,-0.954880779337518,0.661276103610767,0.293604675726749
4.09484230102954,-0.959467701538373,0.644688236409816,0.314779465128548
4.09491480128935,-0.963556882305713,0.627765935133734,0.335790947171997
4.09498730154917,-0.967146214127705,0.610517974233545,0.356628239894222
4.09505980180898,-0.970233822136913,0.592953308282353,0.377280513854569
4.09514796914512,-0.973310239024936,0.571179638990486,0.402130600034467
4.09523613648125,-0.975639966407126,0.548967717555019,0.426672248852109
4.09532430381738,-0.977221227113269,0.526334618072992,0.450886609040265
4.09541247115351,-0.978052795143918,0.503297716529069,0.47475507861488
4.09550063848965,-0.978134043712751,0.479874694939533,0.498259348773211
4.09558880582578,-0.977464898959086,0.456083523976655,0.521381374982451
4.09567697316191,-0.976045885144335,0.431942458943484,0.544103426200832
4.09576514049805,-0.973878080098786,0.40747001903346,0.566408061065317
4.09585330783418,-0.970963157309338,0.382684980955267,0.588278176354062
4.09596171206666,-0.966358520507209,0.351811262020183,0.614547258487034
4.09607011629914,-0.960633176733181,0.3205293714938,0.640103805239399
4.09617852053161,-0.953793775756888,0.288875688184148,0.664918087572725
4.09628692476409,-0.945848260467082,0.256886944452709,0.688961316014418
4.09639532899657,-0.936805840830612,0.224600263577156,0.712205577253464
4.09650373322905,-0.926677008979502,0.19205308435471,0.734623924624831
4.09661213746153,-0.915473505265835,0.159283166459322,0.756190338806494
4.096720541694,-0.903208327234712,0.126328505325389,0.776879821909333
4.09682894592648,-0.889895692901313,0.093227330934673,0.796668361966623
4.09693735015896,-0.875551045616516,0.0600180224673624,0.815533023149153
4.09704575439144,-0.8601910153046,0.0267391042907112,0.833451911013873
4.09715415862391,-0.843833419600688,-0.0065708381954572,0.850404257796152
4.09726256285639,-0.826497223191583,-0.0398731646015933,0.8663703877932
4.09733017601161,-0.815197373113118,-0.0606240765926736,0.875821449705756
4.09739778916683,-0.803529812653147,-0.0813474660939744,0.884877278747088
4.09746540232205,-0.791499759615735,-0.102034075322174,0.893533834937889
4.09753301547727,-0.779112633363758,-0.122674572766967,0.901787206130736
4.0976251747385,-0.761663848953121,-0.150716802503814,0.91238065145693
4.09771733399974,-0.743576575717208,-0.178632779667662,0.922209355384883
4.09777753390112,-0.731423881233537,-0.19678904325192,0.928212924485426
4.09783773380249,-0.719009636201587,-0.214874826915004,0.933884463116631
4.09789793370387,-0.706338249227073,-0.23288371863757,0.939221967864629
4.09795813360525,-0.693414253667915,-0.250809263851028,0.944223517518947
4.09803063386529,-0.677520914148937,-0.272277597843596,0.949798511992538
4.09810313412533,-0.66127609650698,-0.293604685189504,0.954880781696475
4.09817563438537,-0.644688229150613,-0.314779474607405,0.959467703758019
4.0982481346454,-0.627765927719867,-0.335790956662476,0.963556884382345
4.09832063490544,-0.610517966665704,-0.356628249391894,0.967146216057632
4.09839313516548,-0.592953300561479,-0.377280523354946,0.97023382391644
4.09848130247763,-0.571179637134229,-0.402130602739205,0.973310239873449
4.09856946978978,-0.548967721801777,-0.426672244928969,0.975639966730723
4.09865763710194,-0.526334628646974,-0.45088659867248,0.977221227319458
4.09874580441409,-0.503297733640258,-0.474755062000787,0.978052795641049
4.09883397172624,-0.479874718783269,-0.498259326125872,0.978134044909111
4.0989221390384,-0.456083554733247,-0.52138134652939,0.977464901262651
4.09901030635055,-0.431942496778194,-0.544103392183627,0.976045888961837
4.0990984736627,-0.407470064095997,-0.566408021739277,0.973878085835259
4.09918664097486,-0.382685033379392,-0.588278131988014,0.970963165367394
4.09929504520727,-0.351811315221454,-0.614547215343951,0.966358530565389
4.09940344943968,-0.320529425408395,-0.6401037633738,0.960633188782169
4.09951185367208,-0.288875742747521,-0.664918047037564,0.953793789785095
4.09962025790449,-0.256886999599636,-0.688961276861085,0.945848276460751
4.0997286621369,-0.224600319241626,-0.712205539531865,0.936805858773496
4.09983706636931,-0.192053140470138,-0.734623888383102,0.926677028853238
4.09994547060172,-0.15928322295846,-0.75619030409124,0.9154735270497
4.10005387483413,-0.12632856214059,-0.776879788765255,0.903208350905848
4.10016227906654,-0.093227387997815,-0.796668330436742,0.889895718434524
4.10027068329895,-0.0600180797100377,-0.815532993274587,0.875551072984617
4.10037908753136,-0.0267391616442671,-0.833451882833836,0.860191044478134
4.10048749176377,0.00657078079997973,-0.850404231348052,0.843833450548081
4.10059589599618,0.0398731072330917,-0.866370363112271,0.826497255879158
4.10066350920711,0.0606240363768192,-0.875821433774929,0.8151973973981
4.10073112241804,0.0813474430047361,-0.884877270923596,0.803529827918833
4.10079873562897,0.102034069310347,-0.893533834568638,0.79149976525829
4.1008663488399,0.122674583760429,-0.901787212552942,0.779112628792493
4.10095850808848,0.150716809618057,-0.912380656234925,0.76166384661684
4.10105066733706,0.178632782932705,-0.922209358726958,0.743576575794269
4.10111086723425,0.196789045251574,-0.928212927399374,0.731423882147823
4.10117106713144,0.214874827659042,-0.933884465648597,0.719009637989531
4.10123126702863,0.232883718137244,-0.939221970061358,0.706338251924097
4.10129146692582,0.250809262118785,-0.944223519427288,0.693414257308525
4.10136396718813,0.272277596804715,-0.949798514154128,0.677520917349395
4.10143646745043,0.293604684836826,-0.954880784080851,0.661276099243993
4.10150896771274,0.314779474932506,-0.959467706334468,0.644688231401932
4.10158146797504,0.335790957656168,-0.963556887119862,0.627765929463699
4.10165396823735,0.356628251043797,-0.967146218925068,0.610517967881251
4.10172646849965,0.377280525653661,-0.970233826882466,0.592953301228801
4.10181463579219,0.40213059953939,-0.973310242230838,0.571179642691433
4.10190280308472,0.426672236371876,-0.975639968812165,0.548967732440266
4.10199097037726,0.450886584911818,-0.977221229458681,0.526334644546826
4.10207913766979,0.474755043202545,-0.978052798172264,0.503297754969663
4.10216730496233,0.498259302468151,-0.978134048166503,0.479874745698361
4.10225547225486,0.521381318201927,-0.977464905579936,0.456083587377967
4.10234363954739,0.544103359387807,-0.976045894671612,0.431942535283782
4.10243180683993,0.566407984687554,-0.973878093268588,0.407470108581055
4.10251997413246,0.588278090903728,-0.970963174853405,0.382685083949634
4.1026283783648,0.614547175373326,-0.966358541876062,0.351811366502732
4.10273678259714,0.6401037245665,-0.960633201909292,0.320529477342777
4.10284518682948,0.664918009442032,-0.95379380471827,0.288875795276245
4.10295359106182,0.68896124052434,-0.945848293187551,0.256887052663198
4.10306199529415,0.712205504499466,-0.936805877279328,0.224600372779866
4.10317039952649,0.734623854699225,-0.926677049121534,0.192053194422274
4.10327880375883,0.756190271798341,-0.915473549061739,0.159283277263367
4.10338720799117,0.776879757904431,-0.903208374640913,0.126328616736469
4.10349561222351,0.796668301047322,-0.889895743869828,0.0932274428225133
4.10360401645585,0.815532965394325,-0.87555110009542,0.0600181347011245
4.10371242068818,0.833451856498636,-0.860191073237755,0.0267392167390794
4.10382082492052,0.850404206592058,-0.84383348092787,-0.00657072566421602
4.10392922915286,0.866370339967973,-0.826497287848545,-0.0398730521194452
4.10399684241896,0.875821419208394,-0.815197420964226,-0.0606239982441902
4.10406445568507,0.884877264297434,-0.803529842472217,-0.0813474218252515
4.10413206895117,0.893533835235356,-0.791499770202004,-0.102034065033393
4.10419968221727,0.901787219855163,-0.779112623542813,-0.122674596312367
4.10429184148035,0.912380664780298,-0.761663838262895,-0.150716826517422
4.10438400074342,0.922209368269487,-0.743576564144588,-0.178632804124893
4.10444420061367,0.928212933927537,-0.7314238756763,-0.196789058251252
4.10450440048391,0.933884469457949,-0.719009636933696,-0.21487483252424
4.10456460035416,0.939221971450235,-0.706338256515597,-0.232883714934633
4.1046248002244,0.944223518696722,-0.693414267773009,-0.25080925092376
4.10469730048881,0.949798513813283,-0.677520927519031,-0.272277586294258
4.10476980075321,0.954880784102443,-0.661276109094741,-0.293604675007757
4.10484230101762,0.959467706690936,-0.64468824091024,-0.314779465780704
4.10491480128202,0.963556887783242,-0.627765938606844,-0.335790949176425
4.10498730154643,0.967146219867143,-0.61051797663727,-0.356628243229916
4.10505980181083,0.970233828074814,-0.592953309576165,-0.377280518498668
4.1051479691078,0.973310243746535,-0.571179650044332,-0.402130593702223
4.10523613640477,0.975639970576498,-0.548967738751252,-0.426672231825278
4.10532430370174,0.977221231396571,-0.526334649770834,-0.450886581625784
4.10541247099871,0.978052800208377,-0.503297759064259,-0.474755041144099
4.10550063829568,0.978134050225391,-0.479874748623795,-0.498259301601594
4.10558880559266,0.977464907585987,-0.456083589097206,-0.521381318488818
4.10567697288963,0.976045896549478,-0.431942535762505,-0.544103360786981
4.1057651401866,0.973878094943053,-0.407470107787815,-0.566407987155274
4.10585330748357,0.970963176249529,-0.382685081855813,-0.588278094393718
4.10596171171591,0.966358543087794,-0.351811364337808,-0.61454717875001
4.10607011594825,0.960633202937504,-0.3205294751126,-0.640103727824924
4.1061785201806,0.953793805564037,-0.288875792986671,-0.664918012577388
4.10628692441294,0.945848293852198,-0.256887050320299,-0.6889612435319
4.10639532864528,0.936805877764455,-0.224600370389775,-0.712205507374627
4.10650373287762,0.926677049428744,-0.192053191991173,-0.734623857437585
4.10661213710997,0.915473549193069,-0.15928327479742,-0.756190274395629
4.10672054134231,0.903208374598439,-0.126328614241852,-0.776879760356566
4.10682894557465,0.88989574365601,-0.0932274403056634,-0.79666830335033
4.106937349807,0.875551099712696,-0.0600181321682303,-0.815532967544477
4.10704575403934,0.860191072688875,-0.0267392141965122,-0.833451858492386
4.10715415827168,0.84383348021583,0.00657072821010302,-0.850404208425917
4.10726256250402,0.82649728697649,0.0398730546622791,-0.866370341638785
4.1073301757693,0.815197420134987,0.0606240005273942,-0.875821420662357
4.10739778903458,0.803529841696029,0.0813474238472026,-0.884877265543222
4.10746540229985,0.791499769489027,0.102034066792708,-0.893533836281702
4.10753301556513,0.779112622903029,0.122674597808102,-0.901787220711137
4.10762517485533,0.761663832291526,0.150716836230383,-0.912380668521922
4.10771733414553,0.743576552472465,0.178632821970303,-0.92220937444278
4.1077775339931,0.731423868328432,0.196789069196087,-0.928212937524575
4.10783773384068,0.719009634110528,0.214874836616529,-0.933884470727061
4.10789793368825,0.706338258412599,0.232883712229652,-0.939221970642271
4.10795813353583,0.693414274580469,0.250809241484184,-0.944223516064658
4.10803063380006,0.677520934473339,0.272277576843346,-0.949798511316651
4.10810313406428,0.661276116194875,0.29360466554964,-0.954880781744545
4.10817563432851,0.644688248155341,0.314779456319587,-0.959467704474936
4.10824813459274,0.627765945995855,0.335790939716421,-0.963556885712291
4.10832063485697,0.61051798416885,0.356628233775405,-0.967146217944245
4.10839313512119,0.592953317249172,0.377280509053822,-0.970233826302984
4.10848130244218,0.571179651844071,0.402130591061049,-0.9733102429051
4.10856946976316,0.548967734439063,0.426672235819749,-0.975639970258784
4.10865763708414,0.526334639122262,0.450886592072291,-0.977221231194561
4.10874580440512,0.503297741869216,0.474755057844024,-0.978052799713238
4.1088339717261,0.479874724686641,0.498259324341583,-0.978134049028211
4.10892213904708,0.45608355823745,0.521381347040949,-0.977464905278403
4.10901030636806,0.431942497814883,0.544103394909307,-0.976045892724177
4.10909847368904,0.407470062602449,0.566408026592065,-0.973878089194522
4.10918664101002,0.38268502929878,0.588278138875833,-0.970963168174615
4.10929504524244,0.351811311000445,0.6145472220073,-0.96635853300775
4.10940344947486,0.32052942105865,0.64010376980283,-0.960633190861453
4.10951185370727,0.288875738280875,0.664918053222676,-0.953793791503535
4.10962025793969,0.256886995028014,0.688961282792994,-0.945848277820976
4.10972866217211,0.224600314577211,0.712205545201437,-0.936805859778635
4.10983706640452,0.192053135724938,0.734623893781775,-0.926677029506705
4.10994547063694,0.159283218144906,0.756190309210478,-0.915473527355374
4.11005387486935,0.126328557270999,0.776879793597059,-0.903208350868036
4.11016227910177,0.0932273830846731,0.796668334973292,-0.88989571805796
4.11027068333419,0.0600180747656934,0.815532997508587,-0.875551072274278
4.1103790875666,0.0267391566812829,0.833451886758185,-0.860191043439424
4.11048749179902,-0.00657078576895735,0.850404234955972,-0.843833449186975
4.11059589603144,-0.0398731121955328,0.866370366397442,-0.826497254201902
4.11066350924085,-0.0606240408613823,0.875821436647205,-0.815197395785817
4.11073112245026,-0.081347447007967,0.884877273398583,-0.80352982639061
4.11079873565967,-0.102034072829518,0.8935338366625,-0.791499763832973
4.11086634886908,-0.122674586793321,0.901787214281958,-0.779112627488614
4.11095850817194,-0.150716829093324,0.91238066373701,-0.761663834643661
4.11105066747479,-0.178632818680808,0.922209371093811,-0.743576552413008
4.11111086732658,-0.196789067180325,0.928212934606867,-0.731423867426504
4.11117106717837,-0.21487483586459,0.93388446819412,-0.719009632329503
4.11123126703016,-0.232883712730325,0.939221968447132,-0.706338255716808
4.11129146688195,-0.250809243224854,0.944223514160008,-0.693414270935179
4.1113639671439,-0.272277577887514,0.949798509157872,-0.677520931270338
4.11143646740585,-0.293604665904482,0.954880779362191,-0.661276113457684
4.1115089676678,-0.314779455993397,0.959467701899846,-0.64468824590642
4.11158146792975,-0.335790938718686,0.963556882975566,-0.627765944256864
4.1116539681917,-0.356628232116366,0.967146215077226,-0.61051798296087
4.11172646845365,-0.377280506745029,0.970233823337166,-0.592953316592141
4.11181463579422,-0.402130594242318,0.973310240547319,-0.571179646304962
4.11190280313479,-0.426672244350058,0.975639968176847,-0.54896772382679
4.11199097047535,-0.450886605798204,0.977221229055256,-0.526334623257009
4.11207913781592,-0.474755076599833,0.978052797182873,-0.503297720582996
4.11216730515649,-0.498259347949456,0.978134045773115,-0.479874697823657
4.11225547249706,-0.521381375311443,0.977464900965377,-0.456083525653915
4.11234363983763,-0.544103427641438,0.97604588702113,-0.431942459379663
4.1124318071782,-0.566408063573674,0.973878081770903,-0.407470018197196
4.11251997451877,-0.58827817988391,0.970963158701854,-0.382684978817932
4.11262837875125,-0.614547261902595,0.966358521713818,-0.351811259811185
4.11273678298374,-0.640103808535605,0.96063317775473,-0.320529369219117
4.11284518721622,-0.664918090744631,0.953793776594496,-0.288875685849842
4.1129535914487,-0.688961319057285,0.945848261122187,-0.256886942064859
4.11306199568118,-0.712205580162716,0.936805841304707,-0.224600261141947
4.11317039991366,-0.734623927396026,0.926677009274349,-0.192053081878309
4.11327880414614,-0.756190341435331,0.91547350538338,-0.159283163948027
4.11338720837862,-0.776879824391681,0.903208327177181,-0.126328502785499
4.1134956126111,-0.796668364298469,0.889895692671096,-0.0932273283726255
4.11360401684359,-0.815533025326755,0.875551045216253,-0.0600180198894643
4.11371242107607,-0.833451913033641,0.860191014737001,-0.0267391017033211
4.11382082530855,-0.850404259654683,0.843833418868751,0.0065708407859428
4.11392922954103,-0.866370389487239,0.82649722229847,0.0398731671887681
4.11399684269537,-0.875821451174748,0.815197372271236,0.0606240789035052
4.1140644558497,-0.88487728000025,0.803529811873374,0.0813474681268907
4.11413206900404,-0.893533835984683,0.791499758908775,0.102034077075909
4.11419968215838,-0.901787206980784,0.779112632740188,0.122674574240616
4.11429184144671,-0.912380655189607,0.76166384300479,0.150716812184855
4.11438400073503,-0.922209361546732,0.743576564075469,0.178632797471285
4.11444420061379,-0.928212928076732,0.731423873906362,0.196789054170381
4.11450440049255,-0.933884464385127,0.719009633388987,0.214874830996146
4.11456460037131,-0.939221967060623,0.706338251124083,0.232883715936554
4.11462480025007,-0.944223514894813,0.69341426046447,0.250809254430346
4.11469730050994,-0.949798509503845,0.677520921090697,0.272277588413136
4.1147698007698,-0.954880779346385,0.661276103592997,0.293604675753397
4.11484230102967,-0.95946770154966,0.64468823638007,0.314779465169609
4.11491480128954,-0.96355688231873,0.627765935091485,0.335790947227271
4.1149873015494,-0.967146214141759,0.610517974178403,0.356628239963363
4.11505980180927,-0.970233822151292,0.592953308213841,0.377280513937447
4.11514796914545,-0.973310239038494,0.571179638907868,0.402130600130615
4.11523613648164,-0.975639966418926,0.548967717457861,0.426672248961077
4.11532430381782,-0.9772212271225,0.526334617960893,0.450886609161621
4.115412471154,-0.978052795149731,0.503297716401622,0.47475507874812
4.11550063849019,-0.978134043714189,0.479874694796336,0.498259348917879
4.11558880582637,-0.97746489895538,0.456083523817441,0.521381375137967
4.11567697316255,-0.976045885134572,0.431942458768011,0.54410342636658
4.11576514049874,-0.973878080082144,0.407470018841532,0.566408061240618
4.11585330783492,-0.970963157284946,0.382684980746651,0.588278176538324
4.1159617120674,-0.966358520475258,0.351811261808908,0.614547258666344
4.11607011629988,-0.960633176693654,0.320529371280171,0.640103805413472
4.11617852053235,-0.953793775709809,0.288875687968311,0.664918087741499
4.11628692476483,-0.945848260412578,0.256886944234901,0.688961316177678
4.11639532899731,-0.936805840768759,0.224600263357773,0.712205577411004
4.11650373322978,-0.926677008910399,0.192053084133923,0.734623924776497
4.11661213746226,-0.915473505189549,0.159283166237403,0.756190338952145
4.11672054169474,-0.903208327151434,0.12632850510267,0.776879822048766
4.11682894592721,-0.889895692811057,0.0932273307113704,0.796668362099721
4.11693735015969,-0.875551045519505,0.0600180222437164,0.815533023275782
4.11704575439217,-0.860191015200899,0.0267391040669782,0.833451911133917
4.11715415862464,-0.843833419490488,-0.00657083841895346,0.850404257909422
4.11726256285712,-0.826497223075009,-0.0398731648246264,0.866370387899648
4.11733017601213,-0.815197373028415,-0.0606240767506676,0.875821449779106
4.11739778916714,-0.803529812602679,-0.0813474661870104,0.884877278789665
4.11746540232214,-0.7914997596018,-0.10203407535045,0.893533834952231
4.11753301547715,-0.779112633388605,-0.122674572730739,0.901787206119328
4.11762517473837,-0.761663848981862,-0.150716802462886,0.912380651444732
4.11771733399959,-0.743576575750075,-0.17863277962202,0.9222093553721
4.11777753390103,-0.731423881254552,-0.196789043224932,0.928212924479455
4.11783773380247,-0.719009636210167,-0.214874826906543,0.933884463116689
4.11789793370391,-0.706338249222746,-0.232883718647423,0.939221967870164
4.11795813360535,-0.69341425365011,-0.250809263879059,0.944223517529167
4.11803063386538,-0.677520914133454,-0.272277597867706,0.949798512001175
4.1181031341254,-0.661276096493852,-0.293604685209819,0.954880781703682
4.11817563438542,-0.644688229140112,-0.31477947462387,0.959467703763996
4.11824813464545,-0.627765927712049,-0.335790956675174,0.963556884387195
4.11832063490547,-0.610517966660709,-0.356628249400829,0.967146216061543
4.1183931351655,-0.592953300559394,-0.377280523360278,0.970233823919661
4.11848130247769,-0.571179637123384,-0.40213060275414,0.973310239877519
4.11856946978988,-0.548967721781802,-0.426672244953284,0.975639966735085
4.11865763710206,-0.526334628617638,-0.450886598705888,0.977221227323499
4.11874580441425,-0.503297733601192,-0.474755062042996,0.978052795644173
4.11883397172644,-0.479874718734223,-0.49825932617658,0.978134044910789
4.11892213903863,-0.456083554674095,-0.521381346588157,0.977464901262256
4.11901030635082,-0.43194249670859,-0.544103392250182,0.976045888958735
4.119098473663,-0.407470064015669,-0.566408021813274,0.973878085828896
4.11918664097519,-0.382685033288258,-0.588278132068996,0.97096316535729
4.1192950452076,-0.351811315129542,-0.614547215422352,0.966358530551862
4.11940344944001,-0.320529425315822,-0.640103763449532,0.960633188765332
4.11951185367241,-0.28887574265438,-0.664918047110603,0.95379378976498
4.11962025790482,-0.256886999506008,-0.688961276931386,0.945848276437363
4.11972866213723,-0.224600319147739,-0.712205539599282,0.936805858747017
4.11983706636964,-0.192053140376011,-0.734623888447665,0.926677028823671
4.11994547060204,-0.159283222864307,-0.756190304152826,0.915473527017123
4.12005387483445,-0.126328562046463,-0.776879788823901,0.903208350870355
4.12016227906686,-0.0932273879038981,-0.796668330492346,0.889895718396235
4.12027068329927,-0.0600180796163821,-0.815532993327203,0.875551072943534
4.12037908753167,-0.0267391615509741,-0.833451882883396,0.860191044434352
4.12048749176408,0.00657078089273569,-0.85040423139442,0.843833450501713
4.12059589599649,0.0398731073252347,-0.866370363155576,0.826497255830327
4.12066350920732,0.0606240364390865,-0.875821433803151,0.815197397364053
4.12073112241816,0.0813474430371928,-0.884877270937848,0.803529827900616
4.12079873562899,0.102034069313198,-0.89353383457013,0.791499765256913
4.12086634883983,0.122674583733725,-0.90178721254272,0.779112628809009
4.12095850808841,0.150716809593901,-0.912380656226257,0.761663846632304
4.121050667337,0.178632782911076,-0.922209358719672,0.743576575808567
4.12111086723422,0.196789045240177,-0.928212927395728,0.731423882155546
4.12117106713145,0.214874827657807,-0.933884465648143,0.719009637990349
4.12123126702867,0.232883718146024,-0.939221970063733,0.706338251917677
4.12129146692589,0.25080926213752,-0.944223519432194,0.693414257294664
4.12136396718819,0.272277596820858,-0.949798514157895,0.677520917337034
4.12143646745049,0.293604684850237,-0.95488078408358,0.66127609923329
4.12150896771278,0.314779474943323,-0.959467706336327,0.644688231392973
4.12158146797508,0.335790957664385,-0.963556887120951,0.627765929456512
4.12165396823738,0.356628251049366,-0.967146218925453,0.610517967876074
4.12172646849968,0.37728052565677,-0.970233826882336,0.592953301225566
4.12181463579226,0.40213059955734,-0.973310242232156,0.571179642674817
4.12190280308485,0.426672236404291,-0.975639968814069,0.54896773240975
4.12199097037744,0.450886584958383,-0.977221229460202,0.526334644501814
4.12207913767003,0.474755043262749,-0.978052798172513,0.503297754909729
4.12216730496261,0.498259302541467,-0.978134048164641,0.479874745623168
4.1222554722552,0.521381318287881,-0.977464905574963,0.456083587287052
4.12234363954779,0.544103359485839,-0.97604589466265,0.431942535176807
4.12243180684038,0.566407984797091,-0.973878093254776,0.407470108457655
4.12251997413296,0.58827809102412,-0.970963174833751,0.382685083809615
4.1226283783653,0.61454717548965,-0.966358541851383,0.3518113663617
4.12273678259764,0.640103724678746,-0.960633201879645,0.320529477200868
4.12284518682997,0.664918009550149,-0.953793804683693,0.288875795133535
4.12295359106231,0.688961240628314,-0.945848293148124,0.256887052519793
4.12306199529464,0.712205504599078,-0.936805877235279,0.224600372636148
4.12317039952698,0.734623854794485,-0.926677049072815,0.192053194278299
4.12327880375931,0.75619027188916,-0.915473549008568,0.159283277119347
4.12338720799165,0.776879757990787,-0.903208374583277,0.126328616592506
4.12349561222398,0.796668301129073,-0.889895743808023,0.0932274426789442
4.12360401645632,0.815532965471446,-0.87555110002947,0.0600181345579916
4.12371242068866,0.833451856571178,-0.860191073167696,0.0267392165965084
4.12382082492099,0.850404206659939,-0.843833480853965,-0.00657072580600042
4.12392922915333,0.866370340031119,-0.826497287770876,-0.0398730522602392
4.12399684241929,0.87582141924975,-0.815197420907724,-0.0606239983420267
4.12406445568525,0.884877264318588,-0.803529842438399,-0.081347421880193
4.12413206895122,0.893533835237956,-0.791499770192346,-0.10203406504563
4.12419968221718,0.901787219840862,-0.779112623558843,-0.122674596282025
4.12429184148025,0.912380664766253,-0.761663838280412,-0.150716826485813
4.12438400074332,0.922209368255756,-0.743576564163681,-0.178632804092065
4.12444420061361,0.928212933918114,-0.731423875687969,-0.196789058230134
4.12450440048389,0.933884469452344,-0.71900963693758,-0.214874832514735
4.12456460035417,0.939221971448076,-0.706338256511471,-0.232883714936642
4.12462480022446,0.944223518697567,-0.693414267760434,-0.250809250937165
4.12469730048886,0.949798513813812,-0.677520927506109,-0.272277586307746
4.12476980075327,0.954880784102684,-0.661276109081365,-0.293604675021339
4.12484230101767,0.959467706690879,-0.644688240896421,-0.314779465794464
4.12491480128208,0.963556887782857,-0.627765938592583,-0.335790949190311
4.12498730154648,0.967146219866418,-0.610517976622539,-0.356628243243903
4.12505980181089,0.97023382807372,-0.592953309561016,-0.377280518512729
4.12514796910789,0.973310243745895,-0.57117965002089,-0.402130593725028
4.12523613640489,0.975639970575868,-0.548967738719241,-0.426672231856633
4.1253243037019,0.977221231395339,-0.526334649729913,-0.450886581665396
4.1254124709989,0.978052800205935,-0.50329775901426,-0.474755041191699
4.1255006382959,0.978134050221277,-0.479874748564372,-0.498259301656913
4.12558880559291,0.977464907579619,-0.456083589028168,-0.521381318551486
4.12567697288991,0.976045896540372,-0.431942535683706,-0.544103360856659
4.12576514018691,0.973878094930651,-0.407470107699081,-0.566407987231572
4.12585330748391,0.970963176233264,-0.382685081756984,-0.588278094476282
4.12596171171626,0.966358543067831,-0.351811364237072,-0.614547178830741
4.1260701159486,0.960633202913876,-0.320529475010071,-0.640103727903796
4.12617852018095,0.95379380553672,-0.28887579288261,-0.664918012654138
4.12628692441329,0.945848293821185,-0.256887050214709,-0.688961243606478
4.12639532864564,0.936805877729688,-0.224600370282775,-0.712205507446925
4.12650373287798,0.926677049390264,-0.192053191882819,-0.73462385750749
4.12661213711033,0.915473549150859,-0.159283274687822,-0.756190274463031
4.12672054134267,0.903208374552568,-0.126328614131212,-0.776879760421341
4.12682894557501,0.889895743606454,-0.0932274401941043,-0.796668303412394
4.12693734980736,0.875551099659567,-0.0600181320558964,-0.815532967603676
4.1270457540397,0.860191072632084,-0.0267392140834427,-0.833451858548651
4.12715415827205,0.843833480155412,0.0065707283237964,-0.850404208479205
4.12726256250439,0.826497286912525,0.0398730547764147,-0.866370341688915
4.12733017576956,0.815197420088112,0.0606240006068772,-0.875821420694978
4.12739778903472,0.803529841667497,0.0813474238920953,-0.884877265559598
4.12746540229988,0.79149976948006,0.102034066803145,-0.893533836283198
4.12753301556505,0.77911262291489,0.122674597784123,-0.901787220699022
4.12762517485519,0.761663832314771,0.150716836189448,-0.912380668504247
4.12771733414533,0.74357655250784,0.178632821912681,-0.922209374420544
4.12777753399298,0.731423868349773,0.196789069160677,-0.92821293751048
4.12783773384063,0.719009634117208,0.214874836603113,-0.933884470720315
4.12789793368828,0.706338258403972,0.232883712238065,-0.939221970642058
4.12795813353593,0.693414274555929,0.250809241514196,-0.944223516070149
4.12803063380016,0.677520934447702,0.272277576873994,-0.949798511321712
4.12810313406439,0.661276116168219,0.293604665580869,-0.954880781749098
4.12817563432862,0.644688248127579,0.314779456351391,-0.959467704478962
4.12824813459285,0.627765945966906,0.335790939748814,-0.963556885715736
4.12832063485708,0.610517984138833,0.356628233808289,-0.967146217947134
4.12839313512131,0.592953317217987,0.377280509087214,-0.970233826305187
4.12848130244231,0.571179651807083,0.402130591099903,-0.973310242906982
4.12856946976331,0.548967734396073,0.426672235863917,-0.975639970260005
4.12865763708431,0.526334639073047,0.45088659212164,-0.97722123119469
4.12874580440532,0.503297741813562,0.474755057898398,-0.978052799711956
4.12883397172632,0.479874724624523,0.498259324400652,-0.978134049025131
4.12892213904732,0.456083558168696,0.521381347104518,-0.977464905273212
4.12901030636832,0.431942497739334,0.544103394977165,-0.976045892716468
4.12909847368933,0.40747006252003,0.566408026663961,-0.973878089183984
4.12918664101033,0.382685029209371,0.588278138951491,-0.970963168160856
4.12929504524274,0.35181131090973,0.614547222081105,-0.966358532990824
4.12940344947516,0.320529420966897,0.64010376987456,-0.960633190841449
4.12951185370758,0.288875738188031,0.664918053292373,-0.953793791480384
4.12962025793999,0.256886994934241,0.688961282860485,-0.945848277794704
4.12972866217241,0.224600314482608,0.712205545266693,-0.93680585974928
4.12983706640483,0.192053135629717,0.734623893844621,-0.926677029474297
4.12994547063724,0.159283218049026,0.756190309270964,-0.915473527319975
4.13005387486966,0.126328557174618,0.776879793655022,-0.903208350829643
4.13016227910208,0.0932273829879189,0.796668335028705,-0.889895718016624
4.13027068333449,0.0600180746687623,0.815532997561381,-0.875551072230096
4.13037908756691,0.026739156584233,0.833451886808264,-0.86019104339249
4.13048749179933,-0.00657078586612973,0.850404235003337,-0.84383344913716
4.13059589603174,-0.0398731122926787,0.866370366442038,-0.826497254149339
4.13066350924104,-0.0606240409222711,0.875821436673904,-0.815197395751594
4.13073112245033,-0.0813474470326609,0.884877273408745,-0.803529826376087
4.13079873565962,-0.102034072818064,0.893533836657482,-0.791499763839383
4.13086634886892,-0.122674586745913,0.901787214263161,-0.779112627517246
4.13095850817171,-0.150716829029078,0.912380663713408,-0.761663834684302
4.13105066747451,-0.178632818599995,0.92220937106631,-0.743576552466323
4.13111086732641,-0.196789067132266,0.928212934591316,-0.731423867459076
4.13117106717831,-0.214874835848987,0.933884468189387,-0.719009632340403
4.13123126703021,-0.232883712746958,0.939221968452059,-0.706338255705099
4.1312914668821,-0.250809243273354,0.944223514173324,-0.693414270899961
4.13136396714405,-0.272277577933591,0.949798509169624,-0.677520931236013
4.13143646740599,-0.293604665948229,0.954880779372501,-0.66127611342423
4.13150896766793,-0.314779456034765,0.959467701908759,-0.644688245873961
4.13158146792987,-0.335790938757676,0.963556882983209,-0.627765944225551
4.13165396819181,-0.356628232153007,0.967146215083716,-0.610517982930707
4.13172646845375,-0.37728050677932,0.970233823342552,-0.592953316563221
4.13181463579431,-0.402130594272983,0.973310240551445,-0.571179646278429
4.13190280313487,-0.426672244377223,0.975639968179899,-0.548967723802643
4.13199097047543,-0.450886605821918,0.977221229057404,-0.52633462323547
4.13207913781599,-0.474755076620144,0.97805279718429,-0.503297720564148
4.13216730515654,-0.498259347966439,0.978134045774048,-0.479874697807613
4.1322554724971,-0.521381375325196,0.977464900966043,-0.456083525640847
4.13234363983766,-0.544103427652018,0.976045887021673,-0.43194245936963
4.13243180717822,-0.566408063581218,0.973878081771547,-0.407470018190294
4.13251997451878,-0.588278179888543,0.970963158702826,-0.382684978814239
4.13262837875126,-0.614547261906944,0.966358521714774,-0.351811259807797
4.13273678298374,-0.640103808539739,0.960633177755695,-0.320529369215951
4.13284518721622,-0.664918090748587,0.953793776595508,-0.2888756858469
4.1329535914487,-0.688961319061072,0.945848261123194,-0.256886942062136
4.13306199568118,-0.712205580166309,0.936805841305742,-0.224600261139416
4.13317039991366,-0.734623927399374,0.926677009275521,-0.192053081876111
4.13327880414614,-0.756190341438552,0.915473505384643,-0.159283163946078
4.13338720837862,-0.77687982439471,0.903208327178627,-0.126328502783893
4.1334956126111,-0.796668364301383,0.889895692672641,-0.0932273283711989
4.13360401684358,-0.815533025329626,0.875551045217869,-0.0600180198882386
4.13371242107606,-0.833451913036395,0.860191014738795,-0.0267391017024229
4.13382082530854,-0.850404259657314,0.843833418870778,0.00657084078657193
4.13392922954102,-0.866370389489778,0.826497222300741,0.0398731671890609
4.13399684269537,-0.875821451179071,0.815197372271416,0.0606240789076731
4.13406445584972,-0.884877280006149,0.803529811871287,0.0813474681348704
4.13413206900407,-0.89353383599202,0.791499758904365,0.102034077087661
4.13419968215842,-0.901787206989439,0.779112632733301,0.122674574256119
4.13429184144674,-0.912380655196505,0.761663843000023,0.15071681219651
4.13438400073505,-0.922209361552114,0.743576564072986,0.178632797479138
4.1344442006138,-0.928212928080988,0.731423873905853,0.196789054175146
4.13450440049255,-0.933884464388393,0.719009633390506,0.214874830997919
4.1345646003713,-0.939221967063076,0.706338251127687,0.232883715935403
4.13462480025005,-0.944223514896483,0.69341426047028,0.250809254426234
4.13469730050988,-0.949798509502982,0.677520921104611,0.2722775883984
4.13476980076971,-0.954880779343516,0.661276103615462,0.293604675728097
4.13484230102954,-0.959467701545308,0.644688236411337,0.314779465133977
4.13491480128937,-0.963556882313354,0.62776593513187,0.3357909471815
4.1349873015492,-0.967146214135904,0.610517974228236,0.356628239907647
4.13505980180903,-0.970233822145412,0.592953308273455,0.377280513871916
4.13514796914513,-0.973310239031957,0.571179638990036,0.402130600041946
4.13523613648122,-0.975639966413294,0.548967717563325,0.426672248849966
4.13532430381732,-0.977221227119132,0.526334618090409,0.450886609028726
4.13541247115342,-0.978052795150142,0.503297716555885,0.47475507859424
4.13550063848952,-0.978134043719854,0.479874694975996,0.49825934874385
4.13558880582562,-0.977464898967658,0.456083524023055,0.521381374944642
4.13567697316172,-0.976045885154982,0.431942459000099,0.544103426154914
4.13576514049782,-0.973878080112111,0.407470019100461,0.566408061011643
4.13585330783391,-0.970963157325918,0.382684981032889,0.588278176293037
4.13596171206639,-0.966358520526703,0.351811262099502,0.614547258427224
4.13607011629886,-0.960633176755626,0.320529371574805,0.640103805180847
4.13617852053134,-0.953793775782229,0.288875688266615,0.664918087515611
4.13628692476381,-0.94584826049545,0.256886944536642,0.688961315958781
4.13639532899629,-0.936805840861988,0.224600263662564,0.712205577199421
4.13650373322877,-0.926677009013963,0.192053084441503,0.734623924572436
4.13661213746124,-0.915473505303322,0.159283166547448,0.756190338755874
4.13672054169372,-0.903208327275274,0.126328505414664,0.776879821860621
4.13682894592619,-0.889895692944919,0.0932273310250721,0.796668361919871
4.13693735015867,-0.875551045663266,0.0600180225587971,0.815533023104489
4.13704575439114,-0.86019101535449,0.0267391043831141,0.833451910971383
4.13715415862362,-0.843833419653626,-0.00657083810229821,0.850404257755929
4.13726256285609,-0.826497223247651,-0.0398731645077013,0.86637038775533
4.13733017601139,-0.815197373156824,-0.0606240765241252,0.875821449680966
4.13739778916669,-0.80352981268356,-0.0813474660507445,0.884877278734305
4.13746540232199,-0.791499759631961,-0.102034075304285,0.893533834936256
4.1375330154773,-0.779112633364913,-0.122674572774273,0.901787206139198
4.13762517473854,-0.761663848951509,-0.150716802515175,0.912380651466645
4.13771733399979,-0.743576575712685,-0.178632779682887,0.922209355395528
4.13777753390115,-0.73142388123362,-0.196789043259904,0.928212924493531
4.1378377338025,-0.719009636206505,-0.214874826915827,0.933884463122304
4.13789793370386,-0.70633824923699,-0.232883718631274,0.939221967868247
4.13795813360521,-0.693414253683054,-0.250809263837676,0.944223517520747
4.13803063386524,-0.677520914166101,-0.272277597827855,0.949798511993958
4.13810313412527,-0.661276096526222,-0.293604685171462,0.954880781697693
4.1381756343853,-0.644688229172021,-0.31477947458709,0.959467703759095
4.13824813464533,-0.627765927743451,-0.335790956639958,0.963556884383383
4.13832063490536,-0.610517966691556,-0.356628249367206,0.967146216058769
4.13839313516539,-0.592953300589673,-0.377280523328171,0.970233823917851
4.13848130247755,-0.571179637161609,-0.402130602714119,0.973310239875718
4.13856946978971,-0.548967721828163,-0.42667224490563,0.975639966733779
4.13865763710186,-0.526334628672436,-0.450886598650792,0.977221227323216
4.13874580441402,-0.503297733664694,-0.474755061980747,0.978052795645413
4.13883397172618,-0.479874718806586,-0.498259326107505,0.978134044914064
4.13892213903834,-0.456083554755398,-0.521381346512625,0.977464901268009
4.1390103063505,-0.431942496799163,-0.544103392168415,0.976045888967549
4.13909847366266,-0.407470064115667,-0.566408021725609,0.973878085841256
4.13918664097482,-0.382685033397761,-0.588278131975863,0.970963165373601
4.13929504520722,-0.35181131524034,-0.614547215331737,0.96635853057205
4.13940344943963,-0.320529425427926,-0.640103763361467,0.960633188789374
4.13951185367204,-0.28887574276764,-0.664918047025219,0.953793789792855
4.13962025790445,-0.256886999620311,-0.688961276848776,0.945848276469044
4.13972866213685,-0.224600319262956,-0.712205539519488,0.936805858782429
4.13983706636926,-0.192053140492033,-0.734623888370813,0.926677028862812
4.13994547060167,-0.159283222981004,-0.756190304078998,0.915473527059995
4.14005387483408,-0.126328562163719,-0.776879788753147,0.903208350916842
4.14016227906648,-0.0932273880215427,-0.796668330424771,0.889895718446289
4.14027068329889,-0.0600180797344096,-0.815532993262767,0.875551072997197
4.1403790875313,-0.0267391616691819,-0.833451882822315,0.860191044491484
4.14048749176371,0.00657078077449319,-0.850404231336732,0.843833450562214
4.14059589599611,0.0398731072071005,-0.866370363101316,0.826497255894182
4.14066350920707,0.0606240363592646,-0.875821433768067,0.815197397408808
4.14073112241803,0.0813474429956024,-0.884877270920532,0.803529827924919
4.14079873562899,0.102034069309703,-0.893533834569137,0.79149976525941
4.14086634883995,0.122674583768079,-0.901787212556539,0.779112628788444
4.14095850808855,0.150716809631476,-0.912380656240226,0.761663846608776
4.14105066733714,0.178632782951863,-0.922209358733694,0.74357657578182
4.14111086723432,0.196789045265282,-0.928212927403939,0.73142388213867
4.14117106713149,0.214874827667405,-0.933884465651185,0.719009637983733
4.14123126702866,0.232883718140213,-0.939221970062105,0.70633825192185
4.14129146692583,0.250809262116474,-0.944223519426486,0.693414257310027
4.14136396718812,0.272277596796611,-0.94979851415176,0.677520917355112
4.14143646745041,0.293604684822982,-0.954880784077176,0.661276099254175
4.14150896771269,0.31477947491305,-0.959467706329808,0.644688231416742
4.14158146797498,0.335790957631158,-0.963556887114492,0.627765929483286
4.14165396823727,0.356628251013341,-0.967146218919205,0.610517967905837
4.14172646849955,0.377280525617965,-0.970233826876399,0.592953301258426
4.14181463579215,0.402130599521195,-0.973310242227557,0.571179642706312
4.14190280308474,0.426672236370821,-0.975639968810615,0.548967732439775
4.14199097037734,0.450886584927474,-0.977221229457778,0.526334644530289
4.14207913766993,0.474755043234396,-0.978052798170983,0.503297754936567
4.14216730496253,0.498259302515614,-0.978134048163852,0.479874745648239
4.14225547225513,0.521381318264477,-0.977464905574788,0.456083587310321
4.14234363954772,0.544103359464818,-0.976045894662989,0.431942535198138
4.14243180684032,0.566407984778386,-0.973878093255471,0.407470108477016
4.14251997413291,0.588278091007747,-0.970963174834606,0.382685083826857
4.14262837836525,0.614547175474661,-0.966358541852581,0.351811366377904
4.14273678259759,0.640103724665172,-0.960633201881074,0.320529477215872
4.14284518682993,0.664918009537929,-0.9537938046853,0.288875795147336
4.14295359106227,0.688961240617282,-0.945848293149782,0.256887052532486
4.14306199529461,0.71220550458931,-0.936805877236851,0.224600372647542
4.14317039952695,0.734623854785862,-0.926677049074294,0.192053194288416
4.14327880375929,0.756190271881665,-0.915473549009742,0.159283277128056
4.14338720799163,0.776879757984266,-0.903208374584212,0.126328616599948
4.14349561222397,0.796668301123498,-0.889895743808518,0.0932274426849971
4.14360401645631,0.815532965466782,-0.875551100029504,0.0600181345626743
4.14371242068865,0.833451856567228,-0.860191073167182,0.0267392165999179
4.14382082492099,0.850404206656715,-0.843833480852726,-0.00657072580399935
4.14392922915333,0.86637034002854,-0.826497287768953,-0.039873052259608
4.14399684241929,0.87582141924615,-0.815197420906962,-0.0606239983392045
4.14406445568525,0.8848772643141,-0.803529842438871,-0.0813474218752524
4.1441320689512,0.893533835232577,-0.791499770194163,-0.102034065038451
4.14419968221716,0.901787219834767,-0.779112623562045,-0.122674596272737
4.14429184148026,0.912380664763433,-0.761663838278456,-0.150716826485026
4.14438400074336,0.922209368255769,-0.743576564156141,-0.178632804099645
4.14444420061363,0.928212933916797,-0.731423875682669,-0.196789058234147
4.1445044004839,0.933884469449865,-0.719009636934623,-0.214874832515215
4.14456460035417,0.939221971444509,-0.706338256510912,-0.232883714933623
4.14462480022444,0.944223518693088,-0.693414267762437,-0.250809250930684
4.14469730048884,0.949798513809024,-0.677520927509428,-0.272277586299616
4.14476980075324,0.954880784097642,-0.66127610908603,-0.293604675011636
4.14484230101764,0.959467706685633,-0.644688240902498,-0.314779465783136
4.14491480128204,0.963556887777499,-0.627765938600144,-0.335790949177382
4.14498730154644,0.967146219861056,-0.610517976631523,-0.356628243229565
4.14505980181084,0.970233828068403,-0.592953309571489,-0.377280518496894
4.14514796910785,0.973310243741293,-0.57117965002942,-0.402130593711897
4.14523613640487,0.975639970571738,-0.548967738725538,-0.426672231846206
4.14532430370188,0.977221231391552,-0.526334649734089,-0.450886581657504
4.14541247099889,0.978052800202408,-0.503297759016135,-0.474755041186278
4.1455006382959,0.978134050217811,-0.479874748563932,-0.498259301653896
4.14558880559291,0.977464907576107,-0.456083589025365,-0.521381318550768
4.14567697288992,0.976045896536585,-0.431942535678374,-0.544103360858217
4.14576514018694,0.973878094926451,-0.407470107691176,-0.566407987235304
4.14585330748395,0.970963176228562,-0.38268508174651,-0.588278094482058
4.14596171171629,0.966358543062946,-0.351811364227431,-0.614547178835547
4.14607011594863,0.960633202908902,-0.320529475001301,-0.64010372790761
4.14617852018097,0.953793805531729,-0.288875792874675,-0.664918012657032
4.14628692441331,0.945848293816205,-0.256887050207665,-0.688961243608505
4.14639532864565,0.936805877724831,-0.224600370276724,-0.712205507448081
4.14650373287799,0.926677049385598,-0.192053191877778,-0.734623857507832
4.14661213711033,0.91547354914646,-0.159283274683802,-0.756190274462636
4.14672054134268,0.903208374548453,-0.126328614128221,-0.776879760420255
4.14682894557502,0.889895743602704,-0.0932274401921014,-0.796668303410631
4.14693734980736,0.875551099656332,-0.0600181320550207,-0.815532967601283
4.1470457540397,0.860191072629364,-0.0267392140836735,-0.83345185854573
4.14715415827204,0.843833480153308,0.00657072832248311,-0.850404208475791
4.14726256250438,0.826497286911091,0.0398730547739961,-0.86637034168508
4.14733017576955,0.815197420086252,0.0606240006053376,-0.875821420691603
4.14739778903471,0.803529841665264,0.0813474238913076,-0.884877265556582
4.14746540229988,0.791499769477405,0.102034066803093,-0.893533836280492
4.14753301556505,0.779112622911716,0.122674597784941,-0.901787220696695
4.14762517485525,0.761663832299665,0.150716836209093,-0.912380668508751
4.14771733414546,0.743576552479915,0.178632821950987,-0.922209374430925
4.14777753399306,0.731423868330739,0.196789069184922,-0.928212937515663
4.14783773384066,0.719009634107479,0.214874836613382,-0.933884470720865
4.14789793368826,0.706338258403904,0.232883712234567,-0.939221970638488
4.14795813353586,0.693414274565972,0.250809241496974,-0.944223516062972
4.14803063380009,0.677520934458875,0.272277576855763,-0.949798511314623
4.14810313406432,0.661276116180551,0.293604665561663,-0.954880781742203
4.14817563432854,0.644688248141049,0.314779456331229,-0.959467704472302
4.14824813459277,0.627765945981553,0.33579093972782,-0.963556885709383
4.148320634857,0.610517984154667,0.356628233786422,-0.967146217941096
4.14839313512122,0.592953317235059,0.377280509064508,-0.970233826299563
4.14848130244218,0.571179651837143,0.402130591063388,-0.97331024290051
4.14856946976313,0.548967734439628,0.426672235813913,-0.975639970253547
4.14865763708408,0.526334639130626,0.45088659205848,-0.977221231189112
4.14874580440503,0.503297741885568,0.47475505782255,-0.978052799708105
4.14883397172598,0.479874724711287,0.49825932431268,-0.978134049023968
4.14892213904693,0.456083558270539,0.521381347004933,-0.977464905275467
4.14901030636789,0.431942497856572,0.544103394866466,-0.976045892723053
4.14909847368884,0.407470062653024,0.566408026542698,-0.973878089195723
4.14918664100979,0.382685029358315,0.588278138820282,-0.970963168178583
4.14929504524221,0.351811311060965,0.61454722195322,-0.966358533014194
4.14940344947462,0.320529421120209,0.6401037697502,-0.960633190870421
4.14951185370704,0.288875738343387,0.664918053171562,-0.953793791514953
4.14962025793945,0.256886995091396,0.688961282743461,-0.945848277834825
4.14972866217187,0.224600314641372,0.712205545153583,-0.936805859794927
4.14983706640428,0.192053135789903,0.734623893735579,-0.926677029525465
4.1499454706367,0.159283218210522,0.756190309166096,-0.915473527376604
4.15005387486911,0.126328557337196,0.776879793554477,-0.903208350891658
4.15016227910153,0.0932273831513463,0.796668334932622,-0.889895718083947
4.15027068333394,0.0600180748328514,0.815532997469841,-0.875551072302683
4.15037908756636,0.0267391567487915,0.833451886721453,-0.860191043470243
4.15048749179878,-0.00657078570120898,0.850404234921292,-0.843833449220059
4.15059589603119,-0.0398731121276357,0.866370366364975,-0.826497254237291
4.15066350924066,-0.0606240408098261,0.875821436623391,-0.815197395813515
4.15073112245012,-0.0813474469728141,0.884877273382896,-0.803529826410077
4.15079873565959,-0.102034072810761,0.893533836654268,-0.791499763843483
4.15086634886905,-0.1226745867908,0.90178721428055,-0.779112627489754
4.15095850817178,-0.150716829053893,0.912380663722361,-0.761663834668451
4.15105066747451,-0.17863281860486,0.92220937106797,-0.743576552463098
4.15111086732639,-0.196789067131909,0.928212934591284,-0.731423867459362
4.15117106717828,-0.214874835843524,0.933884468187801,-0.719009632344302
4.15123126703016,-0.232883712736446,0.939221968449129,-0.706338255712674
4.15129146688204,-0.250809243257882,0.944223514169295,-0.693414270911408
4.15136396714399,-0.272277577920331,0.949798509166542,-0.677520931246229
4.15143646740594,-0.293604665937195,0.95488077937028,-0.661276113433075
4.15150896766789,-0.314779456025941,0.959467701907316,-0.644688245881359
4.15158146792984,-0.335790938750967,0.963556882982455,-0.627765944231445
4.15165396819178,-0.356628232148478,0.967146215083512,-0.610517982935003
4.15172646845373,-0.377280506776865,0.970233823342846,-0.592953316565969
4.15181463579426,-0.402130594261086,0.973310240550824,-0.571179646289746
4.15190280313478,-0.426672244356208,0.975639968179,-0.548967723822792
4.15199097047531,-0.450886605792014,0.977221229056795,-0.526334623264778
4.15207913781583,-0.474755076581629,0.978052797184584,-0.503297720602936
4.15216730515635,-0.498259347919693,0.978134045775751,-0.479874697856063
4.15225547249688,-0.521381375270496,0.977464900969775,-0.456083525699261
4.1523436398374,-0.544103427589707,0.976045887027981,-0.431942459438266
4.15243180717793,-0.56640806351172,0.973878081781003,-0.407470018269222
4.15251997451845,-0.588278179812205,0.970963158715971,-0.382684978903753
4.15262837875093,-0.614547261832962,0.966358521731222,-0.35181125989822
4.15273678298341,-0.640103808468147,0.960633177775457,-0.320529369307285
4.1528451872159,-0.664918090679509,0.953793776618469,-0.288875685938919
4.15295359144838,-0.68896131899447,0.945848261149384,-0.256886942154903
4.15306199568086,-0.712205580102309,0.936805841335093,-0.224600261232798
4.15317039991334,-0.734623927338083,0.926677009307967,-0.192053081969869
4.15327880414582,-0.756190341379972,0.91547350542013,-0.159283164040157
4.1533872083783,-0.776879824338934,0.903208327217017,-0.126328502878098
4.15349561261078,-0.796668364248458,0.889895692713976,-0.0932273284654888
4.15360401684327,-0.815533025279518,0.87555104526219,-0.0600180199826322
4.15371242107575,-0.833451912989206,0.860191014785872,-0.0267391017966454
4.15382082530823,-0.850404259613122,0.843833418920536,0.00657084069259471
4.15392922954071,-0.866370389448635,0.826497222353109,0.039873167095504
4.15399684269515,-0.875821451151581,0.815197372310788,0.0606240788408257
4.15406445584958,-0.884877279991337,0.803529811896662,0.0813474680946903
4.15413206900402,-0.89353383598889,0.791499758914833,0.102034077074088
4.15419968215846,-0.901787206996946,0.779112632727849,0.122674574269133
4.15429184144679,-0.912380655206418,0.761663842989709,0.150716812216729
4.15438400073513,-0.922209361563978,0.743576564057428,0.178632797506584
4.15444420061385,-0.92821292808939,0.731423873896251,0.196789054193185
4.15450440049257,-0.933884464393716,0.719009633387154,0.2148748310066
4.15456460037129,-0.939221967065615,0.706338251130818,0.23288371593481
4.15462480025001,-0.944223514896582,0.693414260480175,0.250809254416428
4.15469730050983,-0.949798509503078,0.677520921115659,0.272277588387445
4.15476980076966,-0.954880779343653,0.661276103627632,0.293604675716005
4.15484230102948,-0.959467701545503,0.644688236424743,0.31477946512077
4.15491480128931,-0.963556882313739,0.627765935146615,0.335790947167125
4.15498730154913,-0.967146214136457,0.61051797424429,0.356628239892169
4.15505980180896,-0.970233822146242,0.592953308290788,0.377280513855463
4.15514796914507,-0.973310239033668,0.57117963900547,0.40213060002822
4.15523613648117,-0.975639966415692,0.548967717576702,0.426672248839003
4.15532430381728,-0.977221227122078,0.526334618101658,0.450886609020426
4.15541247115339,-0.978052795153482,0.503297716564907,0.474755078588599
4.1555006384895,-0.978134043723477,0.479874694982775,0.498259348740679
4.1555888058256,-0.977464898971389,0.456083524027444,0.521381374943929
4.15567697316171,-0.976045885158665,0.431942459002062,0.544103426156587
4.15576514049782,-0.97387808011552,0.407470019099979,0.566408061015573
4.15585330783393,-0.970963157328976,0.382684981029769,0.588278176299216
4.15596171206641,-0.966358520529426,0.35181126209525,0.614547258434197
4.15607011629889,-0.96063317675793,0.320529371569323,0.640103805188595
4.15617852053137,-0.953793775783992,0.288875688259859,0.664918087524145
4.15628692476384,-0.94584826049661,0.256886944528587,0.688961315968008
4.15639532899632,-0.936805840862441,0.224600263653204,0.712205577209248
4.1565037332288,-0.926677009013607,0.192053084430707,0.734623924582905
4.15661213746128,-0.915473505302109,0.159283166535263,0.756190338766833
4.15672054169376,-0.903208327273126,0.126328505401201,0.77687982187194
4.15682894592624,-0.889895692941772,0.0932273310102122,0.796668361931579
4.15693735015872,-0.87555104565903,0.0600180225425772,0.815533023116447
4.1570457543912,-0.860191015348987,0.0267391043654634,0.833451910983523
4.15715415862368,-0.843833419646954,-0.00657083812122103,0.850404257768181
4.15726256285616,-0.826497223239685,-0.0398731645278979,0.866370387767591
4.15733017601146,-0.815197373148132,-0.0606240765449527,0.875821449693085
4.15739778916677,-0.803529812674111,-0.0813474660721746,0.884877278746259
4.15746540232207,-0.791499759621812,-0.102034075326169,0.893533834947977
4.15753301547737,-0.779112633354057,-0.122674572796663,0.901787206150715
4.15762517473864,-0.76166384893581,-0.150716802544216,0.91238065148002
4.15771733399991,-0.743576575691786,-0.178632779718592,0.922209355410395
4.15777753390122,-0.731423881221132,-0.196789043282324,0.928212924503437
4.15783773380254,-0.719009636202828,-0.214874826924968,0.933884463127772
4.15789793370385,-0.70633824924247,-0.23288371862732,0.939221967869748
4.15795813360516,-0.69341425369803,-0.250809263820764,0.944223517518774
4.15803063386523,-0.677520914172166,-0.272277597823259,0.949798511995414
4.1581031341253,-0.661276096523066,-0.293604685178885,0.954880781701956
4.15817563438537,-0.644688229159281,-0.314779474606368,0.959467703765638
4.15824813464544,-0.627765927720713,-0.335790956670949,0.963556884391628
4.15832063490551,-0.610517966658494,-0.35662824940964,0.967146216068156
4.15839313516558,-0.592953300545943,-0.377280523381839,0.970233823927789
4.15848130247778,-0.571179637105784,-0.4021306027796,0.973310239885372
4.15856946978999,-0.548967721759895,-0.426672244982551,0.975639966742463
4.15865763710219,-0.52633462859129,-0.450886598738814,0.97722122733013
4.15874580441439,-0.503297733570382,-0.474755062079415,0.978052795649786
4.1588339717266,-0.479874718698781,-0.498259326216343,0.978134044915116
4.1589221390388,-0.456083554633818,-0.521381346631222,0.977464901265033
4.159010306351,-0.431942496663458,-0.54410339229633,0.976045888959772
4.15909847366321,-0.407470063965674,-0.566408021862222,0.973878085827896
4.15918664097541,-0.382685033233323,-0.588278132120625,0.970963165353909
4.15929504520781,-0.351811315074506,-0.614547215471921,0.966358530546415
4.15940344944022,-0.320529425260816,-0.640103763497,0.960633188757852
4.15951185367262,-0.288875742599429,-0.66491804715602,0.953793789755422
4.15962025790503,-0.256886999451247,-0.68896127697471,0.945848276425964
4.15972866213743,-0.224600319093259,-0.712205539640467,0.936805858733737
4.15983706636984,-0.192053140321837,-0.734623888486758,0.926677028808595
4.15994547060224,-0.159283222810572,-0.756190304189799,0.91547352700036
4.16005387483465,-0.126328561993275,-0.776879788858704,0.903208350851978
4.16016227906705,-0.0932273878513224,-0.796668330525011,0.889895718376299
4.16027068329946,-0.0600180795644214,-0.815532993357728,0.875551072922158
4.16037908753186,-0.0267391614997473,-0.833451882911822,0.860191044411523
4.16048749176427,0.00657078094313697,-0.850404231420761,0.843833450477612
4.16059589599667,0.0398731073748283,-0.866370363179822,0.826497255804952
4.16066350920747,0.0606240364760544,-0.875821433820721,0.815197397344671
4.16073112241826,0.0813474430615949,-0.884877270949213,0.803529827887586
4.16079873562905,0.102034069324987,-0.893533834575734,0.791499765250716
4.16086634883985,0.122674583733012,-0.901787212543133,0.779112628810083
4.16095850808849,0.150716809609837,-0.912380656232561,0.761663846622702
4.16105066733713,0.178632782943596,-0.922209358731021,0.743576575787389
4.16111086723431,0.19678904525942,-0.928212927402172,0.731423882142698
4.16117106713149,0.214874827663905,-0.933884465650114,0.719009637986184
4.16123126702867,0.232883718139081,-0.93922197006171,0.706338251922636
4.16129146692585,0.250809262117692,-0.944223519426739,0.693414257309002
4.16136396718814,0.272277596798907,-0.949798514152156,0.677520917353208
4.16143646745043,0.293604684826238,-0.954880784077681,0.661276099251432
4.16150896771272,0.314779474917368,-0.959467706330369,0.644688231412983
4.16158146797501,0.335790957636409,-0.963556887115041,0.627765929478626
4.1616539682373,0.356628251019544,-0.967146218919734,0.610517967900203
4.16172646849959,0.377280525625097,-0.970233826876902,0.592953301251764
4.16181463579224,0.402130599543322,-0.973310242229348,0.571179642686003
4.16190280308489,0.426672236407533,-0.975639968812798,0.548967732405244
4.16199097037754,0.450886584978389,-0.977221229459514,0.526334644481088
4.16207913767019,0.474755043298974,-0.978052798171272,0.503297754872262
4.16216730496284,0.498259302593469,-0.978134048161824,0.479874745568322
4.16225547225549,0.521381318354985,-0.977464905569487,0.456083587214463
4.16234363954814,0.544103359567454,-0.97604589465349,0.431942535086007
4.16243180684079,0.566407984892567,-0.973878093240826,0.40747010834825
4.16251997413344,0.588278091132773,-0.97096317481404,0.382685083681263
4.16262837836577,0.614547175595658,-0.966358541826738,0.35181136623106
4.16273678259811,0.640103724781955,-0.96063320185003,0.320529477068065
4.16284518683045,0.664918009650394,-0.953793804649212,0.288875794998816
4.16295359106278,0.688961240725352,-0.945848293108734,0.256887052383361
4.16306199529512,0.71220550469281,-0.936805877191021,0.224600372498176
4.16317039952746,0.734623854884774,-0.926677049023732,0.192053194138952
4.16327880375979,0.756190271975909,-0.915473548954605,0.159283276978698
4.16338720799213,0.776879758073818,-0.903208374524594,0.126328616450804
4.16349561222447,0.796668301208277,-0.889895743744565,0.0932274425362685
4.1636040164568,0.815532965546682,-0.875551099961387,0.0600181344146806
4.16371242068914,0.833451856642301,-0.860191073095045,0.0267392164527117
4.16382082492147,0.85040420672691,-0.8438334807767,-0.00657072595020997
4.16392922915381,0.8663703400938,-0.826497287689181,-0.0398730524046344
4.16399684241962,0.875821419289065,-0.815197420848876,-0.0606239984401982
4.16406445568544,0.884877264336277,-0.803529842404035,-0.0813474219322535
4.16413206895125,0.893533835235711,-0.791499770184182,-0.102034065051558
4.16419968221707,0.901787219820568,-0.779112623578421,-0.122674596242148
4.16429184148017,0.912380664750356,-0.761663838294799,-0.150716826455543
4.16438400074327,0.922209368243756,-0.743576564172413,-0.178632804071338
4.16444420061358,0.928212933909331,-0.731423875690814,-0.196789058218523
4.1645044004839,0.933884469446425,-0.719009636934303,-0.21487483251212
4.16456460035421,0.939221971444688,-0.706338256501717,-0.232883714942999
4.16462480022452,0.944223518696394,-0.693414267744001,-0.250809250952431
4.16469730048894,0.94979851381308,-0.677520927486615,-0.272277586326504
4.16476980075336,0.95488078410223,-0.66127610905873,-0.293604675043518
4.16484230101778,0.959467706690488,-0.644688240870531,-0.31477946581996
4.16491480128219,0.963556887782386,-0.627765938563333,-0.335790949219086
4.16498730154661,0.967146219865722,-0.610517976589782,-0.356628243275937
4.16505980181103,0.970233828072547,-0.592953309524673,-0.377280518547886
4.1651479691081,0.973310243745484,-0.571179649968273,-0.402130593777205
4.16523613640516,0.975639970575069,-0.548967738649754,-0.426672231925339
4.16532430370223,0.977221231393159,-0.526334649643137,-0.450886581749998
4.16541247099929,0.978052800201306,-0.503297758909627,-0.474755041291686
4.16550063829636,0.978134050213115,-0.479874748441489,-0.498259301771657
4.16558880559342,0.977464907566926,-0.456083588886573,-0.521381318680358
4.16567697289048,0.976045896522014,-0.431942535522974,-0.544103360999033
4.16576514018755,0.973878094905622,-0.407470107518852,-0.566407987386744
4.16585330748461,0.970963176200503,-0.382685081556963,-0.588278094643525
4.16596171171696,0.966358543027689,-0.351811364033789,-0.614547178993931
4.16607011594931,0.960633202866391,-0.320529474803792,-0.640103728062634
4.16617852018165,0.953793805481937,-0.288875792673501,-0.664918012808435
4.166286924414,0.945848293759082,-0.256887050003031,-0.688961243756053
4.16639532864635,0.936805877660272,-0.224600370068748,-0.712205507591558
4.16650373287869,0.926677049313652,-0.192053191666718,-0.734623857646921
4.16661213711104,0.915473549067081,-0.159283274469914,-0.756190274597154
4.16672054134338,0.903208374461588,-0.126328613911635,-0.776879760549957
4.16682894557573,0.889895743508376,-0.0932274399731137,-0.796668303535261
4.16693734980808,0.875551099554502,-0.0600181318338073,-0.815532967720705
4.16704575404042,0.860191072520055,-0.0267392138604394,-0.833451858659619
4.16715415827277,0.843833480036581,0.00657072854739715,-0.850404208583957
4.16726256250512,0.826497286786951,0.0398730550003097,-0.866370341787255
4.16733017577006,0.815197419996264,0.06062400076254,-0.875821420758801
4.167397789035,0.8035298416118,0.0813474239795559,-0.8848772655914
4.16746540229994,0.791499769462996,0.102034066822591,-0.893533836285557
4.16753301556488,0.779112622938789,0.122674597735841,-0.901787220674646
4.16762517485499,0.761663832346179,0.150716836131416,-0.912380668477571
4.1677173341451,0.743576552547163,0.178632821844972,-0.922209374392156
4.16777753399284,0.731423868372413,0.196789069119317,-0.92821293749173
4.16783773384057,0.719009634122296,0.214874836588016,-0.933884470710303
4.16789793368831,0.70633825839085,0.232883712248978,-0.939221970639834
4.16795813353604,0.693414274523843,0.250809241550918,-0.944223516074765
4.16803063380026,0.677520934418924,0.272277576905281,-0.949798511324185
4.16810313406447,0.661276116142953,0.293604665606806,-0.954880781749737
4.16817563432868,0.644688248106017,0.31477945637198,-0.959467704478008
4.16824813459289,0.627765945949219,0.335790939764177,-0.963556885713389
4.16832063485711,0.610517984125202,0.356628233818431,-0.96714621794364
4.16839313512132,0.592953317208571,0.377280509092271,-0.970233826300815
4.1684813024423,0.571179651802813,0.402130591099055,-0.97331024290186
4.16856946976328,0.548967734397312,0.42667223585721,-0.975639970254532
4.16865763708426,0.5263346390799,0.450886592109319,-0.977221231189208
4.16874580440524,0.503297741826284,0.474755057880541,-0.978052799706841
4.16883397172622,0.479874724643269,0.498259324377493,-0.978134049020745
4.16892213904721,0.456083558193522,0.521381347076354,-0.977464905269868
4.16901030636819,0.431942497770473,0.54410339494411,-0.97604589271456
4.16909847368917,0.407470062557564,0.566408026626302,-0.973878089183844
4.16918664101015,0.382685029253492,0.588278138909431,-0.970963168162868
4.16929504524256,0.351811310954992,0.614547222039829,-0.966358532994798
4.16940344947498,0.320529421013202,0.640103769834172,-0.960633190847373
4.16951185370739,0.288875738235524,0.664918053252835,-0.953793791488346
4.16962025793981,0.256886994982769,0.688961282821947,-0.945848277804674
4.16972866217222,0.22460031453209,0.712205545229235,-0.936805859761303
4.16983706640464,0.19205313568006,0.734623893808326,-0.926677029488353
4.16994547063705,0.159283218100356,0.756190309235795,-0.915473527336143
4.17005387486947,0.126328557226754,0.776879793621141,-0.903208350847902
4.17016227910188,0.0932273830407569,0.796668334996146,-0.889895718036895
4.17027068333429,0.0600180747222169,0.815532997530232,-0.875551072252446
4.17037908756671,0.0267391566382307,0.83345188677864,-0.860191043416857
4.17048749179912,-0.00657078581146834,0.850404234975186,-0.843833449163667
4.17059589603154,-0.0398731122375397,0.866370366415517,-0.826497254177948
4.1706635092409,-0.0606240408885997,0.875821436658077,-0.815197395769466
4.17073112245027,-0.0813474470204482,0.884877273402839,-0.803529826382387
4.17079873565963,-0.102034072827266,0.893533836660678,-0.791499763833386
4.17086634886899,-0.122674586776435,0.901787214274669,-0.779112627498205
4.17095850817173,-0.150716829042825,0.912380663718119,-0.761663834675301
4.17105066747448,-0.178632818597093,0.922209371065242,-0.743576552468124
4.17111086732637,-0.19678906712822,0.928212934590033,-0.73142386746181
4.17117106717827,-0.214874835843807,0.933884468187929,-0.719009632344104
4.17123126703016,-0.232883712740679,0.939221968450469,-0.706338255709748
4.17129146688206,-0.250809243266066,0.944223514171661,-0.693414270905559
4.17136396714403,-0.272277577936653,0.9497985091708,-0.677520931234127
4.17143646740601,-0.293604665961493,0.954880779376078,-0.661276113414557
4.17150896766799,-0.314779456058094,0.959467701914246,-0.644688245856125
4.17158146792996,-0.33579093879084,0.963556882990148,-0.627765944199288
4.17165396819194,-0.356628232195943,0.967146215091654,-0.610517982895657
4.17172646845391,-0.377280506831712,0.970233823350984,-0.592953316519238
4.17181463579445,-0.402130594317408,0.973310240557642,-0.57117964624023
4.17190280313498,-0.426672244413847,0.975639968184393,-0.548967723770531
4.17199097047551,-0.450886605850954,0.977221229060636,-0.526334623209655
4.17207913781604,-0.474755076641745,0.97805279718673,-0.503297720544934
4.17216730515657,-0.498259347980786,0.978134045776118,-0.479874697795298
4.1722554724971,-0.521381375332502,0.977464900968144,-0.456083525635619
4.17234363983764,-0.544103427652549,0.976045887024337,-0.431942459371746
4.17243180717817,-0.566408063575204,0.973878081775168,-0.407470018199929
4.1725199745187,-0.588278179876311,0.970963158707897,-0.382684978831527
4.17262837875118,-0.614547261895967,0.96635852172043,-0.35181125982446
4.17273678298367,-0.640103808530038,0.960633177761968,-0.320529369231929
4.17284518721615,-0.664918090740127,0.953793776602259,-0.288875685862101
4.17295359144863,-0.68896131905381,0.945848261130337,-0.256886942076507
4.17306199568112,-0.712205580160208,0.936805841313244,-0.224600261153034
4.1731703999136,-0.734623927394483,0.926677009283248,-0.192053081888769
4.17327880414609,-0.756190341434709,0.91547350539259,-0.159283163957852
4.17338720837857,-0.776879824391989,0.903208327186647,-0.126328502794616
4.17349561261105,-0.796668364299683,0.889895692680663,-0.0932273283809786
4.17360401684354,-0.815533025328865,0.875551045225945,-0.0600180198970278
4.17371242107602,-0.833451913036553,0.860191014746755,-0.0267391017101525
4.17382082530851,-0.85040425965838,0.843833418878469,0.00657084077992611
4.17392922954099,-0.866370389491682,0.826497222308205,0.0398731671835095
4.17399684269534,-0.875821451181075,0.815197372279132,0.0606240789019487
4.17406445584969,-0.884877280008297,0.803529811879308,0.0813474681289744
4.17413206900404,-0.893533835994258,0.791499758912764,0.102034077081511
4.17419968215839,-0.901787206991758,0.779112632742007,0.12267457424979
4.17429184144668,-0.912380655196989,0.761663843012775,0.150716812184244
4.17438400073497,-0.92220936155103,0.743576564090036,0.178632797461023
4.17444420061375,-0.928212928082806,0.731423873918128,0.196789054164714
4.17450440049252,-0.933884464392846,0.719009633397693,0.214874830995145
4.1745646003713,-0.939221967069812,0.706338251129635,0.232883715940167
4.17462480025007,-0.944223514905251,0.69341426046678,0.250809254438503
4.1746973005099,-0.94979850951159,0.67752092110107,0.272277588410533
4.17476980076973,-0.954880779351961,0.661276103611825,0.293604675740153
4.17484230102956,-0.959467701553538,0.644688236407537,0.314779465146028
4.17491480128939,-0.963556882321457,0.627765935128037,0.335790947193437
4.17498730154922,-0.967146214143788,0.61051797422429,0.356628239919496
4.17505980180905,-0.97023382215313,0.59295330826937,0.377280513883789
4.17514796914516,-0.973310239039677,0.571179638984462,0.402130600055225
4.17523613648126,-0.975639966420887,0.5489677175562,0.426672248864699
4.17532430381736,-0.977221227126478,0.526334618081607,0.450886609044902
4.17541247115347,-0.978052795157178,0.503297716545485,0.474755078611741
4.17550063848957,-0.978134043726522,0.479874694963942,0.49825934876259
4.17558880582567,-0.977464898973838,0.456083524009254,0.521381374964616
4.17567697316178,-0.976045885160557,0.431942458984598,0.544103426176003
4.17576514049788,-0.973878080117018,0.407470019083242,0.566408061033789
4.17585330783399,-0.970963157330101,0.382684981013945,0.588278176316139
4.17596171206646,-0.966358520530111,0.351811262080309,0.614547258449792
4.17607011629894,-0.960633176758246,0.320529371555366,0.640103805202893
4.17617852053141,-0.953793775784133,0.288875688247081,0.664918087537063
4.17628692476389,-0.945848260496592,0.256886944516949,0.688961315979663
4.17639532899636,-0.936805840862365,0.224600263642634,0.712205577219723
4.17650373322884,-0.926677009013589,0.192053084421404,0.734623924592188
4.17661213746131,-0.915473505302247,0.15928316652723,0.756190338775009
4.17672054169379,-0.903208327273524,0.126328505394443,0.776879821879106
4.17682894592626,-0.8898956929425,0.0932273310047282,0.796668361937742
4.17693735015874,-0.875551045660093,0.0600180225383941,0.815533023121739
4.17704575439121,-0.860191015350605,0.0267391043626761,0.833451910987949
4.17715415862369,-0.843833419649141,-0.00657083812264776,0.850404257771821
4.17726256285616,-0.826497223242563,-0.0398731645279869,0.866370387770521
4.17733017601146,-0.815197373151435,-0.0606240765441953,0.875821449695626
4.17739778916676,-0.80352981267792,-0.081347466070534,0.884877278748464
4.17746540232206,-0.791499759626068,-0.102034075323714,0.893533834949825
4.17753301547736,-0.779112633358854,-0.12267457279337,0.901787206152259
4.17762517473865,-0.761663848937936,-0.150716802545196,0.912380651483136
4.17771733399993,-0.743576575691101,-0.178632779723765,0.92220935541489
4.17777753390124,-0.731423881221863,-0.196789043285246,0.928212924507132
4.17783773380254,-0.719009636204962,-0.214874826925764,0.933884463130738
4.17789793370385,-0.706338249246122,-0.232883718625988,0.939221967872077
4.17795813360515,-0.693414253703243,-0.250809263817297,0.944223517520534
4.17803063386519,-0.677520914184986,-0.272277597809706,0.949798511994696
4.17810313412522,-0.661276096543661,-0.293604685155564,0.954880781699269
4.17817563438526,-0.644688229188052,-0.314779474573341,0.959467703761403
4.1782481346453,-0.627765927758006,-0.335790956628347,0.963556884386341
4.17832063490533,-0.610517966704614,-0.356628249357668,0.967146216062241
4.17839313516537,-0.592953300601029,-0.377280523320752,0.970233823921785
4.17848130247757,-0.571179637163254,-0.402130602717784,0.973310239881048
4.17856946978977,-0.548967721819734,-0.426672244920111,0.975639966739815
4.17865763710196,-0.526334628653481,-0.450886598675851,0.977221227329291
4.17874580441416,-0.503297733634885,-0.474755062015999,0.978052795650861
4.17883397172636,-0.479874718765726,-0.498259326152501,0.978134044918215
4.17892213903856,-0.456083554703233,-0.521381346567018,0.977464901270239
4.17901030635075,-0.431942496735237,-0.544103392231898,0.976045888967112
4.17909847366295,-0.4074700640399,-0.566408021797679,0.973878085837553
4.17918664097515,-0.382685033309913,-0.588278132056038,0.970963165365936
4.17929504520755,-0.351811315151932,-0.614547215409147,0.966358530561045
4.17940344943996,-0.320529425339071,-0.640103763436085,0.96063318877516
4.17951185367236,-0.288875742678533,-0.664918047096909,0.953793789775415
4.17962025790477,-0.25688699953108,-0.688961276917494,0.945848276448542
4.17972866213717,-0.224600319173636,-0.712205539585307,0.936805858758912
4.17983706636958,-0.192053140402791,-0.734623888433607,0.926677028836352
4.17994547060198,-0.159283222892006,-0.756190304138704,0.91547352703068
4.18005387483439,-0.126328562074973,-0.776879788809812,0.903208350884751
4.18016227906679,-0.0932273879332598,-0.796668330478317,0.88989571841155
4.1802706832992,-0.060018079646618,-0.81553299331325,0.875551072959876
4.1803790875316,-0.0267391615820739,-0.833451882869584,0.860191044451685
4.18048749176401,0.00657078086090758,-0.850404231380963,0.843833450520003
4.18059589599641,0.0398731072926245,-0.866370363142382,0.826497255849733
4.18066350920728,0.0606240364158716,-0.875821433794532,0.815197397378648
4.18073112241814,0.0813474430232458,-0.884877270933438,0.803529827910167
4.18079873562901,0.102034069308528,-0.893533834569619,0.7914997652611
4.18086634883987,0.122674583738303,-0.901787212545743,0.779112628807459
4.18095850808859,0.15071680963724,-0.912380656243037,0.761663846605778
4.1810506673373,0.178632782992991,-0.922209358748151,0.743576575755134
4.18111086723442,0.196789045290698,-0.928212927412514,0.731423882121832
4.18117106713154,0.214874827677237,-0.933884465654456,0.719009637977196
4.18123126702866,0.232883718134615,-0.939221970060654,0.706338251926006
4.18129146692579,0.250809262095588,-0.944223519420912,0.693414257325285
4.18136396718808,0.272277596777831,-0.949798514146983,0.677520917369116
4.18143646745037,0.29360468480633,-0.954880784073164,0.66127609926681
4.18150896771266,0.314779474898522,-0.959467706326424,0.644688231427879
4.18158146797496,0.335790957618742,-0.963556887111644,0.62776592949291
4.18165396823725,0.356628251003025,-0.967146218916852,0.610517967913806
4.18172646849954,0.377280525609604,-0.970233826874457,0.592953301264795
4.18181463579217,0.402130599522658,-0.97331024222667,0.571179642703998
4.1819028030848,0.426672236381684,-0.975639968810206,0.548967732428504
4.18199097037744,0.45088658494754,-0.977221229457346,0.526334644509779
4.18207913767007,0.474755043263399,-0.978052798169878,0.503297754906464
4.1821673049627,0.498259302553197,-0.978134048161523,0.479874745608307
4.18225547225533,0.521381318310332,-0.977464905570626,0.456083587260266
4.18234363954796,0.544103359518537,-0.976045894656375,0.431942535137828
4.18243180684059,0.566407984839642,-0.973878093245838,0.407470108406194
4.18251997413322,0.588278091076139,-0.970963174821423,0.38268508374531
4.18262837836556,0.614547175542002,-0.966358541836042,0.351811366294036
4.1827367825979,0.640103724731341,-0.960633201861152,0.320529477129791
4.18284518683025,0.664918009602741,-0.953793804661899,0.288875795059166
4.18295359106259,0.688961240680637,-0.945848293122908,0.256887052442282
4.18306199529493,0.712205504651018,-0.936805877206448,0.224600372555406
4.18317039952728,0.734623854845779,-0.926677049040354,0.192053194194525
4.18327880375962,0.756190271939693,-0.915473548972155,0.159283277032473
4.18338720799197,0.77687975804027,-0.903208374542955,0.126328616502668
4.18349561222431,0.796668301177344,-0.88989574376361,0.0932274425862376
4.18360401645665,0.815532965518317,-0.875551099980864,0.0600181344625481
4.183712420689,0.833451856616348,-0.860191073114904,0.0267392164985164
4.18382082492134,0.850404206703276,-0.843833480796728,-0.00657072590655848
4.18392922915368,0.866370340072442,-0.826497287709254,-0.0398730523632068
4.18399684241954,0.8758214192738,-0.81519742086295,-0.0606239984108732
4.18406445568539,0.884877264326671,-0.803529842411707,-0.0813474219149793
4.18413206895124,0.893533835231322,-0.791499770185035,-0.102034065046299
4.18419968221709,0.901787219820842,-0.779112623572058,-0.122674596248837
4.18429184148023,0.912380664753831,-0.761663838282301,-0.150716826471543
4.18438400074336,0.922209368249897,-0.743576564153344,-0.178632804096568
4.18444420061364,0.928212933911935,-0.731423875677643,-0.196789058234285
4.18450440048393,0.933884469445832,-0.719009636927363,-0.214874832518481
4.18456460035421,0.939221971441243,-0.706338256501259,-0.232883714940017
4.18462480022449,0.944223518690499,-0.69341426775031,-0.250809250940206
4.18469730048891,0.949798513807424,-0.677520927493011,-0.272277586314414
4.18476980075333,0.954880784096758,-0.661276109065267,-0.29360467503152
4.18484230101774,0.959467706685292,-0.644688240877195,-0.314779465808085
4.18491480128216,0.963556887777424,-0.62776593857012,-0.33579094920732
4.18498730154658,0.967146219860955,-0.610517976596703,-0.356628243264275
4.185059801811,0.970233828068062,-0.592953309531727,-0.377280518536347
4.18514796910807,0.973310243741609,-0.571179649972448,-0.402130593769182
4.18523613640515,0.975639970571643,-0.548967738650902,-0.426672231920779
4.18532430370223,0.977221231389959,-0.526334649641088,-0.450886581748889
4.18541247099931,0.97805280019818,-0.503297758904261,-0.474755041293898
4.18550063829638,0.978134050209773,-0.479874748432758,-0.498259301777035
4.18558880559346,0.977464907563166,-0.456083588874291,-0.521381318688895
4.18567697289054,0.976045896517625,-0.431942535507106,-0.544103361010543
4.18576514018762,0.973878094900411,-0.40747010749931,-0.566407987401109
4.18585330748469,0.970963176194269,-0.38268508153371,-0.58827809466057
4.18596171171704,0.966358543020781,-0.351811364010752,-0.614547179010006
4.18607011594938,0.960633202858735,-0.320529474780949,-0.640103728077799
4.18617852018173,0.953793805473639,-0.288875792650869,-0.664918012822785
4.18628692441407,0.94584829375019,-0.256887049980749,-0.688961243769413
4.18639532864642,0.936805877650837,-0.22460037004686,-0.712205507604
4.18650373287876,0.926677049303695,-0.192053191645174,-0.734623857658503
4.1866121371111,0.915473549056551,-0.15928327444872,-0.756190274607854
4.18672054134345,0.903208374450681,-0.126328613890914,-0.776879760559779
4.18682894557579,0.889895743497052,-0.0932274399528041,-0.796668303544269
4.18693734980814,0.875551099542841,-0.0600181318140192,-0.815532967728806
4.18704575404048,0.860191072508121,-0.0267392138412345,-0.833451858666877
4.18715415827283,0.843833480024353,0.00657072856608596,-0.850404208590437
4.18726256250517,0.826497286774508,0.0398730550184908,-0.866370341793001
4.18733017577009,0.815197419987004,0.0606240007743339,-0.875821420761339
4.18739778903501,0.803529841606027,0.0813474239849343,-0.884877265590992
4.18746540229994,0.791499769460837,0.102034066821641,-0.893533836282486
4.18753301556486,0.779112622940478,0.122674597728607,-0.901787220669086
4.18762517485498,0.761663832346192,0.15071683612714,-0.912380668473345
4.1877173341451,0.743576552545331,0.178632821843686,-0.922209374389029
4.18777753399284,0.731423868369435,0.196789069119775,-0.92821293748921
4.18783773384058,0.719009634118216,0.214874836590119,-0.933884470708331
4.18789793368832,0.706338258385586,0.232883712252677,-0.939221970638245
4.18795813353606,0.693414274517371,0.250809241556203,-0.944223516073576
4.18803063380027,0.677520934411767,0.272277576911391,-0.949798511323153
4.18810313406449,0.66127611613508,0.293604665613668,-0.954880781748772
4.1881756343287,0.644688248097347,0.314779456379693,-0.959467704477019
4.18824813459292,0.627765945939839,0.335790939772619,-0.963556885712428
4.18832063485713,0.610517984115018,0.356628233827625,-0.96714621794264
4.18839313512135,0.592953317197601,0.377280509102157,-0.970233826299753
4.18848130244233,0.571179651791195,0.402130591109421,-0.973310242900591
4.18856946976332,0.548967734384863,0.426672235868148,-0.975639970252998
4.1886576370843,0.526334639066697,0.450886592120724,-0.977221231187421
4.18874580440528,0.503297741812233,0.474755057892461,-0.978052799704679
4.18883397172627,0.479874724628351,0.498259324389905,-0.978134049018263
4.18892213904725,0.456083558177772,0.52138134708919,-0.977464905266979
4.18901030636824,0.431942497753857,0.544103394957381,-0.976045892711228
4.18909847368922,0.407470062540128,0.566408026639898,-0.97387808917999
4.1891866410102,0.382685029235048,0.588278138923439,-0.970963168158471
4.18929504524262,0.351811310934803,0.614547222054762,-0.966358532989566
4.18940344947504,0.320529420991306,0.640103769849936,-0.960633190841205
4.18951185370746,0.288875738211831,0.664918053269323,-0.953793791481165
4.18962025793988,0.256886994957312,0.688961282839107,-0.945848277796401
4.1897286621723,0.224600314504893,0.712205545246918,-0.936805859751799
4.18983706640472,0.192053135651153,0.734623893826426,-0.926677029477559
4.18994547063714,0.15928321806954,0.756190309254274,-0.915473527323835
4.19005387486956,0.126328557194184,0.77687979363991,-0.9032083508341
4.19016227910198,0.0932273830064665,0.796668335015044,-0.889895718021507
4.1902706833344,0.0600180746862783,0.81553299754911,-0.875551072235395
4.19037908756682,0.0267391566006623,0.833451886797416,-0.860191043398042
4.19048749179924,-0.00657078585070612,0.850404234993771,-0.843833449143021
4.19059589603166,-0.0398731122783492,0.866370366433752,-0.826497254155399
4.19066350924098,-0.0606240409163404,0.875821436669777,-0.815197395753403
4.1907311224503,-0.0813474470351252,0.884877273408523,-0.803529826373382
4.19079873565963,-0.102034072828991,0.893533836660873,-0.791499763831854
4.19086634886895,-0.122674586765225,0.9017872142698,-0.779112627504555
4.19095850817166,-0.150716829021751,0.912380663710047,-0.761663834688297
4.19105066747436,-0.178632818566197,0.922209371054459,-0.743576552488262
4.1911108673263,-0.196789067109322,0.928212934583728,-0.731423867474366
4.19117106717823,-0.214874835836822,0.933884468185623,-0.719009632348789
4.19123126703017,-0.232883712745487,0.939221968451716,-0.706338255706245
4.1912914668821,-0.250809243282556,0.944223514176086,-0.693414270893524
4.19136396714408,-0.272277577952752,0.949798509174911,-0.677520931222138
4.19143646740605,-0.293604665977154,0.954880779379779,-0.66127611340261
4.19150896766803,-0.314779456073381,0.959467701917621,-0.644688245844237
4.19158146793,-0.33579093880578,0.963556882993211,-0.627765944187416
4.19165396819198,-0.356628232210455,0.967146215094379,-0.61051798288389
4.19172646845395,-0.37728050684595,0.970233823353374,-0.592953316507421
4.19181463579448,-0.402130594331313,0.973310240559719,-0.571179646228375
4.19190280313501,-0.426672244427408,0.975639968186171,-0.548967723758709
4.19199097047554,-0.450886605864034,0.977221229062048,-0.526334623198013
4.19207913781608,-0.474755076654417,0.978052797187849,-0.503297720533403
4.19216730515661,-0.498259347993087,0.978134045776935,-0.479874697783837
4.19225547249714,-0.521381375344441,0.977464900968755,-0.456083525624261
4.19234363983767,-0.544103427664139,0.976045887024598,-0.43194245936048
4.1924318071782,-0.566408063586443,0.973878081775216,-0.407470018188759
4.19251997451873,-0.588278179887146,0.970963158707736,-0.382684978820536
4.19262837875121,-0.614547261906025,0.966358521720063,-0.351811259814051
4.19273678298369,-0.640103808539232,0.960633177761473,-0.320529369222198
4.19284518721617,-0.664918090748612,0.953793776601639,-0.288875685853008
4.19295359144865,-0.688961319061512,0.945848261129747,-0.256886942068225
4.19306199568114,-0.712205580167216,0.936805841312725,-0.224600261145465
4.19317039991362,-0.734623927400816,0.926677009282799,-0.192053081881977
4.1932788041461,-0.756190341440456,0.915473505392306,-0.15928316395179
4.19338720837858,-0.776879824397156,0.903208327186511,-0.12632850278934
4.19349561261106,-0.796668364304264,0.889895692680822,-0.0932273283765463
4.19360401684354,-0.815533025332955,0.875551045226373,-0.060018019893426
4.19371242107602,-0.833451913040195,0.860191014747536,-0.0267391017073221
4.1938208253085,-0.850404259661582,0.84383341887966,0.00657084078192814
4.19392922954099,-0.866370389494544,0.826497222309801,0.0398731671847446
4.19399684269533,-0.875821451183703,0.815197372281122,0.0606240789025765
4.19406445584968,-0.884877280010619,0.803529811881698,0.0813474681289667
4.19413206900403,-0.893533835996455,0.79149975891544,0.102034077081039
4.19419968215837,-0.901787206993827,0.779112632745096,0.12267457424873
4.19429184144663,-0.912380655194251,0.761663843024418,0.150716812169829
4.19438400073488,-0.922209361544256,0.743576564110714,0.178632797433549
4.19444420061369,-0.928212928080119,0.731423873931599,0.196789054148518
4.1945044004925,-0.93388446439385,0.719009633403842,0.214874830990027
4.19456460037131,-0.939221967074128,0.706338251128037,0.232883715946149
4.19462480025013,-0.944223514912495,0.693414260457064,0.250809254455427
4.19469730050999,-0.949798509521155,0.677520921082952,0.272277588438222
4.19476980076986,-0.954880779363407,0.661276103584963,0.293604675778447
4.19484230102972,-0.959467701566318,0.644688236371706,0.314779465194616
4.19491480128959,-0.963556882335055,0.627765935082837,0.335790947252208
4.19498730154945,-0.967146214157706,0.610517974169448,0.356628239988289
4.19505980180932,-0.970233822166862,0.592953308204635,0.37728051396223
4.19514796914541,-0.973310239050611,0.571179638922842,0.40213060012778
4.19523613648149,-0.975639966429289,0.548967717497916,0.426672248931363
4.19532430381758,-0.977221227132668,0.526334618026829,0.450886609105856
4.19541247115367,-0.978052795161422,0.50329771649437,0.47475507866708
4.19550063848975,-0.978134043729103,0.479874694916788,0.498259348812352
4.19558880582584,-0.977464898975151,0.456083523966237,0.521381375008906
4.19567697316192,-0.97604588516086,0.43194245894581,0.544103426215038
4.19576514049801,-0.973878080116573,0.407470019048948,0.566408061067634
4.1958533078341,-0.970963157329207,0.382684980984188,0.588278176344996
4.19596171206657,-0.966358520528078,0.351811262049833,0.614547258478238
4.19607011629905,-0.960633176755015,0.320529371524221,0.640103805230808
4.19617852053152,-0.953793775779711,0.288875688215192,0.664918087564487
4.196286924764,-0.945848260490962,0.256886944484463,0.688961316006484
4.19639532899648,-0.936805840855572,0.224600263609684,0.712205577245851
4.19650373322895,-0.926677009005566,0.192053084387893,0.734623924617642
4.19661213746143,-0.915473505292978,0.159283166493228,0.75619033879978
4.1967205416939,-0.903208327263021,0.126328505359913,0.776879821903109
4.19682894592638,-0.889895692930733,0.0932273309698595,0.796668361960895
4.19693735015886,-0.875551045647167,0.0600180225031028,0.815533023144069
4.19704575439133,-0.86019101533645,0.0267391043270476,0.833451911009391
4.19715415862381,-0.843833419633688,-0.00657083815862459,0.850404257792342
4.19726256285628,-0.826497223225867,-0.0398731645642287,0.866370387790092
4.19733017601154,-0.815197373141177,-0.0606240765675897,0.875821449708801
4.1973977891668,-0.803529812674503,-0.0813474660812321,0.884877278755769
4.19746540232206,-0.791499759630043,-0.102034075321674,0.89353383495172
4.19753301547732,-0.779112633370528,-0.122674572778718,0.901787206149224
4.1976251747386,-0.761663848950434,-0.150716802529788,0.91238065148021
4.19771733399988,-0.743576575704488,-0.178632779707618,0.922209355412115
4.19777753390121,-0.731423881231293,-0.196789043275304,0.928212924506589
4.19783773380253,-0.719009636210263,-0.21487482692196,0.933884463132249
4.19789793370386,-0.70633824924715,-0.23288371862824,0.939221967875366
4.19795813360518,-0.693414253699774,-0.250809263825643,0.944223517525401
4.19803063386524,-0.677520914176792,-0.272277597824111,0.949798512000893
4.1981031341253,-0.66127609653061,-0.293604685175844,0.954880781706485
4.19817563438535,-0.644688229169895,-0.314779474599493,0.959467703769395
4.19824813464541,-0.627765927734617,-0.335790956660196,0.963556884394795
4.19832063490547,-0.610517966675676,-0.356628249395185,0.967146216070884
4.19839313516552,-0.59295330056663,-0.377280523363673,0.97023382393028
4.19848130247773,-0.571179637126309,-0.402130602762141,0.973310239888434
4.19856946978993,-0.548967721780291,-0.426672244965767,0.975639966746034
4.19865763710214,-0.526334628611416,-0.450886598722756,0.977221227334181
4.19874580441434,-0.50329773359019,-0.474755062064069,0.978052795654261
4.19883397172655,-0.479874718718369,-0.498259326201668,0.978134044920034
4.19892213903875,-0.456083554653163,-0.521381346617192,0.977464901270332
4.19901030635096,-0.431942496682551,-0.544103392282901,0.97604588896543
4.19909847366316,-0.407470063984404,-0.566408021849492,0.973878085833902
4.19918664097537,-0.382685033251747,-0.588278132108525,0.97096316536025
4.19929504520777,-0.351811315092923,-0.614547215460188,0.966358530553129
4.19940344944018,-0.320529425279333,-0.640103763485623,0.960633188764947
4.19951185367258,-0.288875742618075,-0.664918047144917,0.953793789763004
4.19962025790499,-0.256886999469925,-0.688961276963975,0.945848276433888
4.19972866213739,-0.224600319111996,-0.712205539630109,0.93680585874209
4.1998370663698,-0.192053140340698,-0.73462388847669,0.926677028817374
4.1999454706022,-0.159283222829505,-0.756190304180057,0.915473527009561
4.20005387483461,-0.126328562012175,-0.776879788849332,0.90320835086153
4.20016227906701,-0.0932273878702183,-0.796668330516046,0.88989571838624
4.20027068329942,-0.0600180795834005,-0.815532993349105,0.875551072932495
4.20037908753182,-0.026739161518658,-0.833451882903584,0.860191044422219
4.20048749176423,0.00657078092427026,-0.850404231412911,0.843833450488612
4.20059589599663,0.0398731073559126,-0.866370363172324,0.826497255816394
4.20066350920745,0.0606240364651535,-0.875821433817032,0.81519739735186
4.20073112241827,0.0813474430586107,-0.884877270948995,0.803529827890352
4.20079873562909,0.102034069329947,-0.893533834578738,0.791499765248771
4.20086634883991,0.122674583745889,-0.90178721254902,0.77911262880309
4.20095850808865,0.15071680965276,-0.912380656248884,0.761663846596096
4.20105066733739,0.178632783016257,-0.922209358756184,0.743576575739896
4.20111086723448,0.196789045303977,-0.928212927416883,0.731423882112902
4.20117106713156,0.21487482768055,-0.933884465655499,0.719009637974909
4.20123126702865,0.232883718128116,-0.939221970058738,0.706338251930591
4.20129146692574,0.250809262079304,-0.944223519416432,0.693414257337091
4.20136396718803,0.272277596760577,-0.94979851414249,0.677520917381923
4.20143646745032,0.293604684788094,-0.954880784068762,0.661276099280631
4.20150896771261,0.314779474879331,-0.959467706322159,0.644688231442825
4.2015814679749,0.335790957598619,-0.963556887107563,0.627765929508937
4.20165396823719,0.356628250981911,-0.967146218912961,0.610517967931054
4.20172646849948,0.377280525587657,-0.970233826870824,0.592953301283159
4.20181463579215,0.402130599511277,-0.973310242224739,0.571179642713468
4.20190280308481,0.426672236380686,-0.97563996880937,0.548967732428656
4.20199097037748,0.450886584956599,-0.9772212294569,0.526334644500292
4.20207913767015,0.474755043282253,-0.97805279816923,0.50329775488695
4.20216730496282,0.498259302581572,-0.978134048159988,0.47987474557839
4.20225547225548,0.5213813183478,-0.977464905567622,0.456083587219811
4.20234363954815,0.544103359564792,-0.976045894651303,0.431942535086489
4.20243180684082,0.566407984894258,-0.973878093238033,0.407470108343772
4.20251997413349,0.588278091138742,-0.970963174810275,0.382685083671534
4.20262837836583,0.614547175602838,-0.96635854182207,0.351811366219236
4.20273678259817,0.640103724790305,-0.960633201844377,0.320529477054055
4.20284518683052,0.664918009659744,-0.953793804642427,0.288875794982653
4.20295359106286,0.688961240735699,-0.945848293100658,0.256887052364943
4.20306199529521,0.712205504704044,-0.936805877181474,0.224600372477381
4.20317039952755,0.734623854896714,-0.926677049012639,0.192053194115911
4.20327880375989,0.756190271988459,-0.915473548941861,0.159283276953384
4.20338720799224,0.77687975808679,-0.90320837451011,0.126328616423284
4.20349561222458,0.796668301221593,-0.889895743728108,0.0932274425065113
4.20360401645692,0.815532965560247,-0.875551099942836,0.0600181343825863
4.20371242068927,0.833451856655897,-0.860191073074353,0.0267392164184408
4.20382082492161,0.850404206740362,-0.843833480753777,-0.0065707259866412
4.20392922915395,0.866370340107044,-0.826497287663845,-0.0398730524432041
4.20399684241973,0.875821419296688,-0.815197420828759,-0.0606239984679526
4.20406445568551,0.884877264338696,-0.803529842389503,-0.0813474219491922
4.20413206895129,0.893533835233374,-0.791499770175561,-0.102034065057802
4.20419968221707,0.901787219813777,-0.779112623576146,-0.122674596237663
4.20429184148021,0.912380664748582,-0.761663838283909,-0.150716826464701
4.20438400074336,0.922209368246272,-0.743576564152175,-0.178632804094089
4.20444420061365,0.928212933908904,-0.731423875675281,-0.196789058233621
4.20450440048394,0.933884469443336,-0.71900963692367,-0.214874832519674
4.20456460035423,0.939221971439292,-0.706338256496213,-0.232883714943085
4.20462480022452,0.944223518688883,-0.693414267743854,-0.250809250945059
4.2046973004889,0.949798513803462,-0.677520927493105,-0.272277586310339
4.20476980075329,0.954880784090878,-0.661276109072172,-0.293604675018712
4.20484230101768,0.959467706677807,-0.644688240891219,-0.314779465786604
4.20491480128207,0.963556887768845,-0.627765938591551,-0.335790949177288
4.20498730154645,0.967146219851662,-0.610517976625802,-0.356628243225862
4.20505980181084,0.970233828058472,-0.592953309568788,-0.377280518489693
4.20514796910792,0.97331024373338,-0.571179650010434,-0.402130593722945
4.20523613640499,0.975639970564724,-0.54896773868978,-0.42667223187495
4.20532430370207,0.977221231384391,-0.526334649680877,-0.450886581703538
4.20541247099915,0.978052800193936,-0.503297758944917,-0.474755041249026
4.20550063829622,0.978134050206927,-0.479874748474248,-0.498259301732705
4.2055888055933,0.977464907561747,-0.456083588916692,-0.521381318645055
4.20567697289038,0.976045896517576,-0.431942535550296,-0.544103360967286
4.20576514018745,0.973878094901747,-0.407470107543305,-0.566407987358473
4.20585330748453,0.970963176197053,-0.382685081578458,-0.588278094618601
4.20596171171688,0.96635854302519,-0.351811364056015,-0.614547178969198
4.20607011594922,0.960633202864835,-0.320529474826641,-0.640103728038183
4.20617852018157,0.953793805481325,-0.288875792696921,-0.6649180127844
4.20628692441391,0.945848293759383,-0.256887050026979,-0.688961243732397
4.20639532864626,0.936805877661619,-0.224600370093285,-0.712205507568328
4.2065037328786,0.926677049315943,-0.192053191691726,-0.734623857624225
4.20661213711095,0.915473549070326,-0.15928327449537,-0.756190274574967
4.20672054134329,0.903208374465908,-0.126328613937592,-0.776879760528319
4.20682894557564,0.889895743513666,-0.0932274399994682,-0.796668303514229
4.20693734980798,0.875551099560781,-0.0600181318605068,-0.815532967700275
4.20704575404033,0.860191072527387,-0.0267392138875354,-0.833451858639848
4.20715415827267,0.843833480044829,0.00657072852009332,-0.85040420856494
4.20726256250502,0.826497286796205,0.0398730549727996,-0.866370341768999
4.20733017576998,0.81519742000354,0.0606240007395708,-0.875821420743111
4.20739778903493,0.803529841616924,0.0813474239611918,-0.884877265578143
4.20746540229989,0.791499769465733,0.102034066808847,-0.893533836274574
4.20753301556485,0.779112622939009,0.122674597726701,-0.901787220665672
4.20762517485493,0.761663832352281,0.150716836113415,-0.912380668465686
4.20771733414501,0.743576552559559,0.178632821818258,-0.922209374377818
4.20777753399278,0.73142386837742,0.19678906910423,-0.928212937481624
4.20783773384056,0.719009634119617,0.214874836584389,-0.933884470703994
4.20789793368833,0.706338258380084,0.23288371225685,-0.93922197063695
4.2079581335361,0.69341427450473,0.250809241570068,-0.944223516074795
4.20803063380031,0.677520934400671,0.272277576922777,-0.949798511323472
4.20810313406452,0.661276116125696,0.293604665622599,-0.95488078174827
4.20817563432872,0.644688248089745,0.314779456386117,-0.959467704475873
4.20824813459293,0.627765945934053,0.335790939776653,-0.963556885710715
4.20832063485714,0.610517984111153,0.356628233829294,-0.967146217940439
4.20839313512135,0.592953317195699,0.377280509101515,-0.970233826297187
4.20848130244231,0.571179651792635,0.402130591105052,-0.973310242897682
4.20856946976328,0.548967734389944,0.426672235860037,-0.97563997024997
4.20865763708425,0.526334639075486,0.450886592109016,-0.977221231184443
4.20874580440522,0.503297741824908,0.474755057877193,-0.978052799702096
4.20883397172619,0.479874724644987,0.498259324371285,-0.978134049016288
4.20892213904716,0.456083558198531,0.521381347067255,-0.977464905265769
4.20901030636813,0.431942497778847,0.544103394932262,-0.976045892711075
4.2090984736891,0.407470062569363,0.56640802661182,-0.973878089181175
4.20918664101007,0.382685029268768,0.588278138892446,-0.970963168161206
4.20929504524249,0.351811310970223,0.614547222023634,-0.966358532993863
4.2094034494749,0.320529421028243,0.640103769818906,-0.960633190847122
4.20951185370732,0.288875738250284,0.664918053238444,-0.953793791488688
4.20962025793974,0.256886994997297,0.688961282808404,-0.945848277805688
4.20972866217215,0.224600314546352,0.712205545216546,-0.936805859762848
4.20983706640457,0.192053135693952,0.734623893796512,-0.926677029490424
4.20994547063698,0.159283218113805,0.756190309224858,-0.91547352733865
4.2100538748694,0.126328557239826,0.776879793611011,-0.90320835085081
4.21016227910182,0.0932273830534259,0.796668334986879,-0.889895718040309
4.21027068333423,0.0600180747344097,0.815532997521767,-0.87555107225614
4.21037908756665,0.0267391566499484,0.833451886770967,-0.860191043420897
4.21048749179907,-0.00657078580029639,0.850404234968308,-0.843833449168016
4.21059589603148,-0.0398731122268777,0.866370366409393,-0.826497254182482
4.21066350924085,-0.0606240408798935,0.875821436653132,-0.815197395773212
4.21073112245022,-0.0813474470136407,0.884877273399006,-0.803529826385351
4.21079873565959,-0.102034072822392,0.893533836657874,-0.791499763835436
4.21086634886896,-0.122674586773534,0.901787214272833,-0.779112627499266
4.21095850817168,-0.150716829032222,0.912380663713726,-0.761663834681489
4.21105066747439,-0.178632818578933,0.922209371058728,-0.743576552479781
4.21111086732631,-0.196789067116928,0.928212934586178,-0.731423867469225
4.21117106717823,-0.214874835839397,0.933884468186507,-0.719009632347062
4.21123126703015,-0.232883712742991,0.939221968451142,-0.706338255708138
4.21129146688206,-0.250809243275107,0.944223514174299,-0.693414270899118
4.21136396714406,-0.272277577950838,0.949798509174657,-0.6775209312238
4.21143646740605,-0.293604665980733,0.954880779380896,-0.661276113400167
4.21150896766805,-0.314779456082386,0.959467701919889,-0.644688245837485
4.21158146793004,-0.335790938820136,0.96355688299629,-0.627765944176137
4.21165396819203,-0.356628232230051,0.967146215098012,-0.610517982867936
4.21172646845403,-0.377280506870528,0.970233823357397,-0.592953316486817
4.2118146357945,-0.402130594338483,0.973310240561179,-0.571179646222684
4.21190280313497,-0.426672244417541,0.975639968186145,-0.54896772376856
4.21199097047544,-0.450886605837657,0.9772212290616,-0.526334623223929
4.21207913781591,-0.474755076612068,0.97805279718798,-0.503297720575897
4.21216730515637,-0.498259347935228,0.978134045778734,-0.479874697843483
4.21225547249684,-0.521381375271663,0.977464900973207,-0.456083525701515
4.21234363983731,-0.544103427577013,0.976045887032837,-0.431942459455812
4.21243180717778,-0.566408063485695,0.97387808178821,-0.407470018302487
4.21251997451825,-0.588278179773413,0.970963158726465,-0.382684978953026
4.21262837875073,-0.614547261795523,0.966358521743769,-0.351811259948229
4.21273678298322,-0.640103808432114,0.96063317778999,-0.32052936935787
4.2128451872157,-0.664918090644966,0.953793776634987,-0.288875685990008
4.21295359144818,-0.688961318961483,0.945848261167829,-0.256886942206314
4.21306199568066,-0.712205580070921,0.936805841355474,-0.224600261284535
4.21317039991315,-0.73462392730834,0.926677009330213,-0.192053082021846
4.21327880414563,-0.756190341351886,0.915473505444239,-0.159283164092321
4.21338720837811,-0.776879824312551,0.903208327242913,-0.126328502930374
4.21349561261059,-0.796668364223823,0.88989569274164,-0.0932273285178013
4.21360401684307,-0.815533025256673,0.875551045291497,-0.0600180200348074
4.21371242107556,-0.833451912968155,0.86019101481688,-0.0267391018486844
4.21382082530804,-0.850404259593904,0.843833418953165,0.00657084064075028
4.21392922954052,-0.866370389431245,0.826497222387368,0.0398731670439139
4.21399684269501,-0.875821451143202,0.815197372336266,0.0606240788069536
4.21406445584951,-0.884877279991301,0.803529811912822,0.081347468078471
4.214132069004,-0.893533835996485,0.791499758921028,0.102034077075464
4.2141996821585,-0.901787207011431,0.779112632723584,0.122674574287849
4.21429184144673,-0.91238065520873,0.761663843005783,0.150716812202996
4.21438400073496,-0.922209361555949,0.743576564095226,0.178632797460745
4.21444420061373,-0.928212928087601,0.73142387392381,0.196789054163801
4.2145044004925,-0.933884464397488,0.719009633403939,0.214874830993621
4.21456460037128,-0.939221967074398,0.706338251136451,0.232883715938014
4.21462480025005,-0.944223514909819,0.693414260474023,0.250809254435819
4.21469730050992,-0.949798509518878,0.677520921100783,0.272277588418116
4.21476980076978,-0.954880779361467,0.661276103603645,0.293604675757838
4.21484230102964,-0.959467701564811,0.644688236391136,0.314779465173715
4.21491480128951,-0.963556882333972,0.627765935103093,0.335790947230908
4.21498730154937,-0.967146214157095,0.610517974190522,0.356628239966593
4.21505980180924,-0.970233822166782,0.592953308226561,0.377280513940242
4.21514796914531,-0.973310239050946,0.571179638947468,0.402130600103471
4.21523613648139,-0.9756399664302,0.54896771752547,0.426672248904757
4.21532430381747,-0.977221227134394,0.526334618057392,0.450886609076987
4.21541247115354,-0.97805279516404,0.503297716527977,0.474755078636097
4.21550063848962,-0.978134043732839,0.479874694953524,0.498259348779342
4.21558880582569,-0.977464898980141,0.456083524006137,0.521381374974014
4.21567697316177,-0.976045885167295,0.431942458988955,0.544103426178327
4.21576514049785,-0.973878080124597,0.407470019095351,0.566408061029247
4.21585330783392,-0.970963157338942,0.382684981033826,0.588278176305123
4.2159617120664,-0.966358520539448,0.351811262099338,0.614547258440127
4.21607011629888,-0.960633176767989,0.320529371573418,0.64010380519455
4.21617852053136,-0.953793775794069,0.288875688263969,0.664918087530125
4.21628692476384,-0.945848260506685,0.25688694453273,0.688961315973999
4.21639532899632,-0.936805840872623,0.224600263657343,0.712205577215291
4.2165037332288,-0.926677009023808,0.19205308443487,0.734623924588945
4.21661213746128,-0.915473505312369,0.159283166539454,0.756190338772911
4.21672054169376,-0.903208327283389,0.126328505405307,0.7768798218781
4.21682894592624,-0.889895692952105,0.093227331014377,0.796668361937707
4.21693735015872,-0.875551045669395,0.0600180225467725,0.815533023122633
4.2170457543912,-0.86019101535942,0.0267391043696577,0.833451910989736
4.21715415862368,-0.843833419657422,-0.00657083811700356,0.850404257774453
4.21726256285616,-0.826497223250191,-0.0398731645236754,0.866370387773872
4.21733017601147,-0.815197373156933,-0.0606240765438183,0.875821449700757
4.21739778916678,-0.803529812681188,-0.0813474660740452,0.884877278755228
4.2174654023221,-0.791499759627012,-0.102034075331074,0.893533834958098
4.21753301547741,-0.779112633357286,-0.122674572804544,0.901787206161825
4.21762517473872,-0.761663848930733,-0.150716802564765,0.912380651495497
4.21771733400003,-0.743576575677868,-0.178632779751624,0.922209355429471
4.2177775339013,-0.731423881215263,-0.196789043302586,0.928212924517821
4.21783773380257,-0.71900963620529,-0.214874826932631,0.933884463137931
4.21789793370384,-0.70633824925369,-0.23288371862245,0.939221967876116
4.21795813360511,-0.693414253718374,-0.250809263803464,0.944223517521817
4.21803063386514,-0.677520914201214,-0.272277597794803,0.949798511996019
4.21810313412518,-0.661276096561017,-0.2936046851396,0.954880781700617
4.21817563438521,-0.644688229206565,-0.314779474556298,0.95946770376288
4.21824813464524,-0.627765927777698,-0.335790956610273,0.963556884387966
4.21832063490527,-0.610517966725583,-0.356628249338552,0.967146216064132
4.2183931351653,-0.592953300623357,-0.377280523300574,0.970233823923933
4.21848130247748,-0.571179637190636,-0.402130602692522,0.973310239883157
4.21856946978966,-0.548967721852315,-0.426672244889909,0.975639966742234
4.21865763710184,-0.526334628691438,-0.450886598640909,0.97722122733234
4.21874580441402,-0.503297733678374,-0.474755061976475,0.978052795654835
4.2188339717262,-0.479874718814761,-0.498259326108636,0.978134044923431
4.21892213903838,-0.456083554758018,-0.521381346518994,0.977464901276985
4.21901030635056,-0.431942496795895,-0.544103392179891,0.976045888975781
4.21909847366274,-0.407470064106444,-0.566408021741944,0.973878085848377
4.21918664097492,-0.382685033382489,-0.588278131996793,0.970963165379318
4.21929504520732,-0.351811315225598,-0.614547215351277,0.966358530576862
4.21940344943973,-0.320529425413673,-0.640103763379698,0.960633188793357
4.21951185367213,-0.288875742753865,-0.664918047042145,0.95379378979604
4.21962025790454,-0.256886999607135,-0.688961276864392,0.945848276471517
4.21972866213694,-0.224600319250404,-0.712205539533851,0.936805858784277
4.21983706636935,-0.19205314048015,-0.734623888383937,0.926677028864037
4.21994547060175,-0.159283222969767,-0.756190304090918,0.915473527060653
4.22005387483416,-0.126328562153194,-0.776879788763858,0.903208350917061
4.22016227906656,-0.0932273880118208,-0.796668330434325,0.889895718446133
4.22027068329897,-0.0600180797253166,-0.815532993271306,0.875551072996627
4.22037908753137,-0.0267391616608642,-0.833451882829694,0.860191044490549
4.22048749176377,0.00657078078197348,-0.850404231343089,0.843833450561098
4.22059589599618,0.0398731072136967,-0.866370363106619,0.826497255892936
4.22066350920715,0.0606240363691804,-0.875821433774543,0.815197397405301
4.22073112241812,0.0813474430087233,-0.884877270927927,0.803529827919178
4.22079873562909,0.102034069326064,-0.893533834577336,0.791499765251253
4.22086634884006,0.122674583787664,-0.901787212565475,0.779112628777784
4.22095850808882,0.150716809702609,-0.912380656267157,0.761663846564514
4.22105066733759,0.178632783074183,-0.922209358775778,0.743576575701558
4.22111086723461,0.19678904534108,-0.928212927428727,0.731423882087618
4.22117106713163,0.214874827697049,-0.933884465660317,0.719009637963264
4.22123126702865,0.232883718124108,-0.939221970057386,0.706338251933254
4.22129146692567,0.250809262055017,-0.94422351940957,0.693414257354529
4.22136396718797,0.272277596740183,-0.949798514137095,0.677520917396886
4.22143646745028,0.293604684771522,-0.954880784064585,0.661276099293016
4.22150896771258,0.314779474866605,-0.959467706319071,0.644688231452443
4.22158146797488,0.335790957589531,-0.963556887105352,0.627765929515796
4.22165396823718,0.356628250976496,-0.967146218911514,0.610517967934977
4.22172646849948,0.37728052558586,-0.970233826869928,0.592953301284033
4.22181463579221,0.402130599525614,-0.973310242225586,0.57117964269994
4.22190280308494,0.426672236410777,-0.975639968810927,0.548967732400119
4.22199097037766,0.45088658500201,-0.977221229458215,0.526334644456214
4.22207913767039,0.474755043342421,-0.978052798169343,0.50329775482689
4.22216730496311,0.498259302656024,-0.97813404815794,0.47987474550191
4.22225547225584,0.521381318435981,-0.977464905562368,0.45608358712637
4.22234363954856,0.544103359666122,-0.976045894641876,0.431942534975721
4.22243180684129,0.566407985008063,-0.973878093223475,0.407470108215371
4.22251997413401,0.588278091264317,-0.970963174789589,0.382685083525244
4.22262837836635,0.614547175724275,-0.966358541796145,0.351811366071822
4.22273678259869,0.640103724907507,-0.960633201813268,0.320529476905745
4.22284518683103,0.664918009772627,-0.953793804606223,0.28887579483356
4.22295359106337,0.688961240844066,-0.945848293059569,0.256887052215431
4.22306199529571,0.712205504807913,-0.936805877135521,0.224600372327595
4.22317039952805,0.734623854995988,-0.926677048961968,0.192053193965959
4.22327880376039,0.756190272083002,-0.915473548886583,0.159283276803591
4.22338720799273,0.776879758176586,-0.903208374450332,0.126328616273713
4.22349561222507,0.796668301306633,-0.889895743664047,0.0932274423573991
4.22360401645741,0.815532965640443,-0.87555109987458,0.0600181342341289
4.22371242068975,0.833451856731211,-0.860191073002066,0.0267392162708224
4.22382082492209,0.850404206810805,-0.84383348067758,-0.00657072613324128
4.22392922915443,0.866370340172553,-0.826497287583973,-0.0398730525886097
4.22399684242007,0.875821419339559,-0.815197420770846,-0.0606239985687309
4.2240644556857,0.884877264360597,-0.803529842355126,-0.0813474220054541
4.22413206895133,0.893533835236005,-0.791499770166353,-0.102034065069664
4.22419968221697,0.901787219798937,-0.779112623593615,-0.122674596205344
4.22429184148011,0.912380664734623,-0.761663838301831,-0.150716826432816
4.22438400074326,0.92220936823318,-0.743576564170672,-0.178632804062525
4.22444420061359,0.928212933899968,-0.731423875686568,-0.196789058213413
4.22450440048391,0.933884469438188,-0.719009636927431,-0.214874832510767
4.22456460035424,0.939221971437434,-0.70633825649212,-0.232883714945314
4.22462480022457,0.94422351868995,-0.693414267731576,-0.250809250958384
4.22469730048894,0.949798513803272,-0.67752092748323,-0.272277586320085
4.22476980075332,0.954880784089631,-0.661276109064789,-0.293604675024863
4.22484230101769,0.959467706675663,-0.644688240886364,-0.314779465789329
4.22491480128207,0.963556887765964,-0.627765938589351,-0.335790949176623
4.22498730154645,0.96714621984822,-0.610517976626381,-0.356628243221828
4.22505980181082,0.970233828054578,-0.592953309572202,-0.3772805184824
4.22514796910792,0.973310243730242,-0.571179650008851,-0.402130593721415
4.22523613640502,0.975639970562029,-0.548967738683006,-0.42667223187903
4.22532430370211,0.977221231381738,-0.526334649668734,-0.450886581713034
4.22541247099921,0.978052800191018,-0.503297758927248,-0.474755041263779
4.22550063829631,0.978134050203394,-0.479874748450897,-0.498259301752514
4.2255888055934,0.977464907557223,-0.456083588887472,-0.521381318669752
4.2256769728905,0.976045896511768,-0.431942535515128,-0.544103360996646
4.2257651401876,0.973878094894281,-0.40747010750191,-0.566407987392382
4.2258533074847,0.970963176187562,-0.382685081530824,-0.588278094656763
4.22596171171704,0.966358543014019,-0.351811364007611,-0.61454717900642
4.22607011594939,0.960633202851938,-0.320529474777588,-0.640103728074335
4.22617852018173,0.953793805466678,-0.28887579264725,-0.664918012819452
4.22628692441408,0.945848293743042,-0.256887049976785,-0.688961243766293
4.22639532864642,0.936805877643623,-0.224600370042607,-0.712205507601009
4.22650373287877,0.926677049296291,-0.192053191640663,-0.734623857655636
4.22661213711111,0.915473549049073,-0.159283274443947,-0.756190274605094
4.22672054134346,0.903208374442981,-0.126328613885875,-0.77687976055709
4.2268289455758,0.889895743489176,-0.0932274399475278,-0.796668303541649
4.22693734980815,0.875551099534697,-0.0600181318084086,-0.815532967726279
4.22704575404049,0.860191072499753,-0.0267392138353442,-0.83345185866439
4.22715415827284,0.843833480015688,0.00657072857232682,-0.850404208587973
4.22726256250519,0.826497286765555,0.0398730550250158,-0.866370341790597
4.22733017577009,0.815197419980998,0.0606240007753754,-0.875821420756401
4.22739778903499,0.803529841603184,0.0813474239805718,-0.884877265583764
4.2274654022999,0.791499769461303,0.10203406681184,-0.893533836273153
4.2275330155648,0.779112622944437,0.122674597713457,-0.901787220657864
4.22762517485489,0.761663832356027,0.150716836103358,-0.912380668459411
4.22771733414498,0.743576552561461,0.178632821811425,-0.922209374372893
4.22777753399276,0.731423868377786,0.196789069099831,-0.928212937477612
4.22783773384054,0.719009634118412,0.214874836582414,-0.933884470700818
4.22789793368833,0.706338258377202,0.232883712257273,-0.939221970634475
4.22795813353611,0.693414274500124,0.250809241572856,-0.944223516072984
4.22803063380032,0.677520934395316,0.272277576926543,-0.949798511321841
4.22810313406453,0.661276116119497,0.293604665627342,-0.954880781746832
4.22817563432874,0.644688248082693,0.314779456391836,-0.959467704474517
4.22824813459295,0.627765945926084,0.335790939783319,-0.963556885709427
4.22832063485716,0.610517984102229,0.356628233836913,-0.967146217939159
4.22839313512137,0.592953317185838,0.377280509110069,-0.970233826295894
4.22848130244234,0.571179651784249,0.402130591111682,-0.973310242895939
4.2285694697633,0.548967734383028,0.426672235864868,-0.975639970247871
4.22865763708426,0.526334639070219,0.450886592111978,-0.977221231182201
4.22874580440523,0.503297741821279,0.474755057878441,-0.978052799699714
4.22883397172619,0.479874724643073,0.498259324370808,-0.978134049013877
4.22892213904715,0.456083558198313,0.521381347065176,-0.977464905263501
4.22901030636811,0.431942497780322,0.544103394928686,-0.976045892708978
4.22909847368908,0.407470062572673,0.566408026606717,-0.973878089179378
4.22918664101004,0.38268502927397,0.588278138885892,-0.970963168159838
4.22929504524245,0.351811310976614,0.614547222016416,-0.966358532993016
4.22940344947486,0.320529421035977,0.640103769810873,-0.960633190846872
4.22951185370728,0.288875738259406,0.66491805322973,-0.953793791489163
4.22962025793969,0.256886995007771,0.688961282799125,-0.9458482778069
4.2297286621721,0.224600314558216,0.712205545206729,-0.936805859764916
4.22983706640451,0.192053135707302,0.734623893786177,-0.926677029493469
4.22994547063692,0.159283218128588,0.756190309214161,-0.915473527342747
4.23005387486934,0.126328557255998,0.77687979360003,-0.903208350856035
4.23016227910175,0.0932273830709932,0.796668334975631,-0.889895718046647
4.23027068333416,0.0600180747534289,0.81553299751037,-0.875551072263811
4.23037908756657,0.0267391566702865,0.833451886759556,-0.860191043429832
4.23048749179898,-0.00657078577867133,0.850404234956972,-0.843833449178289
4.2305958960314,-0.0398731122039491,0.866370366398184,-0.826497254194252
4.23066350924078,-0.0606240408604548,0.875821436643939,-0.815197395783506
4.23073112245016,-0.0813474469977296,0.884877273391786,-0.803529826394047
4.23079873565954,-0.102034072810128,0.893533836652487,-0.791499763842334
4.23086634886892,-0.122674586764769,0.901787214269099,-0.779112627504316
4.23095850817157,-0.150716829001864,0.912380663702439,-0.761663834700582
4.23105066747421,-0.178632818527225,0.922209371041068,-0.743576552513833
4.2311108673262,-0.196789067085688,0.92821293457605,-0.731423867490357
4.23117106717818,-0.214874835828529,0.933884468183142,-0.719009632354569
4.23123126703017,-0.23288371275231,0.939221968453895,-0.70633825570154
4.23129146688215,-0.250809243304399,0.944223514182243,-0.693414270877859
4.23136396714411,-0.272277577970651,0.949798509179787,-0.67752093120911
4.23143646740608,-0.293604665991069,0.954880779383528,-0.661276113392434
4.23150896766804,-0.314779456083426,0.959467701920424,-0.644688245836987
4.23158146793,-0.335790938812011,0.963556882995187,-0.627765944183209
4.23165396819196,-0.356628232212951,0.967146215095793,-0.610517982882809
4.23172646845392,-0.377280506844627,0.970233823354407,-0.592953316509764
4.23181463579435,-0.402130594300595,0.973310240557714,-0.571179646257125
4.23190280313478,-0.426672244368061,0.975639968182962,-0.548967723814852
4.2319909704752,-0.450886605776983,0.977221229059389,-0.52633462328245
4.23207913781563,-0.474755076540525,0.978052797187556,-0.503297720647026
4.23216730515605,-0.498259347853294,0.978134045780821,-0.479874697927514
4.23225547249648,-0.521381375179776,0.977464900978537,-0.456083525798722
4.2323436398369,-0.544103427475687,0.976045887042192,-0.431942459566471
4.23243180717733,-0.566408063375335,0.973878081802241,-0.407470018426874
4.23251997451776,-0.588278179654631,0.970963158745916,-0.382684979091263
4.23262837875024,-0.614547261680528,0.966358521768308,-0.351811260087732
4.23273678298272,-0.640103808320976,0.960633177819518,-0.320529369498512
4.23284518721521,-0.664918090537725,0.953793776669421,-0.288875686131672
4.23295359144769,-0.688961318858306,0.945848261207128,-0.256886942348761
4.23306199568018,-0.712205579971834,0.936805841399503,-0.224600261427652
4.23317039991266,-0.734623927213431,0.92667700937888,-0.192053082165421
4.23327880414514,-0.756190341261246,0.915473505497494,-0.15928316423623
4.23338720837763,-0.77687982422629,0.903208327300652,-0.126328503074399
4.23349561261011,-0.796668364141915,0.889895692803759,-0.0932273286618171
4.2336040168426,-0.815533025179276,0.875551045357894,-0.0600180201785949
4.23371242107508,-0.833451912895306,0.860191014887427,-0.0267391019921238
4.23382082530756,-0.850404259525619,0.843833419027761,0.00657084049787309
4.23392922954005,-0.866370389367579,0.826497222465856,0.0398731669017246
4.23399684269467,-0.875821451099713,0.815197372395729,0.0606240787039995
4.23406445584929,-0.884877279966483,0.803529811951818,0.0813474680146836
4.23413206900391,-0.893533835988864,0.791499758938167,0.102034077050713
4.23419968215853,-0.901787207019548,0.779112632717422,0.122674574302166
4.23429184144683,-0.91238065522323,0.761663842987669,0.15071681223559
4.23438400073512,-0.922209361575777,0.743576564064414,0.178632797511404
4.23444420061383,-0.928212928100377,0.731423873905302,0.196789054195118
4.23450440049254,-0.933884464403945,0.719009633398254,0.21487483100573
4.23456460037125,-0.939221967075199,0.706338251144142,0.23288371593107
4.23462480024996,-0.944223514905688,0.693414260495779,0.250809254409923
4.2346973005098,-0.949798509513733,0.677520921127792,0.272277588385957
4.23476980076964,-0.954880779355696,0.661276103636233,0.293604675719456
4.23484230102948,-0.959467701558677,0.644688236429504,0.314779465129167
4.23491480128932,-0.963556882327795,0.627765935147428,0.335790947180362
4.23498730154916,-0.967146214151156,0.610517974240967,0.356628239910228
4.23505980180901,-0.970233822161417,0.5929533082833,0.377280513878138
4.23514796914502,-0.973310239045689,0.571179639020119,0.402130600025597
4.23523613648104,-0.97563996642609,0.548967717614484,0.426672248811613
4.23532430381706,-0.977221227132378,0.526334618163291,0.450886608969109
4.23541247115308,-0.978052795165209,0.503297716651235,0.474755078513962
4.2355006384891,-0.978134043738111,0.479874695094448,0.498259348643661
4.23558880582511,-0.977464898990493,0.456083524165164,0.521381374825371
4.23567697316113,-0.976045885183735,0.431942459166407,0.544103426017338
4.23576514049715,-0.973878080148181,0.407470019291523,0.566408060856676
4.23585330783317,-0.970963157370596,0.382684981249035,0.588278176121591
4.23596171206565,-0.966358520579015,0.351811262317702,0.614547258261315
4.23607011629812,-0.96063317681539,0.320529371794736,0.640103805020634
4.2361785205306,-0.953793775849305,0.288875688488064,0.664918087361287
4.23628692476308,-0.945848260569761,0.256886944759286,0.688961315810485
4.23639532899556,-0.936805840943371,0.224600263886099,0.712205577057296
4.23650373322804,-0.926677009102236,0.19205308466565,0.734623924436624
4.23661213746052,-0.915473505398378,0.159283166771819,0.756190338626559
4.236720541693,-0.903208327376995,0.126328505639168,0.77687982173781
4.23682894592547,-0.889895693053107,0.0932273312493756,0.796668361803711
4.23693735015795,-0.87555104577777,0.0600180227826487,0.815533022995089
4.23704575439043,-0.860191015475016,0.0267391046062197,0.833451910868775
4.23715415862291,-0.843833419780159,-0.00657083788008418,0.850404257660252
4.23726256285539,-0.826497223379894,-0.0398731642867071,0.866370387666625
4.23733017601093,-0.815197373251528,-0.0606240763781266,0.875821449629652
4.23739778916648,-0.803529812738084,-0.0813474659795383,0.884877278717646
4.23746540232202,-0.791499759643664,-0.102034075307604,0.893533834951253
4.23753301547757,-0.779112633331286,-0.122674572851776,0.90178720618303
4.23762517473891,-0.761663848898458,-0.150716802619872,0.912380651518344
4.23771733400024,-0.74357657563903,-0.178632779814521,0.922209355453523
4.23777753390143,-0.731423881191677,-0.196789043341321,0.928212924532971
4.23783773380262,-0.719009636197761,-0.214874826947313,0.933884463145053
4.23789793370381,-0.706338249262871,-0.23288371861328,0.939221967876157
4.23795813360501,-0.693414253744972,-0.250809263770632,0.944223517515638
4.23803063386505,-0.6775209142253,-0.27227759776621,0.949798511991528
4.2381031341251,-0.661276096582438,-0.293604685115194,0.954880781697633
4.23817563438514,-0.644688229225185,-0.314779474536114,0.959467703761279
4.23824813464519,-0.627765927793366,-0.335790956594206,0.963556884387531
4.23832063490524,-0.610517966738088,-0.356628249326589,0.967146216064661
4.23839313516528,-0.592953300632548,-0.377280523292716,0.970233823925288
4.23848130247749,-0.571179637193083,-0.402130602692443,0.973310239885533
4.2385694697897,-0.548967721847766,-0.426672244897428,0.975639966745196
4.2386576371019,-0.526334628679604,-0.450886598655776,0.977221227335367
4.23874580441411,-0.503297733659035,-0.474755061998467,0.978052795657492
4.23883397172632,-0.479874718787728,-0.498259326137525,0.978134044925235
4.23892213903852,-0.456083554723056,-0.521381346554495,0.977464901277526
4.23901030635073,-0.431942496752801,-0.544103392221749,0.976045888974542
4.23909847366293,-0.40747006405506,-0.566408021789859,0.973878085844925
4.23918664097514,-0.382685033322668,-0.588278132050482,0.97096316537311
4.23929504520755,-0.351811315164745,-0.614547215403649,0.966358530568384
4.23940344943995,-0.320529425351835,-0.640103763430693,0.960633188782496
4.23951185367236,-0.288875742691276,-0.664918047091623,0.953793789782878
4.23962025790476,-0.256886999543846,-0.68896127691229,0.945848276456111
4.23972866213717,-0.22460031918649,-0.712205539580102,0.93680585876661
4.23983706636957,-0.192053140415617,-0.734623888428557,0.926677028844132
4.23994547060198,-0.159283222904803,-0.756190304133756,0.915473527038535
4.24005387483438,-0.126328562087884,-0.776879788804884,0.903208350892768
4.24016227906679,-0.0932273879461043,-0.796668330473527,0.889895718419616
4.24027068329919,-0.0600180796594398,-0.815532993308543,0.875551072967958
4.2403790875316,-0.0267391615948786,-0.833451882865016,0.860191044459894
4.240487491764,0.00657078084799349,-0.850404231376356,0.843833450528346
4.2405958959964,0.0398731072797815,-0.866370363137898,0.826497255858084
4.2406635092073,0.0606240364127273,-0.875821433794451,0.815197397381725
4.2407311224182,0.0813474430297998,-0.884877270937358,0.803529827907541
4.2407987356291,0.102034069324716,-0.893533834577161,0.791499765252425
4.24086634883999,0.122674583764102,-0.901787212556528,0.779112628792452
4.24095850808881,0.150716809694543,-0.912380656264395,0.761663846569838
4.24105066733763,0.178632783081371,-0.922209358778336,0.743576575696958
4.24111086723463,0.196789045344517,-0.928212927429897,0.731423882085336
4.24117106713164,0.214874827696727,-0.933884465660264,0.719009637963503
4.24123126702865,0.232883718119965,-0.939221970056105,0.706338251936119
4.24129146692566,0.250809262047159,-0.944223519407333,0.693414257360133
4.24136396718795,0.272277596730302,-0.949798514134421,0.677520917404097
4.24143646745025,0.293604684759637,-0.954880784061633,0.661276099301947
4.24150896771254,0.314779474852718,-0.959467706315862,0.64468823146314
4.24158146797484,0.33579095757377,-0.96355688710205,0.627765929528273
4.24165396823713,0.35662825095885,-0.967146218908157,0.610517967949313
4.24172646849943,0.377280525566344,-0.970233826866689,0.592953301300326
4.24181463579215,0.402130599504485,-0.973310242222613,0.571179642718109
4.24190280308487,0.426672236388195,-0.975639968808404,0.548967732420173
4.24199097037758,0.45088658497796,-0.977221229456178,0.526334644478206
4.2420791376703,0.474755043316952,-0.978052798167896,0.503297754850952
4.24216730496302,0.498259302629279,-0.978134048157244,0.479874745527938
4.24225547225574,0.521381318407972,-0.977464905562494,0.456083587154499
4.24234363954846,0.544103359637004,-0.97604589464293,0.43194253500591
4.24243180684118,0.566407984977854,-0.973878093225538,0.407470108247661
4.2425199741339,0.588278091233074,-0.970963174792819,0.382685083559717
4.24262837836624,0.614547175692775,-0.966358541800752,0.351811366107955
4.24273678259857,0.640103724875691,-0.96063320181936,0.320529476943645
4.24284518683091,0.664918009740677,-0.953793804613864,0.288875794873178
4.24295359106324,0.688961240812053,-0.945848293068802,0.256887052256731
4.24306199529558,0.712205504775928,-0.936805877146517,0.224600372370559
4.24317039952791,0.734623854964162,-0.92667704897474,0.192053194010547
4.24327880376025,0.756190272051425,-0.915473548901232,0.159283276849773
4.24338720799258,0.776879758145392,-0.903208374466872,0.126328616321452
4.24349561222492,0.796668301275855,-0.889895743682644,0.0932274424067437
4.24360401645726,0.815532965610241,-0.875551099895219,0.0600181342849879
4.24371242068959,0.833451856701684,-0.860191073024818,0.0267392163231222
4.24382082492193,0.850404206782043,-0.843833480702494,-0.00657072607956961
4.24392922915426,0.866370340144664,-0.826497287611085,-0.0398730525336145
4.24399684241995,0.875821419320682,-0.815197420788944,-0.0606239985317384
4.24406445568565,0.884877264350076,-0.803529842363638,-0.0813474219864382
4.24413206895134,0.893533835233122,-0.791499770164578,-0.102034065068571
4.24419968221703,0.901787219802993,-0.779112623580916,-0.122674596222082
4.2442918414802,0.912380664740133,-0.761663838285288,-0.150716826454856
4.24438400074336,0.922209368239819,-0.743576564149985,-0.178632804089853
4.24444420061365,0.928212933902708,-0.731423875672542,-0.196789058230155
4.24450440048394,0.933884469437373,-0.7190096369204,-0.214874832516996
4.24456460035424,0.939221971433427,-0.706338256492341,-0.232883714941122
4.24462480022453,0.944223518683225,-0.693414267739405,-0.250809250943855
4.2446973004889,0.949798513796691,-0.677520927491553,-0.272277586305157
4.24476980075328,0.954880784083212,-0.661276109073688,-0.293604675009554
4.24484230101765,0.959467706669433,-0.644688240895907,-0.314779465773579
4.24491480128202,0.963556887760001,-0.627765938599503,-0.335790949160481
4.2449873015464,0.967146219842414,-0.610517976637171,-0.356628243205283
4.24505980181077,0.970233828049115,-0.592953309583612,-0.377280518465475
4.24514796910788,0.973310243725622,-0.571179650017075,-0.402130593708563
4.245236136405,0.97563997055801,-0.548967738687843,-0.426672231870191
4.24532430370211,0.977221231378096,-0.526334649669955,-0.450886581708167
4.24541247099922,0.978052800187514,-0.503297758924855,-0.474755041262703
4.24550063829633,0.978134050199831,-0.479874748444653,-0.498259301755167
4.24558880559344,0.977464907553285,-0.456083588877274,-0.521381318676017
4.24567697289055,0.976045896507252,-0.431942535500854,-0.544103361006401
4.24576514018766,0.973878094888944,-0.407470107483634,-0.566407987405328
4.24585330748477,0.970963176181187,-0.382685081508341,-0.588278094672878
4.24596171171712,0.966358543006907,-0.351811363985193,-0.614547179021724
4.24607011594946,0.960633202844161,-0.320529474755337,-0.640103728088832
4.2461785201818,0.953793805458284,-0.288875792625182,-0.664918012833112
4.24628692441415,0.945848293734057,-0.256887049954937,-0.688961243779142
4.24639532864649,0.936805877634064,-0.224600370021095,-0.712205507613003
4.24650373287883,0.926677049286245,-0.192053191619444,-0.734623857666813
4.24661213711118,0.915473549038481,-0.159283274423047,-0.756190274615454
4.24672054134352,0.903208374431997,-0.126328613865406,-0.776879760566576
4.24682894557587,0.889895743477806,-0.0932274399274538,-0.796668303550344
4.24693734980821,0.875551099522995,-0.060018131788824,-0.815532967734158
4.24704575404055,0.860191072487716,-0.0267392138162135,-0.8334518586715
4.2471541582729,0.843833480003429,0.00657072859089716,-0.850404208594326
4.24726256250524,0.826497286753133,0.0398730550429905,-0.866370341796112
4.24733017577014,0.815197419969183,0.0606240007917118,-0.875821420760891
4.24739778903504,0.803529841591986,0.0813474239952844,-0.884877265587245
4.24746540229993,0.791499769450866,0.102034066824861,-0.893533836275722
4.24753301556483,0.779112622934768,0.122674597724848,-0.901787220659609
4.24762517485493,0.761663832345676,0.150716836115468,-0.912380668461122
4.24771733414502,0.743576552550383,0.178632821824176,-0.922209374374545
4.24777753399279,0.731423868369919,0.19678906910757,-0.928212937477472
4.24783773384055,0.719009634113899,0.214874836585153,-0.933884470699049
4.24789793368831,0.706338258376254,0.232883712254983,-0.939221970631214
4.24795813353608,0.693414274502862,0.250809241565638,-0.944223516068468
4.2480306338003,0.677520934396408,0.272277576921736,-0.949798511318145
4.24810313406452,0.661276116118877,0.293604665624937,-0.954880781743805
4.24817563432874,0.644688248080273,0.314779456391797,-0.959467704472073
4.24824813459295,0.627765945921812,0.335790939785595,-0.963556885707411
4.24832063485717,0.61051798409602,0.356628233841482,-0.96714621793751
4.24839313512139,0.592953317177627,0.377280509116855,-0.970233826294481
4.24848130244235,0.571179651777246,0.402130591116991,-0.973310242894215
4.24856946976331,0.548967734377299,0.426672235868635,-0.975639970245904
4.24865763708427,0.526334639065724,0.450886592114348,-0.977221231180071
4.24874580440522,0.503297741818165,0.474755057879368,-0.978052799697507
4.24883397172618,0.479874724641351,0.49825932437039,-0.978134049011726
4.24892213904714,0.456083558198086,0.521381347063388,-0.977464905261442
4.2490103063681,0.431942497781597,0.544103394925607,-0.976045892707165
4.24909847368905,0.407470062575524,0.566408026602376,-0.973878089177878
4.24918664101001,0.382685029278289,0.588278138880435,-0.970963168158704
4.24929504524243,0.351811310980716,0.614547222011393,-0.966358532992069
4.24940344947484,0.320529421039759,0.640103769806392,-0.960633190846136
4.24951185370725,0.288875738262824,0.66491805322573,-0.953793791488569
4.24962025793967,0.256886995010767,0.688961282795637,-0.94584827780638
4.24972866217208,0.22460031456078,0.712205545203706,-0.936805859764462
4.24983706640449,0.192053135709395,0.734623893783643,-0.926677029493029
4.24994547063691,0.159283218130138,0.756190309212109,-0.91547352734223
4.25005387486932,0.126328557257089,0.776879793598396,-0.903208350855458
4.25016227910174,0.0932273830715455,0.796668334974473,-0.889895718045975
4.25027068333415,0.0600180747534962,0.815532997509559,-0.87555107226303
4.25037908756656,0.0267391566698678,0.83345188675907,-0.860191043428939
4.25048749179898,-0.00657078577953258,0.850404234956772,-0.843833449177227
4.25059589603139,-0.0398731122053728,0.866370366398353,-0.82649725419296
4.25066350924077,-0.0606240408611485,0.875821436643806,-0.815197395782652
4.25073112245015,-0.0813474469976428,0.884877273391354,-0.80352982639369
4.25079873565953,-0.102034072809208,0.893533836651768,-0.791499763842536
4.25086634886891,-0.122674586763029,0.901787214268138,-0.779112627505078
4.25095850817152,-0.150716828990474,0.912380663698086,-0.761663834707589
4.25105066747413,-0.178632818506188,0.922209371033823,-0.743576552527624
4.25111086732614,-0.196789067071599,0.928212934571449,-0.731423867499805
4.25117106717815,-0.21487483582138,0.933884468180926,-0.719009632359537
4.25123126703016,-0.232883712752046,0.939221968453771,-0.706338255701747
4.25129146688216,-0.250809243310885,0.944223514184093,-0.693414270873193
4.25136396714409,-0.272277577965339,0.949798509178567,-0.677520931213195
4.25143646740601,-0.293604665974233,0.954880779379884,-0.661276113405607
4.25150896766793,-0.314779456055102,0.959467701914864,-0.644688245859718
4.25158146792985,-0.335790938772414,0.963556882988309,-0.627765944215838
4.25165396819177,-0.35662823216223,0.967146215088023,-0.610517982925757
4.2517264684537,-0.377280506783158,0.970233823346354,-0.59295331656319
4.25181463579408,-0.402130594226937,0.973310240550213,-0.571179646323291
4.25190280313446,-0.426672244282616,0.975639968176742,-0.548967723894103
4.25199097047483,-0.450886605680215,0.9772212290553,-0.526334623375088
4.25207913781521,-0.474755076432853,0.97805279718632,-0.503297720753471
4.25216730515559,-0.498259347735145,0.978134045783278,-0.479874698048069
4.25225547249597,-0.521381375051721,0.977464900985405,-0.456083525933652
4.25234363983635,-0.544103427338217,0.976045887054285,-0.431942459716065
4.25243180717673,-0.56640806322897,0.973878081820378,-0.407470018591387
4.25251997451711,-0.588278179499931,0.970963158770905,-0.382684979270908
4.2526283787496,-0.614547261529626,0.966358521799936,-0.351811260270277
4.25273678298208,-0.640103808174083,0.960633177857897,-0.320529369683767
4.25284518721456,-0.664918090395062,0.953793776714479,-0.288875686319393
4.25295359144704,-0.688961318720089,0.945848261258781,-0.256886942538675
4.25306199567953,-0.712205579838226,0.936805841457802,-0.22460026161954
4.25317039991201,-0.734623927084598,0.926677009443764,-0.19205308235913
4.25327880414449,-0.756190341137391,0.915473505568838,-0.159283164431406
4.25338720837698,-0.776879824107558,0.903208327378512,-0.126328503270904
4.25349561260946,-0.796668364028534,0.889895692887938,-0.093227328859413
4.25360401684194,-0.815533025071302,0.875551045448435,-0.0600180203771079
4.25371242107443,-0.833451912792911,0.86019101498409,-0.0267391021911627
4.25382082530691,-0.850404259428994,0.843833419130554,0.00657084029843025
4.25392922953939,-0.866370389276801,0.826497222574687,0.0398731667021277
4.25399684269422,-0.875821451040554,0.815197372473732,0.0606240785668426
4.25406445584904,-0.884877279936601,0.803529811996693,0.0813474679399364
4.25413206900387,-0.893533835985882,0.791499758947731,0.102034077038169
4.25419968215869,-0.901787207041022,0.7791126326896,0.122674574351418
4.25429184144692,-0.912380655236619,0.761663842970571,0.150716812266072
4.25438400073515,-0.922209361582099,0.743576564058943,0.178632797523188
4.25444420061384,-0.928212928104978,0.731423873902946,0.196789054202044
4.25450440049254,-0.933884464406979,0.71900963339924,0.214874831007752
4.25456460037123,-0.939221967076867,0.706338251148564,0.23288371592831
4.25462480024992,-0.944223514906148,0.693414260503684,0.250809254402491
4.25469730050983,-0.949798509519584,0.677520921120499,0.272277588399081
4.25476980076975,-0.954880779365882,0.661276103613011,0.293604675752888
4.25484230102966,-0.959467701572307,0.644688236389783,0.314779465182551
4.25491480128957,-0.963556882343916,0.627765935090554,0.335790947253365
4.25498730154948,-0.967146214168841,0.610517974166334,0.35662824000251
4.25505980180939,-0.970233822179607,0.592953308190341,0.377280513989277
4.25514796914545,-0.973310239061942,0.571179638914687,0.402130600147273
4.25523613648151,-0.975639966439641,0.548967717496081,0.426672248943568
4.25532430381757,-0.977221227142581,0.526334618031747,0.450886609110822
4.25541247115363,-0.978052795171233,0.503297716506134,0.47475507866513
4.25550063848969,-0.978134043739297,0.47987469493563,0.498259348803701
4.25558880582575,-0.977464898986139,0.456083523992335,0.52138137499381
4.25567697316181,-0.976045885173048,0.4319424589793,0.544103426193771
4.25576514049787,-0.973878080130498,0.407470019090064,0.566408061040438
4.25585330783393,-0.970963157345202,0.382684981033028,0.588278176312188
4.25596171206641,-0.966358520545778,0.351811262099475,0.614547258446307
4.25607011629889,-0.960633176774416,0.320529371574567,0.640103805199869
4.25617852053136,-0.953793775800761,0.288875688266139,0.664918087534619
4.25628692476384,-0.94584826051367,0.256886944535952,0.688961315977715
4.25639532899631,-0.936805840879897,0.22460026366156,0.712205577218327
4.25650373322879,-0.926677009031539,0.19205308444024,0.734623924591311
4.25661213746127,-0.915473505320556,0.159283166545852,0.756190338774716
4.25672054169374,-0.903208327292226,0.12632850541289,0.776879821879324
4.25682894592622,-0.889895692961505,0.0932273310229988,0.796668361938483
4.25693735015869,-0.875551045679483,0.0600180225564839,0.815533023122968
4.25704575439117,-0.860191015370227,0.026739104380484,0.833451910989764
4.25715415862365,-0.843833419669047,-0.00657083810508403,0.850404257774162
4.25726256285612,-0.826497223262632,-0.039873164510749,0.866370387773405
4.25733017601144,-0.815197373169488,-0.0606240765311375,0.875821449700634
4.25739778916675,-0.803529812693822,-0.0813474660616222,0.884877278755423
4.25746540232206,-0.791499759639595,-0.102034075319015,0.893533834958606
4.25753301547738,-0.7791126333699,-0.122674572792778,0.90178720616267
4.2576251747387,-0.761663848941647,-0.150716802556031,0.912380651497674
4.25771733400002,-0.743576575687029,-0.178632779745816,0.922209355432837
4.2577775339013,-0.731423881222873,-0.196789043299161,0.928212924521988
4.25783773380258,-0.719009636211313,-0.214874826931574,0.933884463142878
4.25789793370385,-0.706338249257918,-0.232883718623817,0.939221967881748
4.25795813360513,-0.693414253720833,-0.250809263807166,0.944223517528004
4.25803063386516,-0.677520914204345,-0.272277597797426,0.949798512001786
4.25810313412519,-0.661276096564948,-0.293604685141042,0.954880781705983
4.25817563438522,-0.644688229211342,-0.314779474556646,0.959467703767966
4.25824813464525,-0.627765927783306,-0.335790956609519,0.963556884392837
4.25832063490527,-0.61051796673194,-0.356628249336802,0.967146216068776
4.2583931351653,-0.592953300630601,-0.377280523297808,0.970233823928417
4.25848130247749,-0.571179637194741,-0.402130602693306,0.973310239888056
4.25856946978969,-0.54896772185321,-0.426672244894132,0.975639966747332
4.25865763710188,-0.526334628689008,-0.450886598648429,0.977221227337435
4.25874580441407,-0.503297733672506,-0.474755061987192,0.978052795659704
4.25883397172626,-0.479874718805299,-0.498259326122539,0.978134044927815
4.25892213903845,-0.456083554744881,-0.521381346535881,0.977464901280779
4.25901030635064,-0.431942496779056,-0.544103392199623,0.976045888978696
4.25909847366284,-0.407470064085824,-0.56640802176438,0.973878085850223
4.25918664097503,-0.382685033358047,-0.5882781320218,0.970963165379853
4.25929504520743,-0.35181131520038,-0.614547215375842,0.966358530576218
4.25940344943984,-0.320529425387803,-0.640103763403747,0.960633188791516
4.25951185367224,-0.288875742727393,-0.664918047065594,0.953793789792981
4.25962025790465,-0.256886999580072,-0.688961276887201,0.945848276467281
4.25972866213706,-0.224600319222732,-0.712205539556066,0.936805858778769
4.25983706636946,-0.192053140451958,-0.734623888405411,0.926677028857354
4.25994547060187,-0.159283222941088,-0.756190304111651,0.915473527052719
4.26005387483427,-0.126328562124097,-0.776879788783794,0.903208350907903
4.26016227906668,-0.0932273879822376,-0.796668330453458,0.889895718435675
4.26027068329908,-0.0600180796954544,-0.815532993289522,0.87555107298495
4.26037908753149,-0.0267391616306359,-0.833451882847074,0.860191044477669
4.2604874917639,0.00657078081248193,-0.850404231359533,0.843833450546993
4.2605958959963,0.0398731072445165,-0.866370363122076,0.826497255877541
4.26066350920724,0.0606240363896227,-0.875821433784652,0.815197397395017
4.26073112241817,0.0813474430188574,-0.884877270933162,0.803529827914294
4.26079873562911,0.102034069325787,-0.893533834578008,0.791499765252231
4.26086634884004,0.122674583777127,-0.901787212561986,0.779112628784842
4.26095850808888,0.150716809712931,-0.912380656271381,0.761663846558434
4.26105066733771,0.178632783104989,-0.922209358786536,0.743576575681511
4.26111086723469,0.196789045359333,-0.928212927434806,0.731423882075489
4.26117106713167,0.214874827702715,-0.93388446566216,0.719009637959449
4.26123126702865,0.232883718117257,-0.939221970055368,0.706338251938118
4.26129146692563,0.250809262035759,-0.944223519404262,0.693414257368476
4.26136396718794,0.272277596722269,-0.949798514132377,0.677520917410097
4.26143646745024,0.293604684754959,-0.954880784060408,0.661276099305439
4.26150896771255,0.314779474851369,-0.959467706315381,0.644688231463989
4.26158146797485,0.33579095757568,-0.963556887102154,0.627765929526438
4.26165396823716,0.356628250964008,-0.967146218908658,0.610517967944626
4.26172646849947,0.377280525574661,-0.970233826867395,0.592953301292701
4.26181463579222,0.40213059952328,-0.973310242224156,0.57117964270085
4.26190280308498,0.426672236417081,-0.975639968810086,0.54896773239299
4.26199097037774,0.450886585016659,-0.977221229457424,0.52633464444079
4.26207913767049,0.474755043365171,-0.978052798168091,0.503297754802895
4.26216730496325,0.498259302686513,-0.978134048155646,0.479874745469116
4.26225547225601,0.521381318473942,-0.97746490555856,0.456083587084589
4.26234363954876,0.544103359711256,-0.976045894635968,0.431942534924683
4.26243180684152,0.566407985060047,-0.973878093214947,0.407470108154861
4.26251997413428,0.588278091322832,-0.970963174777976,0.38268508345512
4.26262837836662,0.614547175781178,-0.966358541781718,0.35181136600053
4.26273678259896,0.64010372496266,-0.960633201796078,0.32052947683338
4.2628451868313,0.66491800982604,-0.953793804586286,0.288875794760184
4.26295359106364,0.688961240895736,-0.945848293036768,0.256887052141018
4.26306199529598,0.712205504857665,-0.936805877109982,0.224600372252311
4.26317039952832,0.734623855043774,-0.926677048933663,0.192053193889879
4.26327880376066,0.756190272128805,-0.915473548855553,0.159283276726743
4.263387207993,0.776879758220263,-0.903208374416619,0.126328616196327
4.26349561222534,0.796668301348118,-0.889895743627672,0.0932274422795162
4.26360401645768,0.815532965679679,-0.875551099835537,0.0600181341558437
4.26371242069003,0.833451856768181,-0.860191072960372,0.0267392161921409
4.26382082492237,0.850404206845437,-0.843833480633261,-0.00657072621217705
4.26392922915471,0.866370340204759,-0.826497287537077,-0.0398730526676892
4.26399684242028,0.875821419361782,-0.81519742073283,-0.0606239986289862
4.26406445568585,0.884877264373558,-0.803529842326739,-0.0813474220468209
4.26413206895142,0.893533835240435,-0.791499770148176,-0.102034065092268
4.264199682217,0.901787219795501,-0.779112623586351,-0.122674596209173
4.26429184148018,0.912380664735422,-0.761663838286677,-0.15071682644876
4.26438400074337,0.922209368237482,-0.743576564147044,-0.178632804090444
4.26444420061366,0.928212933900188,-0.731423875669847,-0.196789058230352
4.26450440048395,0.933884469434644,-0.719009636917881,-0.214874832516796
4.26456460035424,0.939221971430589,-0.706338256490207,-0.232883714940441
4.26462480022453,0.944223518680257,-0.693414267737502,-0.250809250942749
4.26469730048892,0.949798513794552,-0.677520927486961,-0.272277586307645
4.2647698007533,0.954880784081829,-0.661276109066263,-0.293604675015585
4.26484230101769,0.959467706668582,-0.644688240885509,-0.314779465783114
4.26491480128208,0.963556887759456,-0.627765938586037,-0.335790949173463
4.26498730154646,0.967146219842131,-0.610517976620447,-0.356628243221717
4.26505980181085,0.970233828048867,-0.592953309563565,-0.377280518485261
4.26514796910799,0.973310243725463,-0.571179649990527,-0.402130593734931
4.26523613640512,0.975639970557524,-0.548967738654663,-0.426672231902868
4.26532430370226,0.97722123137693,-0.526334649630015,-0.450886581746948
4.26541247099939,0.978052800185202,-0.503297758877765,-0.474755041307426
4.26550063829653,0.978134050195944,-0.479874748390369,-0.498259301805567
4.26558880559366,0.977464907547405,-0.456083588815628,-0.521381318731817
4.2656769728908,0.976045896499048,-0.431942535431706,-0.544103361067344
4.26576514018793,0.973878094877955,-0.4074701074068,-0.566407987471183
4.26585330748507,0.970963176167028,-0.382685081423719,-0.588278094743318
4.26596171171741,0.966358542989603,-0.35181136389915,-0.614547179090501
4.26607011594976,0.960633202823729,-0.320529474667813,-0.640103728155896
4.2661785201821,0.953793805434701,-0.288875792536304,-0.6649180128984
4.26628692441445,0.945848293707304,-0.25688704986479,-0.688961243842508
4.26639532864679,0.936805877604097,-0.224600369929681,-0.712205507674429
4.26650373287914,0.926677049253096,-0.192053191526947,-0.734623857726146
4.26661213711148,0.915473549002177,-0.159283274329538,-0.756190274672637
4.26672054134383,0.903208374392517,-0.126328613770934,-0.776879760621578
4.26682894557617,0.8898957434351,-0.0932274398320727,-0.796668303603017
4.26693734980852,0.875551099477086,-0.0600181316926268,-0.815532967784448
4.26704575404087,0.860191072438695,-0.0267392137193798,-0.833451858719331
4.26715415827321,0.843833479951287,0.00657072868822856,-0.850404208639544
4.26726256250556,0.826497286697878,0.0398730551407774,-0.866370341838663
4.26733017577036,0.815197419928815,0.060624000859473,-0.875821420788294
4.26739778903516,0.803529841567521,0.0813474240330868,-0.884877265600623
4.26746540229996,0.791499769443322,0.102034066832866,-0.893533836276189
4.26753301556476,0.779112622945225,0.122674597703127,-0.901787220648347
4.26762517485483,0.76166383236149,0.15071683608625,-0.912380668447718
4.2677173341449,0.743576552571809,0.178632821787622,-0.922209374359427
4.26777753399271,0.731423868381009,0.19678906908717,-0.928212937468174
4.26783773384053,0.719009634114291,0.214874836580728,-0.933884470694974
4.26789793368835,0.706338258365375,0.232883712266467,-0.93922197063185
4.26795813353617,0.693414274480271,0.250809241592894,-0.944223516073155
4.2680306338004,0.67752093436995,0.272277576953382,-0.949798511323365
4.26810313406464,0.661276116088515,0.29360466566079,-0.954880781749312
4.26817563432887,0.64468824804585,0.314779456431836,-0.959467704477712
4.2682481345931,0.627765945883191,0.335790939829735,-0.963556885712976
4.26832063485734,0.610517984053123,0.356628233889607,-0.967146217942687
4.26839313512157,0.59295331713025,0.377280509168883,-0.970233826299139
4.26848130244255,0.571179651723073,0.402130591174962,-0.973310242898055
4.26856946976354,0.548967734316183,0.42667223593238,-0.975639970248518
4.26865763708452,0.526334638997405,0.450886592183688,-0.977221231181074
4.2687458044055,0.503297741742391,0.474755057954127,-0.978052799696463
4.26883397172648,0.479874724558081,0.498259324450172,-0.978134049008262
4.26892213904746,0.456083558107112,0.52138134714807,-0.977464905255158
4.26901030636844,0.431942497682871,0.544103395014799,-0.976045892697619
4.26909847368943,0.407470062468834,0.566408026695898,-0.973878089164719
4.26918664101041,0.382685029163576,0.588278138977931,-0.970963168141505
4.26929504524283,0.351811310862589,0.614547222107892,-0.966358532970495
4.26940344947525,0.320529420918383,0.640103769901634,-0.960633190820015
4.26951185370767,0.288875738138269,0.664918053319567,-0.953793791457862
4.26962025794009,0.256886994883177,0.688961282887841,-0.945848277770994
4.26972866217251,0.224600314430248,0.712205545294096,-0.936805859724345
4.26983706640493,0.192053135576059,0.734623893872,-0.926677029448053
4.26994547063735,0.159283217994099,0.75619030929821,-0.915473527292309
4.27005387486977,0.126328557118442,0.776879793682088,-0.903208350800533
4.27016227910219,0.0932273829304942,0.796668335055518,-0.889895717986013
4.27027068333461,0.0600180746101499,0.815532997587811,-0.875551072197948
4.27037908756703,0.0267391565244579,0.833451886834271,-0.860191043358714
4.27048749179945,-0.00657078592693533,0.850404235028772,-0.843833449101838
4.27059589603187,-0.0398731123545139,0.866370366466902,-0.826497254112384
4.27066350924111,-0.0606240409670335,0.875821436690404,-0.815197395723345
4.27073112245034,-0.081347447060413,0.884877273417553,-0.803529826357133
4.27079873565958,-0.102034072828959,0.893533836659277,-0.791499763830293
4.27086634886882,-0.122674586739926,0.901787214258603,-0.779112627518645
4.27095850817136,-0.150716828945765,0.912380663681339,-0.761663834735536
4.2710506674739,-0.178632818440108,0.922209371011115,-0.743576552570954
4.27111086732599,-0.196789067030258,0.928212934557837,-0.731423867527591
4.27117106717808,-0.214874835804508,0.933884468175607,-0.719009632371073
4.27123126703017,-0.232883712759491,0.939221968455811,-0.706338255696321
4.27129146688226,-0.25080924334243,0.944223514192616,-0.693414270850128
4.27136396714422,-0.272277578007622,0.949798509189152,-0.677520931181488
4.27143646740618,-0.293604666027087,0.954880779392031,-0.661276113364921
4.27150896766814,-0.314779456118499,0.959467701928111,-0.644688245809565
4.2715814679301,-0.335790938846084,0.963556883002075,-0.627765944155984
4.27165396819206,-0.35662823224599,0.967146215101857,-0.610517982855809
4.27172646845401,-0.377280506876718,0.970233823359769,-0.592953316483011
4.27181463579442,-0.402130594325422,0.973310240561562,-0.571179646236091
4.27190280313482,-0.426672244385742,0.975639968185662,-0.548967723799895
4.27199097047522,-0.450886605787711,0.977221229061449,-0.526334623273722
4.27207913781562,-0.474755076544582,0.978052797189357,-0.503297720644773
4.27216730515602,-0.498259347850835,0.978134045782773,-0.479874697931903
4.27225547249642,-0.521381375170989,0.977464900981076,-0.456083525810053
4.27234363983682,-0.544103427460838,0.976045887045709,-0.431942459584867
4.27243180717722,-0.566408063354721,0.973878081807263,-0.407470018452495
4.27251997451762,-0.58827817962842,0.970963158752814,-0.382684979124328
4.27262837875011,-0.614547261654645,0.966358521776608,-0.351811260121928
4.27273678298259,-0.64010380829549,0.960633177829324,-0.320529369533833
4.27284518721507,-0.664918090512743,0.953793776680763,-0.288875686167995
4.27295359144755,-0.688961318833875,0.945848261220033,-0.256886942386134
4.27306199568003,-0.712205579948042,0.936805841414028,-0.224600261465949
4.27317039991252,-0.734623927190356,0.926677009395038,-0.192053082204674
4.273278804145,-0.756190341238897,0.915473505515282,-0.159283164276329
4.27338720837748,-0.776879824204767,0.903208327320139,-0.126328503115347
4.27349561260996,-0.796668364121338,0.889895692824875,-0.0932273287035073
4.27360401684244,-0.815533025159629,0.875551045380705,-0.0600180202210275
4.27371242107493,-0.833451912876722,0.86019101491193,-0.0267391020351908
4.27382082530741,-0.850404259508133,0.84383341905394,0.00657084045417038
4.27392922953989,-0.866370389351268,0.826497222493748,0.0398731668575076
4.27399684269456,-0.875821451090546,0.815197372416733,0.0606240786738392
4.27406445584923,-0.884877279963967,0.803529811965442,0.0813474679985852
4.27413206900389,-0.89353383599254,0.79149975894391,0.102034077048637
4.27419968215856,-0.901787207028795,0.779112632714764,0.122674574314037
4.27429184144681,-0.912380655227584,0.761663842993002,0.150716812234598
4.27438400073506,-0.922209361575966,0.743576564078367,0.178632797497617
4.27444420061379,-0.928212928102666,0.731423873915757,0.196789054186948
4.27450440049251,-0.933884464408139,0.71900963340513,0.21487483100307
4.27456460037124,-0.939221967081118,0.706338251147149,0.232883715933972
4.27462480024997,-0.944223514913117,0.693414260494816,0.250809254418349
4.27469730050983,-0.949798509522779,0.677520921121698,0.272277588401134
4.2747698007697,-0.954880779366032,0.661276103624641,0.29360467574143
4.27484230102956,-0.959467701570044,0.644688236412344,0.314779465157722
4.27491480128943,-0.9635568823398,0.627765935124353,0.335790947215447
4.27498730154929,-0.967146214163541,0.610517974211912,0.356628239951645
4.27505980180916,-0.970233822173789,0.592953308248033,0.377280513925757
4.27514796914514,-0.973310239055762,0.571179638992555,0.402130600063235
4.27523613648113,-0.975639966434396,0.548967717594896,0.426672248839541
4.27532430381711,-0.977221227139536,0.526334618152036,0.450886608987507
4.2754124711531,-0.978052795171725,0.503297716648621,0.474755078523144
4.27550063848908,-0.978134043744637,0.479874695100789,0.498259348643848
4.27558880582506,-0.977464898997578,0.456083524180773,0.521381374816812
4.27567697316105,-0.976045885191911,0.431942459191498,0.544103426000463
4.27576514049703,-0.973878080158055,0.407470019326372,0.566408060831726
4.27585330783302,-0.97096315738279,0.382684981293856,0.588278176088959
4.27596171206549,-0.966358520592849,0.351811262363839,0.614547258229014
4.27607011629797,-0.960633176830991,0.320529371842206,0.640103804988795
4.27617852053044,-0.953793775866729,0.288875688536773,0.664918087329963
4.27628692476292,-0.945848260588974,0.256886944809264,0.688961315779723
4.2763953289954,-0.936805840964506,0.224600263937313,0.712205577027154
4.27650373322787,-0.926677009125261,0.19205308471798,0.734623924407288
4.27661213746035,-0.91547350542339,0.159283166825389,0.756190338597977
4.27672054169282,-0.903208327403936,0.126328505693759,0.776879821710179
4.2768289459253,-0.889895693082061,0.0932273313050266,0.796668361777046
4.27693735015777,-0.875551045808688,0.0600180228392026,0.815533022969476
4.27704575439025,-0.860191015508035,0.0267391046636872,0.83345191084433
4.27715415862273,-0.843833419815188,-0.00657083782183966,0.850404257637013
4.2772625628552,-0.826497223417022,-0.0398731642276849,0.866370387644692
4.2773301760108,-0.81519737328101,-0.0606240763348123,0.875821449615837
4.27739778916639,-0.803529812759383,-0.0813474659518704,0.884877278711243
4.27746540232199,-0.791499759656308,-0.10203407529546,0.893533834951761
4.27753301547758,-0.779112633334589,-0.122674572855207,0.901787206189806
4.27762517473899,-0.761663848887855,-0.150716802645069,0.912380651532894
4.27771733400041,-0.743576575613481,-0.178632779861246,0.9222093554747
4.27777753390154,-0.731423881176463,-0.196789043371542,0.928212924548028
4.27783773380268,-0.719009636193374,-0.214874826961217,0.933884463154575
4.27789793370381,-0.706338249269779,-0.23288371861097,0.939221967880736
4.27795813360495,-0.693414253763638,-0.250809263752214,0.944223517515828
4.27803063386497,-0.67752091424936,-0.272277597741079,0.949798511990403
4.278103134125,-0.66127609661212,-0.293604685083419,0.954880781695541
4.27817563438502,-0.644688229260668,-0.314779474497836,0.959467703758515
4.27824813464504,-0.627765927834808,-0.335790956549603,0.96355688438441
4.27832063490506,-0.610517966785776,-0.356628249275695,0.967146216061486
4.27839313516509,-0.592953300686676,-0.377280523235681,0.970233823922366
4.27848130247726,-0.571179637257054,-0.402130602626093,0.973310239883175
4.27856946978943,-0.548967721921885,-0.426672244822071,0.975639966743961
4.2786576371016,-0.526334628764189,-0.450886598571728,0.977221227335947
4.27874580441377,-0.503297733754343,-0.474755061906093,0.978052795660453
4.27883397172594,-0.479874718893988,-0.498259326037181,0.978134044931179
4.27892213903811,-0.456083554840474,-0.521381346446587,0.977464901287058
4.27901030635029,-0.431942496881602,-0.544103392106645,0.976045888988237
4.27909847366246,-0.407470064195402,-0.566408021668006,0.973878085863415
4.27918664097463,-0.38268503347468,-0.588278131922318,0.970963165396969
4.27929504520703,-0.351811315318747,-0.614547215278805,0.966358530597527
4.27940344943944,-0.32052942550777,-0.640103763309252,0.960633188817004
4.27951185367184,-0.288875742848917,-0.664918046973753,0.95379378982266
4.27962025790425,-0.256886999702895,-0.688961276798209,0.945848276501083
4.27972866213665,-0.224600319346827,-0.712205539469924,0.936805858816731
4.27983706636906,-0.192053140577173,-0.734623888322298,0.926677028899409
4.27994547060146,-0.159283223067256,-0.756190304031623,0.915473527098855
4.28005387483387,-0.126328562251085,-0.776879788706976,0.903208350958033
4.28016227906627,-0.0932273881099867,-0.796668330379911,0.889895718489872
4.28027068329868,-0.0600180798237702,-0.815532993219379,0.875551073043152
4.28037908753108,-0.0267391617593619,-0.833451882780375,0.860191044539748
4.28048749176349,0.00657078068349078,-0.850404231296412,0.843833450612913
4.28059589599589,0.0398731071153341,-0.86637036306264,0.826497255947259
4.28066350920696,0.0606240363024742,-0.875821433746286,0.815197397443796
4.28073112241804,0.0813474429737028,-0.884877270914304,0.803529827940568
4.28079873562911,0.10203406932257,-0.893533834577071,0.791499765254499
4.28086634884018,0.12267458381562,-0.901787212577343,0.779112628761733
4.28095850808905,0.150716809761402,-0.912380656289327,0.761663846527916
4.28105066733792,0.178632783163387,-0.92220935880651,0.743576575643099
4.28111086723482,0.196789045395216,-0.928212927446448,0.731423882051252
4.28117106713173,0.214874827716258,-0.933884465666318,0.719009637950072
4.28123126702863,0.232883718108643,-0.939221970052861,0.70633825194421
4.28129146692554,0.250809262005274,-0.944223519395884,0.693414257390603
4.28136396718788,0.272277596701954,-0.949798514127134,0.677520917425167
4.28143646745022,0.293604684744737,-0.954880784057855,0.661276099313105
4.28150896771256,0.314779474850996,-0.959467706314992,0.644688231463978
4.2815814679749,0.335790957585082,-0.963556887103455,0.627765929518362
4.28165396823724,0.356628250983015,-0.967146218911224,0.610517967928224
4.28172646849958,0.377280525603008,-0.970233826870764,0.592953301267734
4.28181463579236,0.402130599557115,-0.973310242227219,0.571179642670068
4.28190280308513,0.426672236456301,-0.975639968812479,0.548967732356182
4.28199097037791,0.450886585061067,-0.977221229458841,0.526334644397735
4.28207913767069,0.474755043414525,-0.978052798168073,0.503297754753524
4.28216730496347,0.498259302740733,-0.978134048153888,0.479874745413135
4.28225547225625,0.521381318532735,-0.977464905554673,0.456083587021906
4.28234363954902,0.544103359774397,-0.976045894629613,0.431942534855188
4.2824318068418,0.566407985127235,-0.973878093205767,0.407470108078486
4.28251997413458,0.588278091393787,-0.970963174765611,0.382685083371813
4.28262837836691,0.614547175849052,-0.966358541766479,0.351811365917384
4.28273678259925,0.640103725027398,-0.960633201778084,0.320529476750656
4.28284518683159,0.66491800988762,-0.95379380456558,0.288875794677969
4.28295359106392,0.68896124095413,-0.945848293013595,0.256887052059438
4.28306199529626,0.712205504912896,-0.936805877084454,0.224600372171572
4.28317039952859,0.734623855095822,-0.926677048905898,0.192053193810066
4.28327880376093,0.756190272177666,-0.915473548825725,0.159283276648022
4.28338720799326,0.776879758266031,-0.903208374384728,0.126328616118658
4.2834956122256,0.796668301390772,-0.889895743593911,0.0932274422031455
4.28360401645793,0.815532965719253,-0.875551099800105,0.0600181340808416
4.28371242069027,0.833451856804701,-0.860191072923389,0.0267392161186607
4.28382082492261,0.850404206878914,-0.843833480594838,-0.0065707262841063
4.28392922915494,0.866370340235325,-0.826497287497345,-0.0398730527379974
4.28399684242043,0.875821419379536,-0.815197420706017,-0.0606239986735267
4.28406445568592,0.884877264379456,-0.803529842313769,-0.0813474220657179
4.28413206895141,0.893533835235484,-0.791499770149956,-0.102034065085536
4.2841996822169,0.901787219780699,-0.779112623603729,-0.122674596176993
4.28429184148008,0.912380664720778,-0.761663838305851,-0.150716826414975
4.28438400074326,0.922209368223182,-0.743576564167941,-0.178632804055248
4.2844442006136,0.928212933890818,-0.731423875681989,-0.196789058208856
4.28450440048393,0.933884469429834,-0.71900963692099,-0.214874832508883
4.28456460035427,0.93922197142975,-0.706338256483677,-0.23288371494606
4.2846248002246,0.944223518682879,-0.693414267721135,-0.250809250961724
4.28469730048898,0.94979851379648,-0.677520927471067,-0.272277586325418
4.28476980075337,0.954880784082996,-0.661276109050783,-0.293604675032248
4.28484230101775,0.959467706669119,-0.644688240870517,-0.314779465798613
4.28491480128213,0.963556887759377,-0.627765938571605,-0.335790949187795
4.28498730154652,0.967146219841529,-0.610517976606626,-0.356628243234889
4.2850598018109,0.970233828047656,-0.592953309550416,-0.377280518497271
4.28514796910807,0.973310243724864,-0.571179649968547,-0.402130593756341
4.28523613640524,0.975639970556991,-0.548967738623568,-0.426672231933439
4.28532430370241,0.977221231375862,-0.526334649589384,-0.450886581786439
4.28541247099958,0.978052800182957,-0.50329775882741,-0.474755041355542
4.28550063829675,0.978134050191939,-0.479874748329952,-0.498259301861995
4.28558880559392,0.977464907541138,-0.456083588744915,-0.521381318796232
4.28567697289109,0.976045896489816,-0.431942535350564,-0.544103361139292
4.28576514018826,0.973878094865307,-0.407470107314944,-0.566407987550336
4.28585330748543,0.970963176150285,-0.382685081320978,-0.588278094829281
4.28596171171778,0.966358542968929,-0.351811363793863,-0.614547179175075
4.28607011595013,0.960633202799025,-0.320529474560121,-0.640103728238943
4.28617852018247,0.953793805405996,-0.288875792426317,-0.66491801297969
4.28628692441482,0.945848293674541,-0.256887049752602,-0.688961243921953
4.28639532864717,0.936805877567262,-0.224600369815434,-0.71220550775183
4.28650373287952,0.926677049212136,-0.19205319141073,-0.734623857801397
4.28661213711187,0.915473548957007,-0.159283274211506,-0.756190274745543
4.28672054134422,0.903208374343189,-0.126328613651178,-0.776879760692004
4.28682894557657,0.889895743381598,-0.0932274397108291,-0.796668303670804
4.28693734980892,0.875551099419406,-0.0600181315699723,-0.815532967849444
4.28704575404127,0.860191072376828,-0.0267392135954395,-0.833451858781385
4.28715415827361,0.843833479885192,0.00657072881332793,-0.850404208698549
4.28726256250596,0.826497286627559,0.0398730552668953,-0.86637034189448
4.28733017577064,0.815197419877946,0.0606240009462383,-0.875821420824192
4.28739778903531,0.803529841537607,0.0813474240805016,-0.884877265618092
4.28746540229998,0.79149976943572,0.102034066841048,-0.893533836276767
4.28753301556465,0.77911262296131,0.122674597672241,-0.901787220633565
4.28762517485471,0.761663832381336,0.150716836050703,-0.912380668432053
4.28771733414476,0.743576552595682,0.178632821747474,-0.922209374343144
4.28777753399263,0.731423868395185,0.196789069062351,-0.928212937457517
4.2878377338405,0.719009634118277,0.214874836571148,-0.933884470689396
4.28789793368837,0.706338258358809,0.232883712271994,-0.939221970630797
4.28795813353623,0.693414274462709,0.250809241613331,-0.944223516076039
4.28803063380043,0.677520934361405,0.272277576961294,-0.949798511322698
4.28810313406462,0.66127611608924,0.293604665656503,-0.954880781745713
4.28817563432881,0.644688248056315,0.31477945641541,-0.959467704471713
4.288248134593,0.627765945903802,0.335790939801359,-0.963556885705141
4.28832063485719,0.61051798408424,0.356628233849484,-0.967146217933703
4.28839313512139,0.592953317172177,0.37728050911731,-0.970233826289472
4.28848130244235,0.571179651770977,0.402130591118361,-0.973310242889321
4.28856946976331,0.548967734370187,0.426672235870951,-0.975639970241124
4.28865763708427,0.526334639057741,0.450886592117589,-0.977221231175292
4.28874580440523,0.503297741809215,0.474755057883537,-0.978052799692723
4.28883397172619,0.47987472463148,0.498259324375357,-0.978134049006821
4.28892213904716,0.456083558187177,0.521381347069272,-0.977464905256453
4.28901030636812,0.431942497769714,0.544103394932277,-0.976045892701952
4.28909847368908,0.40747006256252,0.566408026609879,-0.973878089172397
4.28918664101004,0.382685029264257,0.588278138888639,-0.970963168152909
4.28929504524246,0.351811310965968,0.614547222019923,-0.966358532985867
4.28940344947487,0.320529421024382,0.640103769815178,-0.96063319083954
4.28951185370729,0.288875738246762,0.664918053234798,-0.953793791481553
4.2896202579397,0.256886994994055,0.688961282804853,-0.945848277798877
4.28972866217212,0.224600314543411,0.71220554521309,-0.936805859756484
4.28983706640453,0.192053135691382,0.734623893793145,-0.926677029484501
4.28994547063695,0.159283218111564,0.756190309221643,-0.915473527333175
4.29005387486936,0.126328557237863,0.776879793607987,-0.903208350845827
4.29016227910178,0.0932273830517319,0.796668334983991,-0.88989571803571
4.2902706833342,0.0600180747330578,0.815532997519058,-0.875551072252101
4.29037908756661,0.0267391566488882,0.83345188676847,-0.86019104341735
4.29048749179903,-0.00657078580112499,0.850404234966064,-0.843833449164954
4.29059589603144,-0.0398731122274841,0.866370366407434,-0.826497254179927
4.29066350924079,-0.0606240408752479,0.875821436649065,-0.815197395773798
4.29073112245015,-0.0813474470038142,0.884877273393052,-0.803529826389223
4.2907987356595,-0.102034072807453,0.893533836650241,-0.79149976384274
4.29086634886885,-0.122674586753441,0.901787214263726,-0.779112627510248
4.29095850817141,-0.150716828962929,0.912380663687491,-0.761663834724581
4.29105066747396,-0.178632818460881,0.922209371018117,-0.743576552557209
4.29111086732603,-0.196789067044245,0.928212934562419,-0.731423867518157
4.29117106717809,-0.214874835811833,0.933884468177934,-0.719009632366079
4.29123126703016,-0.232883712760152,0.939221968456196,-0.706338255696017
4.29129146688223,-0.25080924333655,0.944223514191219,-0.69341427085462
4.29136396714418,-0.272277578000325,0.94979850918762,-0.677520931187263
4.29143646740614,-0.293604666018291,0.954880779390397,-0.661276113372079
4.29150896766809,-0.314779456108225,0.959467701926457,-0.644688245818183
4.29158146793004,-0.33579093883439,0.96355688300044,-0.627765944166033
4.291653968192,-0.356628232232874,0.967146215100347,-0.610517982867414
4.29172646845395,-0.377280506862267,0.970233823358406,-0.592953316496138
4.29181463579432,-0.402130594301111,0.973310240559695,-0.571179646258546
4.29190280313468,-0.426672244351825,0.97563996818382,-0.54896772383198
4.29199097047504,-0.450886605744511,0.977221229060286,-0.526334623315762
4.29207913781541,-0.474755076492291,0.978052797189472,-0.503297720697175
4.29216730515577,-0.498259347789819,0.978134045784809,-0.479874697994969
4.29225547249614,-0.521381375101694,0.977464900985632,-0.4560835258839
4.2923436398365,-0.54410342738357,0.976045887053387,-0.431942459669825
4.29243180717687,-0.566408063269923,0.97387808181864,-0.407470018548741
4.29251997451723,-0.588278179536491,0.970963158768614,-0.382684979232089
4.29262837874971,-0.614547261564758,0.966358521796545,-0.351811260231763
4.29273678298219,-0.640103808207755,0.960633177853429,-0.320529369645639
4.29284518721467,-0.664918090427389,0.953793776709006,-0.288875686281623
4.29295359144715,-0.68896131875099,0.945848261252394,-0.256886942501392
4.29306199567963,-0.712205579867716,0.936805841450544,-0.224600261582817
4.29317039991211,-0.734623927112756,0.926677009435703,-0.192053082322907
4.29327880414459,-0.756190341164132,0.91547350556007,-0.159283164395904
4.29338720837707,-0.776879824132965,0.903208327369034,-0.126328503236035
4.29349561260956,-0.796668364052626,0.889895692877868,-0.0932273288251762
4.29360401684204,-0.815533025094159,0.875551045437779,-0.0600180203435929
4.29371242107452,-0.833451912814503,0.860191014972998,-0.0267391021584725
4.293820825307,-0.850404259449315,0.843833419119052,0.00657084033027922
4.29392922953948,-0.866370389296018,0.826497222562821,0.0398731667331892
4.29399684269427,-0.875821451055071,0.81519737246646,0.0606240785885802
4.29406445584906,-0.884877279946761,0.803529811994526,0.0813474679522424
4.29413206900386,-0.89353383599207,0.791499758950857,0.102034077041198
4.29419968215865,-0.901787207043593,0.77911263269846,0.122674574345168
4.29429184144686,-0.912380655237158,0.761663842983754,0.15071681225344
4.29438400073507,-0.922209361581011,0.743576564076721,0.178632797504296
4.29444420061379,-0.928212928106867,0.731423873915618,0.196789054191266
4.29450440049251,-0.933884464411556,0.719009633406559,0.214874831005037
4.29456460037123,-0.9392219670839,0.706338251150323,0.2328837159336
4.29462480024995,-0.944223514915303,0.693414260499655,0.250809254415647
4.29469730050983,-0.949798509526064,0.677520921123728,0.272277588402319
4.29476980076971,-0.954880779370144,0.661276103623764,0.293604675746411
4.29484230102959,-0.959467701574833,0.644688236408386,0.314779465166443
4.29491480128946,-0.963556882345132,0.627765935117299,0.335790947227861
4.29498730154934,-0.967146214169206,0.610517974201475,0.356628239967754
4.29505980180922,-0.970233822179647,0.592953308234124,0.377280513945502
4.29514796914521,-0.973310239061091,0.571179638978091,0.402130600083017
4.29523613648119,-0.975639966439203,0.54896771757993,0.426672248859301
4.29532430381718,-0.977221227143787,0.526334618136595,0.45088660900722
4.29541247115316,-0.978052795175431,0.503297716632579,0.474755078542869
4.29550063848915,-0.978134043747755,0.479874695084265,0.498259348663506
4.29558880582513,-0.977464899000149,0.456083524163762,0.521381374836383
4.29567697316112,-0.976045885193913,0.431942459174014,0.544103426019886
4.2957651404971,-0.973878080159446,0.407470019308416,0.566408060851028
4.29585330783309,-0.97096315738352,0.382684981275363,0.588278176108161
4.29596171206556,-0.966358520592701,0.35181126234409,0.614547258248629
4.29607011629804,-0.960633176829884,0.320529371821144,0.640103805008735
4.29617852053052,-0.953793775864581,0.288875688514392,0.66491808735018
4.296286924763,-0.94584826058577,0.256886944785569,0.688961315800171
4.29639532899548,-0.936805840960105,0.224600263912318,0.712205577047787
4.29650373322796,-0.926677009119667,0.192053084691698,0.734623924427945
4.29661213746044,-0.915473505416484,0.159283166797827,0.756190338618619
4.29672054169292,-0.903208327395655,0.126328505664959,0.776879821730719
4.2968289459254,-0.889895693072387,0.0932273312749861,0.796668361797395
4.29693735015788,-0.875551045797597,0.0600180228080614,0.815533022989542
4.29704575439036,-0.86019101549541,0.0267391046313254,0.833451910864084
4.29715415862284,-0.843833419801058,-0.00657083785525877,0.850404257656302
4.29726256285532,-0.826497223401296,-0.0398731642621575,0.866370387663459
4.29733017601089,-0.815197373268689,-0.0606240763620127,0.875821449630693
4.29739778916646,-0.803529812750663,-0.0813474659718346,0.88487727872248
4.29746540232204,-0.791499759651375,-0.102034075308311,0.893533834959655
4.29753301547761,-0.779112633333735,-0.122674572860919,0.901787206194652
4.29762517473902,-0.761663848887303,-0.150716802649926,0.912380651537239
4.29771733400042,-0.743576575613314,-0.178632779865306,0.922209355478601
4.29777753390155,-0.731423881178475,-0.196789043372345,0.928212924550819
4.29783773380267,-0.719009636197582,-0.214874826958748,0.933884463156315
4.2978979337038,-0.706338249276289,-0.232883718605273,0.939221967881528
4.29795813360492,-0.693414253772505,-0.250809263743395,0.944223517515888
4.29803063386498,-0.6775209142519,-0.272277597740851,0.949798511992755
4.29810313412503,-0.66127609660817,-0.293604685091648,0.954880781699833
4.29817563438508,-0.644688229249941,-0.314779474514344,0.959467703764287
4.29824813464513,-0.62776592781708,-0.335790956574236,0.9635568843913
4.29832063490518,-0.610517966760745,-0.356628249308388,0.967146216069117
4.29839313516523,-0.592953300654152,-0.377280523276179,0.970233823930318
4.29848130247744,-0.571179637215977,-0.402130602674906,0.97331023989089
4.29856946978964,-0.548967721872009,-0.426672244878911,0.975639966750859
4.29865763710184,-0.526334628705218,-0.450886598636319,0.977221227341539
4.29874580441404,-0.503297733686054,-0.474755061978129,0.978052795664176
4.29883397172624,-0.479874718816145,-0.498259326116366,0.978134044932485
4.29892213903845,-0.45608355475291,-0.521381346532556,0.977464901285437
4.29901030635065,-0.431942496784237,-0.544103392199005,0.976045888983227
4.29909847366285,-0.407470064087992,-0.566408021766419,0.973878085854398
4.29918664097505,-0.382685033357093,-0.58827813202638,0.970963165383461
4.29929504520746,-0.351811315198847,-0.61454721538067,0.966358530579516
4.29940344943987,-0.320529425385607,-0.6401037634088,0.960633188794361
4.29951185367228,-0.288875742724568,-0.664918047070889,0.953793789795402
4.29962025790468,-0.256886999576589,-0.688961276892669,0.945848276469291
4.29972866213709,-0.224600319218629,-0.712205539561633,0.936805858780245
4.2998370663695,-0.192053140447199,-0.734623888411101,0.92667702885828
4.29994547060191,-0.159283222935742,-0.756190304117367,0.915473527053093
4.30005387483431,-0.126328562118097,-0.77687978878958,0.903208350907651
4.30016227906672,-0.0932273879756658,-0.796668330459204,0.889895718434846
4.30027068329913,-0.0600180796882444,-0.815532993295244,0.875551072983451
4.30037908753154,-0.0267391616228718,-0.833451882852653,0.860191044475493
4.30048749176394,0.00657078082083964,-0.850404231364943,0.843833450544084
4.30059589599635,0.0398731072533923,-0.866370363127347,0.826497255873928
4.30066350920728,0.0606240363964842,-0.875821433788743,0.815197397392259
4.30073112241821,0.0813474430237237,-0.884877270936152,0.803529827912375
4.30079873562914,0.102034069328798,-0.89353383458001,0.791499765251196
4.30086634884007,0.122674583778197,-0.901787212563051,0.779112628784831
4.30095850808894,0.15071680972531,-0.912380656276348,0.761663846551023
4.30105066733781,0.178632783128613,-0.92220935879486,0.743576575666215
4.30111086723476,0.196789045373374,-0.928212927439556,0.731423882066176
4.30117106713171,0.214874827707366,-0.933884465663664,0.719009637956275
4.30123126702866,0.232883718112561,-0.939221970054006,0.706338251941426
4.3012914669256,0.250809262021809,-0.944223519400348,0.693414257378511
4.30136396718787,0.272277596696585,-0.949798514125681,0.677520917429057
4.30143646745014,0.293604684717699,-0.954880784051503,0.661276099333761
4.3015089677124,0.314779474802643,-0.959467706304781,0.64468823150212
4.30158146797467,0.335790957515778,-0.963556887090417,0.6277659295746
4.30165396823694,0.356628250893117,-0.967146218896321,0.610517968003208
4.3017264684992,0.377280525492983,-0.970233826855087,0.592953301362071
4.30181463579194,0.402130599437987,-0.973310242213518,0.571179642775536
4.30190280308468,0.426672236328379,-0.975639968801534,0.548967732473135
4.30199097037742,0.450886584924741,-0.977221229451193,0.526334644526443
4.30207913767017,0.474755043270209,-0.978052798164383,0.503297754894172
4.30216730496291,0.4982593025888,-0.97813404815483,0.479874745566011
4.30225547225565,0.521381318373589,-0.977464905560843,0.456083587187244
4.30234363954839,0.54410335960845,-0.976045894641616,0.431942535033138
4.30243180684113,0.566407984955086,-0.973878093224287,0.407470108269168
4.30251997413387,0.588278091215883,-0.970963174791154,0.38268508357529
4.30262837836621,0.614547175676892,-0.966358541799166,0.35181136612226
4.30273678259855,0.640103724861165,-0.960633201817763,0.320529476956573
4.30284518683089,0.664918009727406,-0.953793804612093,0.288875794884682
4.30295359106323,0.688961240800038,-0.945848293066769,0.256887052266707
4.30306199529557,0.712205504764985,-0.936805877144161,0.224600372379127
4.30317039952791,0.734623854954252,-0.926677048971911,0.192053194017651
4.30327880376025,0.756190272042543,-0.915473548897851,0.159283276855269
4.30338720799259,0.776879758137407,-0.903208374462838,0.126328616325395
4.30349561222494,0.796668301268711,-0.889895743677742,0.093227442409021
4.30360401645728,0.815532965603807,-0.875551099889504,0.0600181342856704
4.30371242068962,0.833451856695918,-0.860191073018108,0.0267392163221472
4.30382082492196,0.850404206776812,-0.843833480694703,-0.00657072608214588
4.3039292291543,0.866370340139908,-0.826497287602166,-0.0398730525377716
4.30399684242,0.875821419316837,-0.81519742077841,-0.0606239985384579
4.3040644556857,0.884877264347012,-0.803529842351388,-0.0813474219956483
4.3041320689514,0.893533835230766,-0.791499770150616,-0.102034065080153
4.3041996822171,0.901787219801229,-0.779112623565175,-0.122674596236068
4.30429184148036,0.912380664748001,-0.761663838251282,-0.150716826496769
4.30438400074362,0.922209368255832,-0.743576564096388,-0.178632804159437
4.30444420061382,0.928212933908981,-0.731423875635411,-0.196789058273557
4.30450440048403,0.933884469434863,-0.719009636900442,-0.214874832534399
4.30456460035423,0.939221971423077,-0.706338256490383,-0.232883714932726
4.30462480022444,0.944223518665956,-0.693414267756097,-0.2508092509099
4.30469730048882,0.94979851378047,-0.677520927507508,-0.272277586272971
4.3047698007532,0.954880784067922,-0.661276109088847,-0.293604674979106
4.30484230101758,0.959467706655055,-0.644688240910208,-0.314779465744864
4.30491480128195,0.963556887746361,-0.627765938612842,-0.335790949133531
4.30498730154633,0.967146219829597,-0.610517976649501,-0.356628243180116
4.30505980181071,0.970233828036921,-0.592953309594901,-0.377280518442014
4.30514796910785,0.973310243714652,-0.571179650022631,-0.402130593692031
4.30523613640498,0.975639970547909,-0.548967738687466,-0.426672231860444
4.30532430370212,0.977221231368441,-0.526334649663448,-0.450886581704983
4.30541247099925,0.978052800177843,-0.503297758911872,-0.474755041265956
4.30550063829639,0.978134050189716,-0.47987474842507,-0.49825930176466
4.30558880559352,0.977464907542421,-0.456083588851001,-0.521381318691398
4.30567697289066,0.976045896495155,-0.431942535467669,-0.544103361027504
4.30576514018779,0.973878094875264,-0.407470107443299,-0.566407987431963
4.30585330748493,0.970963176165447,-0.382685081460745,-0.588278094704718
4.30596171171728,0.966358542989478,-0.351811363936594,-0.61454717905287
4.30607011594962,0.96063320282498,-0.320529474705701,-0.6401037281193
4.30617852018197,0.953793805437363,-0.288875792574592,-0.664918012862767
4.30628692441431,0.945848293711335,-0.256887049903443,-0.688961243807909
4.30639532864666,0.936805877609472,-0.224600369968565,-0.712205507640926
4.306503732879,0.926677049259837,-0.192053191566039,-0.734623857693795
4.30661213711135,0.915473549010257,-0.159283274368852,-0.756190274641394
4.30672054134369,0.903208374401916,-0.126328613810416,-0.776879760591473
4.30682894557604,0.889895743445874,-0.0932274398717841,-0.79666830357406
4.30693734980838,0.875551099489159,-0.0600181317324486,-0.815532967756685
4.30704575404073,0.860191072452003,-0.0267392137592611,-0.833451858692776
4.30715415827307,0.843833479965874,0.00657072864835142,-0.850404208614215
4.30726256250542,0.826497286713684,0.0398730551009419,-0.866370341814625
4.30733017577026,0.815197419939169,0.0606240008307772,-0.875821420769942
4.30739778903509,0.803529841572109,0.0813474240154856,-0.8848772655876
4.30746540229993,0.791499769441757,0.102034066826325,-0.893533836268056
4.30753301556477,0.779112622937025,0.122674597707612,-0.901787220644703
4.30762517485482,0.761663832356042,0.150716836086308,-0.912380668442351
4.30771733414488,0.743576552569391,0.178632821783213,-0.922209374352597
4.30777753399269,0.731423868379078,0.196789069082262,-0.928212937461331
4.30783773384051,0.719009634112713,0.214874836575382,-0.933884470688119
4.30789793368832,0.706338258364361,0.232883712260623,-0.939221970624973
4.30795813353614,0.693414274479681,0.250809241586616,-0.944223516066287
4.30803063380038,0.677520934368821,0.272277576948105,-0.949798511316922
4.30810313406461,0.661276116086681,0.293604665656635,-0.954880781743331
4.30817563432885,0.644688248043269,0.314779456428748,-0.959467704472015
4.30824813459309,0.627765945879842,0.335790939827708,-0.963556885707561
4.30832063485733,0.610517984048978,0.356628233888648,-0.967146217937588
4.30839313512156,0.59295331712531,0.37728050916894,-0.970233826294221
4.30848130244253,0.571179651723276,0.402130591169339,-0.97331024289256
4.30856946976349,0.548967734321603,0.426672235921243,-0.975639970242852
4.30865763708445,0.526334639008349,0.45088659216719,-0.977221231175575
4.30874580440541,0.50329774175905,0.47475505793241,-0.978052799691453
4.30883397172637,0.479874724580573,0.498259324423466,-0.978134049004016
4.30892213904733,0.456083558135554,0.521381347116562,-0.977464905252092
4.30901030636829,0.431942497717406,0.544103394978728,-0.976045892696131
4.30909847368926,0.407470062509585,0.566408026655462,-0.973878089165031
4.30918664101022,0.382685029210734,0.588278138933339,-0.970963168144025
4.30929504524263,0.351811310911573,0.614547222063574,-0.966358532975174
4.30940344947505,0.320529420969146,0.640103769857806,-0.960633190826951
4.30951185370747,0.288875738190666,0.664918053276345,-0.953793791466993
4.30962025793988,0.2568869949372,0.688961282845262,-0.945848277782454
4.3097286621723,0.224600314485874,0.712205545252281,-0.936805859738149
4.30983706640472,0.192053135633227,0.734623893831076,-0.926677029464305
4.30994547063713,0.15928321805277,0.756190309258306,-0.915473527311066
4.31005387486955,0.126328557178518,0.776879793643288,-0.903208350821819
4.31016227910196,0.0932273829919478,0.79666833501789,-0.889895718009848
4.31027068333438,0.0600180746728911,0.815532997551481,-0.87555107222439
4.3103790875668,0.0267391565883326,0.833451886799409,-0.860191043387713
4.31048749179921,-0.00657078586197955,0.850404234995448,-0.843833449133471
4.31059589603163,-0.0398731122885139,0.866370366435193,-0.826497254146645
4.31066350924092,-0.0606240409174875,0.875821436667406,-0.815197395749887
4.31073112245021,-0.0813474470273486,0.884877273402661,-0.803529826375277
4.31079873565951,-0.102034072812278,0.893533836651822,-0.79149976383952
4.3108663488688,-0.122674586739597,0.90178721425797,-0.779112627518379
4.31095850817127,-0.150716828925407,0.912380663673562,-0.761663834748157
4.31105066747375,-0.178632818399926,0.922209370997281,-0.743576552597328
4.31111086732589,-0.196789067007599,0.928212934550506,-0.731423867542901
4.31117106717804,-0.214874835799247,0.933884468174052,-0.719009632374815
4.31123126703019,-0.232883712771493,0.939221968459426,-0.706338255687927
4.31129146688233,-0.250809243371538,0.944223514200706,-0.693414270829146
4.31136396714429,-0.272277578035255,0.949798509196447,-0.677520931161141
4.31143646740624,-0.293604666053236,0.954880779398506,-0.661276113345236
4.3115089676682,-0.314779456143122,0.959467701933789,-0.644688245790679
4.31158146793015,-0.335790938869218,0.963556883007124,-0.627765944137893
4.31165396819211,-0.356628232267695,0.967146215106297,-0.610517982838542
4.31172646845406,-0.37728050689698,0.970233823363602,-0.592953316466619
4.31181463579441,-0.402130594331095,0.973310240563431,-0.571179646232339
4.31190280313476,-0.426672244377275,0.97563996818644,-0.548967723809084
4.31199097047511,-0.450886605765429,0.977221229062019,-0.526334623296519
4.31207913781546,-0.474755076508875,0.978052797190518,-0.503297720681616
4.31216730515581,-0.498259347802179,0.978134045785452,-0.479874697983269
4.31225547249616,-0.52138137510991,0.977464900986117,-0.456083525876211
4.31234363983651,-0.544103427387876,0.976045887054037,-0.431942459666131
4.31243180717686,-0.566408063270333,0.9738780818197,-0.40747001854936
4.31251997451721,-0.588278179533235,0.970963158770254,-0.382684979236982
4.31262837874969,-0.614547261561557,0.966358521798511,-0.351811260236914
4.31273678298217,-0.640103808204696,0.960633177855661,-0.320529369650967
4.31284518721465,-0.664918090424346,0.95379377671161,-0.28887568628724
4.31295359144713,-0.688961318747975,0.94584826125537,-0.256886942507371
4.31306199567961,-0.712205579864825,0.936805841453839,-0.224600261588987
4.31317039991209,-0.734623927109919,0.926677009439395,-0.192053082329422
4.31327880414456,-0.756190341161445,0.915473505564164,-0.159283164402693
4.31338720837704,-0.776879824130409,0.903208327373537,-0.12632850324308
4.31349561260952,-0.796668364050162,0.889895692882751,-0.0932273288325442
4.313604016842,-0.815533025091831,0.875551045443039,-0.0600180203511539
4.31371242107448,-0.833451912812409,0.860191014978738,-0.0267391021663217
4.31382082530696,-0.850404259447394,0.843833419125238,0.00657084032218247
4.31392922953944,-0.866370389294244,0.826497222569389,0.0398731667248734
4.31399684269424,-0.875821451053616,0.815197372473221,0.0606240785804183
4.31406445584903,-0.884877279945638,0.803529812001274,0.081347467944379
4.31413206900383,-0.893533835991237,0.79149975895765,0.102034077033591
4.31419968215862,-0.901787207043099,0.779112632705195,0.122674574337899
4.3142918414468,-0.912380655233081,0.761663842997423,0.150716812235723
4.31438400073497,-0.922209361573921,0.743576564097713,0.178632797476207
4.31444420061372,-0.928212928103626,0.731423873930213,0.196789054173431
4.31450440049248,-0.933884464411808,0.719009633414416,0.214874830997434
4.31456460037123,-0.939221967087206,0.706338251151081,0.232883715936159
4.31462480024999,-0.94422351492134,0.693414260493134,0.250809254428192
4.31469730050983,-0.949798509529094,0.677520921125491,0.272277588403626
4.31476980076967,-0.954880779370708,0.661276103634158,0.293604675736595
4.31484230102951,-0.959467701573399,0.644688236427729,0.314779465145731
4.31491480128935,-0.963556882342283,0.627765935145924,0.33579094719638
4.31498730154919,-0.967146214165468,0.610517974239795,0.356628239925661
4.31505980180903,-0.970233822175479,0.592953308282363,0.37728051389311
4.31514796914498,-0.973310239057661,0.571179639034868,0.402130600022807
4.31523613648094,-0.975639966437023,0.548967717645532,0.426672248791521
4.31532430381689,-0.97722122714334,0.526334618211137,0.450886608932216
4.31541247115284,-0.978052795177283,0.503297716716445,0.474755078460832
4.3155006384888,-0.978134043752363,0.479874695177553,0.498259348574859
4.31558880582475,-0.97746489900803,0.456083524266662,0.521381374741415
4.31567697316071,-0.976045885205631,0.43194245928664,0.544103425919001
4.31576514049666,-0.973878080175446,0.407470019430975,0.566408060744509
4.31585330783262,-0.970963157404382,0.382684981407977,0.588278175996379
4.31596171206509,-0.966358520618587,0.351811262479811,0.614547258138788
4.31607011629757,-0.960633176860856,0.320529371959845,0.640103804901031
4.31617852053004,-0.95379377590071,0.288875688655943,0.664918087244771
4.31628692476252,-0.945848260627079,0.256886944929816,0.688961315697269
4.31639532899499,-0.936805841006649,0.224600264059133,0.712205576947527
4.31650373322747,-0.92667700917155,0.192053084841018,0.734623924330558
4.31661213745994,-0.915473505473725,0.159283166949422,0.756190338524331
4.31672054169242,-0.903208327458269,0.126328505818667,0.776879821639606
4.31682894592489,-0.889895693140343,0.0932273314306374,0.796668361709766
4.31693735015737,-0.875551045870961,0.060018022965472,0.815533022905516
4.31704575438984,-0.8601910155742,0.0267391047904122,0.833451910783793
4.31715415862232,-0.84383341988518,-0.00657083769482928,0.850404257580036
4.31726256285479,-0.82649722349078,-0.0398731641005417,0.866370387591311
4.3173301760105,-0.815197373337465,-0.0606240762430964,0.875821449580514
4.31739778916622,-0.803529812797188,-0.0813474658956353,0.884877278692817
4.31746540232193,-0.791499759674197,-0.102034075274615,0.893533834948802
4.31753301547764,-0.779112633331396,-0.122674572869543,0.901787206200924
4.31762517473902,-0.761663848889166,-0.150716802651527,0.91238065154071
4.31771733400041,-0.743576575619732,-0.178632779859943,0.922209355479668
4.31777753390154,-0.731423881182555,-0.196789043370491,0.928212924553102
4.31783773380268,-0.719009636199266,-0.214874826960403,0.933884463159705
4.31789793370382,-0.706338249275504,-0.23288371861038,0.939221967885878
4.31795813360495,-0.693414253769094,-0.250809263751936,0.944223517521046
4.318030633865,-0.677520914250068,-0.272277597747053,0.949798511997115
4.31810313412504,-0.661276096607929,-0.293604685095562,0.954880781703474
4.31817563438509,-0.644688229251307,-0.314779474516103,0.959467703767397
4.31824813464513,-0.627765927820114,-0.335790956573827,0.963556884393933
4.31832063490518,-0.610517966765549,-0.356628249305837,0.967146216071405
4.31839313516522,-0.592953300660685,-0.377280523271605,0.970233823932299
4.31848130247745,-0.571179637215743,-0.402130602678045,0.973310239893787
4.31856946978968,-0.548967721864764,-0.426672244889506,0.975639966754251
4.31865763710191,-0.526334628690704,-0.450886598654203,0.977221227344893
4.31874580441414,-0.503297733664033,-0.474755062003072,0.978052795667102
4.31883397172637,-0.479874718786396,-0.498259326148117,0.978134044934482
4.3189221390386,-0.456083554715181,-0.52138134657085,0.97746490128602
4.31901030635083,-0.431942496738266,-0.544103392243662,0.976045888981901
4.31909847366306,-0.407470064033687,-0.566408021817077,0.973878085850784
4.31918664097529,-0.382685033294306,-0.588278132082752,0.970963165377056
4.31929504520769,-0.3518113151357,-0.614547215435045,0.966358530570747
4.3194034494401,-0.320529425322157,-0.640103763461197,0.960633188783323
4.31951185367251,-0.288875742660967,-0.664918047121202,0.953793789782143
4.31962025790491,-0.256886999512842,-0.688961276940927,0.945848276453751
4.31972866213732,-0.22460031915489,-0.712205539607752,0.936805858762625
4.31983706636972,-0.192053140383479,-0.734623888455132,0.926677028838591
4.31994547060213,-0.159283222872194,-0.756190304159255,0.91547352703142
4.32005387483453,-0.126328562054756,-0.776879788829289,0.90320835088405
4.32016227906694,-0.0932273879125603,-0.796668330496739,0.889895718409298
4.32027068329935,-0.0600180796255717,-0.815532993330567,0.875551072956125
4.32037908753175,-0.0267391615606296,-0.8334518828858,0.860191044446419
4.32048749176416,0.0065707808824995,-0.850404231395856,0.843833450513363
4.32059589599656,0.039873107314475,-0.866370363156086,0.826497255841588
4.32066350920744,0.0606240364398279,-0.875821433808336,0.815197397368503
4.32073112241831,0.0813474430494095,-0.884877270947303,0.803529827897893
4.32079873562918,0.102034069336728,-0.893533834583405,0.791499765246678
4.32086634884005,0.122674583768566,-0.901787212559365,0.779112628790774
4.32095850808897,0.150716809728627,-0.912380656277577,0.761663846548953
4.32105066733788,0.178632783144761,-0.922209358800259,0.743576575655446
4.32111086723481,0.196789045383859,-0.928212927442765,0.731423882058887
4.32117106713174,0.214874827712213,-0.933884465664975,0.719009637952703
4.32123126702867,0.232883718111813,-0.939221970053506,0.706338251941705
4.3212914669256,0.250809262015573,-0.944223519398297,0.693414257382739
4.32136396718789,0.27227759669934,-0.949798514125978,0.677520917426632
4.32143646745019,0.29360468472936,-0.9548807840537,0.66127609932433
4.32150896771249,0.314779474823081,-0.959467706308496,0.64468823148536
4.32158146797478,0.335790957544733,-0.963556887095171,0.627765929550393
4.32165396823708,0.356628250930515,-0.967146218901779,0.610517967971226
4.32172646849938,0.37728052553863,-0.970233826860698,0.592953301322078
4.3218146357922,0.40213059950628,-0.973310242220247,0.571179642713957
4.32190280308502,0.426672236418767,-0.975639968807899,0.548967732389145
4.32199097037785,0.450886585036518,-0.977221229455822,0.526334644419264
4.32207913767067,0.474755043402628,-0.978052798165861,0.503297754763211
4.3221673049635,0.498259302741051,-0.97813404815169,0.479874745410611
4.32225547225632,0.521381318544886,-0.977464905551697,0.456083587006784
4.32234363954914,0.544103359797937,-0.976045894625058,0.431942534827132
4.32243180684197,0.566407985161801,-0.973878093198848,0.40747010803705
4.32251997413479,0.588278091438827,-0.970963174755553,0.382685083316731
4.32262837836713,0.614547175894025,-0.966358541753989,0.351811365859943
4.32273678259947,0.6401037250722,-0.960633201763054,0.320529476690835
4.32284518683181,0.664918009932045,-0.953793804547934,0.288875794615892
4.32295359106415,0.688961240998057,-0.945848292993233,0.25688705199515
4.3230619952965,0.712205504956093,-0.936805877061318,0.22460037210516
4.32317039952884,0.734623855138265,-0.926677048879864,0.192053193741578
4.32327880376118,0.756190272219223,-0.915473548796682,0.15928327657744
4.32338720799352,0.776879758306567,-0.903208374352669,0.12632861604611
4.32349561222586,0.796668301430114,-0.889895743558757,0.0932274421286334
4.3236040164582,0.815532965757266,-0.875551099761784,0.0600181340044953
4.32371242069054,0.83345185684125,-0.860191072881774,0.0267392160405096
4.32382082492288,0.850404206913829,-0.843833480549946,-0.00657072636390537
4.32392922915522,0.866370340268444,-0.82649728744914,-0.0398730528193091
4.32399684242065,0.875821419402068,-0.815197420667475,-0.0606239987346388
4.32406445568607,0.884877264392139,-0.803529842285542,-0.0813474221065935
4.32413206895149,0.893533835239037,-0.79149977013282,-0.102034065106221
4.32419968221692,0.901787219775916,-0.779112623598362,-0.122674596177557
4.32429184148015,0.912380664721918,-0.761663838289832,-0.150716826432084
4.32438400074339,0.922209368229276,-0.743576564140684,-0.178632804088615
4.32444420061369,0.928212933892545,-0.731423875661989,-0.196789058230572
4.32450440048398,0.933884469427552,-0.719009636908528,-0.214874832518989
4.32456460035428,0.939221971423878,-0.706338256479191,-0.232883714944723
4.32462480022458,0.944223518673865,-0.693414267724876,-0.250809250948998
4.32469730048894,0.949798513786253,-0.677520927479062,-0.272277586307215
4.3247698007533,0.954880784071856,-0.661276109063255,-0.293604675008619
4.32484230101767,0.959467706657296,-0.644688240887639,-0.314779465769675
4.32491480128203,0.963556887747094,-0.627765938593507,-0.335790949153613
4.3249873015464,0.967146219829066,-0.61051797663342,-0.356628243195667
4.32505980181076,0.970233828035353,-0.59295330958231,-0.377280518453059
4.32514796910794,0.973310243713965,-0.571179649999775,-0.40213059371417
4.32523613640511,0.975639970547319,-0.548967738654016,-0.426672231893322
4.32532430370229,0.977221231367309,-0.526334649619035,-0.450886581748286
4.32541247099946,0.978052800175517,-0.503297758856204,-0.474755041319343
4.32550063829664,0.978134050185511,-0.47987474835776,-0.498259301827775
4.32558880559381,0.977464907535616,-0.456083588771708,-0.521381318763922
4.32567697289099,0.976045896485097,-0.431942535376205,-0.544103361108913
4.32576514018816,0.973878094861266,-0.407470107339463,-0.566407987521805
4.32585330748534,0.970963176146902,-0.382685081344331,-0.588278094802554
4.32596171171768,0.966358542966697,-0.351811363818818,-0.614547179147898
4.32607011595003,0.960633202798062,-0.320529474586681,-0.640103728211391
4.32617852018237,0.953793805406308,-0.288875792454441,-0.664918012951848
4.32628692441472,0.945848293676241,-0.256887049782327,-0.688961243893917
4.32639532864706,0.936805877570465,-0.2246003698468,-0.712205507723668
4.3265037328794,0.92667704921689,-0.192053191443692,-0.734623857773207
4.32661213711175,0.915473548963407,-0.159283274245996,-0.75619027471745
4.32672054134409,0.903208374351298,-0.126328613687187,-0.776879760664085
4.32682894557644,0.889895743391454,-0.0932274397483045,-0.796668303643146
4.32693734980878,0.875551099431091,-0.0600181316088825,-0.815532967822222
4.32704575404113,0.86019107239041,-0.0267392136358341,-0.833451858754588
4.32715415827347,0.84383347990075,0.0065707287715347,-0.850404208672299
4.32726256250582,0.826497286645165,0.0398730552237951,-0.866370341868959
4.32733017577053,0.815197419889226,0.0606240009160241,-0.875821420805279
4.32739778903524,0.803529841542179,0.0813474240630915,-0.884877265605284
4.32746540229996,0.791499769433068,0.102034066836447,-0.893533836269527
4.32753301556467,0.779112622950984,0.122674597680427,-0.901787220631423
4.32762517485475,0.761663832367083,0.150716836064812,-0.912380668431887
4.32771733414482,0.743576552577308,0.178632821767341,-0.922209374344627
4.32777753399266,0.731423868383028,0.196789069072628,-0.928212937455645
4.32783773384049,0.719009634112576,0.214874836571922,-0.933884470684514
4.32789793368833,0.706338258359921,0.232883712263239,-0.939221970623173
4.32795813353616,0.693414274470854,0.250809241595284,-0.944223516066115
4.32803063380041,0.677520934359264,0.272277576957465,-0.949798511316739
4.32810313406465,0.66127611607639,0.293604665666719,-0.954880781743094
4.32817563432889,0.644688248032272,0.314779456439456,-0.959467704471731
4.32824813459313,0.627765945868106,0.335790939839086,-0.963556885707162
4.32832063485737,0.610517984036456,0.356628233900604,-0.967146217937063
4.32839313512161,0.592953317112003,0.377280509181567,-0.970233826293519
4.32848130244257,0.571179651708128,0.402130591183637,-0.973310242891716
4.32856946976354,0.548967734304623,0.426672235937175,-0.975639970241755
4.32865763708451,0.526334638989462,0.450886592184588,-0.977221231174056
4.32874580440548,0.503297741738231,0.474755057951274,-0.978052799689479
4.32883397172644,0.479874724557759,0.498259324443745,-0.97813404900148
4.32892213904741,0.456083558110772,0.521381347138124,-0.977464905248879
4.32901030636838,0.431942497690647,0.544103395001449,-0.976045892692073
4.32909847368935,0.40747006248084,0.566408026679299,-0.973878089160137
4.32918664101031,0.382685029179903,0.588278138958231,-0.970963168138112
4.32929504524273,0.351811310879186,0.614547222088846,-0.966358532968031
4.32940344947515,0.320529420935264,0.640103769883285,-0.960633190818543
4.32951185370757,0.288875738155408,0.664918053301903,-0.953793791457308
4.32962025793999,0.256886994900582,0.688961282870838,-0.945848277771418
4.32972866217241,0.224600314447859,0.7122055452778,-0.93680585972563
4.32983706640483,0.192053135593867,0.734623893856441,-0.926677029450294
4.32994547063725,0.159283218012151,0.75619030928339,-0.915473527295489
4.33005387486967,0.12632855713655,0.776879793668091,-0.903208350804629
4.33016227910209,0.0932273829486771,0.796668335042279,-0.889895717990941
4.33027068333451,0.0600180746283918,0.815532997575362,-0.875551072203771
4.33037908756693,0.0267391565427144,0.83345188682269,-0.860191043365356
4.33048749179935,-0.00657078590868137,0.85040423501803,-0.843833449109336
4.33059589603177,-0.0398731123363031,0.866370366457003,-0.826497254120674
4.33066350924101,-0.0606240409493923,0.87582143668125,-0.815197395731864
4.33073112245025,-0.0813474470433016,0.884877273409163,-0.803529826365877
4.33079873565949,-0.102034072812381,0.893533836651601,-0.791499763839205
4.33086634886874,-0.122674586723947,0.901787214251666,-0.779112627527701
4.33095850817121,-0.150716828908495,0.912380663667277,-0.761663834758771
4.33105066747368,-0.178632818381809,0.922209370991101,-0.743576552609274
4.33111086732584,-0.196789066994447,0.928212934546284,-0.731423867551808
4.331171067178,-0.214874835791029,0.933884468171628,-0.71900963238058
4.33123126703016,-0.232883712768069,0.939221968458601,-0.706338255690501
4.33129146688233,-0.250809243372925,0.944223514201311,-0.693414270828341
4.33136396714429,-0.272277578039619,0.949798509197792,-0.67752093115817
4.33143646740626,-0.293604666060482,0.954880779400514,-0.66127611334001
4.33150896766822,-0.314779456153253,0.959467701936371,-0.644688245783078
4.33158146793019,-0.335790938882146,0.963556883010041,-0.627765944127864
4.33165396819215,-0.356628232283394,0.967146215109451,-0.610517982826028
4.33172646845411,-0.377280506915351,0.970233823366854,-0.592953316451478
4.33181463579445,-0.40213059434476,0.973310240565744,-0.571179646220959
4.33190280313478,-0.426672244386296,0.975639968188077,-0.548967723801739
4.33199097047511,-0.450886605770017,0.977221229063211,-0.526334623293198
4.33207913781545,-0.474755076509075,0.978052797191631,-0.503297720682535
4.33216730515578,-0.498259347798213,0.978134045786666,-0.479874697988476
4.33225547249612,-0.521381375101858,0.977464900987792,-0.456083525885935
4.33234363983645,-0.544103427375877,0.976045887056426,-0.431942459680506
4.33243180717678,-0.566408063254592,0.973878081823065,-0.407470018568404
4.33251997451712,-0.588278179513922,0.970963158774817,-0.38268497926085
4.33262837874959,-0.614547261542864,0.966358521803989,-0.351811260261094
4.33273678298207,-0.640103808186582,0.960633177862155,-0.320529369675561
4.33284518721455,-0.664918090406899,0.953793776719013,-0.288875686312086
4.33295359144703,-0.688961318731212,0.945848261263705,-0.256886942532465
4.33306199567951,-0.712205579848794,0.93680584146309,-0.224600261614284
4.33317039991199,-0.7346239270946,0.926677009449553,-0.192053082354935
4.33327880414447,-0.756190341146823,0.915473505575201,-0.159283164428356
4.33338720837695,-0.776879824116509,0.90320832738544,-0.126328503268898
4.33349561260943,-0.79666836403713,0.889895692895606,-0.0932273288584615
4.33360401684191,-0.815533025079541,0.875551045456791,-0.0600180203772402
4.33371242107439,-0.833451912800933,0.860191014993335,-0.0267391021923747
4.33382082530687,-0.850404259436744,0.84383341914062,0.00657084029613384
4.33392922953935,-0.866370389284468,0.826497222585625,0.0398731666988656
4.33399684269417,-0.875821451047869,0.815197372485522,0.0606240785623644
4.33406445584899,-0.884877279943681,0.803529812009453,0.0813474679342127
4.33413206900381,-0.893533835992724,0.791499758961414,0.102034077031335
4.33419968215863,-0.901787207047739,0.779112632704284,0.122674574343464
4.33429184144678,-0.912380655235152,0.761663843000754,0.150716812234429
4.33438400073494,-0.922209361573802,0.743576564105556,0.178632797468238
4.3344442006137,-0.928212928104835,0.731423873935723,0.196789054169121
4.33450440049247,-0.933884464414227,0.719009633417474,0.214874830996789
4.33456460037123,-0.939221967090753,0.706338251151612,0.232883715939157
4.33462480025,-0.944223514925808,0.693414260490963,0.25080925443488
4.33469730050986,-0.949798509534955,0.67752092111863,0.27227758841635
4.33476980076972,-0.954880779377718,0.661276103622517,0.293604675755234
4.33484230102958,-0.959467701581274,0.644688236411058,0.314779465170258
4.33491480128944,-0.963556882350703,0.627765935124068,0.335790947226629
4.3349873015493,-0.967146214174131,0.610517974212624,0.356628239961525
4.33505980180916,-0.970233822184139,0.592953308249767,0.377280513934382
4.33514796914512,-0.973310239065141,0.571179639001784,0.402130600063348
4.33523613648107,-0.97563996644327,0.548967717611934,0.426672248831339
4.33532430381703,-0.977221227148426,0.526334618177226,0.450886608971214
4.33541247115298,-0.978052795181225,0.503297716682174,0.474755078499027
4.33550063848893,-0.978134043755162,0.479874695142949,0.49825934861224
4.33558880582489,-0.977464899009689,0.456083524231729,0.521381374777985
4.33567697316084,-0.976045885206184,0.431942459251536,0.544103425954676
4.33576514049679,-0.973878080174908,0.407470019395622,0.566408060779309
4.33585330783275,-0.970963157402728,0.382684981372438,0.588278176030331
4.33596171206523,-0.966358520615482,0.351811262442701,0.614547258172772
4.33607011629771,-0.960633176856103,0.320529371921201,0.64010380493495
4.33617852053018,-0.953793775894389,0.288875688615875,0.664918087278529
4.33628692476266,-0.945848260619057,0.2568869448883,0.68896131573077
4.33639532899514,-0.936805840996911,0.224600264016185,0.712205576980733
4.33650373322762,-0.926677009159901,0.192053084796548,0.734623924363367
4.3366121374601,-0.915473505460193,0.159283166903556,0.756190338556645
4.33672054169258,-0.903208327442844,0.126328505771546,0.776879821671299
4.33682894592506,-0.889895693122976,0.0932273313822395,0.796668361740724
4.33693735015753,-0.875551045851586,0.0600180229158554,0.8155330229357
4.33704575439001,-0.860191015552766,0.0267391047396182,0.833451910813147
4.33715415862249,-0.843833419861671,-0.00657083774664948,0.850404257608341
4.33726256285497,-0.826497223465131,-0.0398731641534786,0.866370387618572
4.33733017601064,-0.815197373318236,-0.0606240762826388,0.875821449600864
4.3373977891663,-0.803529812784854,-0.0813474659218204,0.884877278706671
4.33746540232197,-0.791499759669207,-0.102034075287497,0.893533834956696
4.33753301547764,-0.779112633334266,-0.122674572869163,0.901787206203414
4.33762517473904,-0.761663848889591,-0.150716802654987,0.912380651544572
4.33771733400043,-0.743576575617549,-0.178632779867155,0.922209355484694
4.33777753390155,-0.731423881183986,-0.19678904337222,0.928212924556178
4.33783773380267,-0.71900963620441,-0.21487482695667,0.933884463161076
4.33789793370379,-0.70633824928443,-0.232883718601342,0.939221967885807
4.33795813360491,-0.693414253782088,-0.250809263737574,0.944223517519643
4.33803063386496,-0.67752091426181,-0.272277597734751,0.949798511996525
4.33810313412501,-0.661276096618315,-0.293604685085287,0.954880781703596
4.33817563438506,-0.644688229260393,-0.314779474507735,0.959467703768132
4.33824813464511,-0.627765927827842,-0.335790956567402,0.96355688439524
4.33832063490516,-0.610517966771739,-0.356628249301327,0.967146216073107
4.33839313516521,-0.592953300665439,-0.377280523268922,0.970233823934375
4.33848130247743,-0.571179637224262,-0.402130602671161,0.973310239895449
4.33856946978964,-0.548967721877171,-0.426672244878597,0.975639966755778
4.33865763710186,-0.526334628707178,-0.450886598639369,0.97722122734653
4.33874580441407,-0.503297733684677,-0.474755061984405,0.978052795669092
4.33883397172629,-0.479874718811347,-0.49825932612578,0.978134044937116
4.3389221390385,-0.456083554744588,-0.521381346544963,0.977464901289534
4.33901030635072,-0.431942496772222,-0.544103392214359,0.976045888986572
4.33909847366293,-0.407470064072283,-0.566408021784564,0.973878085856824
4.33918664097515,-0.382685033337613,-0.588278132047137,0.970963165384755
4.33929504520755,-0.351811315179769,-0.614547215400192,0.96635853057994
4.33940344943996,-0.320529425366913,-0.640103763427138,0.960633188794034
4.33951185367236,-0.288875742706392,-0.664918047087987,0.953793789794361
4.33962025790477,-0.256886999558975,-0.688961276908582,0.945848276467522
4.33972866213717,-0.224600319201646,-0.712205539576332,0.936805858777996
4.33983706636957,-0.19205314043079,-0.734623888424671,0.926677028855438
4.33994547060198,-0.159283222919998,-0.756190304129837,0.915473527049825
4.34005387483438,-0.126328562103101,-0.7768797888009,0.903208350904004
4.34016227906679,-0.0932273879613335,-0.796668330469496,0.889895718430791
4.34027068329919,-0.0600180796746891,-0.815532993304455,0.87555107297912
4.3403790875316,-0.0267391616101418,-0.833451882860868,0.860191044470983
4.340487491764,0.00657078083271133,-0.85040423137216,0.843833450539446
4.34059589599641,0.0398731072644824,-0.866370363133632,0.826497255869121
4.34066350920733,0.0606240364047466,-0.875821433793402,0.815197397388654
4.34073112241825,0.0813474430291801,-0.884877270939331,0.803529827910155
4.34079873562917,0.102034069331394,-0.893533834581809,0.79149976525037
4.34086634884009,0.122674583778004,-0.901787212563572,0.779112628785545
4.34095850808903,0.150716809745277,-0.912380656284077,0.761663846538786
4.34105066733797,0.178632783168518,-0.922209358808585,0.743576575640084
4.34111086723487,0.196789045397671,-0.928212927447494,0.731423882049786
4.34117106713176,0.21487482771608,-0.933884465666357,0.719009637950236
4.34123126702866,0.232883718105877,-0.939221970051941,0.70633825194606
4.34129146692555,0.250809261999924,-0.944223519394163,0.693414257394197
4.34136396718788,0.272277596692823,-0.949798514124352,0.677520917431501
4.34143646745021,0.293604684731815,-0.954880784054166,0.661276099322363
4.34150896771254,0.314779474834492,-0.959467706310628,0.64468823147611
4.34158146797486,0.335790957564961,-0.963556887098587,0.627765929533582
4.34165396823719,0.35662825095929,-0.967146218906001,0.610517967946691
4.34172646849952,0.377280525575924,-0.970233826865378,0.592953301289409
4.34181463579242,0.402130599565385,-0.973310242226168,0.57117964266076
4.34190280308533,0.426672236499009,-0.975639968813688,0.548967732314647
4.34199097037823,0.450886585137202,-0.977221229460108,0.526334644322867
4.34207913767113,0.474755043523061,-0.978052798167314,0.503297754644237
4.34216730496404,0.498259302880515,-0.97813404814895,0.479874745268411
4.34225547225694,0.521381318702587,-0.97746490554347,0.456083586840833
4.34234363954984,0.54410335997303,-0.976045894609951,0.431942534636884
4.34243180684274,0.566407985353318,-0.973878093175541,0.407470107822228
4.34251997413565,0.588278091645864,-0.970963174722757,0.382685083076885
4.34262837836798,0.614547176094188,-0.966358541712564,0.351811365618349
4.34273678260032,0.640103725265351,-0.960633201713195,0.320529476447832
4.34284518683265,0.664918010118024,-0.953793804489771,0.288875794371703
4.34295359106499,0.688961241176812,-0.945848292926956,0.256887051750103
4.34306199529733,0.712205505127484,-0.936805876987028,0.224600371859534
4.34317039952966,0.734623855302178,-0.92667704879783,0.192053193495677
4.343278803762,0.756190272375453,-0.915473548707131,0.159283276331658
4.34338720799433,0.776879758455076,-0.90320837425577,0.126328615800702
4.34349561222667,0.796668301570796,-0.889895743454784,0.0932274418839605
4.343604016459,0.815532965890078,-0.875551099650893,0.0600181337608051
4.34371242069134,0.833451856966112,-0.860191072764218,0.0267392157980516
4.34382082492367,0.850404207030709,-0.843833480425991,-0.00657072660474123
4.34392922915601,0.866370340377263,-0.826497287318976,-0.0398730530583313
4.3439968424212,0.87582141947413,-0.815197420572912,-0.0606239989012123
4.34406445568638,0.88487726443014,-0.803529842229284,-0.0813474222008874
4.34413206895157,0.893533835245764,-0.791499770117321,-0.10203406512845
4.34419968221676,0.901787219754173,-0.779112623626169,-0.122674596128033
4.34429184147999,0.912380664700275,-0.761663838320817,-0.15071682637952
4.34438400074321,0.922209368207954,-0.743576564174811,-0.178632804033177
4.34444420061358,0.928212933879192,-0.731423875682236,-0.196789058196964
4.34450440048395,0.933884469421338,-0.719009636914224,-0.214874832507112
4.34456460035432,0.939221971424028,-0.706338256469769,-0.23288371495428
4.34462480022469,0.944223518679563,-0.693414267699693,-0.250809250979871
4.34469730048905,0.949798513790826,-0.677520927454486,-0.272277586336368
4.34476980075341,0.95488078407536,-0.661276109039401,-0.293604675035991
4.34484230101776,0.959467706659791,-0.644688240864515,-0.314779465795293
4.34491480128212,0.963556887748676,-0.627765938571174,-0.335790949177539
4.34498730154648,0.967146219829797,-0.610517976611983,-0.356628243217797
4.34505980181084,0.970233828035278,-0.592953309561776,-0.37728051847351
4.34514796910806,0.97331024371451,-0.571179649967883,-0.402130593746659
4.34523613640528,0.975639970547801,-0.548967738610205,-0.426672231937624
4.3453243037025,0.977221231366945,-0.526334649562998,-0.450886581803987
4.34541247099972,0.978052800173614,-0.503297758787514,-0.4747550413861
4.34550063829694,0.978134050181233,-0.479874748276174,-0.49825930190507
4.34558880559416,0.977464907528212,-0.456083588676864,-0.521381318851373
4.34567697289138,0.976045896473868,-0.431942535267836,-0.54410336120606
4.3457651401886,0.973878094845435,-0.40747010721726,-0.566407987628191
4.34585330748582,0.970963176125733,-0.382685081208097,-0.588278094917631
4.34596171171816,0.966358542940439,-0.351811363679936,-0.614547179260494
4.34607011595051,0.960633202766704,-0.32052947444535,-0.640103728321361
4.34617852018286,0.953793805369805,-0.288875792310779,-0.664918013059022
4.34628692441521,0.945848293634607,-0.256887049636504,-0.688961243998091
4.34639532864755,0.936805877523615,-0.224600369698869,-0.712205507824749
4.3465037328799,0.926677049164848,-0.192053191293785,-0.734623857871065
4.34661213711225,0.915473548906277,-0.15928327409442,-0.756190274811826
4.34672054134459,0.903208374288897,-0.126328613534021,-0.776879760754909
4.34682894557694,0.889895743324012,-0.093227439593828,-0.796668303730187
4.34693734980929,0.875551099358522,-0.0600181314531683,-0.815532967905336
4.34704575404164,0.86019107231276,-0.0267392134790534,-0.833451858833712
4.34715415827398,0.843833479818037,0.00657072892923696,-0.850404208747247
4.34726256250633,0.826497286557465,0.039873055382118,-0.866370341939571
4.34733017577089,0.815197419825208,0.0606240010263825,-0.875821420851586
4.34739778903545,0.803529841503428,0.081347424125655,-0.884877265629107
4.34746540230001,0.791499769421381,0.10203406685132,-0.893533836272703
4.34753301556457,0.779112622967975,0.122674597647794,-0.901787220615749
4.34762517485457,0.761663832398476,0.150716836010849,-0.912380668409331
4.34771733414457,0.743576552623972,0.17863282169236,-0.922209374316353
4.3477775339925,0.731423868411472,0.196789069026437,-0.928212937437917
4.34783773384043,0.719009634122004,0.214874836554287,-0.933884470676294
4.34789793368836,0.706338258349414,0.232883712274044,-0.939221970623424
4.3479581335363,0.693414274439607,0.250809241634182,-0.94422351607379
4.34803063380053,0.67752093432875,0.272277576994441,-0.949798511323156
4.34810313406476,0.661276116046587,0.29360466570169,-0.954880781748296
4.348175634329,0.644688248003311,0.314779456472503,-0.959467704475819
4.34824813459323,0.627765945840044,0.335790939870143,-0.963556885710187
4.34832063485746,0.61051798400938,0.356628233929746,-0.967146217939106
4.3483931351217,0.592953317085947,0.377280509208717,-0.970233826294654
4.34848130244267,0.571179651680563,0.402130591211711,-0.973310242892233
4.34856946976364,0.548967734275421,0.426672235966118,-0.975639970241543
4.34865763708461,0.526334638958704,0.450886592214398,-0.977221231173051
4.34874580440559,0.503297741705827,0.474755057981817,-0.978052799687612
4.34883397172656,0.479874724523596,0.498259324475091,-0.978134048998689
4.34892213904753,0.456083558074927,0.521381347170135,-0.97746490524501
4.3490103063685,0.431942497653021,0.544103395034151,-0.976045892687148
4.34909847368947,0.407470062441492,0.566408026712534,-0.973878089154022
4.34918664101045,0.382685029138839,0.588278138991933,-0.970963168130732
4.34929504524286,0.351811310839055,0.614547222120504,-0.966358532959527
4.34940344947528,0.320529420896027,0.640103769912959,-0.960633190809004
4.34951185370769,0.288875738117134,0.664918053329671,-0.953793791446824
4.34962025794011,0.256886994863289,0.68896128289677,-0.945848277760041
4.34972866217252,0.224600314411623,0.712205545301909,-0.936805859713499
4.34983706640494,0.192053135558735,0.734623893878797,-0.926677029437514
4.34994547063736,0.159283217978165,0.756190309303978,-0.915473527282169
4.35005387486977,0.126328557103869,0.776879793686967,-0.903208350790823
4.35016227910219,0.0932273829172763,0.796668335059554,-0.889895717976819
4.3502706833346,0.0600180745982929,0.815532997591102,-0.875551072189374
4.35037908756702,0.0267391565139558,0.833451886836892,-0.860191043350822
4.35048749179943,-0.00657078593608495,0.850404235030797,-0.843833449094704
4.35059589603185,-0.0398731123623178,0.866370366468404,-0.826497254106071
4.35066350924106,-0.0606240409670372,0.875821436688524,-0.815197395721484
4.35073112245027,-0.0813474470526152,0.884877273412629,-0.803529826360009
4.35079873565949,-0.102034072813444,0.893533836651597,-0.791499763838145
4.3508663488687,-0.122674586716761,0.901787214248496,-0.779112627531717
4.35095850817114,-0.150716828893188,0.912380663661378,-0.761663834768191
4.35105066747359,-0.178632818358476,0.922209370982996,-0.743576552624485
4.35111086732579,-0.19678906698253,0.928212934542332,-0.731423867559771
4.35117106717799,-0.214874835790516,0.933884468171385,-0.719009632380866
4.35123126703019,-0.232883712778986,0.939221968461701,-0.706338255682681
4.35129146688239,-0.250809243395117,0.944223514207259,-0.693414270812145
4.35136396714434,-0.272277578056173,0.949798509201968,-0.677520931145799
4.35143646740628,-0.293604666071562,0.954880779403192,-0.661276113331599
4.35150896766823,-0.314779456158879,0.959467701937735,-0.64468824577881
4.35158146793017,-0.335790938882354,0.963556883010357,-0.627765944127996
4.35165396819212,-0.356628232278284,0.967146215108977,-0.610517982830661
4.35172646845407,-0.377280506905105,0.970233823365884,-0.592953316460771
4.35181463579438,-0.402130594329496,0.973310240564636,-0.571179646235145
4.3519028031347,-0.426672244366209,0.975639968187148,-0.548967723820894
4.35199097047501,-0.450886605745218,0.977221229062743,-0.526334623317529
4.35207913781533,-0.474755076479803,0.978052797191978,-0.503297720712136
4.35216730515564,-0.498259347764488,0.978134045788166,-0.47987469802364
4.35225547249596,-0.521381375064007,0.977464900990679,-0.456083525926658
4.35234363983627,-0.544103427334051,0.976045887061019,-0.431942459726954
4.35243180717659,-0.566408063209025,0.973878081829666,-0.407470018620648
4.3525199745169,-0.588278179464768,0.970963158783852,-0.382684979319078
4.35262837874938,-0.614547261494583,0.966358521815375,-0.351811260320786
4.35273678298186,-0.640103808139276,0.96063317787587,-0.320529369736553
4.35284518721433,-0.664918090360647,0.953793776735053,-0.288875686374396
4.35295359144681,-0.688961318686165,0.945848261282148,-0.256886942595934
4.35306199567929,-0.712205579804948,0.936805841483926,-0.224600261678962
4.35317039991177,-0.734623927052139,0.926677009472805,-0.192053082420628
4.35327880414424,-0.756190341105839,0.91547350560086,-0.159283164495004
4.35338720837672,-0.776879824077067,0.903208327413534,-0.126328503336459
4.3534956126092,-0.796668363999179,0.889895692926147,-0.0932273289269339
4.35360401684168,-0.815533025043278,0.875551045489745,-0.0600180204464457
4.35371242107415,-0.833451912766384,0.860191015028732,-0.0267391022623127
4.35382082530663,-0.850404259404085,0.843833419178461,0.00657084022563865
4.35392922953911,-0.866370389253695,0.826497222625896,0.0398731666278224
4.353996842694,-0.87582145102794,0.81519737251541,0.0606240785125217
4.35406445584889,-0.884877279933702,0.803529812028201,0.0813474679055125
4.35413206900378,-0.893533835991989,0.791499758968343,0.102034077023656
4.35419968215867,-0.90178720705535,0.779112632698602,0.122674574356756
4.35429184144682,-0.912380655242885,0.761663842994125,0.150716812248759
4.35438400073498,-0.922209361581546,0.74357656409805,0.178632797483489
4.35444420061372,-0.928212928110375,0.73142387393213,0.196789054178283
4.35450440049247,-0.933884464417837,0.719009633418046,0.21487483099977
4.35456460037122,-0.939221967092539,0.70633825115649,0.232883715936052
4.35462480024996,-0.944223514926064,0.693414260500383,0.250809254425693
4.35469730050985,-0.949798509537452,0.677520921122237,0.272277588415256
4.35476980076974,-0.9548807793821,0.661276103619977,0.293604675762127
4.35484230102963,-0.959467701587128,0.644688236402219,0.314779465184954
4.35491480128951,-0.963556882357707,0.627765935108581,0.335790947249131
4.3549873015494,-0.967146214181885,0.610517974190259,0.356628239991651
4.35505980180929,-0.970233822192265,0.592953308220296,0.377280513971986
4.35514796914521,-0.973310239071213,0.571179638979525,0.402130600091712
4.35523613648113,-0.97563996644793,0.548967717597314,0.426672248850611
4.35532430381706,-0.977221227152135,0.52633461817049,0.450886608981646
4.35541247115298,-0.978052795184477,0.503297716683579,0.474755078500899
4.3555006384889,-0.97813404375858,0.479874695152879,0.498259348605708
4.35558880582482,-0.977464899013782,0.456083524250433,0.521381374763363
4.35567697316074,-0.976045885211518,0.431942459279219,0.544103425932266
4.35576514049666,-0.973878080181976,0.407470019432548,0.566408060749431
4.35585330783259,-0.970963157412107,0.382684981418866,0.588278175993257
4.35596171206506,-0.966358520626657,0.351811262490678,0.614547258135967
4.35607011629754,-0.960633176869192,0.32052937197056,0.640103804898599
4.35617852053001,-0.953793775909318,0.288875688666618,0.6649180872427
4.35628692476249,-0.945848260635928,0.256886944940296,0.688961315695634
4.35639532899497,-0.936805841015714,0.224600264069449,0.712205576946268
4.35650373322744,-0.926677009180739,0.192053084851061,0.734623924329682
4.35661213745992,-0.915473505483063,0.15928316695928,0.756190338523812
4.35672054169239,-0.903208327467816,0.126328505828327,0.77687982163949
4.35682894592487,-0.889895693150028,0.0932273314400793,0.796668361709969
4.35693735015735,-0.87555104588077,0.0600180229747099,0.815533022906051
4.35704575438982,-0.860191015584057,0.0267391047993388,0.833451910784711
4.3571541586223,-0.843833419895171,-0.00657083768606439,0.850404257581213
4.35726256285477,-0.826497223500787,-0.0398731640920755,0.866370387592853
4.35733017601051,-0.815197373344011,-0.0606240762411045,0.875821449585103
4.35739778916624,-0.803529812799967,-0.0813474659001596,0.884877278700135
4.35746540232197,-0.79149975967302,-0.102034075285578,0.893533834958607
4.3575330154777,-0.779112633326059,-0.122674572886977,0.901787206213005
4.35762517473912,-0.761663848877049,-0.150716802678938,0.912380651555956
4.35771733400054,-0.743576575600348,-0.178632779897129,0.922209355497488
4.35777753390162,-0.731423881173556,-0.196789043391375,0.928212924564913
4.3578377338027,-0.719009636201151,-0.214874826965094,0.933884463166207
4.35789793370379,-0.706338249288598,-0.23288371859911,0.93922196788771
4.35795813360487,-0.693414253793905,-0.25080926372479,0.94422351751867
4.35803063386492,-0.677520914273842,-0.272277597721981,0.949798511995816
4.35810313412497,-0.661276096630632,-0.293604685072529,0.954880781703124
4.35817563438502,-0.644688229272895,-0.314779474495025,0.959467703767922
4.35824813464507,-0.62776592784059,-0.335790956554666,0.963556884395242
4.35832063490512,-0.610517966784749,-0.356628249288617,0.967146216073388
4.35839313516518,-0.592953300678648,-0.377280523256265,0.970233823934877
4.35848130247741,-0.57117963723186,-0.402130602665191,0.973310239897069
4.35856946978965,-0.548967721878934,-0.426672244879135,0.975639966758071
4.35865763710189,-0.526334628702864,-0.450886598646199,0.977221227349098
4.35874580441413,-0.503297733674123,-0.474755061997365,0.97805279567149
4.35883397172636,-0.479874718794376,-0.498259326144662,0.978134044939005
4.3589221390386,-0.456083554720972,-0.521381346569545,0.977464901290491
4.35901030635084,-0.431942496741805,-0.544103392244414,0.976045888986214
4.35909847366308,-0.407470064034943,-0.566408021819834,0.973878085854785
4.35918664097531,-0.382685033293214,-0.588278132087409,0.970963165380608
4.35929504520772,-0.351811315134754,-0.614547215439339,0.966358530574078
4.35940344944012,-0.320529425321331,-0.640103763465122,0.960633188786442
4.35951185367253,-0.288875742660279,-0.66491804712478,0.953793789785062
4.35962025790493,-0.256886999512392,-0.688961276944139,0.945848276456534
4.35972866213734,-0.224600319154651,-0.71220553961062,0.936805858765224
4.35983706636974,-0.192053140383436,-0.734623888457666,0.926677028841038
4.35994547060215,-0.159283222872333,-0.756190304161461,0.91547352703378
4.36005387483455,-0.126328562055183,-0.776879788831129,0.90320835088629
4.36016227906696,-0.0932273879132445,-0.796668330498278,0.889895718411476
4.36027068329936,-0.0600180796264761,-0.815532993331765,0.875551072958247
4.36037908753177,-0.0267391615618572,-0.833451882886711,0.860191044448543
4.36048749176417,0.00657078088100957,-0.85040423139648,0.843833450515454
4.36059589599658,0.0398731073127265,-0.86637036315641,0.826497255843671
4.36066350920745,0.0606240364388119,-0.875821433808916,0.815197397370097
4.36073112241833,0.0813474430490746,-0.884877270948082,0.803529827899001
4.3607987356292,0.102034069337152,-0.893533834584321,0.791499765247168
4.36086634884008,0.122674583769665,-0.901787212560433,0.779112628790761
4.36095850808904,0.150716809743524,-0.912380656283503,0.761663846539946
4.361050667338,0.178632783173318,-0.922209358810236,0.743576575636887
4.36111086723488,0.196789045399717,-0.928212927448079,0.731423882048334
4.36117106713177,0.214874827715458,-0.933884465666038,0.71900963795055
4.36123126702866,0.232883718102611,-0.939221970050838,0.70633825194823
4.36129146692554,0.250809261993972,-0.944223519392345,0.693414257398336
4.36136396718784,0.272277596676242,-0.949798514119955,0.677520917443685
4.36143646745013,0.293604684704744,-0.954880784047694,0.661276099342943
4.36150896771242,0.314779474797027,-0.959467706302553,0.644688231505518
4.36158146797471,0.335790957517311,-0.963556887089393,0.627765929572043
4.361653968237,0.356628250901687,-0.967146218896238,0.610517967994516
4.36172646849929,0.377280525508482,-0.970233826855514,0.592953301347006
4.36181463579216,0.402130599489494,-0.973310242217207,0.571179642727666
4.36190280308503,0.426672236414928,-0.975639968806207,0.548967732391265
4.3619909703779,0.450886585045302,-0.977221229454666,0.526334644409352
4.36207913767077,0.474755043423659,-0.978052798164505,0.503297754740797
4.36216730496364,0.498259302773935,-0.978134048149317,0.479874745375348
4.36225547225651,0.521381318589196,-0.977464905547493,0.456083586958265
4.36234363954938,0.544103359853184,-0.976045894618287,0.431942534765081
4.36243180684225,0.566407985227476,-0.973878093188709,0.407470107961232
4.36251997413512,0.588278091514426,-0.970963174741286,0.382685083226836
4.36262837836746,0.614547175967247,-0.966358541736305,0.351811365769022
4.3627367825998,0.640103725142988,-0.960633201741939,0.320529476598944
4.36284518683214,0.664918010000284,-0.953793804523523,0.288875794523231
4.36295359106448,0.688961241063679,-0.945848292965527,0.256887051901805
4.36306199529682,0.712205505019173,-0.936805877030287,0.224600372011101
4.36317039952916,0.734623855198598,-0.926677048845678,0.192053193647077
4.3632788037615,0.756190272276749,-0.915473548759348,0.159283276482572
4.36338720799384,0.776879758361247,-0.90320837431226,0.126328615950968
4.36349561222618,0.796668301481895,-0.889895743515285,0.0932274420333491
4.36360401645852,0.81553296580605,-0.875551099715369,0.0600181339092651
4.36371242069086,0.833451856887048,-0.860191072832491,0.0267392159454033
4.3638208249232,0.850404206956609,-0.843833480497858,-0.00657072645880198
4.36392922915554,0.866370340308091,-0.826497287394308,-0.0398730529138014
4.36399684242087,0.875821419427051,-0.815197420626729,-0.0606239988003628
4.3640644556862,0.884877264403581,-0.803529842259911,-0.0813474221436829
4.36413206895153,0.893533835237969,-0.791499770123253,-0.102034065114715
4.36419968221686,0.901787219763502,-0.779112623605983,-0.122674596157568
4.3642918414801,0.912380664709464,-0.761663838298489,-0.150716826410975
4.36438400074333,0.922209368216902,-0.743576564150388,-0.178632804066531
4.36444420061365,0.928212933882958,-0.731423875666711,-0.196789058216244
4.36450440048398,0.933884469420502,-0.719009636908045,-0.21487483251242
4.3645646003543,0.939221971419059,-0.706338256473268,-0.232883714945793
4.36462480022462,0.944223518670971,-0.693414267713302,-0.250809250957681
4.36469730048898,0.949798513783115,-0.677520927467223,-0.272277586315914
4.36476980075335,0.954880784068408,-0.661276109051213,-0.293604675017238
4.36484230101771,0.959467706653588,-0.644688240875277,-0.314779465778306
4.36491480128208,0.963556887743085,-0.627765938580906,-0.335790949162206
4.36498730154644,0.967146219824771,-0.610517976620655,-0.356628243204115
4.36505980181081,0.970233828030741,-0.592953309569251,-0.377280518461483
4.36514796910806,0.9733102437114,-0.571179649966439,-0.402130593744995
4.36523613640532,0.975639970545498,-0.548967738599494,-0.426672231946037
4.36532430370257,0.97722123136483,-0.526334649542562,-0.450886581822267
4.36541247099983,0.978052800170988,-0.503297758757119,-0.474755041413907
4.36550063829709,0.978134050177569,-0.47987474823548,-0.498259301942104
4.36558880559434,0.977464907522909,-0.456083588625703,-0.521381318897191
4.3656769728916,0.976045896466232,-0.431942535205891,-0.544103361260364
4.36576514018885,0.973878094834876,-0.40747010714433,-0.566407987690574
4.36585330748611,0.970963176111612,-0.382685081123919,-0.588278094987696
4.36596171171846,0.966358542923344,-0.351811363594764,-0.614547179328558
4.3660701159508,0.960633202746532,-0.320529474359138,-0.640103728387408
4.36617852018315,0.953793805346645,-0.288875792223732,-0.664918013122926
4.3662869244155,0.945848293608444,-0.256887049548593,-0.688961244059901
4.36639532864785,0.936805877494551,-0.224600369610269,-0.712205507884285
4.36650373288019,0.926677049132861,-0.192053191204617,-0.734623857928277
4.36661213711254,0.915473548871359,-0.159283274004723,-0.75619027486668
4.36672054134489,0.903208374251228,-0.126328613443924,-0.776879760807289
4.36682894557723,0.889895743283464,-0.0932274395032993,-0.796668303780157
4.36693734980958,0.875551099315229,-0.0600181313625049,-0.81553296795271
4.36704575404193,0.860191072266695,-0.0267392133881932,-0.833451858878517
4.36715415827428,0.843833479769338,0.00657072902004227,-0.850404208789391
4.36726256250662,0.826497286506124,0.0398730554729066,-0.866370341979031
4.36733017577109,0.815197419787891,0.0606240010888794,-0.875821420876789
4.36739778903556,0.803529841481183,0.0813474241598522,-0.884877265641057
4.36746540230002,0.791499769415216,0.102034066857286,-0.89353383627249
4.36753301556449,0.779112622978789,0.122674597625707,-0.901787220604511
4.36762517485452,0.76166383240473,0.150716835996945,-0.912380668401664
4.36771733414455,0.743576552625327,0.178632821686509,-0.922209374311841
4.36777753399249,0.731423868410392,0.196789069024327,-0.928212937434724
4.36783773384043,0.719009634118325,0.214874836555982,-0.933884470674316
4.36789793368838,0.706338258343079,0.232883712279461,-0.939221970622514
4.36795813353632,0.69341427443053,0.250809241643269,-0.944223516073805
4.36803063380052,0.677520934327246,0.272277576993106,-0.949798511320358
4.36810313406472,0.661276116053106,0.293604665690082,-0.954880781743185
4.36817563432892,0.644688248018098,0.314779456450781,-0.959467704468862
4.36824813459312,0.627765945863452,0.335790939838485,-0.96355688570192
4.36832063485732,0.610517984041635,0.356628233888332,-0.967146217929998
4.36839313512152,0.592953317127388,0.377280509157773,-0.970233826285161
4.36848130244244,0.571179651734173,0.402130591148745,-0.97331024288287
4.36856946976337,0.548967734341706,0.426672235891423,-0.975639970233113
4.3686576370843,0.526334639037925,0.450886592128403,-0.977221231166301
4.36874580440522,0.503297741798425,0.474755057884921,-0.978052799683334
4.36883397172615,0.479874724629961,0.498259324367667,-0.978134048997605
4.36892213904708,0.456083558195306,0.521381347052701,-0.977464905248007
4.369010306368,0.431942497787622,0.544103394907262,-0.976045892694897
4.36909847368893,0.407470062590631,0.566408026576672,-0.973878089167281
4.36918664100986,0.382685029302643,0.588278138847693,-0.970963168150324
4.36929504524227,0.351811311005121,0.614547221980102,-0.966358532985205
4.36940344947469,0.320529421064219,0.640103769776567,-0.96063319084075
4.3695118537071,0.288875738287208,0.664918053197415,-0.953793791484596
4.36962025793952,0.256886995035077,0.688961282768797,-0.945848277803848
4.36972866217194,0.224600314584905,0.712205545178381,-0.936805859763233
4.36983706640435,0.192053135733319,0.734623893759816,-0.926677029493118
4.36994547063677,0.159283218153864,0.756190309189737,-0.915473527343601
4.37005387486918,0.126328557280454,0.776879793577574,-0.903208350857998
4.3701622791016,0.0932273830945595,0.796668334955138,-0.88989571804966
4.37027068333401,0.0600180747760563,0.815532997491738,-0.875551072267782
4.37037908756643,0.0267391566919859,0.833451886742733,-0.860191043434728
4.37048749179884,-0.00657078575798827,0.850404234941972,-0.843833449183999
4.37059589603126,-0.0398731121843722,0.866370366385033,-0.826497254200657
4.37066350924065,-0.0606240408429038,0.875821436632485,-0.81519739578959
4.37073112245004,-0.0813474469822377,0.884877273381963,-0.803529826399704
4.37079873565942,-0.1020340727966,0.893533836644177,-0.791499763847564
4.37086634886881,-0.12267458675327,0.901787214262255,-0.779112627509005
4.37095850817124,-0.150716828923938,0.912380663672231,-0.76166383474828
4.37105066747366,-0.178632818383469,0.922209370991135,-0.743576552607659
4.37111086732583,-0.196789066997304,0.92821293454682,-0.731423867549476
4.371171067178,-0.214874835795092,0.933884468172537,-0.71900963237745
4.37123126703016,-0.232883712773432,0.939221968459926,-0.706338255686487
4.37129146688233,-0.250809243379539,0.94422351420298,-0.69341427082344
4.37136396714429,-0.272277578044399,0.949798509199026,-0.67752093115463
4.37143646740625,-0.29360466606351,0.954880779401386,-0.661276113337873
4.3715089676682,-0.31477945615448,0.959467701936924,-0.644688245782443
4.37158146793016,-0.33579093888166,0.963556883010422,-0.627765944128729
4.37165396819212,-0.356628232281171,0.967146215109679,-0.610517982828521
4.37172646845408,-0.377280506911491,0.970233823367063,-0.592953316455574
4.37181463579435,-0.402130594322958,0.973310240564312,-0.571179646241359
4.37190280313462,-0.426672244346953,0.975639968186053,-0.548967723839079
4.37199097047489,-0.450886605713637,0.977221229061756,-0.526334623348118
4.37207913781515,-0.474755076436263,0.978052797191826,-0.50329772075552
4.37216730515542,-0.498259347709525,0.9781340457896,-0.479874698080065
4.37225547249569,-0.521381374997994,0.977464900994555,-0.45608352599656
4.37234363983596,-0.544103427257461,0.9760458870681,-0.431942459810629
4.37243180717623,-0.566408063122342,0.973878081840731,-0.407470018718363
4.3725199745165,-0.588278179368589,0.97096315879964,-0.382684979431054
4.37262837874898,-0.614547261401879,0.966358521835196,-0.351811260433267
4.37273678298146,-0.640103808050066,0.9606331778996,-0.320529369849493
4.37284518721394,-0.664918090275028,0.953793776762694,-0.288875686487593
4.37295359144642,-0.688961318604204,0.945848261313445,-0.25688694270923
4.3730619956789,-0.712205579726684,0.936805841518867,-0.224600261792174
4.37317039991138,-0.734623926977584,0.926677009511203,-0.192053082533606
4.37327880414387,-0.75619034103504,0.915473505642662,-0.159283164607608
4.37338720837635,-0.776879824010004,0.903208327458657,-0.126328503448649
4.37349561260883,-0.796668363935966,0.889895692974378,-0.0932273290383911
4.37360401684131,-0.81553302498389,0.875551045540988,-0.0600180205570932
4.37371242107379,-0.833451912710852,0.860191015082862,-0.026739102372006
4.37382082530627,-0.850404259352374,0.843833419235361,0.00657084011701456
4.37392922953875,-0.866370389205839,0.82649722268541,0.0398731665204014
4.37399684269374,-0.875821450995016,0.81519737256097,0.060624078434061
4.37406445584872,-0.884877279914706,0.803529812058697,0.0813474678560334
4.3741320690037,-0.893533835985745,0.791499758982708,0.102034077003064
4.37419968215869,-0.901787207060803,0.779112632695876,0.12267457436494
4.37429184144682,-0.912380655245488,0.761663842995945,0.150716812249534
4.37438400073495,-0.922209361581683,0.743576564104728,0.178632797476971
4.37444420061371,-0.928212928112336,0.731423873935513,0.196789054176853
4.37450440049248,-0.933884464421368,0.719009633417932,0.214874831003443
4.37456460037124,-0.939221967097495,0.706338251152811,0.232883715944731
4.37462480025,-0.944223514932277,0.693414260492921,0.250809254439402
4.37469730050988,-0.949798509543053,0.677520921115737,0.272277588427328
4.37476980076977,-0.954880779387077,0.661276103614499,0.293604675772622
4.37484230102965,-0.959467701591632,0.64468823639778,0.314779465193899
4.37491480128953,-0.963556882361781,0.627765935105314,0.335790947256482
4.37498730154941,-0.967146214185593,0.610517974188164,0.356628239997454
4.3750598018093,-0.970233822195703,0.59295330821942,0.377280513976292
4.37514796914522,-0.973310239074621,0.571179638978823,0.402130600095788
4.37523613648114,-0.975639966451225,0.548967717596801,0.426672248854439
4.37532430381706,-0.977221227155344,0.526334618170184,0.450886608985202
4.37541247115298,-0.978052795187721,0.50329771668355,0.474755078504163
4.3755006384889,-0.978134043761764,0.479874695153051,0.498259348608732
4.37558880582482,-0.977464899017004,0.456083524250842,0.521381374766184
4.37567697316074,-0.976045885214659,0.431942459279827,0.544103425934867
4.37576514049667,-0.973878080185197,0.407470019433373,0.56640806075184
4.37585330783259,-0.970963157415381,0.382684981419996,0.588278175995408
4.37596171206506,-0.966358520630065,0.35181126249272,0.614547258137352
4.37607011629753,-0.960633176872887,0.320529371973722,0.640103804899146
4.37617852053,-0.953793775913309,0.288875688670771,0.664918087242536
4.37628692476248,-0.9458482606403,0.256886944945525,0.688961315694774
4.37639532899495,-0.936805841020563,0.224600264075784,0.712205576944779
4.37650373322742,-0.926677009186135,0.1920530848585,0.73462392432765
4.37661213745989,-0.915473505489098,0.159283166967859,0.756190338521215
4.37672054169237,-0.903208327474484,0.126328505838019,0.776879821636459
4.37682894592484,-0.889895693157435,0.0932273314509093,0.796668361706529
4.37693735015731,-0.875551045888936,0.0600180229865708,0.815533022902376
4.37704575438978,-0.860191015593123,0.026739104812373,0.833451910780759
4.37715415862225,-0.843833419905102,-0.00657083767199455,0.850404257577104
4.37726256285473,-0.826497223511675,-0.0398731640769426,0.866370387588637
4.37733017601047,-0.815197373353946,-0.0606240762281819,0.875821449582101
4.37739778916621,-0.803529812808883,-0.0813474658893618,0.884877278698277
4.37746540232194,-0.791499759680851,-0.102034075276965,0.893533834957811
4.37753301547768,-0.779112633332686,-0.122674572880559,0.901787206213236
4.37762517473914,-0.761663848876146,-0.150716802684601,0.912380651560741
4.3777173340006,-0.743576575591346,-0.178632779914763,0.922209355506118
4.37777753390166,-0.731423881168833,-0.196789043402268,0.928212924571071
4.37783773380272,-0.71900963620085,-0.214874826969245,0.933884463170118
4.37789793370378,-0.706338249292996,-0.232883718596565,0.939221967889557
4.37795813360484,-0.693414253803162,-0.25080926371568,0.94422351751882
4.37803063386492,-0.677520914276659,-0.27227759772164,0.949798511998303
4.378103134125,-0.661276096626745,-0.2936046850808,0.954880781707612
4.37817563438508,-0.644688229262078,-0.314779474511829,0.95946770377392
4.37824813464516,-0.627765927822502,-0.335790956579878,0.963556884402377
4.37832063490524,-0.610517966759157,-0.356628249322093,0.967146216081247
4.37839313516532,-0.59295330064536,-0.377280523297757,0.970233823943107
4.37848130247757,-0.571179637195206,-0.40213060270912,0.973310239904303
4.37856946978982,-0.548967721838841,-0.426672244925345,0.975639966764207
4.37865763710207,-0.526334628659276,-0.450886598694641,0.977221227353897
4.37874580441432,-0.503297733626882,-0.474755062047958,0.978052795674843
4.37883397172657,-0.479874718743529,-0.498259326197156,0.978134044940672
4.37892213903881,-0.456083554666412,-0.521381346623935,0.977464901290318
4.37901030635106,-0.431942496683499,-0.544103392300526,0.976045888984043
4.37909847366331,-0.407470063972896,-0.56640802187747,0.973878085850401
4.37918664097556,-0.382685033227367,-0.588278132146488,0.970963165373833
4.37929504520796,-0.351811315067812,-0.614547215496925,0.966358530564738
4.37940344944037,-0.320529425253448,-0.640103763521163,0.960633188774584
4.37951185367277,-0.288875742591529,-0.664918047179159,0.953793789770648
4.37962025790518,-0.256886999442884,-0.688961276996759,0.945848276439611
4.37972866213758,-0.224600319084351,-0.712205539661546,0.936805858745885
4.37983706636999,-0.192053140312617,-0.734623888506635,0.926677028819271
4.37994547060239,-0.159283222801044,-0.756190304208527,0.915473527009568
4.3800538748348,-0.12632856198349,-0.776879788876229,0.903208350859708
4.3801622790672,-0.0932273878412232,-0.796668330541312,0.889895718382521
4.38027068329961,-0.0600180795542254,-0.815532993372708,0.875551072926922
4.38037908753201,-0.0267391614894627,-0.833451882925506,0.860191044414983
4.38048749176442,0.00657078095354261,-0.850404231433112,0.843833450479599
4.38059589599682,0.0398731073851679,-0.86637036319079,0.826497255805613
4.38066350920762,0.0606240364873734,-0.875821433831253,0.815197397343887
4.38073112241842,0.0813474430738988,-0.884877270959291,0.803529827885373
4.38079873562921,0.102034069338249,-0.893533834585328,0.791499765247092
4.38086634884001,0.122674583747225,-0.901787212552133,0.779112628804897
4.38095850808899,0.150716809725483,-0.912380656277332,0.761663846551775
4.38105066733796,0.178632783159594,-0.92220935880588,0.743576575646256
4.38111086723487,0.196789045391364,-0.9282129274456,0.731423882054239
4.38117106713177,0.214874827712463,-0.933884465665277,0.719009637952789
4.38123126702868,0.232883718104846,-0.939221970051603,0.706338251946734
4.38129146692558,0.25080926200148,-0.944223519394429,0.693414257392935
4.38136396718787,0.272277596682838,-0.94979851412155,0.67752091743871
4.38143646745016,0.293604684710431,-0.95488078404889,0.661276099338424
4.38150896771245,0.314779474801884,-0.959467706303381,0.644688231501467
4.38158146797474,0.3357909575213,-0.963556887089869,0.627765929568552
4.38165396823702,0.356628250904878,-0.967146218896396,0.61051796799149
4.38172646849931,0.377280525510841,-0.970233826855389,0.592953301344574
4.38181463579221,0.402130599499887,-0.973310242217798,0.571179642717919
4.38190280308511,0.426672236433218,-0.975639968807034,0.548967732373784
4.38199097037801,0.450886585071203,-0.977221229455258,0.526334644383974
4.38207913767091,0.474755043456995,-0.978052798164257,0.503297754707255
4.38216730496381,0.49825930281438,-0.978134048147808,0.479874745333416
4.38225547225671,0.521381318636515,-0.977464905544218,0.456083586907676
4.38234363954961,0.544103359907034,-0.976045894612766,0.431942534705708
4.38243180684251,0.566407985287561,-0.973878093180413,0.407470107892837
4.38251997413541,0.588278091580406,-0.970963174729776,0.382685083149324
4.38262837836775,0.614547176031596,-0.966358541721789,0.351811365690195
4.38273678260009,0.640103725205588,-0.960633201724505,0.32052947651887
4.38284518683243,0.664918010061129,-0.953793804503062,0.288875794441917
4.38295359106477,0.688961241122664,-0.945848292942075,0.25688705181941
4.38306199529711,0.712205505076161,-0.936805877003926,0.224600371927723
4.38317039952945,0.734623855253576,-0.926677048816315,0.192053193562726
4.38327880376179,0.756190272329583,-0.915473548727047,0.159283276397421
4.38338720799413,0.776879758411859,-0.903208374277024,0.126328615865135
4.38349561222648,0.79666830153023,-0.889895743477186,0.0932274419469315
4.38360401645882,0.815532965852018,-0.875551099674434,0.060018133822378
4.38371242069116,0.833451856930575,-0.860191072788718,0.0267392158581457
4.3838208249235,0.850404206997584,-0.843833480451294,-0.00657072654632871
4.38392922915584,0.86637034034655,-0.826497287344977,-0.0398730530015736
4.38399684242108,0.875821419452128,-0.815197420590189,-0.0606239988619182
4.38406445568633,0.884877264416156,-0.803529842237262,-0.0813474221789284
4.38413206895157,0.893533835239201,-0.791499770115447,-0.102034065123759
4.38419968221682,0.90178721975431,-0.779112623613809,-0.122674596140537
4.3842918414801,0.912380664705969,-0.761663838297482,-0.150716826408485
4.38438400074338,0.922209368218259,-0.743576564140004,-0.178632804078269
4.38444420061368,0.928212933882344,-0.731423875659658,-0.196789058222714
4.38450440048399,0.933884469418123,-0.719009636904546,-0.214874832513575
4.38456460035429,0.939221971415158,-0.70633825647343,-0.23288371494174
4.3846248002246,0.944223518665717,-0.693414267717322,-0.250809250948396
4.38469730048896,0.949798513778152,-0.677520927470806,-0.272277586307384
4.38476980075333,0.95488078406377,-0.661276109054272,-0.293604675009501
4.3848423010177,0.959467706649192,-0.644688240877951,-0.314779465771289
4.38491480128206,0.963556887738992,-0.627765938583018,-0.335790949155973
4.38498730154643,0.967146219820854,-0.610517976622178,-0.35662824319867
4.3850598018108,0.970233828027019,-0.592953309570252,-0.377280518456759
4.38514796910804,0.97331024370744,-0.571179649970013,-0.402130593737437
4.38523613640529,0.975639970541443,-0.548967738605824,-0.426672231935656
4.38532430370253,0.977221231360914,-0.526334649551813,-0.450886581809133
4.38541247099978,0.978052800167361,-0.503297758769253,-0.474755041398146
4.38550063829703,0.978134050174418,-0.479874748250669,-0.498259301923757
4.38558880559427,0.9774649075204,-0.456083588643956,-0.52138131887644
4.38567697289152,0.976045896464576,-0.431942535227335,-0.544103361237232
4.38576514018876,0.9738780948342,-0.407470107169035,-0.566407987665177
4.38585330748601,0.970963176112122,-0.38268508115198,-0.588278094960155
4.38596171171835,0.966358542925005,-0.351811363623711,-0.614547179301277
4.3860701159507,0.960633202749382,-0.320529474389007,-0.640103728360412
4.38617852018304,0.953793805350752,-0.28887579225444,-0.664918013096295
4.38628692441539,0.945848293613805,-0.256887049580164,-0.68896124403364
4.38639532864773,0.936805877501127,-0.224600369642647,-0.712205507858517
4.38650373288008,0.926677049140794,-0.192053191237798,-0.734623857902986
4.38661213711242,0.915473548880598,-0.159283274038641,-0.756190274841947
4.38672054134477,0.903208374261717,-0.126328613478504,-0.776879760783233
4.38682894557711,0.889895743295345,-0.0932274395385959,-0.796668303756746
4.38693734980946,0.875551099328473,-0.0600181313983837,-0.815532967930116
4.38704575404181,0.860191072281349,-0.0267392134247148,-0.833451858856615
4.38715415827415,0.8438334797854,0.00657072898298282,-0.850404208768371
4.3872625625065,0.826497286523594,0.0398730554353058,-0.866370341958875
4.387330175771,0.81519741979956,0.0606240010629257,-0.875821420862471
4.38739778903551,0.803529841486706,0.0813474241455726,-0.884877265632258
4.38746540230001,0.791499769414126,0.102034066854649,-0.893533836268733
4.38753301556451,0.779112622970749,0.122674597634614,-0.901787220605351
4.3876251748545,0.761663832404456,0.150716835993223,-0.91238066839767
4.38771733414449,0.743576552633477,0.178632821670199,-0.922209374303676
4.38777753399245,0.731423868415919,0.196789069012348,-0.928212937428275
4.3878377338404,0.719009634121085,0.214874836548259,-0.933884470669336
4.38789793368836,0.70633825834296,0.232883712275994,-0.939221970618922
4.38795813353632,0.693414274427468,0.250809241643988,-0.944223516071426
4.38803063380052,0.677520934323491,0.272277576994743,-0.949798511318213
4.38810313406472,0.661276116048624,0.293604665692615,-0.954880781741218
4.38817563432893,0.644688248012926,0.314779456454178,-0.959467704467107
4.38824813459313,0.627765945857588,0.335790939842678,-0.96355688570025
4.38832063485733,0.610517984035079,0.356628233893326,-0.967146217928392
4.38839313512153,0.592953317120015,0.377280509163584,-0.9702338262836
4.38848130244248,0.571179651722113,0.402130591159623,-0.973310242881743
4.38856946976342,0.548967734324783,0.426672235907346,-0.975639970232128
4.38865763708437,0.52633463901591,0.450886592149203,-0.977221231165115
4.38874580440531,0.503297741771153,0.474755057910475,-0.978052799681615
4.38883397172626,0.479874724597368,0.498259324397737,-0.978134048995064
4.3889221390472,0.456083558157102,0.521381347087207,-0.977464905244305
4.38901030636815,0.431942497743826,0.544103394945902,-0.976045892689718
4.3890984736891,0.407470062541052,0.566408026619303,-0.973878089160342
4.38918664101004,0.382685029247286,0.588278138894019,-0.970963168141299
4.38929504524246,0.351811310949229,0.614547222025104,-0.966358532974297
4.38940344947487,0.320529421007874,0.640103769820146,-0.960633190828004
4.38951185370729,0.288875738230496,0.664918053239597,-0.953793791470058
4.3896202579397,0.256886994978021,0.688961282809483,-0.945848277787461
4.38972866217211,0.224600314527681,0.712205545217497,-0.936805859745197
4.38983706640453,0.192053135675948,0.734623893797393,-0.926677029473342
4.38994547063694,0.159283218096374,0.75619030922577,-0.915473527322135
4.39005387486936,0.12632855722292,0.776879793611988,-0.903208350834895
4.39016227910177,0.0932273830371267,0.796668334987877,-0.889895718025003
4.39027068333419,0.0600180747187302,0.815532997522844,-0.875551072241568
4.3903790875666,0.026739156634813,0.833451886772191,-0.860191043406998
4.39048749179902,-0.00657078581496013,0.850404234969734,-0.843833449154783
4.39059589603143,-0.0398731122410762,0.866370366411056,-0.826497254169944
4.39066350924075,-0.0606240408785024,0.875821436648131,-0.815197395769655
4.39073112245007,-0.0813474469967611,0.884877273387945,-0.803529826391201
4.39079873565939,-0.102034072790191,0.893533836641416,-0.79149976385122
4.39086634886871,-0.122674586725986,0.901787214251578,-0.779112627525555
4.3909585081711,-0.150716828885961,0.912380663658389,-0.761663834772399
4.39105066747349,-0.178632818334947,0.922209370974814,-0.743576552639839
4.39111086732572,-0.196789066967563,0.9282129345374,-0.731423867569818
4.39117106717794,-0.214874835783988,0.933884468169412,-0.719009632385381
4.39123126703017,-0.232883712780788,0.939221968462352,-0.706338255681533
4.3912914668824,-0.250809243405189,0.94422351421031,-0.6934142708051
4.39136396714435,-0.272277578067937,0.949798509205328,-0.677520931137383
4.39143646740631,-0.293604666084958,0.954880779406798,-0.661276113321786
4.39150896766826,-0.314779456173873,0.959467701941466,-0.644688245767589
4.39158146793021,-0.335790938899102,0.963556883014251,-0.627765944115118
4.39165396819216,-0.356628232296631,0.967146215112911,-0.610517982816222
4.39172646845411,-0.377280506924994,0.97023382336972,-0.592953316444702
4.39181463579434,-0.402130594325162,0.973310240565423,-0.571179646240228
4.39190280313457,-0.4266722443382,0.97563996818631,-0.54896772384805
4.3919909704748,-0.450886605694138,0.977221229061798,-0.526334623367658
4.39207913781503,-0.474755076406375,0.978052797192365,-0.503297720785967
4.39216730515526,-0.498259347669608,0.978134045791328,-0.479874698121732
4.39225547249549,-0.521381374948373,0.977464900998171,-0.456083526049806
4.39234363983572,-0.544103427198549,0.976045887074236,-0.431942459875662
4.39243180717594,-0.566408063054622,0.973878081850119,-0.407470018795454
4.39251997451617,-0.588278179292418,0.970963158812911,-0.38268497952047
4.39262837874865,-0.614547261326907,0.966358521851978,-0.35181126052506
4.39273678298113,-0.640103807976526,0.960633177919991,-0.320529369943453
4.39284518721361,-0.664918090202968,0.953793776786616,-0.288875686583656
4.39295359144608,-0.688961318533777,0.945848261341109,-0.256886942807324
4.39306199567856,-0.712205579658017,0.936805841550234,-0.224600261892227
4.39317039991104,-0.734623926910795,0.926677009546331,-0.192053082635522
4.39327880414352,-0.756190340970313,0.91547350568163,-0.15928316471127
4.39338720837599,-0.776879823947493,0.903208327501382,-0.126328503553863
4.39349561260847,-0.796668363875804,0.889895693020921,-0.0932273291450905
4.39360401684095,-0.815533024926209,0.87555104559141,-0.0600180206651584
4.39371242107343,-0.833451912655724,0.86019101513719,-0.0267391024814345
4.39382082530591,-0.850404259299951,0.843833419293565,0.00657084000640078
4.39392922953838,-0.866370389156251,0.82649722274754,0.0398731664087477
4.39399684269349,-0.875821450963857,0.815197372604807,0.0606240783590496
4.39406445584859,-0.88487727990056,0.803529812083088,0.0813474678174933
4.39413206900369,-0.89353383598723,0.791499758986389,0.102034077000862
4.39419968215879,-0.901787207076513,0.77911263267752,0.122674574399004
4.39429184144696,-0.912380655264777,0.761663842969104,0.150716812295651
4.39438400073514,-0.922209361603835,0.743576564068934,0.178632797534953
4.39444420061382,-0.928212928125926,0.731423873914779,0.196789054211189
4.3945044004925,-0.933884464427304,0.719009633413007,0.214874831014301
4.39456460037119,-0.939221967096599,0.706338251164316,0.2328837159323
4.39462480024987,-0.944223514925393,0.693414260521517,0.250809254403876
4.39469730050977,-0.949798509537988,0.677520921142004,0.272277588396006
4.39476980076967,-0.954880779383707,0.661276103638311,0.293604675745418
4.39484230102956,-0.959467701589762,0.644688236419006,0.314779465170757
4.39491480128946,-0.963556882361172,0.62776593512378,0.335790947237422
4.39498730154935,-0.967146214186123,0.610517974203739,0.356628239982383
4.39505980180925,-0.970233822197163,0.592953308232041,0.377280513965126
4.39514796914512,-0.973310239074892,0.571179639004344,0.402130600070552
4.39523613648099,-0.975639966451201,0.548967717635642,0.42667224881558
4.39532430381686,-0.977221227155965,0.526334618222841,0.450886608933114
4.39541247115273,-0.978052795189702,0.50329771675045,0.47475507843926
4.3955006384886,-0.978134043766068,0.4798746952346,0.498259348531479
4.39558880582447,-0.977464899024434,0.456083524347398,0.521381374677056
4.39567697316034,-0.976045885226149,0.431942459391702,0.544103425834457
4.39576514049621,-0.973878080201528,0.407470019560961,0.566408060640606
4.39585330783208,-0.970963157437421,0.382684981563416,0.588278175874033
4.39596171206456,-0.966358520657252,0.351811262637557,0.61454725801971
4.39607011629703,-0.96063317690512,0.320529372119724,0.640103804785397
4.39617852052951,-0.953793775950554,0.288875688817874,0.664918087132727
4.39628692476198,-0.945848260682512,0.25688694509356,0.688961315588926
4.39639532899445,-0.936805841067589,0.224600264224477,0.71220557684312
4.39650373322693,-0.926677009237932,0.192053085007776,0.734623924230153
4.3966121374594,-0.915473505545504,0.159283167117417,0.756190338428095
4.39672054169188,-0.903208327535453,0.126328505987794,0.776879821547682
4.39682894592435,-0.889895693222873,0.0932273316006496,0.796668361622241
4.39693735015682,-0.875551045958713,0.0600180231361651,0.815533022822557
4.3970457543893,-0.860191015667134,0.0267391049615882,0.833451910705547
4.39715415862177,-0.84383341998323,-0.00657083752328577,0.850404257506516
4.39726256285425,-0.826497223593868,-0.0398731639288572,0.866370387522705
4.39733017601014,-0.815197373412351,-0.060624076127875,0.875821449540261
4.39739778916604,-0.803529812841844,-0.0813474658367806,0.884877278678661
4.39746540232193,-0.791499759686625,-0.102034075271987,0.89353383495865
4.39753301547783,-0.779112633309708,-0.122674572922893,0.901787206232572
4.39762517473928,-0.761663848853471,-0.150716802724685,0.912380651578131
4.39771733400073,-0.743576575569141,-0.178632779952532,0.922209355521665
4.39777753390174,-0.73142388115597,-0.196789043425293,0.928212924581233
4.39783773380275,-0.719009636197774,-0.214874826977633,0.933884463175367
4.39789793370376,-0.706338249300151,-0.232883718590344,0.9392219678905
4.39795813360478,-0.693414253820977,-0.250809263694977,0.944223517515937
4.39803063386484,-0.677520914299364,-0.272277597695039,0.949798511994391
4.3981031341249,-0.661276096654482,-0.293604685048438,0.954880781702928
4.39817563438496,-0.644688229295048,-0.31477947447372,0.959467703768765
4.39824813464501,-0.62776592786078,-0.33579095653625,0.963556884397031
4.39832063490507,-0.610517966803022,-0.356628249272977,0.967146216075992
4.39839313516513,-0.592953300694939,-0.37728052324332,0.970233823938223
4.39848130247734,-0.571179637255911,-0.402130602643897,0.973310239899793
4.39856946978955,-0.548967721910831,-0.426672244849857,0.975639966760682
4.39865763710176,-0.526334628742973,-0.450886598609169,0.977221227352129
4.39874580441397,-0.50329773372259,-0.47475506195289,0.978052795675469
4.39883397172618,-0.479874718851457,-0.498259326092978,0.978134044944397
4.39892213903838,-0.456083554786828,-0.521381346510999,0.977464901297831
4.39901030635059,-0.431942496816673,-0.544103392179304,0.976045888995997
4.3990984736628,-0.407470064118931,-0.566408021748527,0.973878085867443
4.39918664097501,-0.382685033386506,-0.5882781320102,0.970963165396681
4.39929504520741,-0.351811315229172,-0.614547215364171,0.966358530593314
4.39940344943982,-0.32052942541677,-0.640103763392054,0.960633188808824
4.39951185367222,-0.288875742756681,-0.664918047053876,0.953793789810557
4.39962025790463,-0.256886999609655,-0.688961276875487,0.945848276485137
4.39972866213703,-0.224600319252663,-0.712205539544286,0.93680585879692
4.39983706636944,-0.192053140482102,-0.734623888393702,0.926677028875787
4.39994547060184,-0.159283222971557,-0.756190304099947,0.91547352707147
4.40005387483425,-0.126328562154852,-0.776879788772119,0.903208350926962
4.40016227906665,-0.0932273880132511,-0.796668330441881,0.889895718455117
4.40027068329906,-0.060018079726715,-0.815532993278053,0.875551073004751
4.40037908753146,-0.026739161662229,-0.833451882835649,0.860191044497878
4.40048749176387,0.00657078078062781,-0.850404231348208,0.843833450567561
4.40059589599627,0.0398731072124297,-0.866370363110927,0.826497255898467
4.40066350920725,0.0606240363700436,-0.875821433779279,0.815197397409212
4.40073112241823,0.0813474430117481,-0.884877270933028,0.803529827921252
4.4007987356292,0.102034069331243,-0.893533834582696,0.791499765251431
4.40086634884018,0.122674583794973,-0.901787212571033,0.779112628776021
4.40095850808921,0.150716809790725,-0.912380656301238,0.7616638465105
4.40105066733825,0.178632783242159,-0.922209358833949,0.743576575591759
4.40111086723506,0.196789045445133,-0.92821292746295,0.731423882017796
4.40117106713187,0.214874827737496,-0.933884465672879,0.719009637935338
4.40123126702867,0.232883718101444,-0.939221970050526,0.7063382519491
4.40129146692548,0.250809261969817,-0.944223519385701,0.693414257415871
4.40136396718778,0.272277596654524,-0.949798514114295,0.67752091745977
4.40143646745008,0.293604684685442,-0.954880784042948,0.661276099357441
4.40150896771238,0.314779474780131,-0.959467706298568,0.64468823151841
4.40158146797468,0.3357909575028,-0.963556887086055,0.627765929583234
4.40165396823698,0.356628250889489,-0.967146218893448,0.610517968003936
4.40172646849928,0.377280525498599,-0.970233826853173,0.592953301354546
4.40181463579221,0.402130599495991,-0.973310242216758,0.571179642720749
4.40190280308514,0.426672236437398,-0.975639968806652,0.548967732369192
4.40199097037807,0.450886585083305,-0.977221229455009,0.526334644371666
4.402079137671,0.474755043476716,-0.97805279816366,0.503297754686966
4.40216730496392,0.498259302841505,-0.978134048146413,0.479874745304884
4.40225547225685,0.521381318670733,-0.977464905541549,0.456083586870775
4.40234363954978,0.544103359948073,-0.976045894608243,0.431942534660127
4.40243180684271,0.566407985335105,-0.973878093173619,0.407470107838474
4.40251997413564,0.588278091634145,-0.970963174720068,0.382685083085947
4.40262837836798,0.614547176083581,-0.966358541709762,0.351811365626179
4.40273678260032,0.640103725255797,-0.960633201710095,0.320529476454312
4.40284518683266,0.66491801010942,-0.953793804486417,0.288875794376984
4.402953591065,0.688961241169071,-0.945848292923184,0.25688705175412
4.40306199529734,0.712205505120649,-0.93680587698278,0.224600371862123
4.40317039952968,0.73462385529603,-0.926677048793024,0.192053193496988
4.40327880376202,0.756190272370045,-0.915473548701611,0.159283276331561
4.40338720799436,0.776879758450284,-0.903208374249559,0.126328615799229
4.4034956122267,0.796668301566607,-0.889895743447659,0.0932274418810181
4.40360401645904,0.815532965886302,-0.875551099642866,0.0600181337565482
4.40371242069138,0.833451856962761,-0.86019107275522,0.0267392157924673
4.40382082492372,0.850404207027664,-0.843833480415881,-0.00657072661176073
4.40392922915606,0.8663703403744,-0.826497287307845,-0.0398730530665971
4.40399684242125,0.875821419470731,-0.815197420561761,-0.060623998908958
4.40406445568643,0.884877264426184,-0.803529842218222,-0.0813474222079969
4.40413206895162,0.893533835241257,-0.791499770106412,-0.102034065134887
4.4041996822168,0.901787219749196,-0.779112623615333,-0.12267459613388
4.40429184148014,0.91238066470697,-0.7616638382887,-0.150716826418289
4.40438400074347,0.922209368224491,-0.743576564120097,-0.178632804104436
4.40444420061375,0.928212933885267,-0.73142387564526,-0.196789058240076
4.40450440048402,0.933884469418083,-0.719009636895779,-0.214874832522365
4.4045646003543,0.939221971412467,-0.706338256470575,-0.232883714941906
4.40462480022458,0.944223518660667,-0.693414267720607,-0.250809250940084
4.40469730048891,0.949798513770921,-0.677520927481197,-0.272277586289759
4.40476980075325,0.954880784054775,-0.661276109072117,-0.293604674982688
4.40484230101758,0.959467706638904,-0.644688240903569,-0.314779465735336
4.40491480128192,0.963556887727757,-0.627765938616707,-0.335790949111099
4.40498730154625,0.967146219809224,-0.610517976664192,-0.356628243145051
4.40505980181059,0.970233828015369,-0.592953309620792,-0.377280518394569
4.40514796910782,0.973310243697054,-0.571179650025811,-0.402130593671233
4.40523613640504,0.975639970532625,-0.548967738667092,-0.426672231865543
4.40532430370227,0.977221231353956,-0.526334649618596,-0.450886581735334
4.4054124709995,0.978052800162544,-0.503297758841735,-0.474755041320802
4.40550063829673,0.978134050172034,-0.479874748328888,-0.498259301843143
4.40558880559396,0.977464907520665,-0.456083588727945,-0.521381318792756
4.40567697289119,0.976045896467875,-0.431942535317224,-0.544103361150662
4.40576514018842,0.97387809484082,-0.407470107264858,-0.566407987575962
4.40585330748564,0.970963176122296,-0.382685081253755,-0.588278094868551
4.40596171171799,0.966358542938744,-0.351811363725821,-0.614547179212916
4.40607011595034,0.960633202766629,-0.320529474491307,-0.640103728275335
4.40617852018269,0.953793805371376,-0.288875792356837,-0.664918013014546
4.40628692441504,0.945848293637721,-0.256887049682493,-0.688961243955267
4.40639532864739,0.936805877528297,-0.224600369744775,-0.712205507783524
4.40650373287974,0.926677049170957,-0.192053191339584,-0.7346238578314
4.40661213711209,0.915473548913776,-0.159283274139972,-0.756190274773797
4.40672054134444,0.903208374297806,-0.126328613579323,-0.77687976071849
4.40682894557678,0.889895743334185,-0.0932274396387235,-0.796668303695451
4.40693734980913,0.875551099369958,-0.0600181314976909,-0.815532967872266
4.40704575404148,0.860191072325333,-0.0267392135230607,-0.8334518588023
4.40715415827383,0.843833479831731,0.00657072888572401,-0.850404208717472
4.40726256250618,0.826497286572268,0.0398730553391378,-0.866370341911419
4.40733017577078,0.815197419833816,0.0606240009961465,-0.875821420829971
4.40739778903538,0.803529841505436,0.0813474241080557,-0.884877265613516
4.40746540229998,0.791499769416308,0.102034066846375,-0.893533836262704
4.40753301556458,0.779112622955423,0.122674597655379,-0.901787220610779
4.40762517485456,0.761663832388761,0.150716836013782,-0.912380668402527
4.40771733414455,0.743576552617363,0.178632821690597,-0.922209374307983
4.40777753399249,0.731423868404278,0.196789069025697,-0.928212937429958
4.40783773384042,0.719009634114141,0.214874836554623,-0.933884470668733
4.40789793368836,0.706338258340805,0.232883712275412,-0.939221970616224
4.40795813353629,0.693414274430287,0.250809241636611,-0.944223516066903
4.40803063380052,0.677520934321223,0.272277576994404,-0.949798511315635
4.40810313406474,0.661276116041051,0.293604665699171,-0.954880781740247
4.40817563432897,0.644688247999801,0.314779456467561,-0.959467704467352
4.4082481345932,0.627765945838598,0.335790939862875,-0.963556885701461
4.40832063485742,0.610517984010047,0.356628233920155,-0.967146217930211
4.40839313512165,0.592953317088822,0.37728050919692,-0.97023382628575
4.40848130244258,0.571179651693203,0.402130591189344,-0.973310242882553
4.40856946976352,0.548967734298202,0.426672235933565,-0.975639970231771
4.40865763708445,0.526334638991957,0.45088659217188,-0.977221231163833
4.40874580440538,0.503297741749907,0.47475505792971,-0.97805279967956
4.40883397172632,0.479874724578833,0.498259324413666,-0.978134048992516
4.40892213904725,0.456083558141552,0.521381347099837,-0.977464905241401
4.40901030636818,0.431942497731334,0.544103394955334,-0.97604589268668
4.40909847368912,0.407470062531583,0.566408026625739,-0.973878089157306
4.40918664101005,0.382685029240977,0.588278138897523,-0.970963168138496
4.40929504524247,0.351811310942594,0.614547222028765,-0.966358532971347
4.40940344947488,0.320529421000911,0.640103769823948,-0.960633190824874
4.4095118537073,0.288875738223214,0.664918053243553,-0.953793791466761
4.40962025793971,0.256886994970449,0.688961282813532,-0.945848277784012
4.40972866217213,0.224600314519749,0.712205545221688,-0.936805859741468
4.40983706640455,0.192053135667692,0.734623893801685,-0.926677029469334
4.40994547063696,0.159283218087822,0.756190309230083,-0.91547352731786
4.41005387486938,0.126328557214085,0.776879793616336,-0.903208350830449
4.41016227910179,0.0932273830279242,0.796668334992265,-0.889895718020164
4.41027068333421,0.0600180747092115,0.815532997527236,-0.875551072236441
4.41037908756662,0.0267391566250264,0.833451886776525,-0.860191043401522
4.41048749179904,-0.00657078582499823,0.850404234974026,-0.843833449149016
4.41059589603145,-0.039873112251361,0.866370366415285,-0.826497254163917
4.41066350924077,-0.0606240408888222,0.875821436652229,-0.815197395763386
4.41073112245009,-0.0813474470071717,0.884877273391979,-0.803529826384778
4.41079873565941,-0.102034072800574,0.89353383664531,-0.791499763844718
4.41086634886873,-0.122674586736435,0.901787214255334,-0.779112627518888
4.4109585081711,-0.150716828889646,0.912380663659551,-0.76166383476988
4.41105066747347,-0.178632818331894,0.922209370973636,-0.743576552641777
4.4111108673257,-0.196789066966676,0.928212934537037,-0.731423867570373
4.41117106717794,-0.214874835785263,0.933884468169809,-0.719009632384508
4.41123126703017,-0.232883712784149,0.939221968463368,-0.70633825567923
4.41129146688241,-0.250809243410646,0.94422351421187,-0.693414270801249
4.41136396714437,-0.272277578076035,0.949798509207543,-0.677520931131502
4.41143646740633,-0.293604666095701,0.954880779409519,-0.661276113313788
4.41150896766829,-0.314779456187266,0.959467701944619,-0.644688245757316
4.41158146793025,-0.335790938914915,0.963556883017576,-0.627765944102647
4.41165396819221,-0.356628232314942,0.967146215116337,-0.610517982801388
4.41172646845417,-0.377280506945706,0.970233823373194,-0.59295331642746
4.4118146357944,-0.402130594345476,0.973310240568351,-0.571179646222852
4.41190280313463,-0.426672244358041,0.975639968188721,-0.548967723830642
4.41199097047486,-0.450886605713619,0.97722122906372,-0.52633462335009
4.41207913781509,-0.47475507642539,0.978052797193791,-0.503297720768377
4.41216730515531,-0.49825934768811,0.978134045792319,-0.479874698104193
4.41225547249554,-0.521381374966453,0.977464900998696,-0.456083526032193
4.41234363983577,-0.544103427216159,0.976045887074292,-0.431942459858113
4.412431807176,-0.566408063071778,0.973878081849715,-0.407470018777893
4.41251997451622,-0.588278179309129,0.970963158812117,-0.382684979502954
4.41262837874871,-0.614547261343882,0.966358521850459,-0.351811260506567
4.41273678298119,-0.640103807993761,0.960633177917745,-0.320529369923935
4.41284518721367,-0.664918090220395,0.953793776783644,-0.288875686563246
4.41295359144615,-0.688961318551273,0.945848261337235,-0.256886942785958
4.41306199567863,-0.712205579675549,0.936805841545502,-0.224600261869957
4.41317039991111,-0.734623926928407,0.9266770095407,-0.19205308261229
4.41327880414359,-0.756190340987884,0.915473505674977,-0.159283164687075
4.41338720837607,-0.776879823964928,0.903208327493752,-0.126328503528798
4.41349561260855,-0.796668363893104,0.889895693012228,-0.0932273291191186
4.41360401684103,-0.815533024943277,0.875551045581617,-0.0600180206383751
4.41371242107351,-0.833451912672515,0.860191015126224,-0.0267391024536976
4.41382082530599,-0.850404259316417,0.843833419281461,0.00657084003494899
4.41392922953847,-0.866370389172333,0.826497222734238,0.0398731664381076
4.41399684269355,-0.875821450976748,0.815197372594387,0.0606240783823669
4.41406445584864,-0.884877279910516,0.803529812075611,0.0813474678348975
4.41413206900372,-0.8935338359945,0.791499758982186,0.10203407701233
4.4141996821588,-0.9017872070813,0.779112632676769,0.122674574404527
4.41429184144692,-0.912380655263139,0.761663842979212,0.150716812283953
4.41438400073503,-0.922209361596856,0.743576564090665,0.178632797506231
4.41444420061375,-0.928212928123068,0.731423873929407,0.196789054193698
4.41450440049247,-0.933884464428098,0.719009633420212,0.214874831007914
4.4145646003712,-0.939221967100738,0.706338251163785,0.232883715936994
4.41462480024992,-0.944223514932483,0.69341426051297,0.250809254419522
4.41469730050979,-0.949798509543312,0.677520921137592,0.272277588405757
4.41476980076967,-0.954880779387577,0.661276103638134,0.293604675749448
4.41484230102955,-0.9594677015924,0.644688236423318,0.314779465169108
4.41491480128942,-0.96355688236287,0.627765935132793,0.335790947230095
4.4149873015493,-0.967146214187186,0.610517974217573,0.356628239969609
4.41505980180918,-0.970233822197767,0.592953308250855,0.377280513946946
4.41514796914504,-0.973310239075782,0.571179639026523,0.402130600049263
4.41523613648089,-0.975639966452527,0.548967717661255,0.42667224879128
4.41532430381675,-0.97722122715789,0.52633461825192,0.450886608905949
4.41541247115261,-0.978052795192455,0.503297716783134,0.474755078409359
4.41550063848847,-0.978134043769864,0.479874695270925,0.498259348498968
4.41558880582433,-0.977464899029495,0.456083524387443,0.521381374642069
4.41567697316019,-0.976045885232639,0.431942459435542,0.544103425797102
4.41576514049605,-0.973878080209617,0.407470019608529,0.566408060601116
4.41585330783191,-0.970963157447356,0.382684981614827,0.588278175832511
4.41596171206438,-0.966358520668944,0.351811262689428,0.614547257979523
4.41607011629686,-0.960633176918581,0.320529372172001,0.640103804746596
4.41617852052933,-0.953793775965781,0.28887568887049,0.664918087095297
4.41628692476181,-0.945848260699388,0.256886945146367,0.688961315553007
4.41639532899428,-0.936805841086122,0.224600264277477,0.712205576808662
4.41650373322676,-0.92667700925813,0.192053085060926,0.734623924197229
4.41661213745923,-0.915473505567336,0.159283167170673,0.756190338396673
4.41672054169171,-0.90320832755885,0.12632850604108,0.776879821517811
4.41682894592418,-0.889895693247768,0.0932273316538146,0.796668361593962
4.41693735015666,-0.875551045985128,0.0600180231891988,0.815533022795917
4.41704575438913,-0.860191015694935,0.0267391050144527,0.833451910680488
4.41715415862161,-0.843833420012474,-0.00657083747062633,0.850404257483083
4.41726256285408,-0.826497223624392,-0.0398731638765742,0.866370387500999
4.41733017601003,-0.815197373435031,-0.0606240760915207,0.875821449526539
4.41739778916597,-0.80352981285615,-0.0813474658163072,0.884877278672426
4.41746540232192,-0.791499759691954,-0.102034075267326,0.893533834959237
4.41753301547787,-0.779112633305485,-0.12267457293396,0.901787206239451
4.41762517473933,-0.761663848845727,-0.150716802740792,0.912380651586527
4.4177173340008,-0.743576575557653,-0.178632779973691,0.922209355531343
4.41777753390179,-0.731423881149065,-0.196789043439163,0.928212924588209
4.41783773380278,-0.719009636195609,-0.214874826984286,0.933884463179886
4.41789793370377,-0.706338249302963,-0.232883718589864,0.939221967892795
4.41795813360476,-0.693414253828914,-0.250809263687411,0.944223517516338
4.41803063386482,-0.677520914306815,-0.272277597688326,0.949798511995155
4.41810313412488,-0.661276096661423,-0.29360468504257,0.954880781703999
4.41817563438494,-0.64468822930149,-0.314779474468618,0.9594677037701
4.418248134645,-0.627765927866746,-0.335790956531887,0.963556884398612
4.41832063490507,-0.610517966808403,-0.35662824926941,0.967146216077819
4.41839313516513,-0.592953300699702,-0.377280523240529,0.970233823940198
4.41848130247736,-0.571179637255062,-0.40213060264744,0.973310239902536
4.41856946978959,-0.548967721904314,-0.426672244859474,0.975639966763743
4.41865763710182,-0.52633462873048,-0.45088659862473,0.977221227355176
4.41874580441405,-0.503297733703913,-0.474755061974248,0.978052795678135
4.41883397172628,-0.479874718826412,-0.498259326119904,0.978134044946289
4.41892213903851,-0.456083554755365,-0.521381346543239,0.977464901298608
4.41901030635074,-0.431942496778562,-0.544103392216666,0.976045888995199
4.41909847366297,-0.407470064074097,-0.566408021790679,0.973878085864772
4.4191866409752,-0.382685033334796,-0.588278132056963,0.970963165391761
4.41929504520761,-0.351811315176369,-0.614547215409953,0.966358530586316
4.41940344944001,-0.320529425363108,-0.640103763436681,0.960633188799795
4.41951185367242,-0.288875742702079,-0.66491804709737,0.953793789799441
4.41962025790483,-0.25688699955421,-0.688961276917723,0.945848276471963
4.41972866213723,-0.224600319196384,-0.712205539585278,0.936805858781658
4.41983706636964,-0.192053140425191,-0.734623888433296,0.92667702885848
4.41994547060204,-0.159283222913965,-0.756190304138157,0.915473527052094
4.42005387483445,-0.126328562096677,-0.776879788808853,0.90320835090553
4.42016227906686,-0.093227387954599,-0.796668330477023,0.889895718431673
4.42027068329926,-0.0600180796676504,-0.8155329933116,0.875551072979257
4.42037908753167,-0.0267391616027439,-0.833451882867634,0.860191044470335
4.42048749176407,0.00657078084041818,-0.850404231378464,0.84383345053803
4.42059589599648,0.039873107272419,-0.866370363139428,0.826497255866996
4.4206635092074,0.0606240364133166,-0.875821433799122,0.815197397385799
4.42073112241832,0.0813474430383973,-0.884877270944904,0.803529827906507
4.42079873562925,0.102034069341191,-0.893533834587221,0.791499765246014
4.42086634884017,0.122674583788389,-0.90178721256879,0.779112628780433
4.42095850808923,0.15071680979276,-0.91238065630228,0.761663846509518
4.42105066733829,0.17863278325279,-0.922209358837729,0.743576575584912
4.42111086723508,0.196789045449749,-0.928212927464586,0.731423882014813
4.42117106713187,0.214874827736171,-0.933884465672544,0.719009637936338
4.42123126702866,0.232883718094264,-0.939221970048488,0.706338251954197
4.42129146692545,0.25080926195683,-0.944223519382173,0.693414257425314
4.42136396718775,0.272277596641373,-0.949798514110901,0.677520917469518
4.42143646745005,0.293604684672131,-0.954880784039693,0.66127609936756
4.42150896771235,0.314779474766666,-0.959467706295536,0.644688231528841
4.42158146797465,0.335790957489174,-0.963556887083233,0.627765929594031
4.42165396823694,0.356628250875756,-0.967146218890797,0.610517968015043
4.42172646849924,0.37728052548466,-0.970233826850762,0.592953301366071
4.42181463579217,0.402130599482683,-0.973310242214707,0.571179642732005
4.4219028030851,0.426672236424649,-0.975639968804878,0.548967732380272
4.42199097037803,0.450886585071183,-0.977221229453592,0.526334644382394
4.42207913767097,0.474755043465136,-0.978052798162587,0.503297754697407
4.4221673049639,0.498259302830554,-0.978134048145549,0.479874745314967
4.42225547225683,0.521381318660327,-0.977464905540869,0.456083586880524
4.42234363954976,0.544103359938203,-0.976045894607777,0.431942534669551
4.42243180684269,0.566407985325793,-0.973878093173289,0.407470107847485
4.42251997413562,0.588278091625352,-0.970963174719957,0.382685083094572
4.42262837836796,0.614547176075259,-0.966358541709785,0.351811365634498
4.4227367826003,0.640103725247936,-0.960633201710341,0.320529476462386
4.42284518683264,0.664918010102025,-0.953793804486749,0.288875794384704
4.42295359106498,0.688961241162064,-0.945848292923614,0.256887051761556
4.42306199529732,0.712205505114017,-0.936805876983324,0.224600371869279
4.42317039952966,0.734623855289808,-0.926677048793612,0.192053193503805
4.423278803762,0.756190272364169,-0.915473548702259,0.159283276338059
4.42338720799435,0.776879758444744,-0.903208374250216,0.126328615805449
4.42349561222669,0.796668301561357,-0.88989574344833,0.0932274418869691
4.42360401645903,0.815532965881396,-0.875551099643536,0.0600181337621317
4.42371242069137,0.833451856958084,-0.860191072755851,0.0267392157977381
4.42382082492371,0.850404207023217,-0.843833480416525,-0.00657072660668522
4.42392922915605,0.866370340370219,-0.82649728730835,-0.0398730530618778
4.42399684242125,0.875821419468385,-0.815197420560137,-0.0606239989082452
4.42406445568645,0.884877264425567,-0.803529842214204,-0.0813474222113837
4.42413206895165,0.893533835242211,-0.791499770099829,-0.102034065142375
4.42419968221685,0.901787219751514,-0.779112623606191,-0.122674596145308
4.42429184148013,0.91238066470363,-0.761663838288399,-0.150716826415247
4.42438400074342,0.922209368216282,-0.743576564129265,-0.178632804087068
4.42444420061371,0.928212933878801,-0.731423875651687,-0.196789058227145
4.424504400484,0.933884469413063,-0.719009636899429,-0.214874832513683
4.42456460035429,0.939221971408813,-0.706338256471283,-0.232883714937513
4.42462480022458,0.94422351865818,-0.693414267718214,-0.250809250939989
4.42469730048899,0.949798513773757,-0.677520927462671,-0.272277586311047
4.4247698007534,0.954880784061867,-0.661276109036828,-0.293604675025032
4.42484230101781,0.959467706649234,-0.644688240850767,-0.314779465798464
4.42491480128222,0.963556887740403,-0.627765938545747,-0.335790949194697
4.42498730154662,0.967146219823113,-0.610517976574477,-0.356628243248657
4.42505980181103,0.97023382802952,-0.592953309511707,-0.377280518517817
4.42514796910836,0.973310243710615,-0.571179649888651,-0.402130593822009
4.4252361364057,0.975639970543868,-0.548967738500833,-0.426672232043075
4.42532430370303,0.97722123136107,-0.526334649422371,-0.450886581938712
4.42541247100036,0.97805280016378,-0.503297758614767,-0.474755041549016
4.42550063829769,0.978134050165584,-0.479874748070419,-0.498259302095196
4.42558880559502,0.977464907504844,-0.456083588437365,-0.521381319067473
4.42567697289236,0.976045896440827,-0.431942534993883,-0.54410336144694
4.42576514018969,0.973878094800795,-0.407470106908164,-0.566407987892662
4.42585330748702,0.970963176067636,-0.382685080863352,-0.588278095204288
4.42596171171937,0.966358542869935,-0.351811363330727,-0.614547179539239
4.42607011595171,0.960633202683799,-0.32052947409197,-0.640103728591843
4.42617852018406,0.953793805274689,-0.288875791953744,-0.664918013320931
4.42628692441641,0.945848293527338,-0.256887049276217,-0.688961244251124
4.42639532864875,0.93680587740434,-0.224600369335772,-0.712205508068568
4.4265037328811,0.926677049033695,-0.192053190928283,-0.734623858105391
4.42661213711345,0.915473548763351,-0.159283273726889,-0.75619027503646
4.42672054134579,0.903208374134476,-0.126328613165,-0.776879760969495
4.42682894557814,0.889895743158138,-0.0932274392235501,-0.79666830393459
4.42693734981048,0.87555109918148,-0.0600181310822159,-0.815532968099252
4.42704575404283,0.86019107212474,-0.0267392131077927,-0.833451859016946
4.42715415827518,0.843833479619319,0.00657072930029233,-0.850404208919603
4.42726256250752,0.826497286348171,0.0398730557527081,-0.866370342100846
4.42733017577171,0.815197419673093,0.0606240012813957,-0.875821420954509
4.42739778903589,0.803529841412829,0.0813474242652053,-0.884877265678007
4.42746540230007,0.791499769396225,0.102034066875789,-0.893533836272
4.42753301556426,0.77911262301224,0.122674597557706,-0.90178722056993
4.42762517485421,0.761663832453336,0.150716835907865,-0.912380668361208
4.42771733414417,0.743576552689996,0.178632821576733,-0.922209374266691
4.42777753399225,0.731423868448999,0.196789068955835,-0.928212937404835
4.42783773384033,0.719009634129601,0.214874836528535,-0.933884470658117
4.42789793368841,0.706338258325891,0.232883712292714,-0.939221970618595
4.42795813353649,0.693414274383805,0.250809241696779,-0.944223516080578
4.42803063380065,0.677520934289335,0.272277577033465,-0.949798511322767
4.4281031340648,0.661276116024394,0.293604665717449,-0.954880781741845
4.42817563432896,0.644688247999067,0.314779456465317,-0.959467704464344
4.42824813459311,0.627765945854465,0.335790939840395,-0.963556885694824
4.42832063485727,0.610517984043111,0.356628233877816,-0.967146217920917
4.42839313512143,0.592953317139705,0.377280509135064,-0.970233826274732
4.42848130244231,0.571179651756718,0.402130591115305,-0.97331024287202
4.4285694697632,0.548967734374817,0.426672235847698,-0.975639970222485
4.42865763708409,0.526334639082006,0.450886592074581,-0.977221231156591
4.42874580440498,0.503297741853697,0.474755057821502,-0.978052799675176
4.42883397172586,0.479874724696805,0.498259324294914,-0.978134048991707
4.42892213904675,0.456083558273881,0.521381346971089,-0.97746490524498
4.42901030636764,0.431942497878308,0.544103394817122,-0.976045892695425
4.42909847368853,0.407470062693494,0.566408026478541,-0.973878089172032
4.42918664100941,0.382685029418006,0.588278138741949,-0.970963168159944
4.42929504524183,0.351811311122374,0.6145472218771,-0.966358532999452
4.42940344947424,0.320529421183232,0.640103769676404,-0.960633190859625
4.42951185370666,0.288875738407878,0.664918053100224,-0.953793791508067
4.42962025793907,0.256886995157198,0.688961282674689,-0.945848277831854
4.42972866217149,0.224600314708484,0.712205545087414,-0.936805859795866
4.4298370664039,0.192053135858117,0.734623893672179,-0.92667702953027
4.42994547063632,0.159283218279715,0.756190309105546,-0.915473527385229
4.43005387486873,0.126328557407194,0.776879793496923,-0.90320835090412
4.43016227910115,0.0932273832220399,0.796668334878161,-0.889895718100153
4.43027068333356,0.0600180749041933,0.815532997418497,-0.875551072322685
4.43037908756598,0.0267391568205821,0.83345188667336,-0.860191043493939
4.43048749179839,-0.00657078562912727,0.850404234876549,-0.843833449247406
4.43059589603081,-0.0398731120554,0.866370366323607,-0.826497254268232
4.4306635092403,-0.0606240407481589,0.875821436588945,-0.815197395840769
4.4307311224498,-0.0813474469216321,0.884877273354945,-0.803529826433308
4.4307987356593,-0.102034072770148,0.893533836632496,-0.791499763862315
4.4308663488688,-0.122674586760756,0.901787214264488,-0.779112627503746
4.43095850817114,-0.15071682890674,0.912380663665547,-0.761663834758812
4.43105066747349,-0.178632818341938,0.922209370976924,-0.743576552634952
4.43111086732571,-0.196789066972526,0.92821293453881,-0.731423867566235
4.43117106717793,-0.214874835786936,0.933884468170229,-0.71900963238329
4.43123126703016,-0.232883712781786,0.939221968462645,-0.706338255680864
4.43129146688238,-0.250809243404292,0.944223514210183,-0.693414270805878
4.43136396714436,-0.272277578076384,0.949798509207694,-0.677520931131285
4.43143646740634,-0.293604666102574,0.954880779411163,-0.661276113308566
4.43150896766833,-0.314779456200518,0.959467701947509,-0.644688245746965
4.43158146793031,-0.335790938934584,0.963556883021466,-0.62776594408685
4.43165396819229,-0.35662823234082,0.967146215120845,-0.610517982779982
4.43172646845428,-0.377280506977686,0.970233823377979,-0.592953316400272
4.43181463579448,-0.402130594369366,0.973310240571458,-0.571179646202051
4.43190280313468,-0.426672244374134,0.975639968190564,-0.548967723816452
4.43199097047488,-0.450886605721972,0.97722122906481,-0.526334623342816
4.43207913781508,-0.474755076426326,0.978052797194585,-0.503297720768224
4.43216730515528,-0.498259347681863,0.978134045793249,-0.47987469811139
4.43225547249548,-0.52138137495324,0.977464901000211,-0.456083526046989
4.43234363983568,-0.544103427196233,0.976045887076994,-0.431942459880724
4.43243180717588,-0.566408063045308,0.973878081853975,-0.407470018808638
4.43251997451608,-0.588278179276552,0.97096315881839,-0.382684979541811
4.43262837874856,-0.614547261312862,0.966358521858166,-0.351811260545257
4.43273678298105,-0.640103807964251,0.960633177926739,-0.320529369962479
4.43284518721353,-0.664918090192461,0.953793776793876,-0.288875686601366
4.43295359144601,-0.688961318524959,0.945848261348696,-0.256886942823726
4.43306199567849,-0.712205579650786,0.936805841558112,-0.224600261907281
4.43317039991098,-0.734623926905179,0.926677009554386,-0.192053082649174
4.43327880414346,-0.756190340966211,0.915473505689637,-0.159283164723395
4.43338720837594,-0.77687982394485,0.903208327509341,-0.126328503564465
4.43349561260843,-0.796668363874466,0.88989569302867,-0.0932273291541869
4.43360401684091,-0.815533024926207,0.875551045598853,-0.060018020672631
4.43371242107339,-0.83345191265695,0.860191015144188,-0.026739102487227
4.43382082530588,-0.850404259302287,0.843833419300032,0.00657084000224544
4.43392922953836,-0.866370389159598,0.826497222753421,0.0398731664062059
4.43399684269347,-0.875821450968471,0.815197372609434,0.0606240783590491
4.43406445584858,-0.884877279906329,0.803529812086354,0.0813474678200146
4.43413206900369,-0.893533835994117,0.791499758988145,0.102034077005987
4.4341996821588,-0.901787207084354,0.779112632677811,0.122674574406558
4.43429184144689,-0.912380655263855,0.761663842984457,0.150716812279423
4.43438400073499,-0.922209361595521,0.743576564100273,0.178632797495283
4.43444420061372,-0.928212928123267,0.731423873936636,0.196789054186644
4.43450440049246,-0.933884464429711,0.719009633424905,0.214874831004818
4.43456460037119,-0.939221967103531,0.706338251165809,0.232883715937755
4.43462480024992,-0.944223514936337,0.693414260512273,0.250809254424073
4.43469730050978,-0.949798509545854,0.677520921140771,0.272277588405079
4.43476980076964,-0.954880779388975,0.661276103645417,0.293604675743575
4.4348423010295,-0.95946770159295,0.644688236434801,0.314779465158174
4.43491480128936,-0.963556882362823,0.627765935148653,0.335790947214207
4.43498730154922,-0.967146214186742,0.61051797423805,0.356628239948726
4.43505980180908,-0.970233822197281,0.592953308275993,0.377280513921276
4.4351479691449,-0.973310239075074,0.571179639060271,0.402130600014785
4.43523613648073,-0.975639966452218,0.548967717704038,0.4266722487482
4.43532430381655,-0.97722122715854,0.526334618303999,0.450886608854582
4.43541247115238,-0.978052795194665,0.503297716844751,0.474755078349937
4.43550063848821,-0.97813404377415,0.479874695342329,0.498259348431874
4.43558880582403,-0.977464899036395,0.456083524468849,0.521381374567577
4.43567697315986,-0.976045885242765,0.431942459527123,0.544103425715615
4.43576514049568,-0.973878080223487,0.407470019710534,0.566408060512991
4.43585330783151,-0.970963157465515,0.38268498172735,0.588278175738172
4.43596171206399,-0.966358520691195,0.351811262803515,0.614547257887723
4.43607011629646,-0.960633176944907,0.320529372287534,0.64010380465741
4.43617852052894,-0.953793775996073,0.288875688987219,0.664918087008901
4.43628692476141,-0.945848260733757,0.25688694526433,0.688961315469431
4.43639532899389,-0.936805841124499,0.224600264396484,0.712205576728048
4.43650373322636,-0.926677009300429,0.192053085180817,0.734623924119647
4.43661213745884,-0.915473505613474,0.159283167291215,0.756190338322286
4.43672054169131,-0.903208327608813,0.12632850616219,0.776879821446647
4.43682894592379,-0.889895693301586,0.0932273317754654,0.79666836152609
4.43693735015626,-0.875551046042657,0.0600180233111993,0.815533022731423
4.43704575438874,-0.860191015756111,0.0267391051365611,0.833451910619558
4.43715415862121,-0.843833420077202,-0.00657083734851042,0.850404257425725
4.43726256285369,-0.826497223692697,-0.0398731637544712,0.866370387447213
4.43733017600976,-0.815197373484531,-0.0606240760074447,0.875821449491969
4.43739778916582,-0.80352981288541,-0.0813474657702069,0.884877278655649
4.43746540232189,-0.79149975969972,-0.102034075259019,0.893533834958729
4.43753301547796,-0.779112633290433,-0.122674572963349,0.901787206253787
4.43762517473946,-0.761663848823667,-0.150716802780032,0.91238065160371
4.43771733400096,-0.743576575528139,-0.178632780022648,0.922209355550776
4.43777753390189,-0.731423881130978,-0.196789043469964,0.928212924600927
4.43783773380282,-0.719009636189495,-0.214874826997086,0.933884463186593
4.43789793370375,-0.706338249309308,-0.232883718584815,0.939221967894137
4.43795813360468,-0.693414253848244,-0.250809263664706,0.944223517512974
4.43803063386474,-0.677520914327331,-0.272277597664642,0.949798511991957
4.4381031341248,-0.661276096683201,-0.293604685017881,0.954880781701037
4.43817563438486,-0.64468822932444,-0.314779474443076,0.959467703767508
4.43824813464492,-0.627765927890918,-0.335790956505486,0.963556884396398
4.43832063490497,-0.610517966833825,-0.356628249242172,0.967146216076018
4.43839313516503,-0.592953300726408,-0.377280523212491,0.970233823938882
4.43848130247726,-0.571179637283971,-0.402130602617796,0.973310239901772
4.43856946978948,-0.548967721935435,-0.426672244828334,0.975639966763774
4.4386576371017,-0.526334628763905,-0.450886598592127,0.977221227356011
4.43874580441393,-0.503297733739819,-0.474755061940139,0.978052795679936
4.43883397172615,-0.479874718864703,-0.498259326084483,0.978134044949164
4.43892213903837,-0.456083554796088,-0.521381346506592,0.97746490130265
4.4390103063506,-0.431942496821798,-0.544103392178822,0.976045889000597
4.43909847366282,-0.407470064119743,-0.566408021751833,0.973878085871597
4.43918664097504,-0.382685033382962,-0.588278132017169,0.970963165400124
4.43929504520745,-0.351811315225222,-0.61454721537112,0.966358530596318
4.43940344943986,-0.320529425412559,-0.640103763398891,0.960633188811426
4.43951185367226,-0.288875742752077,-0.664918047060662,0.953793789812709
4.43962025790467,-0.256886999604694,-0.688961276882133,0.945848276486819
4.43972866213707,-0.224600319247304,-0.712205539550862,0.936805858798133
4.43983706636948,-0.192053140476464,-0.734623888400085,0.926677028876565
4.43994547060188,-0.15928322296557,-0.756190304106178,0.915473527071726
4.44005387483429,-0.126328562148542,-0.776879788778191,0.903208350926746
4.4401622790667,-0.0932273880066587,-0.796668330447685,0.889895718454339
4.4402706832991,-0.0600180797198565,-0.815532993283613,0.87555107300348
4.44037908753151,-0.0267391616550243,-0.833451882841008,0.860191044496026
4.44048749176391,0.00657078078810794,-0.850404231353274,0.843833450565153
4.44059589599632,0.0398731072201397,-0.866370363115715,0.826497255895547
4.44066350920729,0.0606240363766441,-0.875821433783261,0.815197397406598
4.44073112241827,0.0813474430172959,-0.884877270936336,0.803529827919018
4.44079873562924,0.102034069335619,-0.89353383458533,0.791499765249692
4.44086634884021,0.122674583798198,-0.901787212572958,0.779112628774738
4.44095850808928,0.150716809805505,-0.912380656307156,0.761663846501644
4.44105066733835,0.178632783268375,-0.922209358843164,0.743576575574759
4.44111086723513,0.19678904545991,-0.928212927467938,0.731423882008047
4.4411710671319,0.214874827740962,-0.933884465674012,0.719009637933065
4.44123126702867,0.232883718093662,-0.939221970048285,0.706338251954608
4.44129146692544,0.250809261950946,-0.944223519380469,0.693414257429494
4.44136396718775,0.272277596636977,-0.94979851410963,0.677520917472621
4.44143646745005,0.293604684669214,-0.954880784038778,0.661276099369579
4.44150896771236,0.314779474765195,-0.959467706294863,0.644688231529671
4.44158146797466,0.335790957489207,-0.963556887082789,0.627765929593576
4.44165396823696,0.356628250877234,-0.967146218890519,0.610517968013308
4.44172646849927,0.37728052548759,-0.970233826850557,0.592953301362941
4.44181463579223,0.402130599494129,-0.973310242215252,0.571179642721102
4.44190280308519,0.426672236444373,-0.975639968805712,0.548967732361324
4.44199097037815,0.450886585098953,-0.97722122945411,0.526334644355132
4.44207913767111,0.474755043500699,-0.97805279816228,0.503297754661574
4.44216730496407,0.498259302873504,-0.978134048143953,0.479874745270423
4.44225547225703,0.521381318710435,-0.977464905537436,0.456083586826994
4.44234363954999,0.544103359995172,-0.976045894601997,0.431942534606819
4.44243180684295,0.566407985389207,-0.973878093164685,0.407470107775461
4.44251997413591,0.588278091694894,-0.970963174707963,0.382685083013044
4.44262837836825,0.614547176142619,-0.966358541694811,0.351811365552176
4.44273678260059,0.64010372531304,-0.960633201692333,0.320529476379285
4.44284518683293,0.664918010164835,-0.953793804465793,0.288875794300947
4.44295359106527,0.688961241222517,-0.945848292899778,0.256887051677277
4.44306199529761,0.71220550517204,-0.936805876956627,0.224600371784571
4.44317039952995,0.734623855345395,-0.92667704876413,0.192053193418701
4.44327880376229,0.756190272417229,-0.915473548670049,0.159283276252787
4.44338720799463,0.77687975849525,-0.903208374215282,0.126328615720027
4.44349561222697,0.796668301609234,-0.889895743410762,0.0932274418014892
4.44360401645931,0.815532965926604,-0.875551099603422,0.0600181336767727
4.44371242069165,0.833451857000623,-0.860191072713178,0.0267392157125537
4.44382082492399,0.850404207063064,-0.843833480371368,-0.00657072669172828
4.44392922915633,0.866370340407345,-0.826497287260776,-0.0398730531466106
4.44399684242143,0.87582141948976,-0.815197420528487,-0.0606239989613165
4.44406445568653,0.884877264432408,-0.803529842199652,-0.0813474222327797
4.44413206895162,0.893533835235697,-0.791499770103459,-0.102034065132285
4.44419968221672,0.901787219732906,-0.779112623629076,-0.12267459610386
4.44429184148003,0.912380664689199,-0.76166383830684,-0.150716826382388
4.44438400074335,0.922209368205611,-0.743576564142797,-0.178632804062834
4.44444420061367,0.928212933871931,-0.731423875658307,-0.19678905821359
4.444504400484,0.933884469409604,-0.719009636898861,-0.214874832510733
4.44456460035433,0.939221971408383,-0.70633825646326,-0.232883714945122
4.44462480022465,0.944223518660409,-0.693414267702384,-0.250809250958026
4.44469730048904,0.949798513774262,-0.677520927450289,-0.272277586324003
4.44476980075343,0.954880784060934,-0.661276109027918,-0.293604675033051
4.44484230101783,0.959467706647066,-0.644688240845498,-0.314779465801601
4.44491480128222,0.963556887737231,-0.627765938544354,-0.335790949192911
4.44498730154661,0.967146219819175,-0.610517976577122,-0.35662824324209
4.445059801811,0.970233828025041,-0.592953309518568,-0.377280518506497
4.44514796910835,0.973310243707102,-0.571179649890112,-0.402130593817018
4.44523613640571,0.975639970540921,-0.54896773849664,-0.426672232044263
4.44532430370306,0.977221231358277,-0.526334649412445,-0.450886581945859
4.44541247100042,0.978052800160849,-0.503297758598844,-0.474755041562008
4.44550063829777,0.978134050162103,-0.479874748048342,-0.498259302113775
4.44558880559513,0.977464907500402,-0.456083588408938,-0.521381319091485
4.44567697289248,0.976045896435088,-0.431942534958901,-0.5441033614762
4.44576514018983,0.97387809479338,-0.407470106866587,-0.566407987926827
4.44585330748719,0.970963176058194,-0.382685080814965,-0.588278095243211
4.44596171171954,0.96635854285869,-0.35181136328168,-0.614547179577049
4.44607011595188,0.960633202670851,-0.320529474042415,-0.640103728628438
4.44617852018423,0.953793805260006,-0.288875791903734,-0.6649180133563
4.44628692441657,0.945848293510934,-0.256887049225647,-0.688961244285315
4.44639532864892,0.936805877386253,-0.224600369284786,-0.712205508101478
4.44650373288127,0.926677049013966,-0.192053190877044,-0.73462385813694
4.44661213711361,0.915473548742006,-0.159283273675377,-0.756190275066654
4.44672054134596,0.903208374111493,-0.126328613113173,-0.776879760998328
4.44682894557831,0.889895743133576,-0.0932274391716228,-0.796668303961965
4.44693734981065,0.875551099155375,-0.0600181310301958,-0.81553296812517
4.447045754043,0.860191072097035,-0.0267392130556235,-0.833451859041412
4.44715415827534,0.843833479590058,0.0065707293524876,-0.850404208942547
4.44726256250769,0.826497286317455,0.0398730558047618,-0.866370342122214
4.44733017577183,0.815197419649361,0.0606240013191945,-0.875821420968564
4.44739778903596,0.803529841396505,0.0813474242888426,-0.884877265685298
4.4474654023001,0.791499769387842,0.102034066885268,-0.893533836273123
4.44753301556424,0.779112623012336,0.122674597553057,-0.901787220565374
4.44762517485415,0.76166383246206,0.150716835889829,-0.912380668351881
4.44771733414407,0.743576552707989,0.178632821545347,-0.922209374253348
4.44777753399218,0.731423868459567,0.196789068936224,-0.928212937395784
4.4478377338403,0.719009634132542,0.214874836520493,-0.933884470653011
4.44789793368842,0.70633825832082,0.232883712296115,-0.939221970616944
4.44795813353654,0.693414274370335,0.250809241711644,-0.94422351608198
4.44803063380076,0.677520934261477,0.272277577067133,-0.949798511328602
4.44810313406498,0.661276115981542,0.293604665769629,-0.954880781751156
4.4481756343292,0.644688247940551,0.314779456535797,-0.959467704476341
4.44824813459342,0.627765945779768,0.335790939928791,-0.963556885708566
4.44832063485764,0.610517983951763,0.356628233983763,-0.967146217935507
4.44839313512186,0.592953317031138,0.377280509258144,-0.97023382628927
4.44848130244281,0.571179651628848,0.40213059125621,-0.973310242885038
4.44856946976377,0.548967734227044,0.426672236005747,-0.975639970232818
4.44865763708472,0.526334638913839,0.450886592249172,-0.977221231162994
4.44874580440568,0.503297741664662,0.474755058011897,-0.978052799676551
4.44883397172664,0.479874724486404,0.498259324500461,-0.978134048986841
4.44892213904759,0.456083558041749,0.521381347190998,-0.97746490523276
4.44901030636855,0.431942497624051,0.544103395050628,-0.976045892674634
4.4490984736895,0.407470062416809,0.566408026724788,-0.973878089141584
4.44918664101046,0.382685029118591,0.588278139000107,-0.970963168118678
4.44929504524288,0.351811310818669,0.614547222128651,-0.966358532947337
4.44940344947529,0.320529420875571,0.640103769921064,-0.960633190796617
4.44951185370771,0.288875738096568,0.664918053337746,-0.953793791434301
4.44962025794012,0.256886994842651,0.688961282904731,-0.945848277747358
4.44972866217254,0.224600314390924,0.712205545309785,-0.936805859700696
4.44983706640495,0.192053135537982,0.734623893886598,-0.926677029424552
4.44994547063737,0.159283217957359,0.756190309311716,-0.915473527269031
4.45005387486979,0.126328557083027,0.776879793694577,-0.903208350777584
4.4501622791022,0.0932273828964076,0.796668335067073,-0.889895717963461
4.45027068333462,0.0600180745773938,0.815532997598466,-0.875551072175843
4.45037908756703,0.0267391564930402,0.833451886844174,-0.86019104333719
4.45048749179945,-0.00657078595701762,0.850404235037968,-0.843833449080937
4.45059589603186,-0.0398731123832712,0.866370366475443,-0.826497254092172
4.45066350924104,-0.0606240409777187,0.875821436690896,-0.815197395713163
4.45073112245022,-0.0813474470531625,0.884877273410748,-0.803529826357604
4.4507987356594,-0.102034072803862,0.893533836645868,-0.791499763841977
4.45086634886858,-0.122674586697158,0.901787214239324,-0.779112627542155
4.45095850817085,-0.15071682882112,0.912380663634029,-0.761663834812896
4.45105066747312,-0.178632818234523,0.922209370940267,-0.743576552705746
4.45111086732548,-0.196789066907116,0.928212934517615,-0.731423867610464
4.45117106717784,-0.214874835763277,0.933884468162962,-0.719009632399677
4.4512312670302,-0.232883712799447,0.939221968467774,-0.70633825566832
4.45129146688256,-0.250809243462873,0.94422351422611,-0.693414270763265
4.4513639671445,-0.272277578121725,0.949798509219158,-0.677520931097413
4.45143646740644,-0.293604666134867,0.954880779418776,-0.661276113283909
4.45150896766838,-0.314779456219941,0.959467701951846,-0.644688245731887
4.45158146793032,-0.335790938941264,0.963556883023087,-0.627765944081791
4.45165396819226,-0.356628232335007,0.967146215120384,-0.610517982785376
4.4517264684542,-0.377280506959604,0.97023382337609,-0.592953316416445
4.45181463579438,-0.402130594345259,0.973310240569489,-0.571179646224196
4.45190280313456,-0.426672244344131,0.975639968188904,-0.548967723844748
4.45199097047474,-0.450886605686291,0.977221229063896,-0.526334623377556
4.45207913781491,-0.474755076385187,0.978052797194743,-0.503297720809513
4.45216730515509,-0.49825934763549,0.978134045794893,-0.479874698159354
4.45225547249527,-0.521381374901867,0.977464901003702,-0.456083526101804
4.45234363983545,-0.544103427140081,0.976045887082661,-0.431942459942558
4.45243180717563,-0.566408062984731,0.973878081862244,-0.40747001887749
4.4525199745158,-0.588278179211753,0.970963158829619,-0.382684979617861
4.45262837874829,-0.614547261249884,0.966358521872287,-0.351811260622345
4.45273678298077,-0.640103807903175,0.960633177943672,-0.320529370040514
4.45284518721325,-0.664918090133347,0.953793776813647,-0.288875686680275
4.45295359144574,-0.688961318467855,0.945848261371287,-0.256886942903411
4.45306199567822,-0.712205579595815,0.936805841583435,-0.224600261987652
4.4531703999107,-0.734623926852374,0.92667700958245,-0.192053082730065
4.45327880414318,-0.756190340915606,0.915473505720461,-0.159283164804848
4.45338720837567,-0.776879823896466,0.903208327542839,-0.126328503646344
4.45349561260815,-0.796668363828454,0.889895693064832,-0.0932273292363753
4.45360401684063,-0.815533024882545,0.875551045637596,-0.0600180207550342
4.45371242107312,-0.833451912615736,0.860191015185492,-0.0267391025697483
4.4538208253056,-0.850404259263565,0.843833419343875,0.00657083991968939
4.45392922953808,-0.866370389123402,0.82649722279971,0.0398731663237165
4.45399684269328,-0.87582145094514,0.815197372643304,0.0606240783018595
4.45406445584847,-0.884877279894946,0.803529812106762,0.0813474677881896
4.45413206900366,-0.893533835993659,0.791499758994346,0.102034076999324
4.45419968215885,-0.90178720709386,0.779112632668767,0.122674574425085
4.45429184144693,-0.912380655271371,0.761663842977744,0.150716812293638
4.45438400073501,-0.922209361601255,0.743576564096134,0.178632797505161
4.45444420061374,-0.928212928127848,0.73142387393452,0.196789054193316
4.45450440049246,-0.933884464433215,0.719009633424959,0.214874831008262
4.45456460037118,-0.939221967106097,0.706338251168107,0.232883715937991
4.45462480024991,-0.944223514938108,0.693414260516907,0.250809254421182
4.45469730050979,-0.949798509549672,0.677520921139598,0.272277588410062
4.45476980076968,-0.954880779394508,0.661276103638168,0.293604675756357
4.45484230102956,-0.959467701599844,0.644688236421202,0.314779465178656
4.45491480128945,-0.963556882370718,0.627765935128528,0.335790947242186
4.45498730154933,-0.967146214195273,0.610517974211064,0.356628239984179
4.45505980180922,-0.970233822206022,0.592953308242028,0.377280513963973
4.45514796914505,-0.97331023908278,0.571179639024073,0.402130600058729
4.45523613648088,-0.975639966458821,0.548967717665472,0.426672248793336
4.45532430381672,-0.977221227163899,0.526334618263126,0.450886608900773
4.45541247115255,-0.978052795198692,0.503297716801523,0.474755078397181
4.45550063848838,-0.978134043776731,0.479874695296741,0.498259348479994
4.45558880582421,-0.977464899037408,0.456083524420868,0.521381374616537
4.45567697316005,-0.976045885242107,0.431942459476788,0.5441034257653
4.45576514049588,-0.973878080221076,0.407470019657697,0.56640806056338
4.45585330783171,-0.970963157461215,0.38268498167211,0.588278175789108
4.45596171206418,-0.966358520684898,0.351811262747409,0.614547257937455
4.45607011629666,-0.960633176936512,0.32052937223065,0.640103804705888
4.45617852052913,-0.953793775985712,0.288875688929735,0.664918087055973
4.45628692476161,-0.945848260721283,0.256886945206166,0.688961315515151
4.45639532899408,-0.936805841110042,0.224600264337744,0.712205576772299
4.45650373322656,-0.926677009283972,0.192053085121604,0.734623924162372
4.45661213745904,-0.915473505595088,0.159283167231687,0.756190338363414
4.45672054169151,-0.903208327588488,0.126328506102282,0.776879821486202
4.45682894592399,-0.889895693279285,0.0932273317152803,0.796668361564001
4.45693735015646,-0.875551046018469,0.0600180232508283,0.81553302276762
4.45704575438894,-0.860191015730139,0.0267391050761552,0.833451910653967
4.45715415862141,-0.843833420049443,-0.00657083740891957,0.850404257458371
4.45726256285389,-0.826497223663098,-0.039873163814932,0.866370387478063
4.45733017600989,-0.81519737346458,-0.0606240760484228,0.875821449512998
4.4573977891659,-0.803529812875788,-0.0813474657917989,0.884877278667584
4.4574654023219,-0.791499759701043,-0.102034075261375,0.89353383496243
4.45753301547791,-0.77911263330347,-0.122674572946421,0.901787206249897
4.45762517473937,-0.761663848845949,-0.150716802749166,0.912380651595103
4.45771733400082,-0.743576575560326,-0.178632779977954,0.922209355538262
4.4577775339018,-0.731423881154109,-0.196789043439729,0.928212924593837
4.45783773380277,-0.71900963620311,-0.214874826981244,0.933884463184312
4.45789793370375,-0.70633824931299,-0.232883718583239,0.939221967896231
4.45795813360473,-0.693414253841628,-0.250809263677275,0.944223517518914
4.45803063386479,-0.677520914318831,-0.272277597679318,0.949798511998107
4.45810313412486,-0.661276096672693,-0.293604685034663,0.954880781707347
4.45817563438492,-0.644688229312006,-0.314779474461795,0.959467703773796
4.45824813464499,-0.6277659278765,-0.335790956526152,0.963556884402622
4.45832063490506,-0.610517966817318,-0.35662824926472,0.967146216082042
4.45839313516512,-0.592953300707795,-0.37728052323688,0.970233823944663
4.45848130247737,-0.571179637258103,-0.402130602649534,0.973310239907593
4.45856946978962,-0.548967721902084,-0.426672244867168,0.975639966769237
4.45865763710187,-0.526334628722727,-0.450886598637904,0.977221227360632
4.45874580441413,-0.503297733690599,-0.474755061992613,0.97805279568322
4.45883397172638,-0.47987471880738,-0.498259326143318,0.978134044950708
4.45892213903863,-0.456083554730315,-0.521381346571586,0.977464901301901
4.45901030635088,-0.431942496747459,-0.544103392249668,0.976045888997098
4.45909847366313,-0.407470064036697,-0.566408021828213,0.973878085864882
4.45918664097538,-0.382685033291079,-0.588278132098734,0.97096316538981
4.45929504520779,-0.351811315132324,-0.614547215450242,0.966358530582558
4.45940344944019,-0.320529425318612,-0.640103763475605,0.960633188794244
4.4595118536726,-0.288875742657351,-0.664918047134812,0.953793789792154
4.459620257905,-0.256886999509256,-0.688961276953669,0.945848276462908
4.45972866213741,-0.224600319151339,-0.712205539619674,0.936805858770968
4.45983706636981,-0.19205314037997,-0.734623888466182,0.926677028846135
4.45994547060222,-0.159283222868742,-0.756190304169443,0.915473527038176
4.46005387483462,-0.126328562051486,-0.776879788838604,0.903208350890067
4.46016227906703,-0.0932273879094583,-0.796668330505163,0.889895718414626
4.46027068329943,-0.060018079622637,-0.815532993338122,0.875551072960767
4.46037908753183,-0.0267391615579806,-0.833451882892496,0.860191044450421
4.46048749176424,0.00657078088490137,-0.850404231401645,0.843833450516717
4.46059589599664,0.0398731073166027,-0.866370363160954,0.826497255844317
4.46066350920752,0.0606240364441552,-0.875821433813762,0.815197397369611
4.4607311224184,0.0813474430558381,-0.884877270953147,0.803529827897297
4.46079873562928,0.102034069345382,-0.893533834589587,0.79149976524419
4.46086634884016,0.122674583779284,-0.901787212565764,0.779112628786479
4.46095850808928,0.15071680980176,-0.912380656305911,0.761663846504141
4.4610506673384,0.178632783279615,-0.922209358847034,0.7435765755674
4.46111086723516,0.196789045466576,-0.928212927470044,0.731423882003476
4.46117106713192,0.214874827743113,-0.933884465674644,0.719009637931479
4.46123126702867,0.23288371809129,-0.939221970047477,0.706338251956195
4.46129146692543,0.250809261944104,-0.944223519378451,0.693414257434328
4.46136396718773,0.272277596628738,-0.949798514107388,0.677520917478626
4.46143646745003,0.293604684659597,-0.954880784036312,0.661276099376701
4.46150896771233,0.314779474754212,-0.959467706292303,0.644688231538075
4.46158146797463,0.335790957476817,-0.963556887080187,0.627765929603337
4.46165396823692,0.35662825086347,-0.967146218887912,0.610517968024415
4.46172646849922,0.377280525472474,-0.970233826847976,0.592953301375512
4.4618146357922,0.402130599484701,-0.973310242213651,0.57117964272895
4.46190280308519,0.426672236440572,-0.975639968804759,0.548967732364181
4.46199097037817,0.450886585100567,-0.977221229453429,0.526334644352856
4.46207913767115,0.474755043507629,-0.978052798161542,0.503297754653899
4.46216730496413,0.498259302885588,-0.978134048142816,0.479874745257224
4.46225547225711,0.521381318727519,-0.977464905535518,0.456083586807998
4.46234363955009,0.544103360017048,-0.976045894599002,0.431942534581943
4.46243180684307,0.566407985415657,-0.973878093160254,0.407470107744588
4.46251997413605,0.588278091725744,-0.970963174701763,0.382685082975995
4.4626283783684,0.614547176173607,-0.966358541686919,0.351811365513269
4.46273678260074,0.640103725344059,-0.960633201682693,0.320529476338621
4.46284518683309,0.664918010195777,-0.953793804454392,0.288875794258601
4.46295359106543,0.688961241253265,-0.945848292886452,0.256887051633186
4.46306199529778,0.712205505202556,-0.93680587694132,0.224600371738753
4.46317039953012,0.734623855375494,-0.926677048746737,0.192053193371245
4.46327880376246,0.756190272446925,-0.915473548650525,0.159283276203603
4.46338720799481,0.776879758524342,-0.903208374193598,0.126328615669243
4.46349561222715,0.796668301637623,-0.889895743386878,0.0932274417492499
4.4636040164595,0.815532965954185,-0.875551099577208,0.0600181336229989
4.46371242069184,0.833451857027289,-0.860191072684663,0.0267392156573404
4.46382082492419,0.850404207088704,-0.84383348034041,-0.00657072674829331
4.46392922915653,0.866370340431815,-0.82649728722737,-0.0398730532044642
4.46399684242158,0.875821419506992,-0.815197420501575,-0.060623999005435
4.46406445568663,0.884877264442904,-0.803529842179724,-0.0813474222632193
4.46413206895169,0.893533835240021,-0.791499770091018,-0.102034065148984
4.46419968221674,0.901787219731523,-0.779112623624545,-0.122674596106972
4.46429184148009,0.912380664691447,-0.761663838295505,-0.150716826395947
4.46438400074344,0.922209368210941,-0.743576564124285,-0.17863280408667
4.46444420061373,0.928212933873853,-0.731423875645534,-0.19678905822834
4.46450440048403,0.933884469408544,-0.719009636892024,-0.214874832516517
4.46456460035432,0.93922197140461,-0.706338256462611,-0.232883714942001
4.46462480022462,0.944223518654259,-0.693414267708246,-0.250809250946026
4.46469730048897,0.949798513765597,-0.677520927464577,-0.272277586301047
4.46476980075333,0.954880784050292,-0.661276109051005,-0.293604674999294
4.46484230101768,0.959467706634945,-0.644688240877665,-0.314779465757289
4.46491480128204,0.963556887724152,-0.627765938586013,-0.335790949138172
4.46498730154639,0.96714621980562,-0.610517976628459,-0.356628243177173
4.46505980181074,0.97023382801156,-0.592953309579986,-0.377280518431575
4.46514796910806,0.973310243694762,-0.571179649961181,-0.402130593733602
4.46523613640538,0.975639970530303,-0.548967738577723,-0.426672231952607
4.46532430370271,0.977221231349967,-0.526334649503657,-0.450886581846329
4.46541247100003,0.978052800155404,-0.503297758700541,-0.47475504145487
4.46550063829735,0.978134050160124,-0.479874748160754,-0.498259301999379
4.46558880559467,0.977464907502451,-0.456083588532174,-0.521381318970267
4.46567697289199,0.97604589644176,-0.431942535093232,-0.54410336134848
4.46576514018931,0.973878094805182,-0.407470107012077,-0.566407987793113
4.46585330748663,0.970963176075652,-0.382685080971799,-0.588278095103858
4.46596171171898,0.966358542882082,-0.351811363441008,-0.61454717944106
4.46607011595132,0.960633202700041,-0.32052947420399,-0.640103728496036
4.46617852018367,0.953793805294978,-0.288875792067334,-0.66491801322768
4.46628692441601,0.945848293551722,-0.256887049391218,-0.688961244160531
4.46639532864836,0.936805877432783,-0.224600369452039,-0.712205507980768
4.4665037328807,0.926677049066165,-0.192053191045773,-0.734623858020425
4.46661213711305,0.915473548799857,-0.159283273845411,-0.756190274954446
4.46672054134539,0.903208374174962,-0.126328613284382,-0.776879760890589
4.46682894557774,0.889895743202559,-0.0932274393436454,-0.7966683038589
4.46693734981008,0.875551099229772,-0.0600181312028979,-0.815532968026868
4.46704575404243,0.860191072176872,-0.0267392132289052,-0.83345185894797
4.46715415827477,0.843833479675185,0.0065707291788982,-0.850404208854079
4.46726256250712,0.826497286407806,0.0398730556310824,-0.866370342038902
4.46733017577143,0.815197419714147,0.0606240011975268,-0.875821420911687
4.46739778903573,0.803529841433854,0.081347424219083,-0.884877265652916
4.46746540230004,0.791499769395956,0.102034066867256,-0.893533836263195
4.46753301556434,0.779112622989386,0.122674597586562,-0.901787220575947
4.46762517485427,0.761663832436574,0.150716835926065,-0.912380668362629
4.46771733414419,0.743576552679793,0.178632821584331,-0.922209374264133
4.46777753399226,0.731423868441288,0.196789068959631,-0.928212937400895
4.46783773384032,0.719009634124522,0.214874836528502,-0.933884470653027
4.46789793368839,0.7063382583235,0.232883712288942,-0.93922197061246
4.46795813353646,0.69341427438419,0.25080924168933,-0.944223516073508
4.46803063380065,0.677520934283117,0.272277577035065,-0.949798511318158
4.46810313406483,0.661276116011297,0.293604665727964,-0.954880781739292
4.46817563432902,0.644688247978864,0.314779456484548,-0.959467704463415
4.4682481345932,0.62776594582684,0.335790939868238,-0.963556885695057
4.46832063485739,0.610517984007822,0.356628233914115,-0.967146217921945
4.46839313512158,0.592953317096547,0.377280509179593,-0.970233826276136
4.46848130244245,0.571179651716723,0.402130591154919,-0.97331024287164
4.46856946976332,0.548967734338261,0.426672235882346,-0.975639970220612
4.46865763708419,0.52633463904899,0.450886592104513,-0.977221231153502
4.46874580440506,0.503297741824462,0.474755057846674,-0.978052799671118
4.46883397172593,0.479874724671468,0.498259324315489,-0.978134048986953
4.46892213904681,0.45608355825263,0.521381346987216,-0.977464905239833
4.46901030636768,0.431942497861265,0.544103394828925,-0.976045892690148
4.46909847368855,0.407470062680742,0.56640802648619,-0.973878089166929
4.46918664100942,0.382685029409682,0.588278138745558,-0.970963168155224
4.46929504524184,0.351811311113614,0.614547221881007,-0.9663585329946
4.46940344947425,0.320529421173903,0.640103769680661,-0.960633190854553
4.46951185370667,0.28887573839805,0.664918053104755,-0.953793791502805
4.46962025793909,0.256886995146917,0.688961282679483,-0.945848277826397
4.4697286621715,0.224600314697601,0.712205545092487,-0.936805859790079
4.46983706640392,0.192053135846637,0.734623893677536,-0.926677029524146
4.46994547063634,0.159283218267688,0.756190309111102,-0.915473527378745
4.47005387486875,0.126328557394672,0.776879793502592,-0.903208350897237
4.47016227910117,0.0932273832090173,0.796668334883925,-0.889895718092935
4.47027068333358,0.060018074890603,0.815532997424391,-0.875551072314986
4.470379087566,0.0267391568063843,0.833451886679381,-0.860191043485727
4.47048749179842,-0.00657078564383292,0.85040423488258,-0.843833449238719
4.47059589603083,-0.0398731120705935,0.866370366329624,-0.826497254259013
4.47066350924033,-0.0606240407616353,0.875821436594007,-0.815197395832373
4.47073112244982,-0.0813474469334347,0.884877273359121,-0.803529826425697
4.47079873565931,-0.102034072780192,0.893533836635845,-0.791499763855647
4.47086634886881,-0.122674586769143,0.901787214267124,-0.77911262749799
4.4709585081711,-0.150716828900926,0.912380663662958,-0.761663834762002
4.4710506674734,-0.178632818322028,0.922209370969861,-0.743576552647817
4.47111086732565,-0.196789066959714,0.928212934534494,-0.731423867574777
4.47117106717789,-0.214874835781194,0.933884468168426,-0.719009632387213
4.47123126703014,-0.23288371278301,0.939221968463058,-0.706338255680062
4.47129146688238,-0.250809243412374,0.944223514212556,-0.693414270800137
4.47136396714436,-0.272277578081026,0.949798509209161,-0.677520931128101
4.47143646740633,-0.293604666103824,0.95488077941189,-0.661276113308069
4.4715089676683,-0.314779456198405,0.959467701947671,-0.644688245749268
4.47158146793027,-0.335790938929117,0.963556883021165,-0.627765944092021
4.47165396819224,-0.356628232332153,0.967146215120285,-0.610517982788111
4.47172646845421,-0.377280506965876,0.970233823377334,-0.59295331641147
4.47181463579435,-0.402130594339781,0.973310240569375,-0.571179646229559
4.47190280313449,-0.426672244327242,0.975639968188175,-0.548967723860896
4.47199097047462,-0.450886605658319,0.977221229063148,-0.526334623404823
4.47207913781476,-0.474755076346436,0.97805279719474,-0.503297720848286
4.47216730515489,-0.498259347586361,0.978134045796369,-0.479874698209992
4.47225547249503,-0.521381374842739,0.977464901007363,-0.456083526164632
4.47234363983517,-0.544103427071437,0.976045887089207,-0.431942460017765
4.4724318071753,-0.566408062906968,0.973878081872388,-0.407470018965399
4.47251997451544,-0.588278179125325,0.970963158844033,-0.382684979718707
4.47262837874792,-0.614547261165096,0.966358521890616,-0.351811260725525
4.4727367829804,-0.640103807820037,0.960633177966064,-0.320529370145989
4.47284518721288,-0.664918090052064,0.953793776840068,-0.288875686787984
4.47295359144536,-0.688961318388544,0.945848261401798,-0.256886943013257
4.47306199567784,-0.712205579518608,0.936805841618078,-0.224600262099498
4.47317039991032,-0.734623926777418,0.926677009621245,-0.19205308284382
4.4732788041428,-0.756190340843033,0.915473505763451,-0.159283164920383
4.47338720837528,-0.776879823826444,0.903208327590035,-0.126328503763561
4.47349561260776,-0.796668363761149,0.889895693116184,-0.0932273293550542
4.47360401684023,-0.815533024818013,0.875551045693263,-0.0600180208751834
4.47371242107271,-0.833451912554207,0.860191015245338,-0.0267391026911049
4.47382082530519,-0.850404259205125,0.843833419407924,0.00657083979723733
4.47392922953767,-0.86637038906823,0.826497222867992,0.0398731662002803
4.47399684269299,-0.875821450909235,0.815197372692875,0.0606240782163537
4.47406445584831,-0.884877279876873,0.803529812136254,0.0813474677406233
4.47413206900362,-0.893533835991971,0.791499759002385,0.102034076989606
4.47419968215894,-0.901787207107132,0.779112632654142,0.12267457445299
4.47429184144698,-0.912380655279604,0.761663842970053,0.150716812309593
4.47438400073502,-0.922209361605156,0.743576564095928,0.178632797509246
4.47444420061374,-0.928212928131034,0.731423873935593,0.196789054195487
4.47450440049245,-0.933884464435895,0.719009633427289,0.214874831008595
4.47456460037117,-0.939221967108289,0.706338251171824,0.232883715936455
4.47462480024989,-0.944223514939823,0.693414260521991,0.250809254417853
4.47469730050978,-0.949798509551699,0.677520921144375,0.272277588407328
4.47476980076966,-0.954880779396748,0.66127610364263,0.293604675754143
4.47484230102955,-0.959467701602296,0.644688236425376,0.314779465176947
4.47491480128944,-0.963556882373324,0.62776593513232,0.335790947241034
4.47498730154932,-0.967146214198033,0.610517974214507,0.356628239983539
4.47505980180921,-0.970233822208917,0.592953308245083,0.377280513963852
4.47514796914502,-0.973310239084994,0.571179639033826,0.402130600051168
4.47523613648082,-0.975639966460726,0.548967717682109,0.426672248778604
4.47532430381663,-0.977221227165969,0.526334618286929,0.450886608879064
4.47541247115243,-0.978052795201402,0.503297716832734,0.474755078368644
4.47550063848824,-0.978134043780474,0.479874695335495,0.498259348444983
4.47558880582404,-0.977464899042692,0.456083524467426,0.521381374575264
4.47567697315985,-0.976045885249382,0.431942459531325,0.544103425718045
4.47576514049566,-0.973878080230771,0.407470019720487,0.566408060510307
4.47585330783146,-0.970963157473784,0.382684981743126,0.588278175730664
4.47596171206394,-0.96635852069987,0.351811262818702,0.614547257881176
4.47607011629642,-0.960633176953865,0.320529372302055,0.640103804651846
4.47617852052889,-0.953793776005377,0.288875689001143,0.664918087004238
4.47628692476137,-0.945848260743268,0.256886945277639,0.688961315465609
4.47639532899385,-0.936805841134171,0.224600264409107,0.712205576725072
4.47650373322633,-0.926677009310171,0.19205308519268,0.734623924117474
4.47661213745881,-0.915473505623291,0.159283167302389,0.756190338320887
4.47672054169128,-0.90320832761861,0.126328506172585,0.77687982144601
4.47682894592376,-0.889895693311309,0.093227331785057,0.796668361526232
4.47693735015624,-0.875551046052198,0.0600180233199436,0.815533022732248
4.47704575438872,-0.860191015765487,0.0267391051445435,0.833451910620948
4.47715415862119,-0.843833420086373,-0.00657083734136009,0.850404257427694
4.47726256285367,-0.826497223701566,-0.0398731637481779,0.866370387449739
4.47733017600975,-0.815197373492537,-0.0606240760028275,0.875821449495377
4.47739778916582,-0.803529812892529,-0.0813474657672453,0.884877278659745
4.4774654023219,-0.791499759705869,-0.102034075257768,0.893533834963636
4.47753301547797,-0.779112633295586,-0.122674572963733,0.901787206259317
4.47762517473948,-0.76166384882656,-0.150716802783828,0.912380651610425
4.477717334001,-0.74357657552865,-0.178632780029843,0.922209355558477
4.47777753390192,-0.731423881132829,-0.196789043474931,0.92821292460777
4.47783773380284,-0.719009636192759,-0.214874826999869,0.933884463192644
4.47789793370376,-0.706338249314043,-0.232883718585422,0.939221967899453
4.47795813360468,-0.693414253854494,-0.250809263663149,0.944223517517648
4.47803063386475,-0.677520914332622,-0.272277597664354,0.949798511996971
4.47810313412481,-0.66127609668742,-0.293604685018889,0.954880781706326
4.47817563438487,-0.644688229327632,-0.314779474445337,0.959467703772923
4.47824813464493,-0.627765927892937,-0.335790956509048,0.96355688440197
4.478320634905,-0.610517966834702,-0.356628249246954,0.96714621608164
4.47839313516506,-0.592953300726105,-0.377280523218458,0.97023382394452
4.47848130247729,-0.571179637282404,-0.402130602624943,0.973310239907333
4.47856946978952,-0.54896772193255,-0.426672244836584,0.975639966769136
4.47865763710174,-0.526334628759703,-0.45088659860146,0.97722122736115
4.47874580441397,-0.503297733734155,-0.474755061950563,0.978052795684722
4.4788339717262,-0.47987471885771,-0.498259326095846,0.978134044953566
4.47892213903843,-0.456083554787708,-0.521381346518865,0.977464901306548
4.47901030635066,-0.431942496811918,-0.544103392192039,0.976045889003943
4.47909847366288,-0.407470064108501,-0.566408021765822,0.973878085874337
4.47918664097511,-0.382685033370163,-0.588278132032,0.970963165402133
4.47929504520752,-0.351811315212286,-0.614547215385377,0.966358530597653
4.47940344943992,-0.320529425399363,-0.64010376341268,0.960633188812036
4.47951185367233,-0.288875742738771,-0.664918047073871,0.953793789812623
4.47962025790474,-0.256886999591162,-0.688961276894892,0.945848276486042
4.47972866213714,-0.224600319233673,-0.712205539563029,0.936805858796706
4.47983706636955,-0.192053140462677,-0.734623888411733,0.926677028874414
4.47994547060195,-0.159283222951732,-0.756190304117225,0.915473527068961
4.48005387483436,-0.126328562134554,-0.776879788788696,0.903208350923262
4.48016227906676,-0.0932273879926693,-0.796668330457619,0.889895718450248
4.48027068329917,-0.0600180797057662,-0.815532993292956,0.875551072998738
4.48037908753158,-0.0267391616408961,-0.833451882849757,0.860191044490645
4.48048749176398,0.00657078080222185,-0.850404231361405,0.843833450559186
4.48059589599639,0.0398731072342376,-0.866370363123225,0.826497255888955
4.48066350920736,0.0606240363890563,-0.87582143378961,0.815197397400552
4.48073112241832,0.0813474430279721,-0.884877270941597,0.803529827913618
4.48079873562929,0.102034069344594,-0.893533834589583,0.791499765244952
4.48086634884026,0.122674583805526,-0.901787212576262,0.779112628770719
4.48095850808943,0.150716809842507,-0.912380656320914,0.761663846478389
4.4810506673386,0.178632783334716,-0.922209358865742,0.743576575531007
4.48111086723528,0.196789045500259,-0.928212927480945,0.731423881980621
4.48117106713197,0.214874827755561,-0.93388446567839,0.719009637922795
4.48123126702866,0.232883718082789,-0.939221970044927,0.706338251962098
4.48129146692535,0.250809261914784,-0.944223519370359,0.693414257455525
4.48136396718764,0.272277596598174,-0.94979851409948,0.677520917501302
4.48143646744993,0.293604684627873,-0.954880784028732,0.661276099400857
4.48150896771223,0.314779474721387,-0.959467706285109,0.644688231563706
4.48158146797452,0.335790957442915,-0.963556887073419,0.62776592963048
4.48165396823682,0.3566282508285,-0.967146218881683,0.610517968053187
4.48172646849911,0.377280525436553,-0.970233826842327,0.59295330140578
4.48181463579213,0.40213059945919,-0.973310242210075,0.571179642750863
4.48190280308514,0.426672236425188,-0.97563996880266,0.548967732377425
4.48199097037816,0.450886585095016,-0.977221229452158,0.526334644357142
4.48207913767118,0.474755043511692,-0.978052798160565,0.503297754648827
4.48216730496419,0.498259302898957,-0.978134048141466,0.479874745242496
4.48225547225721,0.521381318749884,-0.97746490553325,0.456083586783341
4.48234363955023,0.544103360048006,-0.976045894595163,0.431942534547104
4.48243180684324,0.566407985454916,-0.973878093154173,0.407470107699253
4.48251997413626,0.588278091772855,-0.970963174692968,0.38268508292006
4.4826283783686,0.614547176218729,-0.966358541676149,0.351811365457361
4.48273678260094,0.640103725387249,-0.960633201669964,0.320529476282687
4.48284518683329,0.664918010236993,-0.953793804439752,0.288875794202714
4.48295359106563,0.68896124129254,-0.945848292870027,0.256887051577478
4.48306199529797,0.71220550523977,-0.936805876923156,0.224600371683389
4.48317039953031,0.734623855410687,-0.926677048726945,0.192053193316266
4.48327880376265,0.756190272480026,-0.915473548629178,0.159283276149128
4.48338720799499,0.776879758555498,-0.903208374170698,0.126328615615221
4.48349561222734,0.796668301666747,-0.889895743362548,0.0932274416957614
4.48360401645968,0.815532965981305,-0.875551099551499,0.0600181335701772
4.48371242069202,0.833451857052384,-0.860191072657678,0.0267392156052762
4.48382082492436,0.850404207111791,-0.843833480312282,-0.00657072679953026
4.4839292291567,0.866370340452916,-0.826497287198158,-0.0398730532547951
4.48399684242171,0.875821419520448,-0.815197420479688,-0.0606239990407965
4.48406445568671,0.88487726444926,-0.803529842165689,-0.0813474222835627
4.48413206895171,0.893533835239837,-0.791499770085422,-0.102034065154423
4.48419968221671,0.901787219725382,-0.779112623627916,-0.122674596097478
4.48429184148007,0.91238066468611,-0.761663838298097,-0.15071682638802
4.48438400074342,0.922209368206195,-0.743576564126031,-0.178632804080218
4.48444420061372,0.928212933869461,-0.731423875646831,-0.19678905822265
4.48450440048402,0.933884469404448,-0.719009636892847,-0.214874832511621
4.48456460035432,0.93922197140077,-0.706338256462947,-0.232883714937829
4.48462480022462,0.944223518650682,-0.693414267708105,-0.250809250942547
4.48469730048895,0.949798513760406,-0.67752092746936,-0.272277586291044
4.48476980075328,0.95488078404377,-0.661276109060968,-0.293604674982819
4.48484230101761,0.95946770662744,-0.644688240893003,-0.314779465734412
4.48491480128194,0.963556887715948,-0.627765938606866,-0.3357909491091
4.48498730154627,0.96714621979702,-0.610517976655091,-0.356628243141951
4.48505980181061,0.970233828002868,-0.592953309612489,-0.377280518390402
4.48514796910793,0.973310243687187,-0.571179649994847,-0.402130593692349
4.48523613640524,0.975639970523882,-0.548967738612521,-0.426672231911374
4.48532430370256,0.977221231344709,-0.52633464953964,-0.450886581805097
4.48541247099988,0.978052800151318,-0.503297758737605,-0.47475504141372
4.4855006382972,0.978134050157285,-0.479874748198879,-0.498259301958406
4.48558880559452,0.977464907500861,-0.456083588571418,-0.521381318929443
4.48567697289184,0.976045896441421,-0.431942535133526,-0.544103361307914
4.48576514018916,0.973878094806214,-0.407470107053532,-0.56640798775271
4.48585330748648,0.970963176078074,-0.38268508101432,-0.588278095063756
4.48596171171882,0.966358542886096,-0.351811363484335,-0.614547179401776
4.48607011595117,0.960633202705696,-0.320529474248107,-0.640103728457583
4.48617852018351,0.953793805302295,-0.288875792112189,-0.664918013190112
4.48628692441585,0.945848293560655,-0.256887049436765,-0.688961244123924
4.4863953286482,0.936805877443365,-0.224600369498219,-0.712205507945167
4.48650373288054,0.926677049078483,-0.192053191092623,-0.734623857985825
4.48661213711289,0.915473548813819,-0.159283273892833,-0.756190274920961
4.48672054134523,0.903208374190573,-0.126328613332301,-0.776879760858259
4.48682894557758,0.889895743219829,-0.0932274393920871,-0.796668303827743
4.48693734980992,0.875551099248707,-0.06001813125175,-0.815532967996941
4.48704575404227,0.860191072197403,-0.0267392132780789,-0.833451858919346
4.48715415827461,0.843833479697425,0.00657072912935798,-0.850404208826776
4.48726256250696,0.826497286431655,0.039873055581301,-0.866370342012967
4.48733017577132,0.815197419728527,0.0606240011665073,-0.875821420895039
4.48739778903569,0.803529841438036,0.0813474242068394,-0.884877265644873
4.48746540230006,0.79149976938934,0.102034066873726,-0.893533836263056
4.48753301556442,0.779112622971298,0.122674597611678,-0.901787220582949
4.48762517485434,0.761663832419548,0.150716835948518,-0.912380668368088
4.48771733414425,0.743576552664051,0.178632821604032,-0.922209374268069
4.4877775339923,0.731423868429591,0.196789068972865,-0.928212937402427
4.48783773384034,0.719009634117074,0.214874836535331,-0.933884470652418
4.48789793368839,0.706338258320533,0.232883712289356,-0.939221970609869
4.48795813353644,0.693414274385827,0.250809241683445,-0.944223516069275
4.48803063380063,0.67752093428425,0.272277577030079,-0.949798511314301
4.48810313406481,0.661276116011883,0.293604665723898,-0.954880781735758
4.488175634329,0.644688247978828,0.3147794564814,-0.959467704460215
4.48824813459319,0.627765945826228,0.335790939865896,-0.963556885692117
4.48832063485738,0.610517984006601,0.356628233912647,-0.967146217919212
4.48839313512157,0.592953317094652,0.377280509178972,-0.970233826273592
4.48848130244245,0.571179651711352,0.402130591158271,-0.973310242869635
4.48856946976334,0.548967734329199,0.426672235889646,-0.975639970218875
4.48865763708423,0.526334639036176,0.450886592115575,-0.977221231151728
4.48874580440511,0.503297741807712,0.474755057861452,-0.978052799669161
4.488833971726,0.479874724650666,0.498259324333858,-0.978134048984503
4.48892213904688,0.456083558227629,0.521381347009033,-0.977464905236652
4.48901030636777,0.431942497831967,0.544103394854069,-0.976045892685992
4.48909847368866,0.407470062647183,0.566408026514422,-0.973878089161562
4.48918664100954,0.382685029371703,0.588278138776783,-0.970963168148463
4.48929504524196,0.351811311076002,0.614547221910716,-0.966358532986685
4.48940344947437,0.320529421136754,0.640103769708865,-0.960633190845603
4.48951185370678,0.28887573836137,0.664918053131495,-0.953793791492864
4.4896202579392,0.256886995110679,0.688961282704805,-0.945848277815428
4.48972866217161,0.224600314661945,0.7122055451164,-0.936805859778315
4.48983706640402,0.192053135811605,0.734623893699969,-0.926677029511574
4.48994547063644,0.159283218233243,0.756190309132181,-0.915473527365388
4.49005387486885,0.126328557360909,0.776879793522325,-0.903208350883234
4.49016227910127,0.0932273831759146,0.796668334902349,-0.889895718078237
4.49027068333368,0.0600180748582645,0.815532997441487,-0.875551072299751
4.49037908756609,0.0267391567748708,0.833451886695179,-0.860191043470002
4.49048749179851,-0.00657078567448507,0.850404234897144,-0.843833449222632
4.49059589603092,-0.0398731121004307,0.86637036634296,-0.826497254242539
4.49066350924039,-0.0606240407835932,0.87582143660338,-0.815197395819755
4.49073112244986,-0.0813474469475726,0.884877273364812,-0.803529826417212
4.49079873565932,-0.102034072786474,0.893533836638091,-0.79149976385158
4.49086634886879,-0.122674586767553,0.901787214266257,-0.779112627498719
4.49095850817102,-0.150716828878324,0.912380663654564,-0.76166383477618
4.49105066747325,-0.178632818278592,0.922209370955031,-0.743576552676436
4.49111086732555,-0.196789066933529,0.928212934526021,-0.731423867592472
4.49117106717785,-0.214874835772195,0.933884468165682,-0.719009632393478
4.49123126703015,-0.232883712791086,0.939221968465453,-0.706338255674361
4.49129146688246,-0.250809243437285,0.944223514219407,-0.693414270782085
4.49136396714437,-0.272277578089945,0.949798509211591,-0.677520931121629
4.49143646740629,-0.2936046660969,0.954880779410628,-0.661276113313708
4.49150896766821,-0.314779456175941,0.959467701943421,-0.644688245767469
4.49158146793013,-0.335790938891316,0.963556883014699,-0.627765944123378
4.49165396819204,-0.3566282322792,0.967146215112391,-0.610517982833151
4.49172646845396,-0.37728050689816,0.970233823368673,-0.592953316470503
4.49181463579406,-0.402130594262772,0.973310240561701,-0.571179646298911
4.49190280313416,-0.426672244241166,0.975639968182145,-0.548967723940966
4.49199097047426,-0.450886605563592,0.977221229059403,-0.526334623495797
4.49207913781436,-0.474755076243442,0.978052797193909,-0.503297720950419
4.49216730515446,-0.498259347475469,0.978134045799025,-0.479874698323526
4.49225547249456,-0.521381374724258,0.977464901014139,-0.456083526289857
4.49234363983466,-0.544103426945899,0.976045887100722,-0.431942460154799
4.49243180717476,-0.566408062774782,0.97387808188926,-0.407470019114426
4.49251997451486,-0.588278178986976,0.970963158866858,-0.382684979879848
4.49262837874734,-0.614547261030309,0.96635852191942,-0.351811260889092
4.49273678297982,-0.640103807689071,0.960633178000854,-0.320529370311754
4.4928451872123,-0.664918089925081,0.953793776880785,-0.28887568695568
4.49295359144478,-0.688961318265695,0.945848261448429,-0.2568869431827
4.49306199567726,-0.712205579400081,0.936805841670557,-0.224600262270473
4.49317039990974,-0.73462392666332,0.926677009679447,-0.192053083016107
4.49327880414222,-0.75619034073354,0.915473505827372,-0.159283165093799
4.4933872083747,-0.77687982372175,0.90320832765956,-0.126328503937792
4.49349561260718,-0.796668363661254,0.889895693191321,-0.093227329530043
4.49360401683965,-0.815533024723138,0.875551045773865,-0.0600180210506899
4.49371242107213,-0.833451912464394,0.860191015331341,-0.0267391028668934
4.49382082530461,-0.850404259120525,0.843833419499206,0.00657083962135111
4.49392922953709,-0.866370388988942,0.826497222964425,0.0398731660245363
4.49399684269258,-0.875821450856837,0.81519737276331,0.0606240780935191
4.49406445584807,-0.884877279849355,0.803529812178858,0.0813474676705221
4.49413206900356,-0.89353383598734,0.791499759015245,0.102034076972124
4.49419968215904,-0.901787207123342,0.77911263263546,0.122674574487898
4.49429184144712,-0.912380655298882,0.761663842943734,0.150716812355149
4.4943840007352,-0.922209361626858,0.743576564061569,0.17863279756531
4.49444420061384,-0.928212928144538,0.731423873915725,0.196789054228816
4.49450440049248,-0.933884464441914,0.719009633422621,0.214874831019317
4.49456460037112,-0.939221967107734,0.706338251182889,0.232883715924863
4.49462480024977,-0.944223514933528,0.693414260549442,0.250809254384085
4.49469730050967,-0.949798509547278,0.677520921169209,0.272277588378079
4.49476980076957,-0.954880779394031,0.661276103664744,0.293604675729315
4.49484230102947,-0.959467701601049,0.644688236444616,0.314779465156504
4.49491480128937,-0.963556882373413,0.62776593514845,0.335790947224964
4.49498730154927,-0.967146214199231,0.610517974227548,0.356628239971695
4.49505980180917,-0.970233822211026,0.592953308254795,0.377280513956249
4.49514796914495,-0.973310239086515,0.57117963905071,0.402130600035785
4.49523613648073,-0.975639966462138,0.548967717706398,0.42667224875576
4.49532430381651,-0.977221227167795,0.526334618318846,0.450886608848952
4.49541247115229,-0.978052795204066,0.503297716872503,0.474755078331564
4.49550063848806,-0.978134043784494,0.479874695383378,0.498259348401114
4.49558880582384,-0.977464899048476,0.456083524523512,0.521381374525015
4.49567697315962,-0.976045885257397,0.431942459595788,0.544103425661626
4.4957651404954,-0.973878080241555,0.40747001979348,0.566408060448089
4.49585330783118,-0.970963157487738,0.382684981824837,0.588278175662931
4.49596171206365,-0.966358520716817,0.351811262901555,0.614547257815251
4.49607011629613,-0.960633176973749,0.32052937238594,0.640103804587825
4.49617852052861,-0.953793776028167,0.288875689085976,0.66491808694219
4.49628692476109,-0.945848260768879,0.256886945363211,0.688961315405693
4.49639532899357,-0.936805841162651,0.224600264495355,0.712205576667306
4.49650373322604,-0.926677009341507,0.192053085279553,0.73462392406196
4.49661213745852,-0.915473505657415,0.159283167389782,0.756190338267618
4.496720541691,-0.903208327655509,0.126328506260414,0.776879821395098
4.49682894592348,-0.889895693350883,0.0932273318732043,0.796668361477702
4.49693735015595,-0.875551046094495,0.0600180234083286,0.815533022686125
4.49704575438843,-0.860191015810429,0.0267391052330489,0.833451910577415
4.49715415862091,-0.84383342013388,-0.00657083725282582,0.850404257386732
4.49726256285339,-0.826497223751725,-0.0398731636596332,0.866370387411338
4.49733017600955,-0.815197373528704,-0.0606240759424077,0.875821449471117
4.49739778916572,-0.803529812913681,-0.0813474657349505,0.884877278648646
4.49746540232189,-0.791499759711068,-0.102034075253442,0.893533834964533
4.49753301547805,-0.779112633283827,-0.122674572987331,0.901787206271154
4.49762517473958,-0.761663848810315,-0.15071680281358,0.912380651623837
4.49771733400112,-0.743576575507562,-0.178632780065646,0.922209355573201
4.49777753390199,-0.73142388112085,-0.196789043496416,0.928212924617236
4.49783773380287,-0.719009636190283,-0.214874827007125,0.933884463197373
4.49789793370374,-0.706338249321461,-0.232883718578577,0.939221967900038
4.49795813360462,-0.693414253872201,-0.250809263642343,0.944223517514541
4.49803063386469,-0.677520914348701,-0.272277597646249,0.949798511994958
4.49810313412476,-0.661276096701706,-0.293604685003545,0.954880781705281
4.49817563438483,-0.644688229340098,-0.314779474432667,0.959467703772767
4.4982481346449,-0.627765927903609,-0.335790956498919,0.963556884402559
4.49832063490498,-0.610517966843368,-0.356628249239449,0.967146216082808
4.49839313516505,-0.592953300732724,-0.377280523213496,0.970233823946204
4.4984813024773,-0.571179637282437,-0.402130602627497,0.973310239909926
4.49856946978956,-0.548967721925728,-0.426672244846481,0.97563996677222
4.49865763710181,-0.526334628745763,-0.450886598618483,0.977221227364242
4.49874580441407,-0.503297733712981,-0.474755061974427,0.978052795687423
4.49883397172632,-0.479874718829023,-0.498259326126354,0.978134044955378
4.49892213903858,-0.456083554751193,-0.521381346555845,0.977464901307017
4.49901030635083,-0.431942496767527,-0.544103392235103,0.976045889002604
4.49909847366308,-0.407470064056013,-0.566408021814736,0.973878085870739
4.49918664097534,-0.382685033309464,-0.588278132086421,0.970963165395888
4.49929504520775,-0.351811315149627,-0.614547215439257,0.96635853058885
4.49940344944016,-0.320529425334901,-0.640103763465833,0.960633188800696
4.49951185367257,-0.288875742672402,-0.664918047126268,0.953793789798683
4.49962025790498,-0.256886999523076,-0.688961276946325,0.945848276469398
4.49972866213739,-0.224600319163843,-0.712205539613461,0.936805858777314
4.4998370663698,-0.192053140391245,-0.734623888461009,0.926677028852242
4.4999454706022,-0.159283222878756,-0.756190304165223,0.915473527043986
4.50005387483461,-0.126328562060114,-0.776879788835305,0.903208350895409
4.50016227906702,-0.0932273879168299,-0.796668330502688,0.889895718419513
4.50027068329943,-0.0600180796285929,-0.815532993336446,0.875551072965017
4.50037908753184,-0.0267391615625922,-0.833451882891458,0.86019104445405
4.50048749176425,0.00657078088172498,-0.850404231401286,0.843833450519548
4.50059589599666,0.0398731073147126,-0.866370363161106,0.826497255846355
4.50066350920754,0.0606240364419411,-0.875821433813685,0.815197397371723
4.50073112241842,0.0813474430533166,-0.884877270952815,0.803529827899492
4.50079873562929,0.102034069342485,-0.893533834589034,0.791499765246558
4.50086634884017,0.122674583776069,-0.901787212565037,0.779112628788952
4.50095850808935,0.150716809816165,-0.912380656311539,0.761663846495336
4.50105066733853,0.178632783311424,-0.922209358857999,0.743576575546546
4.50111086723525,0.196789045485853,-0.928212927476342,0.731423881990467
4.50117106713196,0.214874827749891,-0.933884465676628,0.719009637926708
4.50123126702868,0.232883718085764,-0.939221970045701,0.706338251959917
4.5012914669254,0.250809261926341,-0.94422351937338,0.693414257446996
4.50136396718769,0.272277596608369,-0.94979851410182,0.677520917493449
4.50143646744998,0.293604684636697,-0.954880784030486,0.661276099393769
4.50150896771227,0.314779474728749,-0.959467706286277,0.644688231557483
4.50158146797455,0.335790957448908,-0.963556887074075,0.627765929625151
4.50165396823684,0.356628250833104,-0.967146218881936,0.610517968048764
4.50172646849913,0.377280525439838,-0.970233826842197,0.592953301402349
4.50181463579218,0.402130599471066,-0.97331024221068,0.571179642739598
4.50190280308523,0.426672236445544,-0.975639968803459,0.548967732357881
4.50199097037828,0.450886585123545,-0.977221229452713,0.526334644329142
4.50207913767133,0.474755043548142,-0.978052798160261,0.503297754612079
4.50216730496437,0.498259302942994,-0.978134048139761,0.479874745196771
4.50225547225742,0.521381318801172,-0.977464905529672,0.45608358672851
4.50234363955047,0.544103360106323,-0.976045894589138,0.431942534482822
4.50243180684352,0.566407985519824,-0.973878093145304,0.407470107625454
4.50251997413656,0.588278091844076,-0.970963174680561,0.382685082836451
4.5026283783689,0.61454717628794,-0.96635854166059,0.351811365372635
4.50273678260125,0.64010372545428,-0.960633201651372,0.320529476197098
4.50284518683359,0.664918010301794,-0.953793804418127,0.288875794116325
4.50295359106593,0.688961241354936,-0.945848292845415,0.256887051490467
4.50306199529827,0.712205505299815,-0.936805876895617,0.224600371595801
4.50317039953061,0.734623855468278,-0.926677048696544,0.192053193228218
4.50327880376295,0.756190272535137,-0.915473548595883,0.159283276060705
4.50338720799529,0.776879758607965,-0.903208374134596,0.126328615526624
4.50349561222763,0.796668301716618,-0.889895743323704,0.0932274416070481
4.50360401645997,0.815532966028496,-0.875551099509974,0.060018133481435
4.50371242069231,0.833451857096878,-0.860191072613514,0.0267392155166033
4.50382082492465,0.850404207153559,-0.843833480265524,-0.00657072688802903
4.503929229157,0.866370340491877,-0.826497287148878,-0.0398730533430147
4.50399684242191,0.875821419545501,-0.81519742044391,-0.0606239991015992
4.50406445568682,0.88487726446146,-0.803529842144431,-0.0813474223169952
4.50413206895174,0.89353383524017,-0.791499770079653,-0.102034065160563
4.50419968221665,0.901787219715,-0.779112623638451,-0.122674596076532
4.50429184148005,0.912380664680767,-0.761663838301108,-0.150716826379662
4.50438400074344,0.922209368205303,-0.743576564120932,-0.178632804084411
4.50444420061374,0.928212933868241,-0.731423875641999,-0.196789058226238
4.50450440048404,0.93388446940294,-0.719009636888317,-0.214874832514647
4.50456460035433,0.93922197139897,-0.70633825645875,-0.232883714940253
4.50462480022463,0.94422351864865,-0.693414267704183,-0.250809250944495
4.50469730048898,0.949798513759882,-0.677520927460453,-0.272277586299479
4.50476980075334,0.954880784044492,-0.661276109046829,-0.293604674997681
4.50484230101769,0.959467706629065,-0.644688240873548,-0.314779465755553
4.50491480128205,0.963556887718195,-0.627765938581763,-0.335790949136423
4.5049873015464,0.967146219799589,-0.610517976624204,-0.356628243175382
4.50505980181075,0.970233828005458,-0.592953309575695,-0.377280518429735
4.5051479691081,0.973310243689229,-0.571179649951303,-0.402130593737947
4.50523613640544,0.97563997052501,-0.548967738562006,-0.426672231962997
4.50532430370278,0.977221231344539,-0.526334649481993,-0.450886581862521
4.50541247100012,0.978052800149389,-0.503297758672679,-0.474755041476731
4.50550063829747,0.978134050153185,-0.479874748126436,-0.498259302026779
4.50558880559481,0.977464907494234,-0.456083588491352,-0.521381319002892
4.50567697289215,0.976045896431838,-0.431942535045662,-0.544103361386147
4.5057651401895,0.973878094793246,-0.407470106957774,-0.566407987835498
4.50585330748684,0.970963176061325,-0.382685080910536,-0.588278095150783
4.50596171171919,0.966358542865541,-0.35181136337898,-0.614547179486557
4.50607011595153,0.960633202681365,-0.320529474141273,-0.640103728540098
4.50617852018388,0.953793805274158,-0.288875792003969,-0.664918013270185
4.50628692441622,0.945848293528743,-0.256887049327266,-0.688961244201501
4.50639532864857,0.936805877407714,-0.224600369387605,-0.71220550802012
4.50650373288091,0.926677049039035,-0.192053190980908,-0.734623858058149
4.50661213711326,0.915473548770628,-0.159283273780165,-0.756190274990475
4.5067205413456,0.903208374143724,-0.126328613218842,-0.776879760924899
4.50682894557795,0.889895743169372,-0.0932274392779865,-0.796668303891388
4.50693734981029,0.87555109919463,-0.0600181311371156,-0.81553296805751
4.50704575404264,0.860191072139721,-0.0267392131629758,-0.833451858976791
4.50715415827498,0.843833479636153,0.00657072924485599,-0.850404208880989
4.50726256250733,0.826497286366896,0.0398730556969793,-0.866370342063862
4.50733017577157,0.815197419683014,0.0606240012436694,-0.875821420926684
4.50739778903581,0.803529841413106,0.0813474242455639,-0.884877265658664
4.50746540230005,0.791499769386319,0.102034066874159,-0.893533836260477
4.5075330155643,0.779112622991554,0.122674597573975,-0.901787220565496
4.50762517485419,0.761663832445015,0.150716835904121,-0.912380668349107
4.50771733414408,0.743576552695035,0.178632821553023,-0.922209374248041
4.50777753399219,0.7314238684483,0.196789068941323,-0.92821293738959
4.5078377338403,0.719009634122871,0.214874836523159,-0.93388447064602
4.50789793368841,0.70633825831287,0.232883712296338,-0.939221970609238
4.50795813353652,0.69341427436425,0.250809241709387,-0.944223516073627
4.50803063380068,0.677520934269734,0.272277577045866,-0.949798511315625
4.50810313406483,0.66127611600482,0.293604665729595,-0.954880781734436
4.50817563432899,0.644688247979478,0.314779456477242,-0.959467704456756
4.50824813459314,0.627765945834972,0.335790939851996,-0.963556885686999
4.5083206348573,0.610517984023718,0.356628233889151,-0.967146217912833
4.50839313512145,0.592953317120332,0.377280509146124,-0.970233826266462
4.50848130244233,0.571179651739456,0.402130591123848,-0.973310242863282
4.50856946976321,0.548967734359706,0.426672235853694,-0.975639970213405
4.50865763708409,0.526334639069185,0.450886592078157,-0.977221231147339
4.50874580440497,0.50329774184317,0.474755057822718,-0.978052799665876
4.50883397172584,0.479874724688641,0.49825932429389,-0.978134048982537
4.50892213904672,0.456083558268273,0.521381346967842,-0.977464905236084
4.5090103063676,0.431942497875243,0.544103394811754,-0.976045892686978
4.50909847368848,0.407470062692991,0.566408026471158,-0.973878089164136
4.50918664100936,0.382685029420146,0.588278138732648,-0.970963168152783
4.50929504524178,0.351811311124505,0.614547221868314,-0.966358532992819
4.50940344947419,0.32052942118534,0.640103769668133,-0.960633190853482
4.50951185370661,0.288875738409933,0.664918053092524,-0.953793791502413
4.50962025793902,0.256886995159188,0.688961282667535,-0.945848277826687
4.50972866217144,0.224600314710274,0.71220554508083,-0.93680585979112
4.50983706640385,0.192053135859777,0.734623893666181,-0.926677029525927
4.50994547063627,0.159283218281203,0.756190309100089,-0.91547352738127
4.51005387486868,0.126328557408532,0.776879793492037,-0.90320835090055
4.5101622791011,0.0932273832232124,0.796668334873727,-0.889895718096955
4.51027068333352,0.060018074905078,0.815532997414665,-0.875551072319737
4.51037908756593,0.0267391568212154,0.833451886670089,-0.86019104349129
4.51048749179835,-0.00657078562873002,0.850404234873792,-0.84383344924506
4.51059589603076,-0.0398731120552595,0.8663703663214,-0.826497254266151
4.51066350924026,-0.0606240407491129,0.875821436587448,-0.815197395838367
4.51073112244977,-0.0813474469237088,0.884877273354175,-0.803529826430433
4.51079873565927,-0.102034072773326,0.893533836632355,-0.791499763858991
4.51086634886877,-0.122674586765051,0.901787214265014,-0.779112627499905
4.51095850817099,-0.150716828873725,0.912380663652638,-0.761663834778903
4.51105066747321,-0.178632818271899,0.922209370952639,-0.743576552680743
4.51111086732552,-0.196789066929049,0.928212934524527,-0.73142386759549
4.51117106717783,-0.214874835769901,0.933884468165033,-0.719009632395086
4.51123126703014,-0.2328837127909,0.939221968465489,-0.706338255674558
4.51129146688245,-0.250809243439315,0.944223514220108,-0.693414270780754
4.51136396714441,-0.272277578104446,0.949798509215396,-0.677520931110948
4.51143646740637,-0.293604666123795,0.954880779417047,-0.66127611329322
4.51150896766833,-0.314779456214972,0.959467701951827,-0.644688245736845
4.51158146793029,-0.335790938942398,0.963556883024509,-0.627765944082107
4.51165396819225,-0.356628232342072,0.96714621512298,-0.610517982780904
4.51172646845421,-0.377280506972514,0.970233823379516,-0.592953316406989
4.51181463579428,-0.402130594328218,0.973310240569536,-0.571179646241322
4.51190280313435,-0.426672244297882,0.975639968187477,-0.548967723889555
4.51199097047443,-0.450886605611797,0.977221229062681,-0.526334623450859
4.5120791378145,-0.474755076283227,0.978052797195575,-0.503297720912327
4.51216730515457,-0.498259347507104,0.978134045799627,-0.479874698292493
4.51225547249464,-0.52138137474802,0.97746490101416,-0.456083526266136
4.51234363983471,-0.544103426961997,0.976045887100645,-0.431942460138626
4.51243180717478,-0.566408062783451,0.973878081889554,-0.407470019106074
4.51251997451485,-0.588278178988518,0.970963158868043,-0.382684979879472
4.51262837874733,-0.614547261031591,0.966358521920766,-0.351811260889135
4.51273678297981,-0.640103807690085,0.960633178002314,-0.320529370312186
4.51284518721229,-0.6649180899258,0.953793776882452,-0.288875686956641
4.51295359144476,-0.688961318266076,0.945848261450361,-0.256886943184241
4.51306199567724,-0.712205579400222,0.936805841672761,-0.224600262272538
4.51317039990972,-0.734623926663246,0.926677009682022,-0.192053083018758
4.5132788041422,-0.756190340733296,0.915473505830268,-0.159283165096968
4.51338720837468,-0.776879823721304,0.903208327662851,-0.12632850394155
4.51349561260715,-0.796668363660702,0.889895693195021,-0.0932273295343151
4.51360401683963,-0.815533024722493,0.875551045777951,-0.0600180210554429
4.51371242107211,-0.833451912463668,0.860191015335911,-0.0267391028722258
4.51382082530459,-0.850404259119801,0.843833419504274,0.00657083961551923
4.51392922953706,-0.866370388988215,0.826497222969986,0.0398731660182352
4.51399684269255,-0.875821450855591,0.815197372769897,0.0606240780857169
4.51406445584803,-0.884877279847699,0.803529812186412,0.081347467661298
4.51413206900351,-0.893533835985347,0.791499759023832,0.102034076961511
4.514199682159,-0.901787207120997,0.779112632645115,0.122674574475923
4.51429184144703,-0.912380655292689,0.761663842961054,0.150716812331672
4.51438400073507,-0.922209361617518,0.743576564087072,0.178632797530417
4.51444420061376,-0.928212928140016,0.73142387393295,0.19678905420707
4.51450440049245,-0.933884464441812,0.71900963343111,0.214874831010703
4.51456460037113,-0.939221967111574,0.706338251182379,0.232883715929175
4.51462480024982,-0.944223514940792,0.693414260539483,0.250809254401304
4.51469730050972,-0.949798509553975,0.677520921159618,0.272277588394357
4.51476980076962,-0.954880779400219,0.661276103655517,0.29360467574471
4.51484230102951,-0.959467701606747,0.6446882364358,0.314779465170973
4.51491480128941,-0.963556882378672,0.627765935140166,0.335790947238496
4.51498730154931,-0.967146214204031,0.610517974219699,0.356628239984369
4.51505980180921,-0.970233822215462,0.592953308247478,0.377280513968021
4.51514796914498,-0.973310239090359,0.571179639045765,0.402130600044622
4.51523613648074,-0.975639966465615,0.548967717703991,0.426672248761624
4.51532430381651,-0.977221227170975,0.52633461831908,0.450886608851938
4.51541247115228,-0.978052795207188,0.503297716875385,0.474755078331795
4.51550063848805,-0.978134043787759,0.47987469538914,0.498259348398609
4.51558880582381,-0.977464899052058,0.456083524532203,0.521381374519863
4.51567697315958,-0.976045885261437,0.431942459607416,0.544103425653985
4.51576514049535,-0.973878080246237,0.407470019808233,0.566408060438004
4.51585330783112,-0.970963157493261,0.382684981842751,0.588278175650506
4.51596171206359,-0.966358520723097,0.351811262920705,0.61454725780239
4.51607011629606,-0.960633176980887,0.320529372406345,0.640103804574531
4.51617852052854,-0.953793776036275,0.288875689107663,0.664918086928605
4.51628692476101,-0.94584826077797,0.256886945386168,0.688961315391805
4.51639532899349,-0.936805841172801,0.224600264519597,0.712205576653235
4.51650373322596,-0.926677009352802,0.192053085305066,0.734623924047735
4.51661213745844,-0.915473505669928,0.159283167416551,0.756190338253364
4.51672054169091,-0.903208327669272,0.126328506288409,0.776879821380867
4.51682894592338,-0.889895693365951,0.0932273319024158,0.796668361463578
4.51693735015586,-0.875551046110913,0.0600180234387164,0.815533022672201
4.51704575438833,-0.860191015828318,0.0267391052645956,0.833451910563686
4.51715415862081,-0.843833420153242,-0.00657083722016372,0.850404257373413
4.51726256285328,-0.826497223772501,-0.0398731636259693,0.866370387398467
4.51733017600948,-0.815197373544711,-0.0606240759185343,0.875821449463231
4.51739778916568,-0.803529812924502,-0.0813474657208686,0.884877278645348
4.51746540232187,-0.791499759716319,-0.102034075249223,0.89353383496554
4.51753301547807,-0.779112633283156,-0.122674572992865,0.901787206276027
4.51762517473961,-0.761663848808918,-0.150716802819956,0.912380651628875
4.51771733400114,-0.743576575505479,-0.178632780072833,0.922209355578307
4.517777533902,-0.731423881121688,-0.196789043499104,0.928212924620774
4.51783773380286,-0.719009636194166,-0.21487482700532,0.933884463199486
4.51789793370372,-0.706338249328556,-0.232883718572327,0.93922196790085
4.51795813360458,-0.69341425388264,-0.250809263631641,0.944223517514293
4.51803063386465,-0.677520914360225,-0.27227759763442,0.949798511994667
4.51810313412472,-0.661276096714426,-0.293604684990496,0.954880781704938
4.51817563438478,-0.644688229354023,-0.314779474418495,0.959467703772512
4.51824813464485,-0.627765927918693,-0.335790956483711,0.9635568844024
4.51832063490492,-0.610517966859695,-0.356628249223131,0.96714621608283
4.51839313516499,-0.592953300750356,-0.377280523196108,0.97023382394645
4.51848130247722,-0.571179637306415,-0.40213060260352,0.973310239909926
4.51856946978945,-0.548967721956364,-0.426672244816049,0.975639966772377
4.51865763710168,-0.526334628783136,-0.450886598581876,0.977221227364995
4.51874580441391,-0.503297733757195,-0.474755061931958,0.978052795689136
4.51883397172614,-0.479874718880306,-0.498259326078196,0.978134044958464
4.51892213903837,-0.456083554809799,-0.521381346502188,0.977464901311934
4.5190103063506,-0.43194249683355,-0.544103392176237,0.976045889009783
4.51909847366283,-0.407470064129572,-0.566408021750948,0.973878085880519
4.51918664097506,-0.382685033390753,-0.588278132017956,0.97096316540871
4.51929504520747,-0.35181131523347,-0.614547215371337,0.966358530604762
4.51940344943987,-0.320529425421134,-0.640103763398653,0.960633188819792
4.51951185367227,-0.288875742761125,-0.664918047059922,0.953793789821031
4.51962025790468,-0.256886999614168,-0.688961276880983,0.945848276495098
4.51972866213708,-0.224600319257289,-0.71220553954922,0.936805858806496
4.51983706636949,-0.192053140486938,-0.734623888398014,0.926677028884944
4.51994547060189,-0.159283222976582,-0.756190304103716,0.915473527080301
4.52005387483429,-0.126328562160053,-0.776879788775362,0.903208350935376
4.5201622790667,-0.0932273880187317,-0.796668330444479,0.889895718463222
4.5202706832991,-0.0600180797324326,-0.815532993280073,0.875551073012488
4.52037908753151,-0.0267391616681779,-0.833451882837193,0.860191044505332
4.52048749176391,0.00657078077442554,-0.850404231349231,0.843833450574737
4.52059589599631,0.039873107205892,-0.866370363111359,0.826497255905453
4.52066350920731,0.0606240363691511,-0.875821433781973,0.815197397412799
4.52073112241831,0.081347443016498,-0.884877270937787,0.803529827921302
4.5207987356293,0.102034069341542,-0.893533834589324,0.791499765247767
4.5208663488403,0.122674583810926,-0.901787212579255,0.779112628768308
4.52095850808956,0.150716809875346,-0.912380656333607,0.761663846458249
4.52105066733882,0.178632783394711,-0.922209358886626,0.743576575491901
4.52111086723542,0.196789045536203,-0.928212927492935,0.731423881956686
4.52117106713203,0.214874827767662,-0.933884465682338,0.719009637914657
4.52123126702864,0.232883718071147,-0.939221970041775,0.706338251970577
4.52129146692525,0.250809261879689,-0.944223519360926,0.693414257481241
4.52136396718755,0.272277596565955,-0.949798514091426,0.677520917525427
4.52143646744985,0.293604684598438,-0.954880784021847,0.661276099423379
4.52150896771216,0.314779474694701,-0.959467706279304,0.644688231584579
4.52158146797446,0.335790957418954,-0.963556887068551,0.627765929649568
4.52165396823676,0.356628250807273,-0.967146218877623,0.610517968070348
4.52172646849907,0.377280525417984,-0.970233826839042,0.592953301421005
4.52181463579213,0.40213059945393,-0.973310242208576,0.57117964275463
4.52190280308519,0.426672236433004,-0.975639968802151,0.54896773236912
4.52199097037826,0.450886585115573,-0.977221229451886,0.52633464433629
4.52207913767132,0.474755043544496,-0.978052798159683,0.503297754615164
4.52216730496438,0.498259302943673,-0.978134048139183,0.479874745195477
4.52225547225745,0.521381318805941,-0.9774649055288,0.456083586722789
4.52234363955051,0.544103360115072,-0.976045894587686,0.431942534472589
4.52243180684358,0.566407985532364,-0.973878093142951,0.407470107610592
4.52251997413664,0.588278091860251,-0.970963174677118,0.38268508281684
4.52262837836898,0.614547176303204,-0.966358541656439,0.351811365353202
4.52273678260132,0.640103725468728,-0.96063320164649,0.320529476177737
4.52284518683366,0.664918010315464,-0.953793804412511,0.288875794097011
4.522953591066,0.688961241367859,-0.945848292839128,0.256887051471262
4.52306199529834,0.712205505311948,-0.936805876888658,0.224600371576679
4.52317039953068,0.734623855479636,-0.926677048688898,0.192053193209228
4.52327880376302,0.756190272545665,-0.915473548587674,0.159283276041944
4.52338720799536,0.776879758617716,-0.90320837412584,0.126328615508077
4.5234956122277,0.79666830172561,-0.889895743314335,0.0932274415886911
4.52360401646004,0.81553296603672,-0.87555109950007,0.0600181334633062
4.52371242069238,0.833451857104345,-0.860191072603166,0.0267392154987907
4.52382082492472,0.85040420716023,-0.843833480254701,-0.0065707269055435
4.52392922915706,0.866370340497843,-0.826497287137592,-0.0398730533602418
4.52399684242195,0.875821419547576,-0.815197420436666,-0.0606239991109648
4.52406445568684,0.884877264459973,-0.803529842141403,-0.0813474223185703
4.52413206895172,0.893533835235449,-0.79149977008117,-0.102034065154305
4.52419968221661,0.901787219707292,-0.779112623644836,-0.122674596062447
4.52429184147999,0.912380664671697,-0.761663838310676,-0.150716826361051
4.52438400074337,0.922209368195106,-0.74357656413386,-0.1786328040613
4.5244442006137,0.928212933861124,-0.731423875649593,-0.196789058211574
4.52450440048402,0.933884469398611,-0.71900963689031,-0.214874832508348
4.52456460035435,0.939221971397116,-0.706338256454922,-0.232883714942225
4.52462480022467,0.944223518648919,-0.693414267694273,-0.250809250954668
4.52469730048902,0.949798513759246,-0.677520927452321,-0.272277586306938
4.52476980075336,0.954880784042983,-0.661276109040625,-0.293604675002391
4.52484230101771,0.959467706626867,-0.644688240869313,-0.314779465757613
4.52491480128205,0.963556887715414,-0.627765938579548,-0.335790949135898
4.5249873015464,0.967146219796368,-0.610517976624126,-0.356628243172258
4.52505980181074,0.97023382800187,-0.59295330957778,-0.377280518424092
4.5251479691081,0.973310243686416,-0.571179649948365,-0.402130593738072
4.52523613640547,0.975639970522548,-0.548967738553857,-0.42667223196869
4.52532430370283,0.977221231342081,-0.526334649468464,-0.45088658187364
4.52541247100019,0.978052800146643,-0.503297758653502,-0.474755041493137
4.52550063829756,0.978134050149749,-0.47987474810156,-0.498259302048204
4.52558880559492,0.977464907489817,-0.456083588460632,-0.521381319029177
4.52567697289228,0.976045896426044,-0.431942535008874,-0.544103361417171
4.52576514018965,0.973878094785757,-0.407470106914798,-0.566407987870967
4.52585330748701,0.970963176051766,-0.382685080861318,-0.588278095190464
4.52596171171935,0.966358542854371,-0.351811363330006,-0.614547179524405
4.52607011595169,0.960633202668675,-0.320529474092666,-0.640103728576015
4.52617852018404,0.953793805260035,-0.288875791955745,-0.664918013304283
4.52628692441638,0.945848293513272,-0.256887049279552,-0.688961244233678
4.52639532864872,0.936805877390895,-0.224600369340481,-0.712205508050455
4.52650373288106,0.926677049021077,-0.192053190934454,-0.734623858086605
4.5266121371134,0.915473548751552,-0.159283273734502,-0.756190275017092
4.52672054134575,0.903208374123642,-0.126328613174005,-0.776879760949642
4.52682894557809,0.889895743148292,-0.0932274392339531,-0.796668303914343
4.52693734981043,0.875551099172682,-0.0600181310940032,-0.81553296807869
4.52704575404277,0.860191072117104,-0.0267392131209457,-0.833451858996158
4.52715415827511,0.843833479612871,0.00657072928579232,-0.850404208898657
4.52726256250745,0.82649728634304,0.039873055736792,-0.866370342079852
4.52733017577165,0.815197419665663,0.0606240012704039,-0.875821420936068
4.52739778903585,0.80352984140279,0.0813474242591998,-0.884877265662006
4.52746540230005,0.791499769383518,0.102034066874723,-0.893533836258256
4.52753301556425,0.779112622996663,0.122674597561524,-0.90178722055817
4.52762517485413,0.761663832453706,0.150716835886615,-0.912380668340335
4.527717334144,0.743576552707484,0.178632821530569,-0.922209374238074
4.52777753399214,0.731423868454613,0.196789068928482,-0.928212937383088
4.52783773384028,0.719009634122911,0.21487483651972,-0.933884470642633
4.52789793368843,0.70633825830637,0.232883712302276,-0.939221970608629
4.52795813353657,0.693414274350848,0.250809241724648,-0.944223516075522
4.52803063380079,0.677520934241617,0.272277577080341,-0.949798511321927
4.52810313406501,0.661276115961298,0.293604665783088,-0.954880781744381
4.52817563432923,0.644688247919987,0.314779456549382,-0.959467704469365
4.52824813459345,0.627765945758843,0.335790939942575,-0.963556885701414
4.52832063485767,0.610517983930477,0.356628233997712,-0.967146217928203
4.52839313512189,0.592953317009421,0.377280509272334,-0.970233826281764
4.52848130244282,0.571179651614648,0.4021305912616,-0.97331024287626
4.52856946976374,0.548967734220709,0.426672236002587,-0.97563997022331
4.52865763708467,0.52633463891549,0.450886592237773,-0.977221231153281
4.52874580440559,0.503297741674552,0.47475505799256,-0.978052799667134
4.52883397172652,0.47987472450483,0.498259324473429,-0.978134048978231
4.52892213904745,0.456083558068923,0.521381347156538,-0.977464905225458
4.52901030636837,0.431942497660088,0.544103395009131,-0.97604589266922
4.5290984736893,0.40747006246201,0.566408026676514,-0.973878089138526
4.52918664101022,0.38268502917308,0.5882781389454,-0.970963168118507
4.52929504524263,0.351811310875303,0.614547222074493,-0.966358532949778
4.52940344947505,0.320529420934307,0.640103769867541,-0.960633190801821
4.52951185370746,0.288875738157394,0.664918053284937,-0.9537937914423
4.52962025793987,0.256886994905458,0.688961282852818,-0.945848277758263
4.52972866217228,0.224600314455691,0.712205545258895,-0.936805859714556
4.52983706640469,0.192053135604729,0.734623893836783,-0.926677029441469
4.5299454706371,0.159283218025962,0.756190309263117,-0.915473527289058
4.53005387486951,0.126328557153364,0.776879793647421,-0.903208350800759
4.53016227910192,0.0932273829684113,0.796668335021413,-0.889895717989783
4.53027068333433,0.0600180746509425,0.815532997554487,-0.875551072205425
4.53037908756674,0.0267391565680512,0.833451886801955,-0.860191043369991
4.53048749179916,-0.00657078588064114,0.850404234997701,-0.843833449117039
4.53059589603157,-0.0398731123056188,0.866370366437212,-0.826497254131581
4.53066350924081,-0.0606240409198926,0.875821436663201,-0.815197395743278
4.53073112245005,-0.0813474470150373,0.884877273392784,-0.803529826377734
4.5307987356593,-0.102034072785383,0.893533836636871,-0.79149976385148
4.53086634886854,-0.122674586698237,0.901787214238585,-0.779112627540327
4.53095850817071,-0.150716828790957,0.912380663622191,-0.761663834831218
4.53105066747288,-0.178632818173465,0.922209370919101,-0.743576552745585
4.53111086732531,-0.196789066869025,0.928212934505066,-0.73142386763603
4.53117106717775,-0.214874835747985,0.93388446815824,-0.719009632410255
4.53123126703018,-0.232883712806851,0.93922196847012,-0.706338255663233
4.53129146688262,-0.25080924349263,0.944223514234577,-0.693414270741923
4.53136396714454,-0.272277578147248,0.949798509226205,-0.677520931078935
4.53143646740647,-0.293604666156153,0.954880779424608,-0.661276113268456
4.5315089676684,-0.314779456237081,0.959467701956615,-0.644688245719548
4.53158146793032,-0.335790938954279,0.963556883027035,-0.627765944072745
4.53165396819225,-0.356628232344016,0.9671462151237,-0.610517982779671
4.53172646845417,-0.377280506964633,0.970233823378918,-0.592953316414293
4.53181463579423,-0.402130594316249,0.973310240568841,-0.571179646252566
4.53190280313428,-0.426672244281926,0.975639968186856,-0.548967723904904
4.53199097047434,-0.45088660559197,0.977221229062446,-0.526334623470449
4.5320791378144,-0.474755076259747,0.978052797195999,-0.503297720936208
4.53216730515445,-0.498259347479991,0.978134045800944,-0.479874698320928
4.53225547249451,-0.521381374717523,0.977464901016618,-0.456083526299078
4.53234363983457,-0.544103426928243,0.976045887104493,-0.431942460176232
4.53243180717462,-0.566408062746617,0.973878081895074,-0.407470019148428
4.53251997451468,-0.588278178948771,0.970963158875462,-0.382684979926692
4.53262837874716,-0.614547260993113,0.966358521929961,-0.351811260936816
4.53273678297964,-0.640103807652935,0.960633178013256,-0.320529370360322
4.53284518721212,-0.664918089890007,0.953793776895168,-0.288875687005137
4.53295359144459,-0.688961318231747,0.945848261464747,-0.256886943232942
4.53306199567707,-0.712205579367344,0.936805841688806,-0.22460026232144
4.53317039990955,-0.734623926631898,0.926677009699649,-0.192053083067735
4.53327880414203,-0.756190340703478,0.915473505849457,-0.159283165145972
4.53338720837451,-0.776879823692991,0.903208327683561,-0.126328503990588
4.53349561260699,-0.796668363633963,0.889895693217275,-0.0932273295833029
4.53360401683947,-0.815533024697323,0.875551045801677,-0.0600180211043649
4.53371242107194,-0.833451912440106,0.860191015361086,-0.0267391029209861
4.53382082530442,-0.850404259097822,0.843833419530899,0.00657083956696382
4.5339292295369,-0.866370388967921,0.826497222997889,0.0398731659700328
4.53399684269243,-0.875821450842217,0.815197372791225,0.0606240780510397
4.53406445584795,-0.884877279840757,0.803529812200746,0.0813474676400593
4.53413206900348,-0.893533835984317,0.791499759030749,0.102034076953556
4.53419968215901,-0.901787207125361,0.779112632644136,0.12267457448125
4.53429184144705,-0.912380655297575,0.761663842958975,0.150716812338614
4.53438400073509,-0.922209361622756,0.743576564083844,0.178632797538924
4.53444420061377,-0.928212928144296,0.731423873931549,0.196789054212756
4.53450440049245,-0.933884464445162,0.719009633431641,0.214874831013501
4.53456460037112,-0.939221967114028,0.706338251184919,0.232883715929148
4.5346248002498,-0.944223514942589,0.693414260544146,0.25080925439843
4.5346973005097,-0.949798509556278,0.677520921163205,0.272277588393101
4.53476980076961,-0.954880779403026,0.661276103657881,0.293604675745125
4.53484230102951,-0.959467701609917,0.644688236436977,0.314779465172988
4.53491480128942,-0.963556882382174,0.627765935140085,0.33579094724208
4.53498730154932,-0.967146214207776,0.610517974218247,0.356628239989538
4.53505980180922,-0.970233822219384,0.592953308244682,0.377280513974698
4.53514796914497,-0.973310239093483,0.571179639048081,0.402130600045396
4.53523613648072,-0.975639966468295,0.548967717711606,0.426672248756728
4.53532430381647,-0.977221227173629,0.526334618332124,0.450886608841503
4.53541247115221,-0.97805279521008,0.503297716894156,0.474755078315968
4.53550063848796,-0.97813404379128,0.479874695413609,0.498259348377678
4.53558880582371,-0.977464899056555,0.456083524562639,0.521381374493932
4.53567697315945,-0.976045885267284,0.431942459644058,0.544103425623241
4.5357651404952,-0.97387808025377,0.407470019850977,0.5664080604028
4.53585330783095,-0.970963157502808,0.38268498189186,0.588278175610956
4.53596171206342,-0.966358520734331,0.351811262970007,0.61454725776434
4.5360701162959,-0.960633176993742,0.320529372455705,0.64010380453806
4.53617852052837,-0.953793776050711,0.288875689157046,0.664918086893647
4.53628692476085,-0.945848260793955,0.256886945435493,0.688961315358482
4.53639532899333,-0.936805841190282,0.22460026456883,0.712205576621475
4.5365037332258,-0.926677009371684,0.192053085354071,0.734623924017615
4.53661213745828,-0.915473505690157,0.159283167465339,0.756190338224829
4.53672054169075,-0.903208327690864,0.126328506336865,0.776879821354006
4.53682894592323,-0.88989569338882,0.0932273319505272,0.79666836143828
4.53693735015571,-0.875551046135001,0.0600180234863917,0.815533022648585
4.53704575438818,-0.860191015853501,0.0267391053118143,0.833451910541706
4.53715415862066,-0.843833420179602,-0.00657083717341119,0.850404257353019
4.53726256285313,-0.826497223799889,-0.0398731635798437,0.866370387379705
4.53733017600938,-0.815197373564997,-0.0606240758866362,0.875821449451648
4.53739778916562,-0.803529812937242,-0.0813474657031991,0.884877278640449
4.53746540232187,-0.791499759720961,-0.10203407524573,0.893533834966715
4.53753301547811,-0.779112633279342,-0.122674573003407,0.901787206282735
4.53762517473962,-0.761663848809648,-0.150716802822878,0.912380651632536
4.53771733400113,-0.7435765755111,-0.178632780068168,0.922209355579296
4.537777533902,-0.731423881125938,-0.196789043496537,0.928212924622466
4.53783773380287,-0.719009636196938,-0.214874827004885,0.933884463201839
4.53789793370373,-0.706338249329861,-0.23288371857397,0.939221967903813
4.5379581336046,-0.693414253882357,-0.25080926363541,0.944223517517759
4.53803063386466,-0.677520914361632,-0.272277597635816,0.949798511997383
4.53810313412472,-0.661276096717563,-0.293604684989574,0.954880781707129
4.53817563438478,-0.644688229358965,-0.314779474415235,0.959467703774159
4.53824813464484,-0.627765927925505,-0.335790956478204,0.963556884403738
4.5383206349049,-0.610517966868561,-0.356628249215368,0.967146216083907
4.53839313516496,-0.592953300761189,-0.377280523186177,0.970233823947362
4.53848130247719,-0.571179637316351,-0.402130602594902,0.973310239911223
4.53856946978943,-0.548967721965276,-0.426672244808775,0.975639966774012
4.53865763710166,-0.526334628790962,-0.450886598575934,0.977221227366887
4.5387458044139,-0.503297733764001,-0.474755061927211,0.978052795691239
4.53883397172613,-0.479874718886015,-0.498259326074682,0.978134044960712
4.53892213903837,-0.456083554814292,-0.521381346499891,0.977464901314167
4.5390103063506,-0.431942496836815,-0.544103392175108,0.976045889011899
4.53909847366284,-0.407470064131604,-0.566408021750948,0.973878085882566
4.53918664097507,-0.382685033391531,-0.588278132019002,0.970963165410537
4.53929504520748,-0.351811315234179,-0.614547215372364,0.966358530606521
4.53940344943988,-0.320529425421792,-0.640103763399658,0.960633188821426
4.53951185367228,-0.288875742761702,-0.664918047060868,0.953793789822591
4.53962025790469,-0.256886999614726,-0.688961276881878,0.945848276496586
4.53972866213709,-0.224600319257795,-0.712205539550083,0.936805858807878
4.5398370663695,-0.192053140487404,-0.734623888398858,0.92667702888624
4.5399454706019,-0.159283222977028,-0.756190304104462,0.915473527081475
4.5400538748343,-0.126328562160462,-0.776879788776058,0.903208350936515
4.54016227906671,-0.0932273880191219,-0.796668330445143,0.889895718464193
4.54027068329911,-0.0600180797328129,-0.815532993280659,0.875551073013468
4.54037908753152,-0.0267391616685351,-0.833451882837659,0.860191044506172
4.54048749176392,0.00657078077408615,-0.85040423134963,0.84383345057551
4.54059589599632,0.0398731072055518,-0.866370363111728,0.826497255906157
4.54066350920732,0.0606240363700468,-0.875821433782819,0.815197397412743
4.54073112241832,0.0813474430187394,-0.88487727093915,0.803529827920359
4.54079873562932,0.102034069345067,-0.893533834591047,0.791499765245932
4.54086634884032,0.122674583815641,-0.901787212581299,0.779112628765673
4.54095850808954,0.150716809866607,-0.912380656330558,0.761663846463921
4.54105066733875,0.178632783372656,-0.922209358879219,0.743576575506521
4.54111086723538,0.196789045521203,-0.928212927488076,0.73142388196683
4.54117106713202,0.214874827759563,-0.933884465679835,0.71900963792024
4.54123126702865,0.232883718070038,-0.939221970041352,0.706338251971257
4.54129146692528,0.250809261885382,-0.94422351936231,0.693414257476922
4.54136396718758,0.272277596571277,-0.949798514092473,0.677520917521189
4.54143646744988,0.29360468460344,-0.954880784022662,0.661276099419225
4.54150896771218,0.314779474699359,-0.959467706279807,0.64468823158046
4.54158146797449,0.335790957423307,-0.963556887068869,0.627765929645543
4.54165396823679,0.356628250811229,-0.967146218877751,0.610517968066508
4.54172646849909,0.377280525421602,-0.970233826838894,0.592953301417254
4.54181463579219,0.4021305994667,-0.973310242209215,0.571179642742506
4.54190280308528,0.426672236454635,-0.975639968803023,0.548967732348344
4.54199097037838,0.450886585145791,-0.977221229452409,0.526334644306639
4.54207913767148,0.474755043583053,-0.978052798159342,0.503297754576265
4.54216730496457,0.498259302990221,-0.978134048137437,0.479874745147162
4.54225547225767,0.521381318860246,-0.977464905525011,0.456083586664732
4.54234363955077,0.544103360176619,-0.976045894581378,0.431942534404738
4.54243180684386,0.566407985600922,-0.973878093133578,0.407470107532599
4.54251997413696,0.588278091935409,-0.970963174664068,0.382685082728627
4.5426283783693,0.614547176377295,-0.966358541639867,0.35181136526255
4.54273678260165,0.640103725541527,-0.960633201626338,0.320529476084797
4.54284518683399,0.664918010386768,-0.953793804388815,0.288875794002022
4.54295359106633,0.688961241437591,-0.945848292811733,0.25688705137414
4.54306199529868,0.712205505379915,-0.936805876857576,0.224600371477667
4.54317039953102,0.734623855545747,-0.926677048654121,0.192053193108369
4.54327880376337,0.756190272609824,-0.915473548549094,0.159283275939247
4.54338720799571,0.77687975867967,-0.903208374083481,0.126328615403807
4.54349561222805,0.796668301785241,-0.889895743268166,0.0932274414829089
4.5436040164604,0.815532966093901,-0.875551099450158,0.060018133356204
4.54371242069274,0.833451857158992,-0.860191072549388,0.0267392153903669
4.54382082492508,0.850404207212204,-0.843833480197067,-0.00657072701514382
4.54392922915743,0.866370340546943,-0.826497287076167,-0.039873053470782
4.54399684242222,0.875821419581463,-0.815197420389486,-0.0606239991920046
4.54406445568701,0.884877264479697,-0.803529842109574,-0.0813474223701654
4.5441320689518,0.893533835242124,-0.791499770065694,-0.10203406517646
4.5441996822166,0.901787219702104,-0.779112623646761,-0.12267459605535
4.54429184148001,0.912380664669805,-0.761663838307276,-0.150716826362532
4.54438400074341,0.922209368196049,-0.743576564124672,-0.178632804071398
4.54444420061373,0.928212933861,-0.731423875641901,-0.19678905821912
4.54450440048405,0.933884469397521,-0.71900963688416,-0.21487483251339
4.54456460035436,0.939221971395182,-0.70633825645038,-0.232883714944805
4.54462480022468,0.944223518646262,-0.693414267691566,-0.250809250954726
4.54469730048899,0.949798513754397,-0.677520927455966,-0.272277586298465
4.54476980075331,0.954880784036381,-0.661276109050884,-0.293604674985498
4.54484230101763,0.959467706618875,-0.644688240886481,-0.314779465732416
4.54491480128194,0.963556887706434,-0.627765938603985,-0.335790949102461
4.54498730154626,0.967146219786785,-0.610517976656067,-0.356628243130701
4.54505980181057,0.970233827992123,-0.592953309617439,-0.377280518374677
4.54514796910795,0.973310243678592,-0.571179649984708,-0.402130593693874
4.54523613640533,0.975639970516351,-0.548967738586711,-0.426672231929647
4.54532430370271,0.977221231337277,-0.526334649497534,-0.450886581839749
4.54541247100009,0.978052800142884,-0.503297758678672,-0.474755041464224
4.54550063829747,0.978134050146812,-0.479874748122671,-0.498259302024157
4.54558880559485,0.977464907487329,-0.456083588477448,-0.521381319009907
4.54567697289223,0.976045896423797,-0.431942535021323,-0.544103361402479
4.54576514018961,0.973878094783454,-0.40747010692273,-0.566407987860737
4.545853307487,0.970963176049091,-0.382685080864548,-0.588278095184565
4.54596171171934,0.966358542851691,-0.351811363332394,-0.614547179519295
4.54607011595169,0.9606332026659,-0.320529474094159,-0.640103728571756
4.54617852018403,0.953793805257097,-0.288875791956376,-0.664918013300747
4.54628692441638,0.945848293510122,-0.256887049279228,-0.688961244230886
4.54639532864872,0.936805877387502,-0.224600369339177,-0.712205508048344
4.54650373288107,0.926677049017239,-0.192053190932133,-0.734623858085137
4.54661213711341,0.915473548747329,-0.159283273731133,-0.756190275016187
4.54672054134576,0.903208374118914,-0.126328613169583,-0.776879760949314
4.5468289455781,0.889895743143038,-0.0932274392285583,-0.796668303914487
4.54693734981045,0.875551099166825,-0.0600181310875726,-0.815532968079261
4.54704575404279,0.860191072110505,-0.0267392131133619,-0.833451858997153
4.54715415827514,0.843833479605518,0.00657072929447444,-0.850404208899986
4.54726256250748,0.826497286334859,0.0398730557465477,-0.866370342081388
4.54733017577168,0.815197419658639,0.0606240012777574,-0.875821420936407
4.54739778903587,0.803529841397091,0.0813474242640638,-0.884877265661158
4.54746540230006,0.791499769379176,0.10203406687715,-0.893533836256301
4.54753301556425,0.779112622993761,0.122674597561533,-0.901787220555286
4.54762517485416,0.761663832444642,0.150716835896359,-0.912380668340992
4.54771733414406,0.743576552691829,0.178632821549922,-0.922209374241744
4.54777753399218,0.731423868444223,0.19678906893963,-0.928212937383834
4.54783773384029,0.719009634117937,0.214874836522752,-0.933884470640722
4.54789793368841,0.706338258307112,0.232883712297229,-0.939221970604354
4.54795813353652,0.693414274357522,0.25080924171165,-0.944223516069132
4.54803063380074,0.677520934249842,0.272277577065617,-0.949798511315418
4.54810313406495,0.661276115971187,0.293604665766645,-0.954880781737833
4.54817563432917,0.644688247931607,0.314779456531277,-0.959467704462871
4.54824813459338,0.627765945772195,0.335790939922815,-0.963556885694974
4.54832063485759,0.610517983945623,0.356628233976365,-0.967146217921935
4.54839313512181,0.592953317026517,0.377280509249319,-0.970233826275819
4.5484813024427,0.571179651641322,0.402130591228614,-0.973310242869927
4.54856946976359,0.548967734257241,0.42667223595989,-0.975639970217179
4.54865763708447,0.526334638962347,0.45088659218565,-0.977221231147972
4.54874580440536,0.503297741732125,0.474755057931211,-0.97805279966331
4.54883397172625,0.479874724573292,0.498259324403285,-0.978134048976571
4.54892213904714,0.456083558148533,0.521381347078013,-0.977464905226535
4.54901030636803,0.431942497751151,0.544103394922552,-0.976045892673697
4.54909847368892,0.407470062564724,0.566408026582273,-0.973878089146992
4.54918664100981,0.382685029287586,0.588278138843988,-0.970963168131541
4.54929504524222,0.351811310990228,0.614547221976757,-0.966358532966975
4.54940344947464,0.320529421049486,0.640103769773594,-0.960633190823025
4.54951185370705,0.288875738272633,0.664918053194837,-0.953793791467444
4.54962025793947,0.256886995020635,0.6889612827666,-0.945848277787223
4.54972866217188,0.224600314570586,0.712205545176552,-0.936805859747161
4.5498370664043,0.192053135719109,0.734623893758433,-0.926677029477534
4.54994547063671,0.159283218139718,0.756190309188767,-0.915473527328477
4.55005387486913,0.126328557266388,0.776879793577054,-0.903208350843415
4.55016227910155,0.0932273830805363,0.796668334955035,-0.889895718035564
4.55027068333396,0.0600180747620572,0.815532997492114,-0.875551072254134
4.55037908756638,0.0267391566779921,0.833451886743604,-0.860191043421567
4.55048749179879,-0.00657078577198713,0.850404234943284,-0.843833449171277
4.55059589603121,-0.0398731121983934,0.866370366386768,-0.82649725418837
4.55066350924057,-0.0606240408485408,0.875821436630822,-0.81519739578225
4.55073112244993,-0.0813474469795177,0.884877273377138,-0.803529826397586
4.55079873565929,-0.102034072785557,0.893533836636526,-0.79149976385096
4.55086634886865,-0.122674586733961,0.901787214252188,-0.779112627518207
4.5509585081708,-0.150716828821127,0.912380663632966,-0.761663834811784
4.55105066747295,-0.178632818198111,0.922209370927288,-0.743576552729155
4.55111086732536,-0.196789066885532,0.928212934510321,-0.731423867624755
4.55117106717777,-0.214874835756398,0.933884468160791,-0.719009632404361
4.55123126703017,-0.232883712807214,0.939221968470215,-0.706338255662972
4.55129146688258,-0.250809243485106,0.944223514232574,-0.693414270747451
4.55136396714453,-0.272277578146212,0.949798509226043,-0.677520931079812
4.55143646740648,-0.293604666161589,0.954880779425988,-0.661276113264409
4.55150896766843,-0.314779456248848,0.959467701959298,-0.644688245710414
4.55158146793037,-0.335790938972331,0.963556883030648,-0.627765944058302
4.55165396819232,-0.356628232368262,0.967146215127948,-0.610517982759673
4.55172646845427,-0.377280506994976,0.970233823383505,-0.592953316388515
4.55181463579431,-0.40213059434082,0.973310240572013,-0.571179646231193
4.55190280313434,-0.426672244300934,0.975639968188968,-0.548967723887991
4.55199097047438,-0.450886605605517,0.977221229063835,-0.526334623458287
4.55207913781442,-0.474755076267864,0.978052797196966,-0.50329772092905
4.55216730515445,-0.498259347482942,0.978134045801806,-0.479874698318847
4.55225547249449,-0.521381374715393,0.977464901017784,-0.456083526302336
4.55234363983453,-0.544103426921219,0.976045887106204,-0.43194246018497
4.55243180717456,-0.566408062734978,0.973878081897677,-0.407470019162667
4.5525199745146,-0.588278178932603,0.970963158879306,-0.38268497994669
4.55262837874708,-0.614547260976781,0.966358521934742,-0.351811260957942
4.55273678297955,-0.640103807636495,0.960633178019067,-0.320529370382552
4.55284518721203,-0.664918089873568,0.953793776902037,-0.28887568702841
4.5529535914445,-0.688961318215355,0.945848261472662,-0.256886943257296
4.55306199567698,-0.712205579351061,0.936805841697865,-0.224600262346778
4.55317039990946,-0.734623926615698,0.926677009709909,-0.192053083094194
4.55327880414193,-0.75619034068747,0.915473505861011,-0.159283165173519
4.55338720837441,-0.776879823677304,0.903208327696413,-0.126328504019069
4.55349561260688,-0.796668363618637,0.889895693231416,-0.0932273296127696
4.55360401683936,-0.81553302468246,0.875551045817124,-0.0600180211346787
4.55371242107184,-0.833451912425712,0.860191015377958,-0.0267391029522007
4.55382082530431,-0.850404259084032,0.843833419549074,0.0065708395349715
4.55392922953679,-0.866370388954702,0.826497223017572,0.0398731659371448
4.55399684269235,-0.875821450834095,0.815197372806096,0.0606240780279969
4.55406445584791,-0.884877279837309,0.803529812210429,0.0813474676269248
4.55413206900346,-0.893533835985161,0.791499759034878,0.102034076950332
4.55419968215902,-0.901787207130191,0.779112632642366,0.122674574487823
4.554291841447,-0.9123806552953,0.761663842969279,0.150716812326027
4.55438400073498,-0.922209361614421,0.743576564107086,0.178632797507393
4.5544442006137,-0.92821292814093,0.731423873946179,0.196789054194765
4.55450440049242,-0.933884464446222,0.719009633437316,0.214874831008894
4.55456460037115,-0.939221967119058,0.706338251181254,0.232883715937814
4.55462480024987,-0.944223514951014,0.693414260530821,0.250809254420221
4.55469730050977,-0.949798509564148,0.677520921149974,0.272277588414198
4.55476980076967,-0.954880779410296,0.661276103644833,0.293604675765491
4.55484230102957,-0.959467701616684,0.644688236424048,0.314779465192694
4.55491480128948,-0.96355688238841,0.627765935127307,0.335790947261131
4.55498730154938,-0.96714621421352,0.610517974205663,0.356628240007872
4.55505980180928,-0.97023382222464,0.592953308232304,0.377280513992384
4.55514796914502,-0.973310239097967,0.571179639037997,0.402130600060042
4.55523613648075,-0.975639966472164,0.548967717703991,0.42667224876822
4.55532430381649,-0.977221227177069,0.526334618327096,0.450886608850017
4.55541247115223,-0.978052795213321,0.503297716891794,0.474755078321526
4.55550063848796,-0.978134043794421,0.479874695414083,0.498259348380382
4.5555888058237,-0.977464899059806,0.456083524566032,0.521381374493839
4.55567697315943,-0.97604588527085,0.431942459650341,0.544103425620526
4.55576514049517,-0.9738780802578,0.407470019860317,0.566408060397504
4.55585330783091,-0.970963157507514,0.382684981904347,0.5882781756032
4.55596171206338,-0.966358520739663,0.351811262983793,0.614547257755882
4.55607011629585,-0.960633176999785,0.320529372470971,0.640103804528867
4.55617852052832,-0.953793776057567,0.288875689173784,0.664918086883822
4.55628692476079,-0.945848260801748,0.256886945453659,0.688961315348081
4.55639532899326,-0.936805841199041,0.224600264588445,0.712205576610611
4.55650373322574,-0.926677009381509,0.192053085375204,0.734623924006314
4.55661213745821,-0.915473505701118,0.159283167487869,0.756190338213245
4.55672054169068,-0.903208327703044,0.12632850636089,0.776879821342141
4.55682894592315,-0.889895693402289,0.0932273319760024,0.796668361426297
4.55693735015562,-0.875551046149877,0.0600180235133555,0.815533022636526
4.55704575438809,-0.860191015869769,0.0267391053401067,0.833451910529696
4.55715415862056,-0.843833420197335,-0.0065708371437882,0.850404257341119
4.55726256285304,-0.826497223819236,-0.039873163548821,0.866370387368067
4.55733017600932,-0.815197373577625,-0.0606240758688062,0.875821449446424
4.55739778916561,-0.803529812942722,-0.081347465698387,0.884877278641114
4.5574654023219,-0.791499759718842,-0.102034075253961,0.893533834972782
4.55753301547818,-0.779112633269102,-0.122674573024619,0.901787206293739
4.55762517473976,-0.761663848785918,-0.150716802864459,0.912380651650382
4.55771733400134,-0.743576575472939,-0.178632780129967,0.922209355602898
4.55777753390213,-0.731423881102563,-0.196789043534887,0.928212924637481
4.55783773380292,-0.71900963618913,-0.214874827019916,0.93388446320909
4.55789793370371,-0.706338249338203,-0.23288371856588,0.939221967904118
4.5579581336045,-0.693414253907511,-0.250809263604459,0.944223517511988
4.5580306338646,-0.677520914378312,-0.272277597616995,0.949798511995298
4.5581031341247,-0.661276096725323,-0.293604684982808,0.954880781708119
4.5581756343848,-0.644688229357395,-0.314779474420328,0.959467703777742
4.5582481346449,-0.627765927914336,-0.335790956494937,0.963556884409269
4.558320634905,-0.610517966847276,-0.356628249243612,0.967146216090893
4.5583931351651,-0.592953300729558,-0.377280523225653,0.970233823955248
4.55848130247737,-0.571179637276412,-0.402130602642439,0.97331023991888
4.55856946978963,-0.54896772191674,-0.426672244864066,0.975639966780812
4.5586576371019,-0.526334628733729,-0.450886598638646,0.977221227372374
4.55874580441416,-0.50329773369773,-0.474755061997118,0.978052795694867
4.55883397172643,-0.479874718810471,-0.498259326151468,0.978134044961949
4.55892213903869,-0.456083554729406,-0.521381346583203,0.977464901312588
4.55901030635096,-0.431942496742351,-0.544103392264636,0.976045889006983
4.55909847366322,-0.407470064027388,-0.566408021846327,0.97387808587371
4.55918664097549,-0.382685033277419,-0.58827813211989,0.970963165397293
4.55929504520789,-0.35181131511851,-0.614547215470516,0.966358530589023
4.5594034494403,-0.320529425304802,-0.64010376349488,0.960633188799665
4.5595118536727,-0.288875742643483,-0.664918047153135,0.953793789796575
4.5596202579051,-0.256886999495324,-0.688961276971058,0.945848276466405
4.55972866213751,-0.224600319137304,-0.712205539636163,0.936805858773447
4.55983706636991,-0.192053140366005,-0.7346238884817,0.926677028847675
4.55994547060232,-0.15928322285486,-0.756190304183967,0.915473527038841
4.56005387483472,-0.126328562037702,-0.776879788852122,0.903208350889847
4.56016227906712,-0.0932273878959117,-0.796668330517688,0.889895718413579
4.56027068329953,-0.0600180796092842,-0.815532993349643,0.875551072958924
4.56037908753193,-0.0267391615448559,-0.833451882902967,0.860191044447815
4.56048749176434,0.00657078089777643,-0.85040423141116,0.843833450513389
4.56059589599674,0.039873107329117,-0.866370363169446,0.826497255840304
4.56066350920762,0.0606240364565028,-0.875821433821638,0.815197397365141
4.5607311224185,0.0813474430681149,-0.884877270960418,0.803529827892277
4.56079873562938,0.102034069357456,-0.893533834596221,0.791499765238762
4.56086634884026,0.122674583791179,-0.901787212571826,0.779112628780641
4.56095850808948,0.150716809845913,-0.912380656322983,0.761663846477065
4.56105066733871,0.178632783355712,-0.922209358873368,0.743576575517624
4.56111086723537,0.196789045513336,-0.928212927485371,0.731423881972044
4.56117106713203,0.214874827760796,-0.933884465679934,0.719009637919133
4.56123126702869,0.232883718080181,-0.939221970043889,0.706338251963707
4.56129146692536,0.250809261904392,-0.944223519367027,0.693414257462655
4.56136396718761,0.272277596575069,-0.949798514092998,0.677520917517885
4.56143646744986,0.293604684592177,-0.954880784019588,0.661276099427405
4.56150896771211,0.314779474673301,-0.959467706273909,0.644688231600598
4.56158146797436,0.335790957382551,-0.963556887060737,0.627765929678195
4.56165396823661,0.356628250756198,-0.967146218868148,0.610517968111972
4.56172646849886,0.377280525352548,-0.970233826828566,0.592953301476034
4.56181463579196,0.402130599400102,-0.9733102422011,0.571179642800978
4.56190280308507,0.426672236390563,-0.975639968796955,0.548967732406366
4.56199097037817,0.450886585084211,-0.977221229448317,0.526334644364092
4.56207913767127,0.474755043524005,-0.978052798157075,0.503297754633039
4.56216730496437,0.498259302933679,-0.978134048136895,0.479874745203212
4.56225547225748,0.521381318806199,-0.977464905526108,0.456083586719904
4.56234363955058,0.544103360125109,-0.97604589458401,0.43194253445888
4.56243180684368,0.566407985551919,-0.973878093137609,0.40747010758567
4.56251997413678,0.588278091888815,-0.970963174669431,0.3826850827806
4.56262837836913,0.614547176331099,-0.966358541647182,0.351811365316051
4.56273678260147,0.640103725495906,-0.960633201635712,0.320529476139792
4.56284518683381,0.664918010341815,-0.953793804400162,0.288875794058354
4.56295359106615,0.688961241393366,-0.945848292825241,0.256887051431828
4.56306199529849,0.71220550533655,-0.936805876873178,0.224600371536602
4.56317039953083,0.734623855503289,-0.926677048671832,0.192053193168536
4.56327880376317,0.756190272568354,-0.915473548569008,0.159283276000642
4.56338720799551,0.776879758639298,-0.9032083741057,0.126328615466353
4.56349561222785,0.796668301746044,-0.889895743292659,0.0932274415465814
4.56360401646019,0.815532966055989,-0.875551099476832,0.0600181334208296
4.56371242069253,0.833451857122406,-0.860191072578355,0.0267392154559339
4.56382082492488,0.850404207177031,-0.843833480228351,-0.00657072694869439
4.56392922915722,0.866370340513329,-0.826497287109756,-0.0398730534035951
4.56399684242208,0.875821419558389,-0.815197420412641,-0.0606239991457486
4.56406445568694,0.884877264466353,-0.803529842121594,-0.0813474223447808
4.5641320689518,0.893533835237789,-0.791499770065743,-0.102034065172072
4.56419968221666,0.901787219705876,-0.779112623634159,-0.122674596071736
4.56429184148008,0.912380664673916,-0.761663838292772,-0.150716826381154
4.56438400074349,0.92220936820032,-0.743576564108278,-0.178632804092078
4.56444420061378,0.928212933861959,-0.731423875631304,-0.196789058230705
4.56450440048406,0.933884469395513,-0.719009636879649,-0.214874832515883
4.56456460035435,0.939221971390486,-0.706338256452259,-0.232883714938255
4.56462480022464,0.944223518639193,-0.693414267699933,-0.250809250939295
4.56469730048899,0.949798513750631,-0.677520927455609,-0.272277586295022
4.56476980075335,0.95488078403532,-0.66127610904142,-0.293604674993898
4.56484230101771,0.959467706619987,-0.644688240867415,-0.314779465752561
4.56491480128206,0.963556887709138,-0.627765938575021,-0.335790949134122
4.56498730154642,0.96714621979054,-0.610517976616808,-0.356628243173743
4.56505980181077,0.970233827996315,-0.592953309567501,-0.377280518428869
4.56514796910823,0.97331024368346,-0.571179649914959,-0.402130593768486
4.56523613640569,0.975639970520517,-0.548967738496383,-0.426672232024178
4.56532430370314,0.977221231339507,-0.526334649386012,-0.450886581953497
4.5654124710006,0.978052800141873,-0.503297758545372,-0.474755041596522
4.56550063829805,0.978134050141258,-0.479874747966956,-0.498259302174314
4.56558880559551,0.977464907475976,-0.456083588298862,-0.521381319177125
4.56567697289297,0.976045896405365,-0.431942534819427,-0.544103361585941
4.56576514019042,0.973878094756674,-0.407470106697061,-0.566407988059616
4.56585330748788,0.970963176012676,-0.382685080614768,-0.588278095397914
4.56596171172022,0.966358542806122,-0.351811363078833,-0.614547179727296
4.56607011595257,0.960633202611164,-0.320529473837033,-0.640103728774164
4.56617852018492,0.953793805193287,-0.288875791696059,-0.664918013497234
4.56628692441726,0.945848293437281,-0.256887049016071,-0.688961244421219
4.56639532864961,0.936805877305668,-0.224600369073458,-0.712205508232227
4.56650373288195,0.926677048926519,-0.192053190664082,-0.734623858262458
4.5666121371143,0.915473548647775,-0.159283273461108,-0.756190275186666
4.56672054134665,0.903208374010625,-0.126328612897929,-0.776879761112659
4.56682894557899,0.889895743026079,-0.0932274389555007,-0.796668304070572
4.56693734981134,0.875551099041401,-0.0600181308134916,-0.815532968227867
4.56704575404369,0.860191071976701,-0.0267392128386908,-0.833451859137991
4.56715415827603,0.843833479463472,0.00657072956946932,-0.850404209032932
4.56726256250838,0.826497286184693,0.0398730560216533,-0.86637034220635
4.56733017577229,0.815197419550708,0.0606240014674902,-0.875821421018202
4.56739778903621,0.803529841334383,0.0813474243686491,-0.884877265703006
4.56746540230012,0.791499769364717,0.102034066896797,-0.893533836261528
4.56753301556403,0.779112623030499,0.122674597496602,-0.901787220527092
4.56762517485386,0.761663832498786,0.150716835806696,-0.912380668305504
4.56771733414368,0.743576552764498,0.178632821435839,-0.922209374200319
4.56777753399195,0.731423868488491,0.196789068870287,-0.928212937358784
4.56783773384021,0.719009634132501,0.214874836497962,-0.933884470630451
4.56789793368847,0.706338258290615,0.232883712316608,-0.939221970607241
4.56795813353673,0.693414274308802,0.250809241774694,-0.944223516083497
4.56803063380087,0.677520934217292,0.272277577105474,-0.949798511322703
4.56810313406501,0.661276115955514,0.293604665783558,-0.954880781739071
4.56817563432914,0.644688247933491,0.314779456525657,-0.959467704459141
4.56824813459328,0.627765945792412,0.335790939894948,-0.963556885687329
4.56832063485742,0.610517983984793,0.356628233926653,-0.967146217911463
4.56839313512155,0.592953317085295,0.377280509178221,-0.970233826263523
4.5684813024424,0.571179651711637,0.402130591146862,-0.973310242858506
4.56856946976325,0.548967734339418,0.426672235867913,-0.975639970207338
4.5686576370841,0.526334639056741,0.45088659208376,-0.97722123114049
4.56874580440495,0.503297741838962,0.474755057819873,-0.97805279965879
4.56883397172579,0.479874724692901,0.49825932428285,-0.978134048975744
4.56892213904664,0.456083558281124,0.521381346948973,-0.97746490523012
4.56901030636749,0.431942497896975,0.544103394785354,-0.976045892682326
4.56909847368834,0.407470062723925,0.566408026437483,-0.97387808916137
4.56918664100918,0.382685029460311,0.588278138692096,-0.970963168152379
4.5692950452416,0.351811311164612,0.614547221829528,-0.966358532994135
4.56940344947402,0.320529421225276,0.640103769631192,-0.960633190856454
4.56951185370644,0.288875738449585,0.664918053057392,-0.953793791506954
4.56962025793886,0.256886995198594,0.688961282634158,-0.945848277832775
4.56972866217127,0.224600314749296,0.712205545049328,-0.936805859798637
4.56983706640369,0.192053135898297,0.734623893636509,-0.926677029534807
4.56994547063611,0.159283218319274,0.756190309072225,-0.915473527391449
4.57005387486853,0.126328557446017,0.776879793465927,-0.903208350911933
4.57016227910095,0.0932273832600086,0.796668334849497,-0.889895718109511
4.57027068333337,0.0600180749411479,0.815532997392218,-0.875551072333376
4.57037908756578,0.0267391568565701,0.833451886649377,-0.860191043505919
4.5704874917982,-0.00657078559419632,0.850404234854802,-0.843833449260589
4.57059589603062,-0.0398731120216215,0.866370366304145,-0.826497254282511
4.57066350924014,-0.0606240407208968,0.875821436573394,-0.815197395852496
4.57073112244966,-0.081347446900992,0.884877273343176,-0.803529826442174
4.57079873565918,-0.10203407275604,0.893533836624156,-0.791499763868117
4.5708663488687,-0.122674586753252,0.901787214259466,-0.779112627506173
4.57095850817083,-0.150716828833251,0.912380663637193,-0.761663834803939
4.57105066747295,-0.178632818203128,0.922209370928887,-0.743576552725742
4.57111086732536,-0.196789066888347,0.92821293451117,-0.731423867622802
4.57117106717776,-0.214874835757,0.933884468160952,-0.719009632403929
4.57123126703016,-0.232883712805714,0.939221968469833,-0.706338255664082
4.57129146688256,-0.250809243481486,0.944223514231702,-0.693414270750163
4.57136396714452,-0.272277578145106,0.94979850922592,-0.6775209310808
4.57143646740647,-0.293604666162939,0.954880779426539,-0.661276113263576
4.57150896766843,-0.314779456252613,0.959467701960338,-0.644688245707709
4.57158146793038,-0.335790938978437,0.963556883032135,-0.627765944053676
4.57165396819234,-0.356628232376679,0.967146215129778,-0.610517982753078
4.57172646845429,-0.377280507005649,0.970233823385542,-0.592953316379858
4.5718146357943,-0.402130594343466,0.973310240572952,-0.571179646229475
4.57190280313431,-0.426672244295713,0.975639968189306,-0.548967723893574
4.57199097047432,-0.450886605592668,0.977221229064019,-0.526334623471353
4.57207913781433,-0.474755076247661,0.978052797197494,-0.503297720949852
4.57216730515434,-0.49825934745564,0.978134045803256,-0.479874698347574
4.57225547249435,-0.521381374681253,0.977464901020541,-0.456083526339228
4.57234363983435,-0.544103426880465,0.976045887110774,-0.431942460230283
4.57243180717436,-0.566408062687952,0.973878081904514,-0.407470019216529
4.57251997451437,-0.588278178879662,0.970963158888913,-0.382684980009246
4.57262837874685,-0.614547260926449,0.96635852194653,-0.351811261020073
4.57273678297933,-0.640103807588752,0.960633178032936,-0.320529370444171
4.57284518721181,-0.664918089828376,0.9537937769178,-0.288875687089415
4.57295359144429,-0.688961318172696,0.945848261490339,-0.256886943317588
4.57306199567677,-0.712205579310957,0.936805841717257,-0.224600262406284
4.57317039990925,-0.734623926578176,0.926677009730916,-0.192053083152716
4.57327880414173,-0.756190340652468,0.915473505883491,-0.159283165231041
4.57338720837421,-0.776879823644754,0.903208327720302,-0.126328504075524
4.57349561260669,-0.79666836358851,0.889895693256626,-0.0932273296680697
4.57360401683917,-0.8155330246547,0.875551045843523,-0.0600180211887661
4.57371242107165,-0.833451912400339,0.86019101540536,-0.0267391030050003
4.57382082530413,-0.850404259060986,0.843833419577472,0.00657083948350625
4.57392922953662,-0.866370388933925,0.826497223046765,0.0398731658871725
4.57399684269222,-0.875821450819948,0.8151973728292,0.0606240779907849
4.57406445584782,-0.884877279829372,0.803529812226964,0.0813474676024361
4.57413206900342,-0.893533835982972,0.791499759044346,0.102034076938617
4.57419968215902,-0.901787207133179,0.77911263264435,0.122674574488852
4.574291841447,-0.912380655298779,0.761663842970487,0.15071681232832
4.57438400073499,-0.922209361618377,0.743576564107347,0.17863279751103
4.5744442006137,-0.92821292814394,0.731423873948295,0.19678905419567
4.57450440049241,-0.93388446444843,0.71900963344129,0.214874831007151
4.57456460037112,-0.939221967120625,0.706338251187174,0.232883715933439
4.57462480024983,-0.94422351495198,0.693414260538718,0.250809254413251
4.57469730050974,-0.949798509565311,0.677520921157957,0.27227758840736
4.57476980076964,-0.95488077941169,0.661276103652955,0.293604675758771
4.57484230102954,-0.959467701618306,0.644688236432307,0.314779465186009
4.57491480128944,-0.963556882390234,0.627765935135723,0.335790947254511
4.57498730154935,-0.967146214215588,0.610517974214244,0.356628240001351
4.57505980180925,-0.970233822226926,0.592953308240992,0.377280513985952
4.57514796914495,-0.973310239099551,0.57117963905479,0.40213060004474
4.57523613648066,-0.975639966473565,0.548967717729293,0.426672248744304
4.57532430381636,-0.977221227178831,0.526334618361146,0.450886608817685
4.57541247115206,-0.978052795215961,0.503297716934828,0.474755078281162
4.57550063848777,-0.978134043798503,0.479874695466346,0.498259348332201
4.57558880582347,-0.977464899065922,0.456083524627712,0.521381374438241
4.57567697315918,-0.976045885279505,0.431942459721752,0.544103425557765
4.57576514049488,-0.973878080269534,0.407470019941571,0.566408060327965
4.57585330783059,-0.97096315752287,0.382684981995607,0.588278175527284
4.57596171206306,-0.966358520758208,0.351811263075696,0.614547257682504
4.57607011629553,-0.960633177021469,0.320529372563276,0.640103804458194
4.57617852052801,-0.953793776082224,0.288875689266331,0.664918086815891
4.57628692476048,-0.945848260829376,0.256886945546424,0.688961315282948
4.57639532899296,-0.936805841229562,0.224600264681242,0.712205576548322
4.57650373322543,-0.926677009414804,0.192053085467885,0.734623923946918
4.57661213745791,-0.915473505737147,0.159283167580398,0.756190338156754
4.57672054169038,-0.903208327741645,0.126328506453067,0.776879821288588
4.57682894592285,-0.889895693443457,0.0932273320677129,0.796668361375714
4.57693735015533,-0.875551046193383,0.0600180236044618,0.815533022588954
4.5770457543878,-0.860191015915718,0.0267391054306118,0.833451910485113
4.57715415862028,-0.843833420245477,-0.00657083705408279,0.85040425729958
4.57726256285275,-0.826497223869485,-0.0398731634600025,0.86637038732949
4.57733017600911,-0.815197373616541,-0.0606240758033964,0.875821449419941
4.57739778916548,-0.803529812969391,-0.0813474656564349,0.884877278625823
4.57746540232184,-0.791499759732469,-0.102034075235336,0.89353383496781
4.5775330154782,-0.779112633268881,-0.122674573029301,0.901787206298141
4.57762517473979,-0.761663848784357,-0.150716802870949,0.912380651655311
4.57771733400137,-0.74357657546996,-0.178632780138279,0.922209355608225
4.57777753390216,-0.731423881100678,-0.196789043541373,0.928212924642038
4.57783773380294,-0.719009636188421,-0.21487482702449,0.933884463212882
4.57789793370372,-0.706338249338691,-0.232883718568631,0.939221967907316
4.57795813360451,-0.693414253909385,-0.250809263605265,0.944223517514638
4.57803063386458,-0.677520914385602,-0.272277597610481,0.949798511996061
4.57810313412466,-0.661276096738305,-0.2936046849691,0.954880781707385
4.57817563438473,-0.644688229376268,-0.314779474399542,0.959467703775826
4.57824813464481,-0.627765927939385,-0.335790956467111,0.963556884406507
4.57832063490488,-0.610517966878763,-0.356628249208868,0.967146216087638
4.57839313516496,-0.592953300767535,-0.377280523184278,0.970233823951793
4.57848130247726,-0.571179637306933,-0.402130602610685,0.973310239917613
4.57856946978955,-0.548967721939539,-0.426672244841734,0.975639966781242
4.57865763710185,-0.526334628748307,-0.450886598625589,0.977221227373875
4.57874580441415,-0.5032977337039,-0.474755061993033,0.978052795696968
4.57883397172645,-0.479874718807889,-0.498259326156144,0.978134044964037
4.57892213903875,-0.456083554717801,-0.521381346596269,0.977464901314064
4.57901030635105,-0.431942496721517,-0.544103392285812,0.976045889007331
4.57909847366334,-0.407470063997032,-0.566408021875357,0.973878085872354
4.57918664097564,-0.382685033237379,-0.588278132156349,0.970963165393705
4.57929504520805,-0.351811315077147,-0.614547215506595,0.966358530583739
4.57940344944045,-0.320529425262254,-0.640103763530475,0.960633188792676
4.57951185367286,-0.288875742599758,-0.664918047188135,0.953793789787857
4.57962025790526,-0.256886999450572,-0.68896127700533,0.945848276455946
4.57972866213767,-0.224600319091579,-0.712205539669659,0.936805858761237
4.57983706637008,-0.192053140319377,-0.734623888514313,0.926677028833681
4.57994547060248,-0.159283222807298,-0.756190304215673,0.915473527022989
4.58005387483489,-0.126328561989325,-0.776879788882838,0.903208350872191
4.58016227906729,-0.0932273878467065,-0.796668330547361,0.889895718394066
4.5802706832997,-0.0600180795593753,-0.815532993378177,0.875551072937557
4.5803790875321,-0.026739161494238,-0.83345188293031,0.860191044424532
4.58048749176451,0.0065707809489779,-0.850404231437236,0.843833450488255
4.58059589599692,0.0398731073808975,-0.866370363194171,0.8264972558133
4.58066350920774,0.0606240364927524,-0.875821433838443,0.815197397345669
4.58073112241857,0.0813474430888183,-0.884877270969867,0.803529827881045
4.5807987356294,0.102034069362676,-0.893533834598944,0.791499765236227
4.58086634884023,0.122674583780973,-0.901787212568344,0.779112628787333
4.5809585080895,0.150716809848397,-0.912380656324324,0.761663846475951
4.58105066733877,0.178632783370798,-0.922209358878829,0.743576575508006
4.58111086723541,0.196789045521148,-0.928212927488191,0.73142388196701
4.58117106713204,0.214874827761321,-0.933884465680357,0.719009637919037
4.58123126702868,0.23288371807353,-0.939221970042204,0.706338251968655
4.58129146692532,0.250809261890648,-0.944223519363453,0.693414257472831
4.5813639671876,0.272277596571527,-0.949798514092187,0.677520917520642
4.58143646744989,0.293604684598736,-0.95488078402111,0.661276099422345
4.58150896771217,0.314779474689742,-0.959467706277242,0.644688231587463
4.58158146797446,0.335790957408853,-0.963556887065431,0.627765929656553
4.58165396823674,0.356628250792075,-0.967146218873712,0.610517968081625
4.58172646849903,0.37728052539783,-0.97023382683454,0.592953301436681
4.58181463579217,0.402130599455982,-0.973310242206831,0.571179642750808
4.58190280308532,0.426672236456694,-0.975639968801755,0.548967732345043
4.58199097037846,0.450886585160308,-0.977221229451535,0.526334644291249
4.5820791376716,0.474755043609666,-0.97805279815803,0.503297754548344
4.58216730496474,0.498259303028455,-0.978134048134872,0.479874745106411
4.58225547225789,0.521381318909705,-0.977464905520504,0.456083586610751
4.58234363955103,0.544103360236951,-0.97604589457406,0.431942534337085
4.58243180684417,0.566407985671507,-0.973878093122678,0.40747010745118
4.58251997413731,0.588278092015754,-0.970963174648855,0.382685082633083
4.58262837836965,0.614547176454471,-0.966358541621156,0.351811365166645
4.58273678260199,0.6401037256155,-0.960633201604223,0.320529475988699
4.58284518683433,0.664918010457513,-0.953793804363396,0.288875793905872
4.58295359106667,0.688961241505046,-0.945848292783145,0.256887051278047
4.58306199529901,0.712205505444103,-0.936805876825845,0.22460037138171
4.58317039953135,0.734623855606553,-0.926677048619415,0.192053193012823
4.58327880376369,0.75619027266724,-0.915473548511464,0.159283275844199
4.58338720799603,0.776879758733788,-0.903208374043106,0.126328615309274
4.58349561222837,0.796668301835976,-0.889895743225173,0.0932274413891826
4.58360401646071,0.815532966141284,-0.875551099404574,0.0600181332632548
4.58371242069305,0.833451857202937,-0.860191072501321,0.0267392152983595
4.58382082492539,0.850404207252768,-0.843833480146718,-0.00657072710608442
4.58392922915773,0.866370340584157,-0.826497287023631,-0.0398730535605274
4.58399684242244,0.875821419605199,-0.815197420349723,-0.0606239992554892
4.58406445568715,0.884877264490965,-0.803529842083553,-0.0813474224074131
4.58413206895186,0.89353383524195,-0.791499770054336,-0.102034065187632
4.58419968221656,0.901787219691442,-0.779112623650967,-0.122674596040489
4.58429184147999,0.91238066466166,-0.761663838307789,-0.150716826353903
4.58438400074342,0.922209368190132,-0.743576564121209,-0.178632804068937
4.58444420061375,0.928212933855813,-0.731423875636893,-0.196789058218925
4.58450440048407,0.933884469392912,-0.719009636877644,-0.214874832515338
4.58456460035439,0.939221971391113,-0.706338256442173,-0.232883714948992
4.58462480022472,0.944223518642632,-0.693414267681552,-0.250809250961084
4.58469730048906,0.949798513752475,-0.677520927439884,-0.272277586312594
4.5847698007534,0.954880784035773,-0.661276109028576,-0.293604675007231
4.58484230101774,0.959467706619263,-0.644688240857615,-0.314779465761674
4.58491480128208,0.963556887707428,-0.627765938568342,-0.335790949139084
4.58498730154643,0.967146219788008,-0.610517976613397,-0.356628243174651
4.58505980181077,0.970233827993214,-0.592953309567503,-0.377280518425744
4.58514796910824,0.973310243680688,-0.571179649912083,-0.402130593768638
4.5852361364057,0.975639970517978,-0.548967738490576,-0.426672232027419
4.58532430370317,0.977221231336976,-0.526334649377182,-0.45088658195979
4.58541247100064,0.978052800139164,-0.503297758533376,-0.474755041605785
4.58550063829811,0.978134050138109,-0.479874747951717,-0.498259302186428
4.58558880559557,0.977464907472223,-0.456083588280264,-0.521381319191996
4.58567697289304,0.976045896400807,-0.43194253479739,-0.54410336160346
4.58576514019051,0.973878094751166,-0.407470106671493,-0.566407988079657
4.58585330748797,0.970963176005991,-0.382685080585646,-0.588278095420346
4.58596171172032,0.96635854279844,-0.351811363049605,-0.614547179748835
4.58607011595267,0.960633202602528,-0.320529473807801,-0.640103728794728
4.58617852018501,0.953793805183727,-0.288875791666819,-0.664918013516915
4.58628692441736,0.945848293426796,-0.256887048986797,-0.688961244439984
4.5863953286497,0.936805877294289,-0.224600369044201,-0.712205508250097
4.58650373288205,0.926677048914281,-0.192053190634976,-0.734623858279296
4.58661213711439,0.915473548634689,-0.159283273432111,-0.756190275202591
4.58672054134674,0.903208373996737,-0.126328612869067,-0.776879761127677
4.58682894557908,0.889895743011461,-0.0932274389268697,-0.796668304084607
4.58693734981143,0.875551099026043,-0.0600181307850807,-0.815532968240977
4.58704575404377,0.860191071960631,-0.0267392128105016,-0.833451859150137
4.58715415827612,0.843833479446755,0.00657072959740857,-0.850404209044119
4.58726256250846,0.826497286167317,0.0398730560492339,-0.866370342216581
4.58733017577236,0.815197419535859,0.0606240014896891,-0.875821421025518
4.58739778903626,0.803529841322226,0.0813474243854099,-0.884877265707623
4.58746540230015,0.791499769355443,0.10203406690817,-0.893533836263613
4.58753301556405,0.779112623024359,0.122674597502554,-0.901787220526926
4.58762517485387,0.761663832493104,0.150716835811691,-0.912380668304796
4.58771733414369,0.743576552759235,0.178632821439965,-0.922209374199203
4.58777753399194,0.731423868485502,0.196789068871036,-0.928212937356534
4.5878377338402,0.719009634131928,0.214874836495262,-0.933884470627175
4.58789793368845,0.706338258292535,0.23288371231051,-0.939221970603047
4.5879581335367,0.693414274313321,0.250809241765236,-0.944223516078535
4.58803063380088,0.677520934212378,0.272277577108818,-0.949798511321171
4.58810313406506,0.661276115940849,0.293604665799496,-0.954880781740335
4.58817563432924,0.644688247908718,0.314779456553884,-0.95946770446257
4.58824813459341,0.627765945757155,0.335790939935323,-0.963556885692448
4.58832063485759,0.610517983938688,0.356628233978923,-0.967146217917604
4.58839313512177,0.592953317027923,0.377280509242178,-0.970233826270115
4.58848130244265,0.571179651645288,0.402130591218938,-0.973310242864213
4.58856946976353,0.548967734263736,0.426672235947846,-0.975639970211592
4.58865763708441,0.526334638971492,0.450886592171296,-0.977221231142768
4.58874580440529,0.503297741743819,0.474755057914727,-0.978052799658563
4.58883397172617,0.479874724587731,0.498259324384679,-0.978134048972411
4.58892213904705,0.456083558165711,0.52138134705742,-0.977464905223107
4.58901030636793,0.43194249777119,0.54410339490002,-0.976045892671169
4.58909847368881,0.407470062587537,0.566408026558023,-0.973878089145541
4.58918664100969,0.382685029313318,0.588278138818035,-0.970963168131305
4.58929504524211,0.35181131101624,0.614547221951704,-0.966358532967917
4.58940344947452,0.320529421075604,0.640103769749479,-0.960633190825069
4.58951185370694,0.288875738298891,0.664918053171691,-0.95379379147056
4.58962025793936,0.256886995046991,0.688961282744436,-0.945848277791389
4.58972866217177,0.224600314597006,0.712205545155359,-0.936805859752335
4.58983706640419,0.192053135745459,0.734623893738266,-0.926677029483724
4.58994547063661,0.159283218166031,0.756190309169634,-0.915473527335634
4.59005387486902,0.126328557292624,0.776879793558942,-0.903208350851534
4.59016227910144,0.0932273831066747,0.796668334937949,-0.889895718044623
4.59027068333386,0.0600180747880479,0.815532997476057,-0.8755510722641
4.59037908756627,0.0267391567037265,0.833451886728623,-0.860191043432315
4.59048749179869,-0.00657078574651271,0.850404234929416,-0.843833449182867
4.5905958960311,-0.039873112173192,0.866370366373976,-0.826497254200771
4.59066350924048,-0.0606240408288634,0.875821436621023,-0.815197395792132
4.59073112244986,-0.0813474469652748,0.884877273370166,-0.803529826404878
4.59079873565924,-0.102034072776736,0.893533836632205,-0.791499763855461
4.59086634886862,-0.122674586730621,0.901787214250253,-0.779112627519635
4.59095850817076,-0.15071682881657,0.912380663630826,-0.761663834814246
4.59105066747291,-0.178632818192339,0.922209370925056,-0.743576552732687
4.59111086732532,-0.196789066881545,0.92821293450882,-0.731423867627266
4.59117106717774,-0.214874835754258,0.933884468160056,-0.719009632405764
4.59123126703015,-0.232883712806848,0.93922196847012,-0.70633825566325
4.59129146688257,-0.250809243486588,0.944223514233118,-0.693414270746522
4.59136396714452,-0.272277578150015,0.949798509227298,-0.677520931077249
4.59143646740648,-0.293604666167636,0.954880779427809,-0.661276113260143
4.59150896766843,-0.314779456257101,0.959467701961551,-0.644688245704439
4.59158146793039,-0.335790938982724,0.963556883033274,-0.62776594405054
4.59165396819234,-0.356628232380674,0.967146215130855,-0.610517982750144
4.5917264684543,-0.377280507009424,0.970233823386563,-0.59295331637713
4.59181463579429,-0.402130594343039,0.973310240573513,-0.571179646230485
4.59190280313428,-0.426672244291223,0.975639968189635,-0.548967723898415
4.59199097047428,-0.45088660558413,0.977221229064429,-0.526334623480271
4.59207913781427,-0.474755076235304,0.978052797198237,-0.503297720962929
4.59216730515426,-0.498259347439484,0.978134045804491,-0.47987469836499
4.59225547249426,-0.521381374661561,0.977464901022586,-0.456083526360985
4.59234363983425,-0.54410342685735,0.976045887113922,-0.431942460256522
4.59243180717424,-0.566408062661572,0.973878081908987,-0.407470019247378
4.59251997451424,-0.588278178850184,0.970963158894953,-0.382684980044759
4.59262837874672,-0.614547260897503,0.966358521954019,-0.351811261056505
4.59273678297919,-0.640103807560552,0.960633178041851,-0.320529370481291
4.59284518721167,-0.664918089800878,0.953793776928196,-0.288875687127313
4.59295359144415,-0.688961318146063,0.945848261502137,-0.256886943356066
4.59306199567663,-0.712205579285111,0.936805841730535,-0.224600262445426
4.59317039990911,-0.734623926553166,0.926677009745738,-0.192053083192523
4.59327880414159,-0.7561903406284,0.915473505899748,-0.159283165271322
4.59338720837407,-0.776879823621693,0.903208327738044,-0.126328504116321
4.59349561260655,-0.796668363566454,0.889895693275814,-0.0932273297093284
4.59360401683903,-0.815533024633747,0.875551045864198,-0.0600180212303799
4.59371242107151,-0.833451912380505,0.860191015427445,-0.0267391030469493
4.59382082530399,-0.850404259042266,0.843833419600994,0.00657083944131637
4.59392922953647,-0.8663703889164,0.826497223071775,0.039873165844672
4.59399684269211,-0.875821450808748,0.815197372848241,0.0606240779605449
4.59406445584775,-0.884877279823946,0.803529812239599,0.0813474675844003
4.59413206900339,-0.893533835982885,0.791499759050159,0.10203407693276
4.59419968215903,-0.901787207138004,0.779112632642874,0.122674574495118
4.594291841447,-0.912380655301768,0.761663842971993,0.150716812329784
4.59438400073497,-0.922209361619767,0.743576564112042,0.178632797507707
4.59444420061368,-0.928212928145567,0.731423873952702,0.196789054192883
4.5945044004924,-0.933884464450311,0.719009633445411,0.214874831004922
4.59456460037111,-0.93922196712269,0.706338251190978,0.232883715931752
4.59462480024982,-0.944223514954264,0.69341426054224,0.250809254412064
4.5946973005097,-0.949798509566125,0.677520921166292,0.272277588399867
4.59476980076959,-0.95488077941129,0.661276103666309,0.293604675745001
4.59484230102947,-0.959467701616988,0.644688236450831,0.314779465166205
4.59491480128935,-0.963556882388243,0.627765935159601,0.335790947228685
4.59498730154923,-0.967146214213313,0.610517974243639,0.356628239969663
4.59505980180911,-0.970233822224607,0.592953308276135,0.377280513948467
4.59514796914478,-0.973310239097317,0.571179639099745,0.402130599997594
4.59523613648044,-0.975639966472036,0.548967717784184,0.426672248687879
4.59532430381611,-0.977221227178635,0.526334618426386,0.450886608752269
4.59541247115178,-0.978052795217724,0.503297717010733,0.474755078206986
4.59550063848745,-0.978134043802857,0.479874695553171,0.498259348249656
4.59558880582312,-0.977464899073407,0.456083524725759,0.521381374347664
4.59567697315878,-0.976045885290796,0.431942459831196,0.544103425459579
4.59576514049445,-0.973878080285203,0.407470020062651,0.566408060222562
4.59585330783012,-0.97096315754352,0.382684982128427,0.58827817541512
4.59596171206259,-0.966358520783685,0.351811263210391,0.614547257573321
4.59607011629507,-0.960633177051805,0.320529372699729,0.64010380435206
4.59617852052754,-0.953793776117373,0.288875689404308,0.664918086713026
4.59628692476002,-0.945848260869232,0.256886945685793,0.688961315183462
4.59639532899249,-0.936805841274132,0.224600264821826,0.712205576452268
4.59650373322496,-0.926677009464023,0.192053085609546,0.734623923854511
4.59661213745744,-0.91547350579095,0.159283167722929,0.756190338068039
4.59672054168991,-0.903208327800019,0.12632850659634,0.776879821203708
4.59682894592239,-0.889895693506303,0.0932273322115434,0.796668361294761
4.59693735015486,-0.875551046260691,0.0600180237487068,0.815533022511995
4.59704575438734,-0.860191015987327,0.0267391055750692,0.833451910412248
4.59715415861981,-0.843833420321348,-0.00657083690955836,0.850404257230923
4.59726256285228,-0.826497223949554,-0.0398731633155978,0.86637038726515
4.59733017600879,-0.815197373674286,-0.0606240757040392,0.875821449378334
4.5973977891653,-0.803529813003291,-0.0813474656019646,0.884877278605258
4.59746540232181,-0.79149975974094,-0.102034075225578,0.893533834966552
4.59753301547832,-0.779112633250412,-0.122674573064041,0.901787206314441
4.59762517473994,-0.761663848757916,-0.150716802916885,0.912380651674756
4.59771733400156,-0.743576575435017,-0.178632780195235,0.922209355630234
4.59777753390227,-0.731423881080185,-0.19678904357552,0.928212924655726
4.59783773380298,-0.719009636183073,-0.214874827036041,0.9338844632191
4.59789793370369,-0.706338249349047,-0.232883718557773,0.939221967906827
4.5979581336044,-0.693414253936088,-0.250809263572236,0.944223517508297
4.59803063386448,-0.677520914411219,-0.272277597579794,0.949798511991022
4.59810313412456,-0.661276096762841,-0.293604684940672,0.954880781703475
4.59817563438465,-0.644688229399629,-0.314779474373366,0.959467703772976
4.59824813464473,-0.627765927961444,-0.335790956443208,0.963556884404671
4.59832063490481,-0.610517966899427,-0.356628249187206,0.967146216086639
4.59839313516489,-0.592953300786847,-0.377280523164761,0.970233823951602
4.59848130247716,-0.57117963733351,-0.402130602583579,0.973310239917087
4.59856946978943,-0.548967721973686,-0.426672244807231,0.975639966780933
4.5986576371017,-0.52633462879042,-0.450886598583811,0.97722122737423
4.59874580441397,-0.503297733754112,-0.474755061944286,0.978052795698403
4.59883397172624,-0.479874718866497,-0.498259326100606,0.978134044967126
4.59892213903851,-0.456083554784931,-0.521381346534333,0.977464901319238
4.59901030635078,-0.431942496797369,-0.544103392217753,0.976045889015118
4.59909847366305,-0.407470064081707,-0.566408021801476,0.973878085883164
4.59918664097532,-0.382685033331058,-0.588278132077012,0.970963165408047
4.59929504520773,-0.351811315172223,-0.614547215429174,0.966358530601394
4.59940344944013,-0.32052942535849,-0.640103763455185,0.960633188813672
4.59951185367254,-0.28887574269716,-0.66491804711501,0.953793789812149
4.59962025790494,-0.256886999548877,-0.688961276934538,0.945848276483384
4.59972866213735,-0.224600319190815,-0.712205539601169,0.936805858791978
4.59983706636975,-0.192053140419296,-0.734623888448321,0.926677028867604
4.59994547060216,-0.159283222907913,-0.756190304152216,0.915473527060124
4.60005387483457,-0.126328562090403,-0.776879788822006,0.90320835091241
4.60016227906697,-0.0932273879482238,-0.796668330489173,0.889895718437385
4.60027068329938,-0.0600180796611207,-0.81553299332275,0.875551072983858
4.60037908753178,-0.026739161596211,-0.833451882877709,0.860191044473884
4.60048749176419,0.00657078084700721,-0.850404231387508,0.843833450540488
4.6005958959966,0.0398731072789379,-0.866370363147426,0.826497255868447
4.60066350920753,0.0606240364225083,-0.87582143380761,0.815197397385081
4.60073112241846,0.0813474430502275,-0.884877270953823,0.803529827903576
4.60079873562939,0.10203406935567,-0.893533834596418,0.79149976524074
4.60086634884032,0.122674583805385,-0.901787212578166,0.779112628772773
4.60095850808962,0.150716809882423,-0.91238065633697,0.76166384645452
4.60105066733892,0.178632783414342,-0.922209358893749,0.743576575479396
4.60111086723551,0.196789045549117,-0.928212927497281,0.731423881948153
4.6011710671321,0.21487482777384,-0.933884465684246,0.719009637910379
4.60123126702868,0.232883718070678,-0.939221970041411,0.706338251970731
4.60129146692527,0.250809261872515,-0.944223519358578,0.693414257486034
4.60136396718753,0.272277596547583,-0.949798514086134,0.677520917538505
4.6014364674498,0.293604684569048,-0.954880784014194,0.661276099445101
4.60150896771206,0.314779474654499,-0.959467706269709,0.644688231615177
4.60158146797433,0.335790957368116,-0.963556887057601,0.627765929689454
4.6016539682366,0.356628250746014,-0.967146218865861,0.610517968119811
4.60172646849886,0.377280525346517,-0.970233826826924,0.592953301480385
4.60181463579199,0.402130599401746,-0.973310242200215,0.571179642798467
4.60190280308512,0.42667223639955,-0.975639968796433,0.548967732396869
4.60199097037825,0.450886585100302,-0.977221229447747,0.526334644347415
4.60207913767138,0.474755043546941,-0.978052798155937,0.503297754608969
4.60216730496451,0.498259302963271,-0.978134048134707,0.479874745171427
4.60225547225764,0.521381318842159,-0.977464905522486,0.456083586680323
4.60234363955077,0.544103360167135,-0.976045894578466,0.431942534411307
4.6024318068439,0.566407985599751,-0.973878093129659,0.40747010752991
4.60251997413703,0.588278091942124,-0.970963174658666,0.382685082716508
4.60262837836937,0.614547176383043,-0.966358541633886,0.351811365250822
4.60273678260171,0.640103725546297,-0.960633201619863,0.320529476073518
4.60284518683405,0.66491801039073,-0.953793804381751,0.288875793990999
4.60295359106639,0.688961241440658,-0.945848292804189,0.256887051363526
4.60306199529874,0.712205505382184,-0.936805876849634,0.224600371467447
4.60317039953108,0.734623855547114,-0.926677048645751,0.192053193098621
4.60327880376342,0.75619027261036,-0.915473548540392,0.159283275930033
4.60338720799576,0.77687975867939,-0.903208374074505,0.12632861539507
4.6034956122281,0.796668301784193,-0.889895743258975,0.0932274414747388
4.60360401646044,0.815532966092189,-0.875551099440643,0.0600181333484542
4.60371242069279,0.833451857156484,-0.860191072539677,0.0267392153831581
4.60382082492513,0.850404207208973,-0.843833480187283,-0.00657072702171781
4.60392922915747,0.86637034054308,-0.826497287066289,-0.0398730534768152
4.60399684242226,0.875821419577073,-0.815197420379658,-0.0606239991974256
4.60406445568705,0.88487726447489,-0.803529842099811,-0.0813474223750495
4.60413206895184,0.893533835236849,-0.791499770056046,-0.102034065180811
4.60419968221663,0.901787219696377,-0.779112623637269,-0.122674596059095
4.60429184148006,0.912380664665831,-0.761663838293958,-0.150716826371875
4.60438400074349,0.922209368193529,-0.74357656410731,-0.17863280408621
4.60444420061379,0.928212933856348,-0.731423875627923,-0.196789058228403
4.60450440048408,0.933884469390874,-0.719009636873817,-0.214874832517088
4.60456460035438,0.939221971386756,-0.706338256443838,-0.232883714942939
4.60462480022468,0.944223518636273,-0.693414267688861,-0.250809250947414
4.60469730048903,0.949798513747061,-0.677520927445316,-0.272277586301743
4.60476980075338,0.95488078403118,-0.661276109031942,-0.293604674999246
4.60484230101773,0.959467706615302,-0.644688240858881,-0.314779465756471
4.60491480128209,0.963556887704058,-0.627765938567389,-0.335790949136676
4.60498730154644,0.967146219785067,-0.610517976610141,-0.356628243174951
4.60505980181079,0.970233827990594,-0.592953309561814,-0.377280518428772
4.60514796910828,0.973310243678623,-0.571179649900212,-0.4021305937784
4.60523613640577,0.975639970516071,-0.548967738472294,-0.426672232043803
4.60532430370326,0.97722123133482,-0.526334649352299,-0.450886581982506
4.60541247100076,0.978052800136323,-0.503297758501738,-0.474755041634607
4.60550063829825,0.978134050134232,-0.479874747913115,-0.498259302221137
4.60558880559574,0.977464907466919,-0.45608358823459,-0.521381319232322
4.60567697289323,0.976045896393607,-0.431942534744455,-0.544103361649169
4.60576514019072,0.973878094741624,-0.407470106611179,-0.56640798813048
4.60585330748821,0.970963175993784,-0.38268508051781,-0.588278095476003
4.60596171172056,0.966358542783805,-0.351811362980785,-0.614547179803036
4.6060701159529,0.960633202585446,-0.320529473738066,-0.640103728847411
4.60617852018525,0.95379380516425,-0.288875791596268,-0.664918013567983
4.60628692441759,0.94584829340488,-0.256887048915493,-0.688961244489419
4.60639532864994,0.936805877270007,-0.224600368972257,-0.712205508297769
4.60650373288228,0.926677048887666,-0.192053190562458,-0.734623858325193
4.60661213711463,0.915473548605734,-0.159283273359125,-0.756190275246625
4.60672054134697,0.90320837396545,-0.126328612795671,-0.776879761169801
4.60682894557932,0.889895742977932,-0.0932274388531788,-0.796668304124742
4.60693734981167,0.875551098990217,-0.0600181307111589,-0.81553296827907
4.60704575404401,0.860191071922572,-0.0267392127363561,-0.833451859186244
4.60715415827636,0.84383347940648,0.00657072967164284,-0.850404209078111
4.6072625625087,0.826497286124949,0.0398730561234465,-0.866370342248403
4.60733017577252,0.815197419505641,0.0606240015394876,-0.875821421045113
4.60739778903634,0.80352984130504,0.0813474244108915,-0.884877265715912
4.60746540230015,0.791499769352166,0.10203406690937,-0.893533836261525
4.60753301556397,0.77911262303574,0.122674597479711,-0.901787220515434
4.60762517485381,0.761663832502111,0.150716835793581,-0.912380668295658
4.60771733414365,0.743576552765614,0.178632821426567,-0.922209374192185
4.60777753399191,0.731423868488257,0.196789068863328,-0.928212937351585
4.60783773384018,0.719009634130883,0.214874836493197,-0.93388447062413
4.60789793368845,0.706338258287551,0.232883712314076,-0.939221970601635
4.60795813353672,0.693414274304228,0.250809241774352,-0.944223516078599
4.60803063380089,0.677520934205102,0.272277577115321,-0.949798511320427
4.60810313406506,0.661276115935406,0.293604665803478,-0.954880781738888
4.60817563432924,0.644688247905118,0.314779456555427,-0.959467704460548
4.60824813459341,0.627765945755485,0.335790939934466,-0.963556885689966
4.60832063485758,0.610517983938993,0.356628233975731,-0.967146217914733
4.60839313512175,0.592953317030379,0.377280509236679,-0.970233826267028
4.60848130244262,0.57117965165128,0.40213059120963,-0.973310242860911
4.60856946976348,0.548967734273517,0.426672235934771,-0.975639970208293
4.60865763708435,0.52633463898507,0.450886592154597,-0.977221231139675
4.60874580440521,0.50329774176142,0.47475505789452,-0.978052799655935
4.60883397172608,0.479874724609408,0.498259324361126,-0.978134048970503
4.60892213904694,0.456083558191653,0.521381347030574,-0.977464905222205
4.60901030636781,0.431942497801357,0.544103394870116,-0.97604589267149
4.60909847368868,0.4074700626222,0.566408026525084,-0.973878089147284
4.60918664100954,0.382685029352434,0.588278138782361,-0.970963168134743
4.60929504524195,0.351811311056693,0.614547221916324,-0.966358532973019
4.60940344947437,0.320529421117497,0.640103769714453,-0.960633190831923
4.60951185370678,0.288875738342057,0.664918053137124,-0.953793791479183
4.6096202579392,0.256886995091448,0.688961282710397,-0.94584827780181
4.60972866217161,0.224600314642651,0.712205545121984,-0.936805859764594
4.60983706640402,0.192053135792281,0.734623893705602,-0.926677029497859
4.60994547063644,0.15928321821401,0.756190309137764,-0.915473527351746
4.61005387486885,0.126328557341624,0.776879793527943,-0.903208350869569
4.61016227910126,0.0932273831567105,0.796668334907961,-0.889895718064627
4.61027068333368,0.060018074839001,0.815532997447115,-0.875551072286096
4.61037908756609,0.0267391567556803,0.833451886700752,-0.860191043456436
4.61048749179851,-0.00657078569373765,0.850404234902775,-0.843833449209009
4.61059589603092,-0.0398731121196268,0.866370366348599,-0.826497254228971
4.61066350924035,-0.0606240407902202,0.875821436603378,-0.815197395813145
4.61073112244977,-0.0813474469416284,0.884877273359688,-0.803529826418026
4.6107987356592,-0.102034072768087,0.893533836628344,-0.791499763860235
4.61086634886863,-0.122674586736814,0.901787214252392,-0.779112627515563
4.61095850817068,-0.150716828795847,0.91238066362309,-0.761663834827217
4.61105066747274,-0.178632818144889,0.92220937090883,-0.743576552763904
4.61111086732521,-0.196789066850767,0.928212934498827,-0.731423867648086
4.61117106717768,-0.214874835739927,0.933884468155682,-0.719009632415748
4.61123126703015,-0.232883712808957,0.939221968470781,-0.706338255661835
4.61129146688262,-0.250809243504847,0.944223514238216,-0.693414270733331
4.61136396714458,-0.272277578169716,0.949798509232419,-0.677520931062682
4.61143646740654,-0.293604666188734,0.954880779432902,-0.661276113244141
4.6115089676685,-0.314779456279545,0.959467701966541,-0.644688245686996
4.61158146793046,-0.335790939006591,0.963556883038104,-0.627765944031491
4.61165396819242,-0.356628232405871,0.967146215135436,-0.610517982729519
4.61172646845438,-0.377280507035865,0.970233823390812,-0.592953316354948
4.61181463579434,-0.402130594359457,0.973310240575998,-0.571179646216515
4.61190280313429,-0.426672244297786,0.975639968190952,-0.548967723893154
4.61199097047425,-0.450886605581172,0.977221229065178,-0.526334623483947
4.61207913781421,-0.474755076223086,0.978052797198913,-0.503297720975833
4.61216730515417,-0.498259347418303,0.978134045805802,-0.479874698387477
4.61225547249413,-0.521381374631722,0.97746490102509,-0.456083526393329
4.61234363983409,-0.544103426819265,0.976045887118185,-0.431942460298866
4.61243180717405,-0.566408062615521,0.973878081915622,-0.407470019300084
4.61251997451401,-0.588278178796591,0.970963158904552,-0.382684980107923
4.61262837874648,-0.614547260845196,0.966358521966018,-0.351811261120807
4.61273678297896,-0.640103807509474,0.960633178056276,-0.320529370546808
4.61284518721144,-0.664918089751193,0.953793776945081,-0.288875687193879
4.61295359144392,-0.688961318097774,0.945848261521501,-0.256886943423681
4.6130619956764,-0.712205579238444,0.93680584175231,-0.224600262513839
4.61317039990888,-0.734623926508152,0.926677009769917,-0.192053083261747
4.61327880414136,-0.756190340585038,0.915473505926382,-0.159283165341309
4.61338720837383,-0.776879823580078,0.903208327767077,-0.12632850418699
4.61349561260631,-0.796668363526702,0.88989569330726,-0.0932273297805198
4.61360401683879,-0.815533024595851,0.875551045898057,-0.0600180213021587
4.61371242107127,-0.833451912344552,0.860191015463733,-0.0267391031191302
4.61382082530375,-0.850404259008344,0.843833419639628,0.00657083936874021
4.61392922953623,-0.866370388884599,0.826497223112668,0.0398731657719524
4.61399684269194,-0.87582145078897,0.815197372877306,0.0606240779116758
4.61406445584766,-0.884877279815365,0.803529812255984,0.0813474675593764
4.61413206900338,-0.8935338359845,0.791499759053058,0.102034076931486
4.6141996821591,-0.901787207148939,0.779112632631448,0.122674574517501
4.61429184144706,-0.912380655311552,0.761663842961055,0.150716812350538
4.61438400073502,-0.922209361628506,0.743576564101737,0.178632797526762
4.61444420061371,-0.928212928151781,0.731423873946887,0.196789054204882
4.61450440049241,-0.933884464454254,0.719009633444293,0.214874831009955
4.6145646003711,-0.939221967124618,0.706338251194772,0.232883715929856
4.61462480024979,-0.944223514954426,0.69341426055104,0.250809254403394
4.6146973005097,-0.949798509568968,0.677520921167931,0.272277588401047
4.61476980076961,-0.954880779416328,0.661276103660444,0.293604675755926
4.61484230102953,-0.959467701623825,0.64468823643718,0.314779465186681
4.61491480128944,-0.963556882396476,0.627765935137969,0.335790947258519
4.61498730154936,-0.967146214222373,0.610517974213689,0.356628240008678
4.61505980180927,-0.970233822234115,0.592953308237583,0.377280513996544
4.61514796914497,-0.973310239106442,0.571179639052178,0.402130600054294
4.61523613648067,-0.975639966480267,0.548967717727445,0.426672248752819
4.61532430381637,-0.977221227185348,0.526334618360108,0.450886608825251
4.61541247115207,-0.97805279522238,0.503297716934689,0.47475507828772
4.61550063848777,-0.978134043804931,0.479874695467094,0.498259348337832
4.61558880582347,-0.977464899072345,0.456083524629424,0.521381374442902
4.61567697315918,-0.976045885285972,0.431942459724411,0.544103425561562
4.61576514049488,-0.973878080276175,0.407470019945306,0.566408060330843
4.61585330783058,-0.970963157529639,0.382684982000309,0.588278175529368
4.61596171206305,-0.96635852076506,0.351811263080162,0.614547257684892
4.61607011629553,-0.960633177028355,0.320529372567544,0.640103804460847
4.616178520528,-0.953793776089201,0.288875689270406,0.664918086818815
4.61628692476048,-0.94584826083633,0.256886945550205,0.688961315286137
4.61639532899295,-0.936805841236457,0.224600264684738,0.712205576551726
4.61650373322543,-0.926677009421722,0.192053085471167,0.734623923950572
4.6166121374579,-0.915473505744013,0.159283167583419,0.756190338160604
4.61672054169038,-0.903208327748424,0.126328506455777,0.776879821292643
4.61682894592285,-0.889895693450128,0.0932273320701373,0.796668361379997
4.61693735015533,-0.875551046200035,0.0600180236066491,0.815533022593368
4.6170457543878,-0.860191015922222,0.0267391054325312,0.833451910489694
4.61715415862028,-0.843833420251826,-0.00657083705248187,0.850404257304287
4.61726256285275,-0.826497223875675,-0.0398731634587024,0.86637038733438
4.61733017600911,-0.815197373623757,-0.0606240758001832,0.875821449423949
4.61739778916547,-0.803529812977745,-0.0813474656513121,0.884877278629063
4.61746540232182,-0.791499759741949,-0.102034075228367,0.893533834970313
4.61753301547818,-0.779112633279596,-0.122674573020459,0.901787206300045
4.61762517473978,-0.761663848792636,-0.150716802866249,0.912380651658897
4.61771733400138,-0.743576575475643,-0.17863278013765,0.922209355613256
4.61777753390215,-0.731423881107247,-0.196789043539429,0.928212924646638
4.61783773380293,-0.719009636195885,-0.214874827021276,0.933884463217147
4.61789793370371,-0.706338249347173,-0.232883718564048,0.939221967911211
4.61795813360449,-0.693414253918767,-0.250809263599459,0.944223517518223
4.6180306338646,-0.677520914388332,-0.272277597613666,0.949798512001999
4.6181031341247,-0.661276096734146,-0.293604684981057,0.954880781715201
4.61817563438481,-0.644688229364951,-0.314779474420179,0.959467703785138
4.61824813464491,-0.627765927920585,-0.33579095649633,0.96355688441689
4.61832063490502,-0.610517966852229,-0.356628249246415,0.967146216098672
4.61839313516513,-0.592953300733126,-0.377280523229963,0.970233823963061
4.61848130247745,-0.571179637264064,-0.40213060266436,0.973310239928405
4.61856946978978,-0.548967721887947,-0.426672244903118,0.975639966791057
4.61865763710211,-0.526334628687822,-0.450886598694313,0.977221227382149
4.61874580441444,-0.503297733634289,-0.474755062068855,0.978052795703156
4.61883397172677,-0.479874718728999,-0.498259326238702,0.978134044967691
4.6189221390391,-0.456083554629391,-0.521381346685297,0.977464901314681
4.61901030635142,-0.431942496623408,-0.544103392380958,0.976045889004355
4.61909847366375,-0.407470063889052,-0.566408021976258,0.973878085865312
4.61918664097608,-0.382685033119399,-0.588278132262639,0.970963165382067
4.61929504520849,-0.351811314957634,-0.614547215609913,0.966358530567523
4.61940344944089,-0.320529425141167,-0.640103763630762,0.960633188771945
4.6195118536733,-0.288875742477326,-0.664918047285328,0.953793789762646
4.6196202579057,-0.256886999326862,-0.688961277099343,0.945848276426153
4.61972866213811,-0.224600318966831,-0.712205539760291,0.936805858727123
4.61983706637051,-0.192053140193637,-0.734623888601516,0.926677028795122
4.61994547060292,-0.159283222680816,-0.756190304299361,0.915473526980145
4.62005387483533,-0.126328561862139,-0.776879788962911,0.903208350825025
4.62016227906773,-0.0932273877190874,-0.796668330623669,0.889895718342736
4.62027068330014,-0.0600180794313597,-0.815532993450679,0.875551072882019
4.62037908753254,-0.0267391613661046,-0.833451882998922,0.860191044365022
4.62048749176495,0.0065707810771995,-0.850404231501895,0.843833450424688
4.62059589599736,0.0398731075089356,-0.866370363254779,0.82649725574584
4.62066350920806,0.0606240365825229,-0.875821433879483,0.81519739729692
4.62073112241876,0.0813474431403862,-0.8848772709928,0.803529827852394
4.62079873562947,0.102034069376087,-0.893533834605118,0.791499765229036
4.62086634884017,0.122674583756506,-0.901787212559383,0.779112628802866
4.62095850808951,0.150716809846311,-0.912380656323979,0.76166384647766
4.62105066733886,0.17863278339095,-0.92220935888591,0.743576575494949
4.62111086723547,0.196789045534847,-0.928212927492742,0.73142388195789
4.62117106713209,0.214874827768662,-0.933884465682643,0.719009637913943
4.62123126702871,0.23288371807448,-0.939221970042443,0.706338251967935
4.62129146692532,0.250809261885322,-0.94422351936189,0.693414257476556
4.62136396718762,0.272277596568818,-0.949798514091188,0.677520917522359
4.62143646744991,0.29360468459851,-0.954880784020604,0.66127609942208
4.6215089677122,0.314779474692069,-0.959467706277106,0.644688231585034
4.6215814679745,0.335790957413655,-0.963556887065563,0.627765929651888
4.62165396823679,0.356628250799349,-0.967146218873989,0.610517968074648
4.62172646849909,0.377280525407413,-0.970233826834852,0.592953301427394
4.62181463579227,0.402130599477397,-0.973310242207921,0.571179642730503
4.62190280308546,0.42667223648959,-0.975639968803009,0.548967732313371
4.62199097037864,0.450886585204251,-0.977221229452146,0.526334644247896
4.62207913767183,0.474755043664325,-0.978052798157292,0.503297754492948
4.62216730496501,0.498259303093506,-0.978134048132095,0.479874745038545
4.6222554722582,0.521381318984591,-0.977464905514856,0.456083586530231
4.62234363955138,0.544103360321289,-0.976045894564927,0.431942534243589
4.62243180684457,0.566407985764835,-0.973878093109299,0.407470107344446
4.62251997413775,0.588278092117548,-0.970963174630492,0.382685082512921
4.6226283783701,0.614547176553658,-0.966358541598208,0.351811365044495
4.62273678260244,0.640103725711948,-0.960633201576674,0.320529475864702
4.62284518683478,0.664918010551097,-0.953793804331219,0.288875793780089
4.62295359106712,0.688961241595605,-0.945848292746395,0.256887051150726
4.62306199529946,0.712205505531552,-0.936805876784526,0.224600371252979
4.6231703995318,0.734623855690749,-0.926677048573539,0.19205319288275
4.62327880376414,0.756190272748111,-0.915473548461116,0.159283275713005
4.62338720799648,0.776879758811112,-0.903208373988231,0.126328615177131
4.62349561222882,0.796668301909668,-0.889895743165925,0.0932274412562504
4.62360401646116,0.815532966211231,-0.87555109934096,0.0600181331297171
4.62371242069351,0.833451857269081,-0.860191072433461,0.0267392151643623
4.62382082492585,0.850404207314964,-0.843833480074628,-0.00657072724036348
4.62392922915819,0.86637034064236,-0.826497286947301,-0.0398730536950408
4.62399684242276,0.875821419642439,-0.815197420293642,-0.0606239993488414
4.62406445568733,0.884877264508837,-0.803529842049133,-0.0813474224597108
4.62413206895191,0.893533835241976,-0.791499770043066,-0.102034065198918
4.62419968221648,0.901787219675222,-0.779112623664264,-0.122674596011011
4.62429184147994,0.91238066464898,-0.76166383831665,-0.150716826332369
4.62438400074339,0.922209368180521,-0.743576564125265,-0.178632804055298
4.62444420061373,0.928212933847486,-0.73142387563875,-0.196789058208724
4.62450440048406,0.93388446938572,-0.719009636877179,-0.214874832508558
4.6245646003544,0.939221971384877,-0.706338256439374,-0.232883714945529
4.62462480022473,0.944223518637266,-0.693414267676312,-0.25080925096097
4.62469730048908,0.949798513747406,-0.677520927433101,-0.272277586314349
4.62476980075343,0.954880784031022,-0.661276109020225,-0.293604675010821
4.62484230101778,0.959467706614656,-0.644688240847701,-0.314779465766996
4.62491480128213,0.963556887702944,-0.627765938556815,-0.335790949146139
4.62498730154647,0.967146219783523,-0.610517976600144,-0.356628243183414
4.62505980181082,0.970233827988639,-0.592953309552539,-0.377280518436135
4.62514796910832,0.973310243676534,-0.57117964988996,-0.402130593786578
4.62523613640581,0.975639970513754,-0.548967738460999,-0.426672232052785
4.62532430370331,0.977221231332129,-0.526334649339887,-0.450886581992271
4.6254124710008,0.978052800133338,-0.503297758488292,-0.474755041645066
4.6255006382983,0.978134050130838,-0.47987474789854,-0.498259302232289
4.62558880559579,0.97746490746304,-0.45608358821886,-0.521381319244189
4.62567697289329,0.97604589638921,-0.431942534727573,-0.544103361661629
4.62576514019078,0.973878094736613,-0.407470106593065,-0.566407988143552
4.62585330748828,0.970963175988114,-0.382685080498493,-0.588278095489639
4.62596171172062,0.966358542777404,-0.351811362960959,-0.614547179816456
4.62607011595297,0.96063320257832,-0.320529473717684,-0.640103728860649
4.62617852018532,0.953793805156336,-0.288875791575385,-0.664918013580977
4.62628692441766,0.945848293396235,-0.25688704889419,-0.688961244502048
4.62639532865001,0.936805877260583,-0.224600368950446,-0.712205508310126
4.62650373288235,0.926677048877399,-0.192053190540213,-0.734623858337235
4.6266121371147,0.915473548594701,-0.159283273336488,-0.756190275258247
4.62672054134705,0.903208373953649,-0.126328612772681,-0.776879761180975
4.62682894557939,0.889895742965281,-0.0932274388297755,-0.796668304135523
4.62693734981174,0.875551098976773,-0.0600181306874153,-0.815532968289338
4.62704575404409,0.860191071908366,-0.0267392127124122,-0.833451859195967
4.62715415827643,0.843833479391418,0.00657072969589,-0.850404209087309
4.62726256250878,0.8264972861091,0.0398730561479351,-0.866370342257037
4.62733017577256,0.815197419495499,0.0606240015528526,-0.875821421048347
4.62739778903634,0.803529841301035,0.081347424413163,-0.884877265714167
4.62746540230012,0.791499769354653,0.102034066900572,-0.89353383625523
4.6275330155639,0.779112623045157,0.122674597459824,-0.901787220504993
4.62762517485369,0.761663832522168,0.15071683575778,-0.912380668279958
4.62771733414347,0.743576552797074,0.178632821375005,-0.922209374172044
4.62777753399181,0.731423868506712,0.196789068832237,-0.928212937338921
4.62783773384014,0.719009634135771,0.214874836482438,-0.933884470618186
4.62789793368848,0.706338258278235,0.232883712323543,-0.939221970601764
4.62795813353682,0.693414274280155,0.250809241803831,-0.944223516083993
4.62803063380099,0.677520934180192,0.272277577145104,-0.949798511325298
4.62810313406516,0.661276115909559,0.293604665833635,-0.954880781743196
4.62817563432934,0.644688247878466,0.314779456585859,-0.959467704464323
4.62824813459351,0.627765945727897,0.335790939965211,-0.96355688569308
4.62832063485769,0.610517983910548,0.356628234006713,-0.967146217917254
4.62839313512186,0.59295331700098,0.377280509267923,-0.970233826268879
4.62848130244273,0.571179651618931,0.402130591243192,-0.973310242862122
4.62856946976361,0.548967734238207,0.426672235970526,-0.975639970208734
4.62865763708448,0.526334638946671,0.45088659219252,-0.977221231139198
4.62874580440536,0.503297741719883,0.474755057934427,-0.978052799654327
4.62883397172623,0.479874724564718,0.498259324402914,-0.978134048967616
4.62892213904711,0.45608355814367,0.521381347074226,-0.977464905217895
4.62901030636799,0.431942497750128,0.544103394915409,-0.976045892665569
4.62909847368886,0.407470062567597,0.566408026571997,-0.973878089139584
4.62918664100974,0.382685029294438,0.588278138830692,-0.970963168125121
4.62929504524215,0.351811310996535,0.614547221964613,-0.966358532961145
4.62940344947457,0.320529421055185,0.640103769762584,-0.960633190817751
4.62951185370699,0.288875738277669,0.664918053184914,-0.953793791462606
4.62962025793941,0.256886995025068,0.688961282757722,-0.945848277782755
4.62972866217183,0.224600314574328,0.712205545168719,-0.936805859743031
4.62983706640424,0.192053135722095,0.734623893751633,-0.926677029473669
4.62994547063666,0.159283218141945,0.75619030918296,-0.915473527324876
4.63005387486908,0.126328557267878,0.77687979357211,-0.903208350839994
4.6301622791015,0.0932273830812366,0.796668334951037,-0.88989571803226
4.63027068333392,0.0600180747619128,0.815532997488988,-0.875551072250865
4.63037908756634,0.0267391566770881,0.833451886741249,-0.860191043418319
4.63048749179875,-0.00657078577374167,0.850404234941731,-0.843833449167968
4.63059589603117,-0.0398731122010335,0.866370366385992,-0.826497254184922
4.63066350924051,-0.0606240408434797,0.875821436626782,-0.815197395783252
4.63073112244984,-0.0813474469668376,0.884877273370169,-0.803529826403279
4.63079873565918,-0.102034072765257,0.893533836626965,-0.791499763861668
4.63086634886851,-0.122674586706145,0.901787214240257,-0.779112627534101
4.63095850817054,-0.150716828755734,0.912380663608321,-0.761663834852566
4.63105066747256,-0.178632818095492,0.922209370892079,-0.74357655279654
4.63111086732509,-0.19678906681934,0.92821293448876,-0.731423867669399
4.63117106717762,-0.214874835726419,0.933884468151634,-0.719009632425183
4.63123126703015,-0.232883712813123,0.939221968472134,-0.706338255658997
4.63129146688268,-0.250809243526641,0.944223514244242,-0.693414270717599
4.63136396714464,-0.272277578191622,0.949798509238112,-0.677520931046454
4.6314364674066,-0.293604666210827,0.954880779438243,-0.661276113227369
4.63150896766856,-0.314779456301775,0.959467701971508,-0.644688245669697
4.63158146793052,-0.335790939028908,0.963556883042625,-0.627765944013706
4.63165396819248,-0.356628232428328,0.967146215139545,-0.610517982711205
4.63172646845445,-0.377280507058408,0.970233823394482,-0.592953316336077
4.63181463579439,-0.40213059437652,0.973310240578557,-0.571179646202015
4.63190280313433,-0.426672244309529,0.975639968192642,-0.548967723883111
4.63199097047427,-0.45088660558773,0.977221229066309,-0.526334623478565
4.63207913781421,-0.474755076224549,0.978052797199884,-0.503297720975348
4.63216730515415,-0.498259347414855,0.978134045806882,-0.479874698392015
4.63225547249409,-0.521381374623482,0.977464901026589,-0.456083526403086
4.63234363983403,-0.544103426806468,0.976045887120444,-0.431942460313957
4.63243180717397,-0.56640806259834,0.973878081918955,-0.407470019320591
4.63251997451391,-0.588278178775233,0.97096315890926,-0.382684980133973
4.63262837874638,-0.614547260824704,0.966358521971733,-0.351811261147011
4.63273678297886,-0.640103807489919,0.960633178062953,-0.320529370573011
4.63284518721134,-0.664918089732521,0.953793776952655,-0.28887568722014
4.63295359144382,-0.688961318080024,0.945848261530005,-0.256886943449969
4.6330619956763,-0.712205579221594,0.936805841761736,-0.224600262540146
4.63317039990878,-0.734623926492201,0.926677009780226,-0.192053083287977
4.63327880414126,-0.756190340570006,0.915473505937563,-0.159283165367508
4.63338720837374,-0.776879823566029,0.903208327779059,-0.126328504212988
4.63349561260622,-0.796668363513563,0.889895693319943,-0.093227329806365
4.6336040168387,-0.815533024583695,0.875551045911458,-0.060018021327713
4.63371242107118,-0.833451912333379,0.860191015477824,-0.0267391031444373
4.63382082530366,-0.850404258998106,0.843833419654455,0.00657083934367279
4.63392922953614,-0.86637038887529,0.826497223128137,0.0398731657471626
4.63399684269188,-0.87582145078383,0.815197372888757,0.060624077895094
4.63406445584763,-0.884877279814058,0.803529812263094,0.081347467550996
4.63413206900337,-0.893533835986745,0.791499759055493,0.102034076931303
4.63419968215912,-0.9017872071544,0.77911263262902,0.12267457452538
4.63429184144702,-0.912380655310794,0.761663842969118,0.150716812341702
4.63438400073493,-0.9222093616224,0.743576564121059,0.178632797501353
4.63444420061366,-0.928212928149339,0.731423873959902,0.196789054189467
4.63450440049238,-0.933884464455095,0.719009633450732,0.214874831004409
4.6345646003711,-0.939221967128447,0.706338251194313,0.232883715934157
4.63462480024983,-0.944223514960864,0.693414260543465,0.250809254417394
4.63469730050973,-0.949798509574586,0.677520921161719,0.272277588412896
4.63476980076964,-0.954880779421297,0.661276103655712,0.293604675765629
4.63484230102955,-0.959467701628208,0.644688236433962,0.31477946519425
4.63491480128945,-0.963556882400325,0.627765935136266,0.335790947264068
4.63498730154936,-0.967146214225848,0.610517974213657,0.356628240012181
4.63505980180927,-0.970233822237225,0.592953308239254,0.377280513998008
4.63514796914493,-0.973310239108361,0.571179639064298,0.402130600044071
4.63523613648058,-0.975639966481598,0.548967717750372,0.426672248731262
4.63532430381624,-0.977221227186872,0.526334618394315,0.450886608792586
4.6354124711519,-0.978052795224769,0.503297716980454,0.474755078244367
4.63550063848756,-0.978134043808897,0.479874695524773,0.498259348284144
4.63558880582322,-0.977464899078635,0.456083524699275,0.521381374379359
4.63567697315888,-0.976045885295265,0.431942459806741,0.544103425488544
4.63576514049454,-0.973878080289137,0.407470020040313,0.566408060248827
4.6358533078302,-0.970963157547075,0.38268498210836,0.58827817543874
4.63596171206267,-0.966358520786552,0.351811263190729,0.614547257595822
4.63607011629514,-0.960633177054024,0.320529372680553,0.640103804373504
4.63617852052761,-0.95379377611905,0.288875689385737,0.664918086733324
4.63628692476008,-0.945848260870411,0.256886945667747,0.688961315202689
4.63639532899256,-0.936805841274824,0.22460026480441,0.712205576470441
4.63650373322503,-0.926677009464421,0.192053085592805,0.734623923871599
4.6366121374575,-0.915473505791003,0.159283167706827,0.756190338084163
4.63672054168997,-0.903208327799796,0.126328506580972,0.77687982121883
4.63682894592244,-0.889895693505865,0.0932273321969536,0.796668361308928
4.63693735015491,-0.875551046260091,0.0600180237348247,0.815533022525269
4.63704575438738,-0.860191015986651,0.0267391055619976,0.83345191042464
4.63715415861986,-0.843833420320671,-0.00657083692178997,0.850404257242472
4.63726256285233,-0.826497223948837,-0.0398731633270478,0.866370387275894
4.63733017600882,-0.815197373675492,-0.0606240757116029,0.875821449387102
4.63739778916532,-0.803529813006504,-0.0813474656056938,0.884877278612224
4.63746540232182,-0.79149975974632,-0.102034075225507,0.893533834971809
4.63753301547831,-0.779112633258039,-0.122674573060182,0.901787206318217
4.63762517473995,-0.761663848763691,-0.150716802915993,0.912380651679697
4.63771733400158,-0.743576575438783,-0.178632780197331,0.922209355636123
4.63777753390229,-0.73142388108355,-0.196789043578184,0.928212924661741
4.637837733803,-0.719009636185938,-0.214874827039308,0.933884463225238
4.63789793370371,-0.706338249351459,-0.232883718561584,0.939221967913043
4.63795813360442,-0.69341425393798,-0.250809263576614,0.944223517514587
4.63803063386449,-0.677520914414449,-0.272277597582217,0.949798511996656
4.63810313412457,-0.661276096767513,-0.293604684941134,0.954880781708621
4.63817563438465,-0.644688229405682,-0.314779474372013,0.959467703777696
4.63824813464472,-0.627765927968989,-0.33579095643997,0.963556884408962
4.6383206349048,-0.610517966908479,-0.35662824918221,0.967146216090701
4.63839313516488,-0.592953300797503,-0.377280523157984,0.970233823955502
4.63848130247716,-0.571179637340805,-0.402130602580767,0.973310239921587
4.63856946978944,-0.548967721977385,-0.426672244808325,0.975639966785699
4.63865763710173,-0.526334628790371,-0.450886598588743,0.977221227379116
4.63874580441401,-0.503297733750279,-0.474755061952836,0.978052795703103
4.6388339717263,-0.479874718858666,-0.498259326112785,0.978134044971455
4.63892213903858,-0.456083554773024,-0.521381346549954,0.977464901322994
4.63901030635086,-0.431942496781241,-0.544103392236697,0.976045889017928
4.63909847366315,-0.407470064061394,-0.56640802182353,0.973878085884927
4.63918664097543,-0.382685033306444,-0.588278132102031,0.970963165408478
4.63929504520783,-0.351811315148356,-0.614547215452501,0.966358530600831
4.63940344944023,-0.320529425335557,-0.640103763476721,0.960633188812291
4.63951185367264,-0.288875742675081,-0.664918047134914,0.953793789809984
4.63962025790504,-0.256886999527866,-0.688961276952793,0.945848276480636
4.63972866213744,-0.224600319170868,-0.7122055396178,0.93680585878867
4.63983706636984,-0.192053140400473,-0.734623888463359,0.926677028863844
4.63994547060224,-0.159283222890253,-0.756190304165751,0.915473527055994
4.64005387483464,-0.126328562074026,-0.77687978883403,0.903208350908029
4.64016227906704,-0.0932273879330504,-0.796668330499806,0.889895718432881
4.64027068329944,-0.0600180796472856,-0.815532993332009,0.875551072979307
4.64037908753185,-0.0267391615836172,-0.833451882885667,0.860191044469286
4.64048749176425,0.00657078085820918,-0.850404231394263,0.843833450536048
4.64059589599665,0.0398731072887502,-0.86637036315299,0.826497255864228
4.64066350920759,0.0606240364346997,-0.875821433813964,0.815197397379214
4.64073112241853,0.0813474430647818,-0.884877270960784,0.803529827896015
4.64079873562947,0.102034069372582,-0.893533834603964,0.791499765231382
4.64086634884041,0.122674583824634,-0.901787212586213,0.779112628761589
4.64095850808978,0.150716809922906,-0.912380656352115,0.761663846429168
4.64105066733915,0.178632783475795,-0.922209358914765,0.74357657543896
4.64111086723566,0.196789045586795,-0.928212927509489,0.731423881922687
4.64117106713216,0.214874827787889,-0.933884465688447,0.71900963790057
4.64123126702867,0.232883718061225,-0.939221970038544,0.7063382519773
4.64129146692518,0.250809261839892,-0.944223519349472,0.693414257509556
4.64136396718748,0.272277596525086,-0.949798514080136,0.677520917554987
4.64143646744978,0.29360468455665,-0.95488078401081,0.661276099454127
4.64150896771208,0.314779474651959,-0.959467706268479,0.644688231616509
4.64158146797438,0.33579095737531,-0.963556887058081,0.627765929682729
4.64165396823668,0.356628250762718,-0.96714621886756,0.610517968104845
4.64172646849898,0.377280525372601,-0.970233826829395,0.59295330145676
4.64181463579219,0.402130599451958,-0.973310242204385,0.571179642752423
4.64190280308541,0.426672236473291,-0.975639968800822,0.548967732327519
4.64199097037863,0.450886585196848,-0.977221229450822,0.526334644253975
4.64207913767185,0.474755043665559,-0.978052798156251,0.503297754490686
4.64216730496506,0.498259303103088,-0.978134048130766,0.479874745027649
4.64225547225828,0.521381319002355,-0.977464905512784,0.456083586510401
4.6423436395515,0.544103360346836,-0.976045894561478,0.431942534214633
4.64243180684472,0.566407985797837,-0.973878093104016,0.407470107306134
4.64251997413793,0.588278092157674,-0.97096317462278,0.382685082465092
4.64262837837027,0.61454717659277,-0.96635854158863,0.351811364995801
4.64273678260262,0.640103725750066,-0.960633201565183,0.320529475815126
4.64284518683496,0.664918010588109,-0.953793804317819,0.288875793729692
4.6429535910673,0.688961241631507,-0.945848292731076,0.256887051099587
4.64306199529964,0.71220550556619,-0.936805876767393,0.224600371201161
4.64317039953198,0.734623855724141,-0.926677048554496,0.192053192830325
4.64327880376433,0.756190272780145,-0.915473548440239,0.159283275660034
4.64338720799667,0.776879758841856,-0.903208373965472,0.126328615123579
4.64349561222901,0.796668301939062,-0.889895743141256,0.0932274412021546
4.64360401646135,0.815532966239183,-0.87555109931437,0.0600181330751889
4.64371242069369,0.833451857295498,-0.860191072405014,0.026739215109517
4.64382082492603,0.850404207339809,-0.84383348004439,-0.00657072729546199
4.64392922915838,0.866370340665587,-0.826497286915281,-0.0398730537503209
4.6439968424229,0.875821419657478,-0.815197420269414,-0.0606239993880877
4.64406445568742,0.884877264516213,-0.803529842033382,-0.0813474224828539
4.64413206895194,0.893533835242341,-0.791499770036302,-0.102034065206053
4.64419968221646,0.901787219669215,-0.779112623666998,-0.122674596002228
4.64429184147997,0.912380664649299,-0.761663838308838,-0.150716826340478
4.64438400074348,0.922209368186232,-0.743576564106238,-0.178632804080019
4.64444420061379,0.928212933849939,-0.731423875625097,-0.196789058224854
4.6445044004841,0.933884469385308,-0.719009636869137,-0.214874832516175
4.6445646003544,0.93922197138187,-0.706338256437197,-0.232883714944702
4.64462480022471,0.944223518631999,-0.693414267680227,-0.25080925095178
4.64469730048905,0.949798513741962,-0.677520927438288,-0.272277586303697
4.6447698007534,0.954880784025419,-0.661276109026609,-0.293604674998811
4.64484230101774,0.959467706609015,-0.644688240855336,-0.314779465753697
4.64491480128209,0.96355688769727,-0.627765938565683,-0.335790949131585
4.64498730154643,0.967146219777946,-0.610517976610363,-0.35662824316758
4.64505980181077,0.970233827983176,-0.592953309564027,-0.377280518419169
4.6451479691083,0.973310243672493,-0.571179649893701,-0.402130593778792
4.64523613640583,0.975639970510588,-0.548967738456661,-0.426672232053934
4.64532430370335,0.97722123132932,-0.526334649327229,-0.450886582002092
4.64541247100088,0.978052800130266,-0.503297758466915,-0.474755041663374
4.64550063829841,0.978134050127028,-0.479874747868293,-0.498259302258754
4.64558880559593,0.977464907457924,-0.456083588179466,-0.521381319278476
4.64567697289346,0.976045896382243,-0.431942534678809,-0.544103361703427
4.64576514019099,0.973878094727274,-0.407470106534789,-0.566407988192504
4.64585330748851,0.970963175975825,-0.382685080430398,-0.588278095545489
4.64596171172086,0.966358542762486,-0.351811362890841,-0.614547179871668
4.64607011595321,0.960633202560772,-0.320529473645732,-0.640103728915027
4.64617852018556,0.95379380513603,-0.2888757915016,-0.664918013634454
4.64628692441791,0.945848293373135,-0.256887048818635,-0.688961244554527
4.64639532865026,0.936805877234639,-0.224600368873147,-0.712205508361491
4.64650373288261,0.926677048848585,-0.192053190461272,-0.734623858387315
4.64661213711496,0.915473548562951,-0.159283273255962,-0.756190275307001
4.64672054134731,0.903208373918951,-0.126328612690661,-0.776879761228292
4.64682894557966,0.889895742927611,-0.0932274387464231,-0.796668304181171
4.64693734981201,0.875551098935999,-0.0600181306026764,-0.815532968333352
4.64704575404436,0.860191071864533,-0.0267392126264184,-0.833451859238122
4.64715415827671,0.843833479344559,0.00657072978293468,-0.850404209127492
4.64726256250906,0.826497286059151,0.0398730562359847,-0.866370342295154
4.64733017577277,0.815197419457146,0.0606240016170699,-0.875821421074249
4.64739778903647,0.803529841275153,0.0813474244535689,-0.884877265728726
4.64746540230017,0.791499769342024,0.102034066917315,-0.893533836259334
4.64753301556388,0.779112623046607,0.122674597452959,-0.90178722049961
4.64762517485365,0.761663832526424,0.150716835746809,-0.912380668273243
4.64771733414342,0.743576552804258,0.178632821360052,-0.922209374164305
4.64777753399178,0.731423868509004,0.196789068824934,-0.928212937333938
4.64783773384014,0.719009634132959,0.214874836482663,-0.933884470615657
4.6478979336885,0.706338258270155,0.232883712331197,-0.939221970601362
4.64795813353687,0.693414274266557,0.250809241818899,-0.944223516085447
4.64803063380106,0.677520934161868,0.272277577166065,-0.949798511327923
4.64810313406525,0.66127611588632,0.293604665860393,-0.954880781746713
4.64817563432945,0.644688247850051,0.314779456618382,-0.959467704468448
4.64824813459364,0.627765945694288,0.335790940003281,-0.963556885697569
4.64832063485783,0.610517983871458,0.356628234050325,-0.967146217921771
4.64839313512203,0.592953316956262,0.377280509316918,-0.970233826273162
4.64848130244294,0.571179651563487,0.402130591302667,-0.973310242866163
4.64856946976386,0.548967734171756,0.426672236040162,-0.9756399702119
4.64865763708477,0.526334638868848,0.450886592271931,-0.977221231140753
4.64874580440569,0.503297741630483,0.474755058023254,-0.978052799653685
4.6488339717266,0.47987472446337,0.498259324500744,-0.978134048964116
4.64892213904751,0.456083558030186,0.521381347180643,-0.97746490521078
4.64901030636843,0.431942497624282,0.544103395029957,-0.976045892654236
4.64909847368934,0.40747006242917,0.566408026694252,-0.973878089123413
4.64918664101026,0.382685029143233,0.588278138960177,-0.970963168103402
4.64929504524268,0.351811310843442,0.614547222090571,-0.966358532934016
4.64940344947509,0.320529420900301,0.64010376988496,-0.960633190785212
4.64951185370751,0.28887573812117,0.664918053303567,-0.953793791424719
4.64962025793993,0.256886994867031,0.688961282872541,-0.945848277739558
4.64972866217235,0.224600314415052,0.712205545279579,-0.936805859694633
4.64983706640477,0.192053135561734,0.734623893858371,-0.926677029420082
4.64994547063718,0.159283217980639,0.756190309285522,-0.915473527266134
4.6500538748696,0.126328557105838,0.776879793670366,-0.903208350776186
4.65016227910202,0.0932273829186183,0.796668335044851,-0.889895717963469
4.65027068333444,0.0600180745989111,0.815532997578278,-0.875551072177165
4.65037908756686,0.0267391565138728,0.833451886825923,-0.860191043339773
4.65048749179928,-0.00657078593696771,0.850404235021673,-0.843833449084671
4.65059589603169,-0.0398731123641046,0.866370366461123,-0.826497254096982
4.65066350924087,-0.0606240409571437,0.875821436676919,-0.815197395719738
4.65073112245004,-0.0813474470311702,0.884877273397151,-0.803529826365962
4.65079873565922,-0.102034072780392,0.893533836632661,-0.79149976385226
4.65086634886839,-0.12267458667221,0.901787214226621,-0.779112627554396
4.65095850817034,-0.150716828697103,0.912380663586616,-0.761663834889518
4.65105066747228,-0.178632818012449,0.922209370863703,-0.743576552851212
4.65111086732492,-0.196789066770731,0.928212934472937,-0.731423867702187
4.65117106717756,-0.214874835711884,0.933884468147102,-0.719009632435214
4.6512312670302,-0.232883712832468,0.939221968477662,-0.706338255645156
4.65129146688285,-0.250809243579422,0.944223514258544,-0.693414270679114
4.65136396714479,-0.272277578239659,0.949798509250152,-0.677520931010498
4.65143646740674,-0.293604666254059,0.954880779448263,-0.661276113194173
4.65150896766868,-0.314779456340335,0.959467701979674,-0.644688245639299
4.65158146793063,-0.335790939062826,0.963556883049159,-0.627765943986346
4.65165396819258,-0.356628232457633,0.967146215144659,-0.610517982686974
4.65172646845452,-0.377280507083196,0.970233823398409,-0.592953316315204
4.65181463579444,-0.402130594395047,0.973310240581144,-0.571179646186071
4.65190280313436,-0.42667224432193,0.975639968194294,-0.548967723872376
4.65199097047428,-0.450886605594078,0.977221229067394,-0.526334623473287
4.6520791378142,-0.474755076225131,0.978052797200774,-0.503297720975623
4.65216730515411,-0.498259347409817,0.978134045807907,-0.479874698398041
4.65225547249403,-0.521381374613094,0.97746490102811,-0.456083526414976
4.65234363983395,-0.544103426790814,0.976045887122844,-0.431942460331981
4.65243180717387,-0.566408062577667,0.973878081922594,-0.40747001934491
4.65251997451379,-0.588278178749824,0.970963158914448,-0.382684980164637
4.65262837874627,-0.614547260800739,0.966358521978004,-0.351811261177237
4.65273678297875,-0.640103807467368,0.960633178070274,-0.320529370602877
4.65284518721124,-0.664918089711426,0.953793776960948,-0.288875687249502
4.65295359144372,-0.688961318060324,0.945848261539148,-0.256886943478797
4.6530619956762,-0.712205579203261,0.936805841771733,-0.224600262568466
4.65317039990868,-0.734623926475244,0.926677009790936,-0.192053083315693
4.65327880414116,-0.756190340554399,0.915473505948941,-0.159283165394525
4.65338720837365,-0.776879823551712,0.903208327791114,-0.126328504239366
4.65349561260613,-0.796668363500557,0.889895693332594,-0.0932273298320033
4.65360401683861,-0.815533024571905,0.875551045924612,-0.0600180213526662
4.65371242107109,-0.833451912322846,0.860191015491424,-0.0267391031685763
4.65382082530358,-0.850404258988795,0.84383341966839,0.00657083932039159
4.65392922953606,-0.866370388867116,0.826497223142442,0.0398731657246922
4.65399684269183,-0.875821450780258,0.815197372898275,0.060624077882014
4.65406445584761,-0.884877279814786,0.803529812267613,0.0813474675471761
4.65413206900338,-0.893533835991368,0.791499759054653,0.102034076936736
4.65419968215916,-0.90178720716254,0.77911263262247,0.12267457454007
4.65429184144709,-0.912380655321927,0.761663842956524,0.150716812365421
4.65438400073503,-0.922209361636056,0.743576564101966,0.178632797534096
4.65444420061372,-0.928212928158863,0.731423873947938,0.196789054210916
4.6545044004924,-0.93388446446094,0.719009633446261,0.21487483101469
4.65456460037109,-0.939221967130896,0.706338251197617,0.232883715933299
4.65462480024978,-0.944223514960415,0.693414260554839,0.250809254405571
4.65469730050969,-0.949798509574998,0.677520921171728,0.272277588403292
4.65476980076961,-0.954880779422468,0.66127610366418,0.293604675758314
4.65484230102952,-0.959467701630017,0.644688236440857,0.314779465189185
4.65491480128944,-0.96355688240268,0.627765935141461,0.335790947261247
4.65498730154935,-0.967146214228644,0.610517974217075,0.356628240011576
4.65505980180927,-0.970233822240435,0.592953308240824,0.377280513999611
4.6551479691449,-0.973310239110839,0.571179639071379,0.40213060003948
4.65523613648054,-0.975639966483826,0.548967717763128,0.426672248720705
4.65532430381618,-0.977221227189187,0.526334618412963,0.450886608776225
4.65541247115181,-0.978052795227572,0.503297717005223,0.47475507822234
4.65550063848745,-0.97813404381249,0.479874695555912,0.498259348256611
4.65558880582309,-0.977464899083438,0.456083524736934,0.521381374346518
4.65567697315872,-0.976045885301686,0.431942459851067,0.544103425450628
4.65576514049436,-0.973878080297513,0.407470020091443,0.566408060206069
4.65585330783,-0.970963157557777,0.382684982166261,0.58827817539151
4.65596171206247,-0.966358520799136,0.351811263247962,0.614547257551187
4.65607011629495,-0.960633177068315,0.320529372736867,0.640103804331446
4.65617852052743,-0.953793776134843,0.288875689441018,0.664918086693871
4.6562869247599,-0.945848260887733,0.256886945722068,0.68896131516567
4.65639532899238,-0.93680584129349,0.224600264857566,0.712205576435923
4.65650373322486,-0.926677009484219,0.192053085644667,0.734623923839573
4.65661213745733,-0.915473505811959,0.159283167757483,0.756190338054475
4.65672054168981,-0.903208327821731,0.12632850663022,0.776879821191495
4.65682894592229,-0.889895693528622,0.0932273322446869,0.79666836128393
4.65693735015476,-0.875551046283579,0.0600180237811286,0.815533022502456
4.65704575438724,-0.860191016010747,0.0267391056067077,0.833451910404017
4.65715415861972,-0.843833420345207,-0.0065708368787699,0.85040425722397
4.6572625628522,-0.826497223973713,-0.0398731632856962,0.866370387259423
4.65733017600873,-0.815197373695402,-0.0606240756805245,0.875821449375954
4.65739778916526,-0.803529813021085,-0.0813474655849585,0.884877278606064
4.65746540232179,-0.791499759755132,-0.102034075215111,0.893533834970233
4.65753301547832,-0.779112633260798,-0.122674573060018,0.901787206320821
4.65762517473991,-0.761663848772897,-0.150716802905588,0.912380651678535
4.65771733400151,-0.743576575455004,-0.178632780176745,0.922209355631754
4.65777753390224,-0.731423881095735,-0.19678904356402,0.928212924659741
4.65783773380298,-0.719009636193834,-0.214874827031602,0.933884463225436
4.65789793370371,-0.706338249354969,-0.232883718560224,0.939221967915176
4.65795813360444,-0.693414253936843,-0.250809263581598,0.944223517518411
4.65803063386451,-0.677520914413741,-0.27227759758648,0.949798512000238
4.65810313412459,-0.661276096767199,-0.293604684944719,0.954880781711891
4.65817563438466,-0.644688229405862,-0.314779474374866,0.959467703780736
4.65824813464473,-0.627765927969645,-0.335790956442155,0.963556884411784
4.65832063490481,-0.610517966909792,-0.356628249183599,0.967146216093348
4.65839313516488,-0.59295330079938,-0.37728052315867,0.970233823958033
4.65848130247718,-0.571179637338412,-0.402130602586174,0.973310239924531
4.65856946978948,-0.548967721970603,-0.426672244818321,0.975639966788897
4.65865763710178,-0.526334628778965,-0.450886598603261,0.977221227382206
4.65874580441408,-0.503297733734072,-0.47475506197177,0.978052795705854
4.65883397172639,-0.479874718837613,-0.498259326135881,0.978134044973506
4.65892213903869,-0.456083554747021,-0.521381346577041,0.977464901324031
4.65901030635099,-0.431942496750197,-0.544103392267613,0.97604588901775
4.65909847366329,-0.407470064025193,-0.566408021858062,0.973878085883254
4.65918664097559,-0.382685033264937,-0.588278132140044,0.970963165404964
4.65929504520799,-0.351811315105394,-0.6145472154902,0.966358530595581
4.6594034494404,-0.320529425290991,-0.640103763514146,0.960633188805119
4.6595118536728,-0.288875742629059,-0.664918047171912,0.953793789800939
4.65962025790521,-0.256886999480362,-0.688961276989269,0.945848276469626
4.65972866213761,-0.224600319121813,-0.712205539653745,0.936805858775574
4.65983706637002,-0.192053140350039,-0.734623888498622,0.926677028848647
4.65994547060242,-0.159283222838462,-0.756190304200233,0.91547352703866
4.66005387483483,-0.126328562020896,-0.776879788867677,0.903208350888518
4.66016227906723,-0.0932273878786474,-0.796668330532486,0.889895718411105
4.66027068329964,-0.0600180795916437,-0.815532993363638,0.875551072955269
4.66037908753204,-0.0267391615269035,-0.833451882916135,0.860191044443024
4.66048749176445,0.0065707809160833,-0.850404231423484,0.843833450507386
4.66059589599685,0.03987310734767,-0.86637036318089,0.826497255833218
4.66066350920771,0.0606240364691449,-0.875821433829812,0.815197397360639
4.66073112241857,0.0813474430747337,-0.884877270965529,0.803529827890742
4.66079873562943,0.102034069358186,-0.893533834598509,0.791499765240297
4.66086634884029,0.122674583785994,-0.90178721257147,0.779112628785438
4.6609585080897,0.150716809894856,-0.912380656342132,0.761663846447261
4.6610506673391,0.178632783458207,-0.92220935890896,0.743576575450724
4.66111086723563,0.19678904557615,-0.928212927506209,0.731423881930033
4.66117106713216,0.214874827784157,-0.933884465687419,0.719009637903236
4.66123126702869,0.232883718064456,-0.939221970039448,0.706338251974982
4.66129146692523,0.250809261849874,-0.944223519352085,0.6934142575022
4.66136396718748,0.272277596521576,-0.949798514079077,0.677520917557479
4.66143646744973,0.293604684539664,-0.95488078400675,0.661276099467046
4.66150896771198,0.314779474621709,-0.959467706262015,0.644688231640316
4.66158146797424,0.335790957332085,-0.963556887049881,0.627765929717758
4.66165396823649,0.356628250706717,-0.967146218858249,0.610517968151466
4.66172646849874,0.377280525304055,-0.970233826819541,0.592953301515479
4.66181463579193,0.402130599374991,-0.973310242195494,0.57117964282051
4.66190280308511,0.426672236388167,-0.97563996879344,0.548967732405262
4.6619909703783,0.4508865851039,-0.977221229445546,0.526334644341627
4.66207913767148,0.474755043565163,-0.978052798153584,0.503297754588406
4.66216730496467,0.498259302995549,-0.978134048131324,0.479874745135765
4.66225547225785,0.521381318888057,-0.977464905517062,0.456083586629
4.66234363955104,0.544103360226094,-0.9760458945701,0.431942534343975
4.66243180684422,0.566407985671128,-0.973878093117488,0.40747010744631
4.66251997413741,0.588278092025426,-0.97096317464164,0.382685082616219
4.66262837836975,0.614547176464551,-0.966358541612779,0.351811365148235
4.66273678260209,0.640103725625831,-0.960633201594665,0.320529475968823
4.66284518683444,0.664918010468128,-0.953793804352478,0.288875793884327
4.66295359106678,0.688961241515834,-0.945848292770825,0.256887051254938
4.66306199529913,0.71220550545498,-0.936805876812069,0.224600371357043
4.66317039953147,0.734623855617467,-0.926677048604006,0.192053192986509
4.66327880376382,0.756190272678091,-0.915473548494428,0.159283275816329
4.66338720799616,0.776879758744415,-0.903208374024336,0.126328615279896
4.66349561222851,0.796668301846329,-0.889895743204643,0.0932274413583171
4.66360401646085,0.81553296615117,-0.875551099382193,0.0600181332309722
4.66371242069319,0.833451857212364,-0.860191072477064,0.0267392152646697
4.66382082492554,0.850404207261611,-0.8438334801205,-0.00657072714110818
4.66392922915788,0.86637034059233,-0.826497286995403,-0.0398730535969463
4.66399684242256,0.875821419607952,-0.815197420326304,-0.0606239992816493
4.66406445568723,0.884877264488689,-0.803529842065297,-0.0813474224234036
4.66413206895191,0.893533835235018,-0.791499770041614,-0.102034065193422
4.66419968221658,0.901787219680255,-0.779112623644117,-0.122674596036181
4.66429184148009,0.912380664658869,-0.761663838286034,-0.150716826372846
4.66438400074359,0.922209368194345,-0.743576564083582,-0.17863280411079
4.66444420061385,0.928212933853228,-0.731423875610789,-0.196789058242456
4.66450440048412,0.933884469384251,-0.719009636863652,-0.214874832520607
4.66456460035438,0.939221971376968,-0.706338256440868,-0.232883714936125
4.66462480022464,0.944223518623701,-0.693414267693388,-0.250809250930316
4.66469730048903,0.949798513736903,-0.677520927443487,-0.272277586293411
4.66476980075341,0.954880784022985,-0.661276109023518,-0.2936046749995
4.66484230101779,0.95946770660874,-0.644688240843522,-0.314779465765233
4.66491480128217,0.963556887698651,-0.627765938544877,-0.335790949153765
4.66498730154655,0.967146219780439,-0.610517976580225,-0.356628243200249
4.66505980181093,0.970233827986305,-0.59295330952426,-0.377280518462067
4.6651479691085,0.973310243675621,-0.571179649842103,-0.402130593833529
4.66523613640607,0.975639970512979,-0.548967738392743,-0.426672232120247
4.66532430370365,0.97722123133022,-0.526334649250667,-0.450886582079542
4.66541247100122,0.978052800128893,-0.503297758377317,-0.474755041751605
4.66550063829879,0.978134050122669,-0.479874747765389,-0.498259302357268
4.66558880559636,0.977464907449749,-0.456083588062876,-0.52138131938688
4.66567697289393,0.976045896369559,-0.431942534548342,-0.54410336182121
4.6657651401915,0.97387809470934,-0.407470106390216,-0.566407988319106
4.66585330748907,0.970963175951912,-0.382685080271555,-0.588278095680363
4.66596171172142,0.966358542732823,-0.351811362730122,-0.614547180002708
4.66607011595377,0.960633202525342,-0.320529473483276,-0.640103729042117
4.66617852018612,0.953793805094977,-0.288875791337573,-0.664918013757383
4.66628692441847,0.945848293326469,-0.256887048653235,-0.688961244673268
4.66639532865082,0.936805877182466,-0.224600368706667,-0.712205508475845
4.66650373288317,0.926677048791013,-0.19205319029383,-0.73462385849718
4.66661213711552,0.915473548500035,-0.159283273087756,-0.756190275412289
4.66672054134786,0.903208373850694,-0.126328612521867,-0.776879761328824
4.66682894558021,0.889895742854167,-0.0932274385772347,-0.796668304276941
4.66693734981256,0.875551098857542,-0.0600181304333791,-0.81553296842417
4.66704575404491,0.860191071781105,-0.026739212457159,-0.833451859323957
4.66715415827726,0.843833479256273,0.0065707299520029,-0.85040420920831
4.66726256250961,0.826497285966083,0.0398730564046604,-0.86637034237072
4.66733017577314,0.815197419389979,0.0606240017333762,-0.875821421123374
4.66739778903668,0.803529841235696,0.081347424517674,-0.88487726575338
4.66746540230021,0.791499769332173,0.102034066929327,-0.893533836261488
4.66753301556374,0.779112623068141,0.122674597413165,-0.901787220481311
4.66762517485348,0.761663832555771,0.150716835696343,-0.912380668252109
4.66771733414321,0.743576552841988,0.178632821298905,-0.922209374140912
4.66777753399165,0.731423868532667,0.196789068786097,-0.928212937318753
4.66783773384009,0.719009634141884,0.214874836465983,-0.93388447060789
4.66789793368852,0.706338258263702,0.232883712336534,-0.939221970600221
4.66795813353696,0.693414274244122,0.250809241845999,-0.944223516090134
4.66803063380112,0.677520934145412,0.272277577184469,-0.94979851132989
4.66810313406528,0.661276115876146,0.2936046658702,-0.954880781746321
4.66817563432945,0.644688247846477,0.314779456619643,-0.959467704466084
4.66824813459361,0.627765945697539,0.335790939996158,-0.963556885693654
4.66832063485778,0.610517983881851,0.356628234034888,-0.967146217916728
4.66839313512194,0.59295331697409,0.377280509293301,-0.970233826267359
4.66848130244282,0.571179651590857,0.402130591269154,-0.97331024286001
4.6685694697637,0.548967734208882,0.426672235997096,-0.975639970205961
4.66865763708458,0.52633463891622,0.450886592219501,-0.977221231135705
4.66874580440545,0.503297741688266,0.47475505796184,-0.978052799650113
4.66883397172633,0.479874724531897,0.498259324430708,-0.978134048962572
4.66892213904721,0.45608355810973,0.521381347102279,-0.977464905212022
4.66901030636809,0.431942497715032,0.544103394943748,-0.976045892658756
4.66909847368897,0.40747006253132,0.566408026600548,-0.973878089131883
4.66918664100984,0.382685029257022,0.588278138859405,-0.970963168116419
4.66929504524226,0.351811310959591,0.614547221991861,-0.966358532951452
4.66940344947468,0.320529421018735,0.640103769788385,-0.96063319080709
4.66951185370709,0.288875738241803,0.664918053209315,-0.953793791451103
4.66962025793951,0.256886994989712,0.688961282780764,-0.945848277770466
4.66972866217192,0.224600314539588,0.712205545190456,-0.936805859730015
4.66983706640434,0.192053135688028,0.734623893772019,-0.926677029460019
4.66994547063675,0.159283218108602,0.756190309202015,-0.915473527310617
4.67005387486917,0.126328557235229,0.776879793589944,-0.90320835082515
4.67016227910158,0.0932273830493441,0.796668334967622,-0.889895718016947
4.670270683334,0.060018074730845,0.815532997504344,-0.875551072235161
4.67037908756642,0.0267391566467948,0.833451886755457,-0.860191043402233
4.67048749179883,-0.00657078580318803,0.850404234954797,-0.843833449151611
4.67059589603125,-0.0398731122295711,0.866370366397941,-0.826497254168357
4.67066350924056,-0.0606240408652445,0.875821436635299,-0.815197395770061
4.67073112244987,-0.0813474469816987,0.88487727337548,-0.803529826393753
4.67079873565919,-0.102034072773348,0.893533836629332,-0.791499763855952
4.6708663488685,-0.122674586707453,0.901787214239954,-0.779112627532505
4.6709585081705,-0.150716828749878,0.912380663605562,-0.761663834855651
4.6710506674725,-0.17863281808253,0.922209370887178,-0.743576552804639
4.67111086732505,-0.196789066811709,0.928212934485947,-0.731423867674239
4.67117106717759,-0.214874835723942,0.933884468150637,-0.7190096324267
4.67123126703014,-0.232883712815839,0.939221968472817,-0.706338255656978
4.67129146688268,-0.25080924353445,0.944223514246394,-0.693414270711955
4.67136396714469,-0.272277578211593,0.949798509243245,-0.677520931031646
4.67143646740669,-0.293604666242856,0.954880779445806,-0.661276113202945
4.67150896766869,-0.314779456345701,0.959467701980954,-0.644688245635246
4.67158146793069,-0.335790939084457,0.963556883053389,-0.627765943968888
4.6716539681927,-0.356628232495273,0.96714621515103,-0.610517982655736
4.6717264684547,-0.377280507136659,0.970233823406155,-0.592953316269448
4.67181463579466,-0.402130594460764,0.97331024058876,-0.571179646128003
4.67190280313463,-0.426672244399497,0.975639968201077,-0.54896772380157
4.67199097047459,-0.450886605683138,0.977221229072533,-0.526334623389361
4.67207913781456,-0.474755076325134,0.97805279720348,-0.503297720878328
4.67216730515452,-0.498259347520391,0.978134045807392,-0.479874698287001
4.67225547249448,-0.521381374733675,0.977464901023638,-0.456083526289944
4.67234363983445,-0.544103426920948,0.976045887113606,-0.431942460192671
4.67243180717441,-0.566408062716818,0.973878081907845,-0.407470019191028
4.67251997451438,-0.588278178897345,0.970963158893528,-0.382684979996173
4.67262837874685,-0.614547260942904,0.966358521951316,-0.351811261008353
4.67273678297933,-0.64010380760414,0.960633178037933,-0.320529370433779
4.6728451872118,-0.664918089842751,0.953793776923164,-0.288875687080386
4.67295359144428,-0.688961318186169,0.945848261496093,-0.256886943309921
4.67306199567676,-0.712205579323546,0.936805841723559,-0.224600262399965
4.67317039990923,-0.734623926589949,0.926677009737843,-0.192053083147874
4.67327880414171,-0.75619034066353,0.915473505891121,-0.15928316522755
4.67338720837418,-0.776879823655198,0.903208327728669,-0.126328504073492
4.67349561260666,-0.796668363598438,0.889895693265848,-0.093227329667378
4.67360401683914,-0.815533024664157,0.875551045853662,-0.0600180211895249
4.67371242107161,-0.833451912409406,0.860191015416525,-0.0267391030070878
4.67382082530409,-0.850404259069728,0.843833419589724,0.00657083948000906
4.67392922953656,-0.866370388942469,0.82649722306026,0.0398731658822024
4.67399684269218,-0.875821450831058,0.815197372840188,0.06062407799086
4.6740644558478,-0.884877279842816,0.803529812235344,0.081347467607479
4.67413206900341,-0.893533835998522,0.79149975904994,0.102034076948605
4.67419968215903,-0.90178720715069,0.779112632646953,0.122674574503744
4.67429184144693,-0.912380655306859,0.76166384298928,0.150716812317608
4.67438400073483,-0.922209361618412,0.743576564143545,0.178632797474898
4.67444420061358,-0.92821292814889,0.731423873976634,0.196789054172271
4.67450440049234,-0.93388446445783,0.719009633461434,0.214874830996425
4.67456460037109,-0.939221967134027,0.70633825119874,0.232883715935327
4.67462480024984,-0.944223514968944,0.693414260541388,0.250809254427561
4.67469730050972,-0.94979850958028,0.677520921166334,0.272277588413992
4.6747698007696,-0.954880779425036,0.661276103667269,0.293604675757777
4.67484230102947,-0.959467701630414,0.644688236452784,0.314779465177607
4.67491480128935,-0.963556882401384,0.627765935162572,0.335790947238823
4.67498730154923,-0.967146214226199,0.610517974247693,0.356628239978478
4.6750598018091,-0.970233822237319,0.592953308281316,0.377280513956028
4.67514796914467,-0.97331023910697,0.571179639129922,0.402130599977114
4.67523613648024,-0.975639966480422,0.548967717840475,0.426672248639953
4.67532430381581,-0.977221227187379,0.526334618509623,0.450886608677784
4.67541247115137,-0.978052795228543,0.503297717121805,0.474755078106757
4.67550063848694,-0.978134043817449,0.479874695692841,0.498259348124653
4.67558880582251,-0.977464899093553,0.456083524894761,0.521381374198809
4.67567697315808,-0.976045885318138,0.431942460030249,0.54410342528791
4.67576514049364,-0.973878080321467,0.407470020292272,0.566408060029172
4.67585330782921,-0.970963157590387,0.382684982389215,0.588278175201127
4.67596171206169,-0.966358520839987,0.351811263474772,0.614547257365209
4.67607011629416,-0.96063317711742,0.320529372967339,0.640103804150089
4.67617852052663,-0.953793776192298,0.288875689674907,0.66491808651738
4.67628692475911,-0.945848260953436,0.256886945959007,0.688961314994373
4.67639532899158,-0.93680584136744,0.224600265097395,0.712205576270062
4.67650373322406,-0.926677009566411,0.192053085887117,0.734623923679267
4.67661213745653,-0.915473505902309,0.159283168002205,0.756190337900086
4.676720541689,-0.903208327920229,0.126328506877004,0.776879821043231
4.67682894592148,-0.889895693635204,0.0932273324932629,0.796668361141927
4.67693735015395,-0.875551046398183,0.0600180240311585,0.815533022366981
4.67704575438643,-0.860191016133233,0.0267391058579477,0.833451910275292
4.6771541586189,-0.843833420475521,-0.00657083662659501,0.85040425710214
4.67726256285138,-0.826497224111852,-0.0398731630328654,0.86637038714473
4.67733017600816,-0.815197373794004,-0.0606240755074938,0.875821449301512
4.67739778916495,-0.803529813077267,-0.0813474654915431,0.884877278568798
4.67746540232174,-0.791499759766155,-0.102034075201056,0.8935338349672
4.67753301547853,-0.779112633223827,-0.122674573125076,0.901787206348875
4.67762517474022,-0.761663848718117,-0.150716802996026,0.912380651714144
4.6777173340019,-0.743576575381286,-0.17863278029218,0.922209355673501
4.67777753390248,-0.73142388105071,-0.196789043634236,0.928212924684942
4.67783773380306,-0.7190096361789,-0.214874827056785,0.933884463235702
4.67789793370365,-0.706338249371346,-0.232883718540784,0.939221967912128
4.67795813360423,-0.693414253985828,-0.250809263517904,0.944223517503746
4.67803063386433,-0.677520914457441,-0.2722775975316,0.949798511989049
4.67810313412443,-0.661276096805355,-0.293604684898541,0.954880781703894
4.67817563438453,-0.644688229438202,-0.314779474337252,0.959467703775442
4.67824813464464,-0.627765927995893,-0.335790956413029,0.963556884408924
4.67832063490474,-0.610517966929605,-0.356628249162871,0.967146216092442
4.67839313516484,-0.592953300812456,-0.377280523146259,0.970233823958681
4.67848130247716,-0.571179637346848,-0.402130602579344,0.973310239926143
4.67856946978948,-0.548967721974169,-0.426672244816945,0.975639966791111
4.6786576371018,-0.526334628777586,-0.450886598607104,0.977221227384686
4.67874580441412,-0.503297733727526,-0.474755061980756,0.978052795708281
4.67883397172644,-0.479874718825734,-0.498259326149821,0.978134044975535
4.67892213903876,-0.456083554729589,-0.521381346595795,0.977464901325367
4.67901030635108,-0.431942496727104,-0.544103392290962,0.976045889018024
4.6790984736634,-0.40747006399631,-0.566408021885826,0.973878085882137
4.67918664097572,-0.382685033230138,-0.588278132172,0.970963165402112
4.67929504520813,-0.351811315069525,-0.614547215521765,0.966358530591265
4.67940344944054,-0.320529425254141,-0.640103763545148,0.960633188799285
4.67951185367294,-0.288875742591188,-0.664918047202389,0.953793789793555
4.67962025790535,-0.256886999441591,-0.688961277019095,0.945848276460679
4.67972866213776,-0.224600319082221,-0.712205539682863,0.936805858765062
4.67983706637016,-0.192053140309564,-0.734623888526973,0.926677028836519
4.67994547060257,-0.159283222797115,-0.756190304227796,0.915473527024901
4.68005387483498,-0.126328561978808,-0.776879788894346,0.903208350873124
4.68016227906738,-0.0932273878358798,-0.796668330558207,0.889895718394057
4.68027068329979,-0.0600180795481976,-0.815532993388382,0.87555107293658
4.6803790875322,-0.0267391614827814,-0.833451882939846,0.860191044422578
4.6804874917646,0.00657078096066152,-0.850404231446049,0.843833450485359
4.68059589599701,0.0398731073927544,-0.866370363202227,0.826497255809455
4.68066350920785,0.0606240365073935,-0.875821433847209,0.815197397339779
4.68073112241868,0.0813474431060926,-0.884877270979189,0.803529827873076
4.68079873562952,0.102034069382643,-0.893533834608721,0.791499765226041
4.68086634884036,0.122674583803663,-0.901787212578494,0.779112628774809
4.68095850808986,0.150716809939651,-0.912380656358545,0.76166384641883
4.68105066733935,0.178632783529961,-0.922209358933287,0.74357657540327
4.68111086723579,0.196789045620138,-0.928212927520265,0.731423881900148
4.68117106713223,0.214874827800532,-0.933884465692259,0.719009637891703
4.68123126702867,0.232883718053477,-0.939221970036126,0.706338251982609
4.68129146692511,0.250809261811843,-0.944223519341574,0.693414257529723
4.6813639671874,0.272277596494586,-0.949798514072044,0.677520917577451
4.68143646744969,0.293604684523669,-0.954880784002721,0.661276099479022
4.68150896771198,0.31477947461662,-0.959467706260499,0.644688231643862
4.68158146797427,0.335790957337668,-0.963556887050311,0.627765929712637
4.68165396823656,0.356628250722773,-0.967146218860124,0.610517968137344
4.68172646849885,0.377280525330455,-0.970233826822421,0.592953301491943
4.6818146357921,0.402130599420248,-0.973310242199569,0.571179642779334
4.68190280308536,0.426672236451765,-0.9756399687976,0.548967732345816
4.68199097037861,0.450886585185318,-0.977221229448557,0.526334644263236
4.68207913767186,0.474755043663705,-0.978052798154333,0.503297754490614
4.68216730496512,0.498259303110616,-0.978134048128619,0.479874745017966
4.68225547225837,0.521381319018912,-0.97746490550976,0.456083586490823
4.68234363955162,0.544103360371993,-0.976045894556993,0.431942534185
4.68243180684487,0.566407985831367,-0.973878093097455,0.407470107266068
4.68251997413813,0.588278092199155,-0.970963174613552,0.38268508241438
4.68262837837047,0.614547176633856,-0.966358541577208,0.351811364943322
4.68273678260282,0.640103725790576,-0.960633201551556,0.320529475760954
4.68284518683516,0.664918010628048,-0.95379380430191,0.288875793673855
4.68295359106751,0.688961241670762,-0.945848292712801,0.256887051041986
4.68306199529985,0.712205505604695,-0.936805876746646,0.224600371141929
4.6831703995322,0.734623855761741,-0.926677048531266,0.192053192769509
4.68327880376455,0.756190272816732,-0.915473548414439,0.15928327559771
4.68338720799689,0.776879758877233,-0.903208373937174,0.12632861505991
4.68349561222924,0.796668301973193,-0.889895743110316,0.0932274411371429
4.68360401646158,0.815532966271959,-0.875551099280895,0.0600181330089062
4.68371242069393,0.833451857326816,-0.860191072368866,0.0267392150420186
4.68382082492627,0.850404207369604,-0.843833480005514,-0.00657072736409633
4.68392922915862,0.86637034069369,-0.826497286873707,-0.0398730538199985
4.68399684242307,0.875821419674958,-0.815197420237998,-0.0606239994369618
4.68406445568753,0.884877264523859,-0.80352984201281,-0.0813474225110147
4.68413206895198,0.893533835240892,-0.791499770027349,-0.102034065213571
4.68419968221643,0.901787219659521,-0.779112623670366,-0.122674595989188
4.68429184147997,0.912380664643062,-0.76166383830683,-0.150716826336215
4.68438400074351,0.922209368182913,-0.743576564098425,-0.17863280408453
4.68444420061381,0.928212933846031,-0.731423875618035,-0.196789058228043
4.68450440048412,0.933884469380866,-0.719009636862838,-0.214874832518023
4.68456460035442,0.939221971376933,-0.70633825643181,-0.232883714945148
4.68462480022472,0.944223518626592,-0.693414267675741,-0.250809250950871
4.68469730048906,0.949798513735932,-0.677520927435468,-0.272277586300507
4.68476980075339,0.954880784018853,-0.661276109025538,-0.293604674993338
4.68484230101773,0.959467706602003,-0.644688240856069,-0.314779465745967
4.68491480128206,0.963556887689939,-0.62776593856831,-0.335790949121622
4.6849873015464,0.967146219770388,-0.610517976614946,-0.35662824315544
4.68505980181074,0.970233827975509,-0.592953309570737,-0.377280518404787
4.68514796910828,0.973310243665592,-0.571179649896453,-0.402130593769179
4.68523613640582,0.975639970504211,-0.548967738455331,-0.426672232048932
4.68532430370337,0.977221231323244,-0.526334649321522,-0.450886582001699
4.68541247100091,0.978052800124091,-0.503297758456755,-0.474755041667367
4.68550063829846,0.978134050120543,-0.47987474785346,-0.498259302267086
4.685588805596,0.977464907450781,-0.456083588159893,-0.521381319290928
4.68567697289354,0.976045896374231,-0.431942534654387,-0.544103361719839
4.68576514019109,0.973878094718043,-0.407470106505314,-0.566407988212748
4.68585330748863,0.97096317596517,-0.382685080395952,-0.588278095569243
4.68596171172098,0.96635854275075,-0.351811362856685,-0.614547179894075
4.68607011595332,0.960633202548003,-0.32052947361196,-0.640103728936031
4.68617852018567,0.953793805122299,-0.288875791468201,-0.664918013654106
4.68628692441802,0.945848293358536,-0.25688704878572,-0.688961244572826
4.68639532865037,0.936805877219196,-0.224600368840792,-0.712205508378416
4.68650373288271,0.926677048832411,-0.192053190429528,-0.734623858402887
4.68661213711506,0.915473548546064,-0.159283273224808,-0.75619027532127
4.68672054134741,0.903208373901396,-0.126328612660181,-0.776879761241224
4.68682894557975,0.88989574290944,-0.0932274387166038,-0.796668304192876
4.6869373498121,0.875551098917482,-0.060018130573706,-0.815532968343769
4.68704575404445,0.860191071845538,-0.0267392125982135,-0.833451859247346
4.6871541582768,0.843833479325149,0.00657072981042006,-0.850404209135595
4.68726256250914,0.826497286039454,0.0398730562626146,-0.866370342302024
4.68733017577282,0.815197419441789,0.0606240016349809,-0.875821421076788
4.68739778903649,0.803529841264474,0.0813474244627772,-0.884877265727253
4.68746540230017,0.79149976933639,0.102034066917775,-0.893533836254133
4.68753301556384,0.779112623046294,0.122674597444769,-0.901787220491063
4.6876251748536,0.761663832528361,0.150716835735516,-0.912380668263858
4.68771733414337,0.743576552808576,0.178632821345649,-0.922209374154234
4.68777753399174,0.731423868510156,0.196789068815628,-0.928212937325764
4.68783773384012,0.719009634130754,0.214874836478478,-0.933884470609219
4.6878979336885,0.706338258264429,0.232883712332049,-0.939221970596494
4.68795813353688,0.693414274257246,0.250809241824731,-0.944223516081947
4.68803063380105,0.677520934158309,0.272277577164108,-0.949798511322413
4.68810313406521,0.66127611588888,0.293604665850666,-0.954880781739492
4.68817563432938,0.644688247858908,0.314779456601,-0.959467704459948
4.68824813459355,0.627765945709674,0.335790939978432,-0.963556885688085
4.68832063485771,0.610517983893641,0.356628234018106,-0.967146217911701
4.68839313512188,0.59295331698545,0.377280509277455,-0.970233826262882
4.68848130244273,0.571179651610126,0.402130591244982,-0.973310242855114
4.68856946976358,0.548967734236374,0.426672235964759,-0.975639970201142
4.68865763708443,0.526334638952195,0.450886592179322,-0.977221231131497
4.68874580440527,0.503297741732882,0.474755057914144,-0.978052799647011
4.68883397172612,0.479874724585388,0.49825932437575,-0.978134048961126
4.68892213904697,0.456083558172355,0.521381347040366,-0.977464905212701
4.68901030636782,0.431942497786899,0.544103394875245,-0.976045892662135
4.68909847368866,0.40747006261263,0.566408026525781,-0.973878089138362
4.68918664100951,0.382685029347961,0.588278138778678,-0.970963168126637
4.68929504524192,0.351811311053057,0.614547221912269,-0.966358532965298
4.68940344947433,0.320529421114653,0.640103769710062,-0.960633190824683
4.68951185370674,0.288875738340083,0.664918053132413,-0.953793791472513
4.68962025793916,0.256886995090271,0.688961282705445,-0.945848277795705
4.68972866217157,0.224600314642342,0.712205545116823,-0.936805859759166
4.68983706640398,0.192053135792979,0.73462389370019,-0.926677029493125
4.68994547063639,0.159283218215563,0.756190309132202,-0.915473527347765
4.6900538748688,0.126328557344074,0.776879793522316,-0.90320835086637
4.69016227910121,0.0932273831599589,0.796668334902297,-0.889895718062239
4.69027068333362,0.0600180748431123,0.815532997441515,-0.875551072284605
4.69037908756603,0.0267391567605621,0.833451886695245,-0.860191043455793
4.69048749179844,-0.00657078568803914,0.850404234897338,-0.843833449209314
4.69059589603086,-0.0398731121131898,0.866370366343425,-0.826497254230209
4.69066350924028,-0.0606240407821169,0.875821436597809,-0.815197395815676
4.6907311224497,-0.0813474469319234,0.884877273353806,-0.803529826421866
4.69079873565912,-0.102034072756724,0.893533836622203,-0.791499763865481
4.69086634886854,-0.122674586723881,0.901787214246117,-0.779112627522229
4.69095850817049,-0.150716828749035,0.912380663605088,-0.761663834856045
4.69105066747243,-0.178632818064523,0.922209370881039,-0.743576552816507
4.691110867325,-0.196789066801074,0.928212934482535,-0.731423867681464
4.69117106717757,-0.214874835720801,0.933884468149722,-0.719009632428914
4.69123126703014,-0.232883712820054,0.939221968474088,-0.706338255654
4.69129146688271,-0.25080924354593,0.944223514249572,-0.693414270703644
4.69136396714463,-0.272277578198709,0.949798509240207,-0.677520931041471
4.69143646740655,-0.293604666205822,0.954880779437611,-0.661276113231767
4.69150896766847,-0.314779456285026,0.959467701968761,-0.644688245683723
4.69158146793039,-0.335790939000495,0.963556883038341,-0.627765944037822
4.69165396819231,-0.356628232388458,0.967146215134252,-0.610517982745771
4.69172646845423,-0.377280507007375,0.970233823388766,-0.592953316381382
4.69181463579407,-0.402130594297989,0.973310240571538,-0.571179646273511
4.69190280313391,-0.426672244204259,0.975639968186116,-0.548967723981819
4.69199097047375,-0.450886605456495,0.977221229061921,-0.526334623605416
4.69207913781359,-0.474755076068253,0.978052797199419,-0.503297721131122
4.69216730515343,-0.498259347234505,0.97813404581199,-0.479874698577474
4.69225547249327,-0.521381374420073,0.977464901038995,-0.456083526618901
4.6923436398331,-0.544103426581051,0.976045887141903,-0.431942460560839
4.69243180717294,-0.56640806235198,0.973878081951204,-0.407470019599162
4.69251997451278,-0.588278178509183,0.970963158953936,-0.382684980444721
4.69262837874526,-0.614547260565501,0.966358522028132,-0.351811261462597
4.69273678297774,-0.640103807237875,0.960633178131062,-0.320529370893164
4.69284518721022,-0.664918089488015,0.953793777032476,-0.288875687544418
4.69295359144269,-0.688961317843385,0.945848261621375,-0.256886943777987
4.69306199567517,-0.712205578993079,0.936805841864655,-0.224600262871605
4.69317039990765,-0.734623926272132,0.926677009894581,-0.192053083622444
4.69327880414013,-0.756190340358684,0.915473506063253,-0.159283165704548
4.6933872083726,-0.776879823363663,0.903208327916021,-0.126328504552299
4.69349561260508,-0.796668363320545,0.889895693468048,-0.0932273301475066
4.69360401683756,-0.8155330244002,0.875551046070549,-0.0600180216703433
4.69371242107004,-0.83345191215963,0.860191015647733,-0.0267391034880916
4.69382082530251,-0.850404258834389,0.843833419835058,0.0065708389993383
4.69392922953499,-0.866370388721821,0.826497223319292,0.0398731654025192
4.69399684269108,-0.875821450684517,0.815197373027156,0.060624077657407
4.69406445584718,-0.884877279764923,0.803529812344996,0.0813474674199657
4.69413206900327,-0.893533835983739,0.791499759077094,0.102034076906673
4.69419968215936,-0.90178720719333,0.779112632586632,0.122674574606707
4.69429184144729,-0.912380655349776,0.761663842921439,0.150716812428335
4.69438400073521,-0.922209361661059,0.743576564067941,0.178632797593131
4.69444420061382,-0.92821292817496,0.731423873929788,0.196789054245203
4.69450440049242,-0.933884464468972,0.719009633444709,0.214874831024294
4.69456460037103,-0.939221967131876,0.706338251213351,0.23288371591853
4.69462480024963,-0.94422351495515,0.693414260588619,0.250809254366544
4.69469730050956,-0.94979850957208,0.677520921202199,0.272277588369903
4.6947698007695,-0.954880779421623,0.661276103691136,0.293604675730534
4.69484230102943,-0.959467701631061,0.644688236464219,0.314779465166862
4.69491480128936,-0.963556882405344,0.62776593516099,0.335790947244367
4.69498730154929,-0.967146214232599,0.610517974232612,0.356628240000071
4.69505980180923,-0.970233822245511,0.592953308252209,0.377280513993324
4.69514796914479,-0.973310239114037,0.57117963910129,0.402130600012719
4.69523613648035,-0.975639966486303,0.548967717812427,0.426672248673924
4.69532430381591,-0.977221227192273,0.526334618482231,0.450886608710044
4.69541247115148,-0.978052795232499,0.503297717095117,0.474755078137367
4.69550063848704,-0.978134043820488,0.479874695666884,0.498259348153644
4.6955888058226,-0.977464899095819,0.456083524869583,0.521381374226223
4.69567697315817,-0.976045885319637,0.431942460005915,0.544103425313735
4.69576514049373,-0.973878080322327,0.407470020268848,0.566408060053471
4.69585330782929,-0.970963157590652,0.382684982366733,0.588278175223928
4.69596171206177,-0.966358520839369,0.351811263451855,0.614547257387539
4.69607011629424,-0.960633177115974,0.320529372944068,0.640103804171919
4.69617852052672,-0.953793776189972,0.288875689651302,0.664918086538661
4.69628692475919,-0.945848260950255,0.25688694593514,0.688961315015095
4.69639532899166,-0.936805841363431,0.224600265073248,0.712205576290198
4.69650373322414,-0.926677009561561,0.192053085862759,0.734623923698812
4.69661213745661,-0.915473505896645,0.159283167977671,0.756190337918981
4.69672054168909,-0.903208327913725,0.126328506852307,0.776879821061398
4.69682894592156,-0.889895693627884,0.0932273324684368,0.796668361159458
4.69693735015403,-0.875551046390072,0.0600180240062437,0.815533022383824
4.69704575438651,-0.860191016124347,0.0267391058329562,0.833451910291374
4.69715415861898,-0.843833420465875,-0.00657083665161039,0.850404257117474
4.69726256285146,-0.826497224101425,-0.0398731630578834,0.866370387159302
4.69733017600822,-0.815197373787509,-0.0606240755245661,0.875821449312064
4.69739778916499,-0.803529813074955,-0.0813474655007631,0.88487727857571
4.69746540232175,-0.791499759768291,-0.102034075202388,0.893533834970708
4.69753301547851,-0.77911263323069,-0.122674573118608,0.901787206349296
4.6976251747402,-0.761663848724363,-0.150716802990771,0.912380651715127
4.69771733400189,-0.743576575386767,-0.178632780288269,0.922209355675058
4.69777753390248,-0.731423881054099,-0.196789043633455,0.928212924687553
4.69783773380307,-0.71900963618006,-0.214874827059174,0.933884463239245
4.69789793370367,-0.706338249370201,-0.232883718546333,0.939221967916535
4.69795813360426,-0.693414253982312,-0.250809263526578,0.944223517508855
4.69803063386434,-0.677520914458518,-0.272277597533899,0.949798511992381
4.69810313412442,-0.661276096811144,-0.293604684894585,0.954880781705745
4.6981756343845,-0.644688229449009,-0.314779474327082,0.959467703776101
4.69824813464458,-0.627765928011852,-0.335790956396785,0.963556884408647
4.69832063490466,-0.610517966950854,-0.356628249140704,0.967146216091558
4.69839313516474,-0.592953300839354,-0.377280523118132,0.970233823957487
4.69848130247701,-0.571179637387522,-0.402130602536602,0.973310239924117
4.69856946978928,-0.548967722029209,-0.426672244759932,0.975639966789129
4.69865763710154,-0.526334628847325,-0.450886598536378,0.97722122738371
4.69874580441381,-0.503297733812474,-0.4747550618967,0.978052795709174
4.69883397172608,-0.479874718926221,-0.49825932605302,0.978134044979206
4.69892213903835,-0.456083554846078,-0.521381346486715,0.977464901332796
4.69901030635061,-0.431942496859834,-0.544103392170233,0.976045889030056
4.69909847366288,-0.407470064145665,-0.566408021754001,0.973878085899662
4.69918664097515,-0.38268503339643,-0.588278132029699,0.970963165426104
4.69929504520755,-0.351811315239483,-0.614547215381947,0.966358530621438
4.69940344943995,-0.320529425427753,-0.640103763408006,0.960633188835772
4.69951185367235,-0.288875742768223,-0.664918047068177,0.953793789836381
4.69962025790475,-0.256886999621861,-0.688961276888057,0.945848276509912
4.69972866213715,-0.22460031926564,-0.712205539555175,0.936805858820798
4.69983706636955,-0.192053140495896,-0.734623888402889,0.92667702889878
4.69994547060196,-0.159283222986227,-0.756190304107504,0.915473527093766
4.70005387483436,-0.126328562170448,-0.776879788778128,0.903208350948547
4.70016227906676,-0.093227388029822,-0.79666833044628,0.88989571847608
4.70027068329916,-0.0600180797443106,-0.81553299328094,0.875551073025222
4.70037908753156,-0.0267391616807746,-0.833451882837095,0.860191044517862
4.70048749176396,0.00657078076100869,-0.850404231348222,0.843833450587181
4.70059589599636,0.0398731071916081,-0.866370363109535,0.826497255917897
4.7006635092074,0.0606240363679172,-0.875821433785676,0.815197397417761
4.70073112241844,0.0813474430282889,-0.884877270946544,0.803529827918255
4.70079873562948,0.102034069366274,-0.893533834602563,0.791499765236302
4.70086634884052,0.122674583848452,-0.901787212596507,0.77911262874803
4.70095850809002,0.150716809987204,-0.91238065637631,0.761663846389084
4.70105066733953,0.178632783580152,-0.922209358950612,0.743576575370439
4.70111086723591,0.196789045652324,-0.928212927530903,0.731423881878573
4.70117106713229,0.214874827814784,-0.933884465696798,0.719009637882
4.70123126702867,0.232883718049871,-0.939221970035237,0.706338251985322
4.70129146692505,0.250809261790566,-0.944223519335902,0.693414257545337
4.70136396718736,0.272277596480539,-0.949798514068599,0.677520917588029
4.70143646744968,0.29360468451675,-0.954880784001086,0.66127609948432
4.70150896771199,0.314779474616719,-0.959467706260422,0.644688231643665
4.7015814679743,0.335790957344658,-0.963556887051452,0.627765929706724
4.70165396823662,0.356628250736628,-0.967146218862112,0.610517968125483
4.70172646849893,0.377280525350969,-0.970233826824948,0.592953301473927
4.70181463579223,0.40213059945234,-0.973310242202727,0.571179642750325
4.70190280308552,0.426672236495076,-0.975639968800572,0.548967732305473
4.70199097037882,0.45088658523953,-0.977221229450657,0.526334644211128
4.70207913767212,0.474755043728486,-0.978052798154858,0.503297754426372
4.70216730496541,0.498259303185562,-0.978134048126818,0.479874744941227
4.70225547225871,0.521381319103606,-0.977464905504976,0.456083586401331
4.702343639552,0.544103360465994,-0.976045894548426,0.431942534082412
4.7024318068453,0.566407985934183,-0.97387809308439,0.407470107150205
4.70251997413859,0.588278092310274,-0.970963174595334,0.382685082285021
4.70262837837094,0.614547176741775,-0.966358541554135,0.351811364812332
4.70273678260328,0.640103725895194,-0.960633201523772,0.320529475628533
4.70284518683563,0.664918010729236,-0.953793804269403,0.288875793540147
4.70295359106797,0.688961241768335,-0.945848292675669,0.256887050907331
4.70306199530032,0.712205505698546,-0.936805876704941,0.224600371006385
4.70317039953266,0.734623855851849,-0.926677048485074,0.192053192633202
4.703278803765,0.756190272903001,-0.915473548363839,0.159283275460807
4.70338720799735,0.776879758959594,-0.903208373882163,0.126328614922533
4.70349561222969,0.79666830205154,-0.889895743051033,0.09322744099947
4.70360401646204,0.815532966346164,-0.875551099217383,0.0600181328711929
4.70371242069438,0.833451857396872,-0.860191072301292,0.0267392149043757
4.70382082492673,0.850404207435383,-0.843833479933883,-0.00657072750153958
4.70392922915907,0.8663703407552,-0.826497286798145,-0.0398730539570772
4.70399684242339,0.875821419715213,-0.815197420183004,-0.0606239995322159
4.70406445568771,0.884877264544444,-0.803529841979903,-0.081347422564564
4.70413206895203,0.893533835243466,-0.791499770017981,-0.1020340652255
4.70419968221634,0.901787219645587,-0.779112623686087,-0.122674595959539
4.70429184147981,0.912380664621999,-0.761663838336836,-0.150716826285182
4.70438400074328,0.922209368155945,-0.743576564143619,-0.178632804012326
4.70444420061367,0.928212933828561,-0.731423875646988,-0.19678905818159
4.70450440048406,0.933884469371955,-0.719009636874713,-0.214874832497211
4.70456460035444,0.939221971375654,-0.70633825642586,-0.232883714949809
4.70462480022483,0.944223518631995,-0.693414267651209,-0.250809250980776
4.70469730048915,0.949798513739494,-0.677520927413694,-0.272277586325807
4.70476980075347,0.954880784020753,-0.661276109006737,-0.293604675014064
4.70484230101779,0.95946770660251,-0.644688240840354,-0.31477946576215
4.70491480128211,0.963556887689197,-0.627765938555815,-0.335790949133389
4.70498730154643,0.967146219768593,-0.610517976605833,-0.356628243162802
4.70505980181076,0.970233827972953,-0.592953309565173,-0.377280518407808
4.7051479691083,0.973310243662904,-0.571179649890538,-0.402130593772396
4.70523613640585,0.97563997050138,-0.548967738449047,-0.426672232052333
4.70532430370339,0.977221231320195,-0.526334649314935,-0.450886582005278
4.70541247100093,0.97805280012092,-0.503297758449787,-0.474755041671172
4.70550063829848,0.978134050117181,-0.479874747846207,-0.498259302270996
4.70558880559602,0.977464907447253,-0.456083588152232,-0.521381319294986
4.70567697289357,0.976045896370426,-0.431942534646311,-0.544103361724108
4.70576514019111,0.973878094714058,-0.407470106496984,-0.566407988217068
4.70585330748866,0.970963175960932,-0.382685080387181,-0.588278095573722
4.705961711721,0.966358542746309,-0.351811362848547,-0.614547179897773
4.70607011595335,0.960633202543441,-0.320529473604415,-0.640103728939066
4.70617852018569,0.953793805117741,-0.288875791461445,-0.664918013656338
4.70628692441803,0.945848293353969,-0.256887048779606,-0.688961244574379
4.70639532865038,0.936805877214734,-0.224600368835443,-0.712205508379284
4.70650373288272,0.92667704882808,-0.19205319042488,-0.734623858403153
4.70661213711507,0.915473548541849,-0.159283273220915,-0.75619027532095
4.70672054134741,0.903208373897397,-0.126328612657005,-0.776879761240395
4.70682894557976,0.889895742905799,-0.0932274387143101,-0.7966683041915
4.7069373498121,0.87555109891409,-0.0600181305721844,-0.815532968341902
4.70704575404445,0.860191071842541,-0.0267392125975086,-0.833451859245043
4.70715415827679,0.843833479322607,0.00657072981027992,-0.850404209132918
4.70726256250914,0.826497286037359,0.0398730562617291,-0.866370342299071
4.70733017577281,0.815197419440239,0.0606240016331746,-0.875821421073429
4.70739778903648,0.803529841263451,0.0813474244600712,-0.884877265723539
4.70746540230015,0.791499769336006,0.102034066914173,-0.893533836250156
4.70753301556382,0.779112623046539,0.122674597440269,-0.901787220486798
4.70762517485357,0.761663832532432,0.150716835725135,-0.912380668257581
4.70771733414331,0.743576552816813,0.178632821329415,-0.922209374146246
4.7077775339917,0.731423868515576,0.196789068803936,-0.9282129373195
4.70783773384009,0.719009634133249,0.21487483647132,-0.933884470604569
4.70789793368849,0.706338258263864,0.232883712329399,-0.939221970593261
4.70795813353688,0.693414274253456,0.250809241826562,-0.944223516080018
4.70803063380105,0.677520934154834,0.272277577165494,-0.949798511320328
4.70810313406521,0.661276115885683,0.293604665851643,-0.954880781737353
4.70817563432938,0.644688247856138,0.314779456601506,-0.959467704457644
4.70824813459354,0.627765945707308,0.335790939978446,-0.963556885685743
4.70832063485771,0.610517983891655,0.356628234017679,-0.967146217909369
4.70839313512187,0.59295331698399,0.377280509276544,-0.970233826260523
4.70848130244272,0.571179651608635,0.402130591244138,-0.973310242852764
4.70856946976357,0.54896773423491,0.426672235963962,-0.975639970198874
4.70865763708442,0.526334638950731,0.450886592178552,-0.977221231129272
4.70874580440527,0.503297741731521,0.474755057913342,-0.978052799644878
4.70883397172611,0.479874724584016,0.498259324375037,-0.978134048959029
4.70892213904696,0.456083558170978,0.52138134703969,-0.977464905210639
4.70901030636781,0.431942497785604,0.544103394874546,-0.976045892660163
4.70909847368866,0.407470062611296,0.566408026525159,-0.973878089136461
4.7091866410095,0.382685029346648,0.588278138778128,-0.970963168124745
4.70929504524192,0.351811311050339,0.614547221912923,-0.966358532963286
4.70940344947434,0.320529421110512,0.640103769711879,-0.960633190822391
4.70951185370675,0.288875738334385,0.664918053135358,-0.953793791469725
4.70962025793917,0.256886995083036,0.688961282709432,-0.945848277792434
4.70972866217159,0.224600314633557,0.71220554512178,-0.936805859755314
4.709837066404,0.192053135782526,0.734623893706045,-0.92667702948856
4.70994547063642,0.159283218203422,0.756190309138945,-0.91547352734234
4.71005387486884,0.126328557330291,0.776879793529767,-0.903208350860063
4.71016227910125,0.0932273831445623,0.79666833491037,-0.889895718054909
4.71027068333367,0.0600180748261086,0.815532997450088,-0.875551072276167
4.71037908756608,0.0267391567419666,0.833451886704268,-0.860191043446198
4.7104874917985,-0.0065707857082865,0.850404234906704,-0.843833449198418
4.71059589603092,-0.0398731121350258,0.866370366352991,-0.826497254217953
4.71066350924031,-0.060624040795366,0.875821436603221,-0.815197395807844
4.7107311224497,-0.0813474469365059,0.884877273355371,-0.803529826418815
4.7107987356591,-0.102034072752791,0.893533836620245,-0.791499763867419
4.71086634886849,-0.122674586711357,0.901787214240932,-0.779112627529552
4.7109585081704,-0.150716828725916,0.912380663596454,-0.761663834870497
4.71105066747231,-0.178632818031079,0.922209370869546,-0.743576552838453
4.71111086732493,-0.196789066782282,0.928212934476389,-0.731423867694102
4.71117106717755,-0.214874835716525,0.933884468148406,-0.719009632431853
4.71123126703016,-0.232883712830159,0.939221968477051,-0.70633825564687
4.71129146688278,-0.250809243570352,0.94422351425634,-0.693414270685926
4.71136396714474,-0.272277578234594,0.949798509249315,-0.677520931014715
4.7114364674067,-0.293604666253004,0.954880779448644,-0.661276113195603
4.71150896766866,-0.314779456343211,0.959467701981113,-0.644688245637848
4.71158146793062,-0.335790939069537,0.963556883051479,-0.62776594398193
4.71165396819258,-0.356628232468121,0.967146215147574,-0.610517982679459
4.71172646845454,-0.377280507097444,0.97023382340182,-0.592953316304375
4.7118146357944,-0.402130594392205,0.973310240582569,-0.571179646190382
4.71190280313425,-0.426672244302415,0.975639968194786,-0.548967723892341
4.71199097047411,-0.450886605558424,0.977221229067985,-0.526334623509495
4.71207913781397,-0.47475507617366,0.978052797202454,-0.503297721028778
4.71216730515383,-0.498259347343198,0.978134045811733,-0.479874698468528
4.71225547249368,-0.521381374531841,0.977464901035118,-0.456083526503258
4.71234363983354,-0.544103426695628,0.976045887134081,-0.431942460438435
4.7124318071734,-0.566408062469149,0.973878081939118,-0.407470019469952
4.71251997451326,-0.588278178628616,0.970963158937328,-0.382684980308648
4.71262837874573,-0.61454726068194,0.966358522006611,-0.351811261324625
4.71273678297821,-0.64010380735114,0.960633178104639,-0.320529370753461
4.71284518721069,-0.664918089598028,0.953793777001193,-0.288875687403152
4.71295359144317,-0.688961317949939,0.945848261585303,-0.256886943635319
4.71306199567564,-0.712205579096067,0.936805841823797,-0.224600262727704
4.71317039990812,-0.73462392637149,0.926677009848968,-0.192053083477487
4.7132788041406,-0.75619034045423,0.915473506013028,-0.15928316555877
4.71338720837308,-0.776879823455358,0.903208327861185,-0.126328504405841
4.71349561260555,-0.796668363408193,0.889895693408692,-0.0932273300004862
4.71360401683803,-0.81553302448377,0.875551046006742,-0.0600180215229499
4.71371242107051,-0.833451912239045,0.860191015579566,-0.0267391033404775
4.71382082530299,-0.850404258909566,0.8438334197625,0.00657083914709115
4.71392922953547,-0.866370388792685,0.826497223242543,0.0398731655501939
4.7139968426914,-0.875821450731359,0.81519737297416,0.0606240777571929
4.71406445584734,-0.884877279789491,0.803529812317557,0.0813474674719569
4.71413206900327,-0.893533835987874,0.791499759076877,0.102034076911014
4.71419968215921,-0.90178720717891,0.779112632615245,0.122674574563688
4.71429184144712,-0.912380655335148,0.761663842953576,0.150716812381574
4.71438400073504,-0.922209361646452,0.743576564103619,0.178632797542863
4.71444420061371,-0.928212928167698,0.731423873952898,0.196789054214794
4.71450440049238,-0.933884464468251,0.719009633454618,0.214874831013665
4.71456460037105,-0.939221967137035,0.706338251209585,0.232883715927462
4.71462480024972,-0.94422351496543,0.693414260570434,0.250809254394987
4.71469730050968,-0.949798509583432,0.677520921178496,0.27227758840494
4.71476980076963,-0.954880779433773,0.661276103661719,0.293604675772077
4.71484230102959,-0.959467701643591,0.644688236428801,0.314779465214822
4.71491480128954,-0.963556882418011,0.627765935119419,0.335790947298613
4.7149873015495,-0.967146214245122,0.610517974184689,0.356628240060453
4.71505980180945,-0.970233822257493,0.59295330819778,0.377280514059715
4.71514796914504,-0.973310239124778,0.571179639039814,0.402130600085001
4.71523613648063,-0.975639966495497,0.548967717743628,0.426672248751844
4.71532430381621,-0.977221227199382,0.526334618406018,0.450886608793387
4.7154124711518,-0.978052795237179,0.503297717011218,0.474755078225967
4.71550063848739,-0.9781340438224,0.479874695575277,0.498259348247127
4.71558880582298,-0.977464899094422,0.456083524770035,0.521381374324387
4.71567697315856,-0.976045885314592,0.431942459898329,0.544103425416289
4.71576514049415,-0.973878080313224,0.407470020153168,0.56640806016008
4.71585330782974,-0.97096315757716,0.382684982242877,0.58827817533429
4.71596171206221,-0.966358520821303,0.351811263326178,0.614547257495109
4.71607011629469,-0.960633177093329,0.320529372816759,0.64010380427657
4.71617852052716,-0.953793776162794,0.288875689522525,0.664918086640297
4.71628692475963,-0.945848260918589,0.256886945805054,0.688961315113517
4.71639532899211,-0.93680584132731,0.224600264942009,0.712205576385306
4.71650373322458,-0.926677009521046,0.192053085730512,0.734623923790544
4.71661213745706,-0.915473505851738,0.159283167844559,0.756190338007191
4.71672054168953,-0.903208327864532,0.126328506718508,0.776879821146032
4.716828945922,-0.889895693574479,0.0932273323341143,0.796668361240358
4.71693735015448,-0.875551046332455,0.0600180238715305,0.815533022460924
4.71704575438695,-0.860191016062632,0.0267391056980492,0.83345191036458
4.71715415861943,-0.843833420400142,-0.00657083678658198,0.850404257186733
4.7172625628519,-0.826497224031719,-0.0398731631927452,0.866370387224455
4.71733017600853,-0.81519737373802,-0.060624075618493,0.875821449356511
4.71739778916516,-0.803529813047091,-0.0813474655538001,0.884877278600895
4.71746540232179,-0.791499759763524,-0.102034075214659,0.89353383497818
4.71753301547842,-0.779112633250479,-0.122674573090192,0.90178720634067
4.71762517474007,-0.76166384875181,-0.1507168029514,0.912380651703238
4.71771733400172,-0.743576575422517,-0.178632780237915,0.922209355660432
4.71777753390237,-0.731423881079615,-0.196789043599453,0.928212924679063
4.71783773380302,-0.719009636194807,-0.214874827041483,0.933884463236254
4.71789793370366,-0.706338249373723,-0.23288371854484,0.939221967918531
4.71795813360431,-0.693414253974112,-0.25080926354115,0.944223517515213
4.71803063386439,-0.677520914449815,-0.272277597548639,0.949798511998426
4.71810313412448,-0.66127609680209,-0.293604684909348,0.954880781711425
4.71817563438456,-0.64468822943952,-0.314779474341986,0.959467703781467
4.71824813464464,-0.627765928001929,-0.335790956411774,0.963556884413697
4.71832063490472,-0.610517966940503,-0.356628249155745,0.967146216096266
4.7183931351648,-0.592953300828508,-0.377280523133304,0.970233823961765
4.71848130247711,-0.571179637366821,-0.402130602562313,0.973310239929143
4.71856946978941,-0.548967721998308,-0.426672244795926,0.975639966794255
4.71865763710172,-0.526334628805948,-0.450886598582238,0.97722122738817
4.71874580441402,-0.503297733760167,-0.474755061952214,0.97805279571238
4.71883397172633,-0.479874718862788,-0.498259326117752,0.978134044980548
4.71892213903863,-0.456083554771263,-0.521381346560284,0.977464901331565
4.71901030635094,-0.431942496773415,-0.544103392252202,0.976045889025618
4.71909847366324,-0.407470064047309,-0.566408021844046,0.973878085891323
4.71918664097555,-0.382685033285939,-0.588278132127342,0.970963165413256
4.71929504520795,-0.351811315126207,-0.614547215478056,0.966358530604229
4.71940344944036,-0.320529425311619,-0.640103763502514,0.96063318881412
4.71951185367277,-0.288875742649492,-0.664918047160761,0.953793789810289
4.71962025790517,-0.256886999500537,-0.6889612769787,0.945848276479235
4.71972866213758,-0.224600319141878,-0.712205539643605,0.936805858785469
4.71983706636998,-0.192053140369834,-0.734623888489008,0.926677028858843
4.71994547060239,-0.159283222858014,-0.756190304191075,0.91547352704911
4.72005387483479,-0.126328562040128,-0.776879788858999,0.903208350899103
4.7201622790672,-0.0932273878976872,-0.796668330524262,0.889895718421914
4.72027068329961,-0.0600180796103794,-0.815532993355866,0.875551072966261
4.72037908753201,-0.0267391615453537,-0.833451882908786,0.860191044454119
4.72048749176442,0.00657078089790549,-0.850404231416572,0.84383345051865
4.72059589599682,0.0398731073298758,-0.866370363174345,0.826497255844464
4.7206635092077,0.0606240364577305,-0.875821433826286,0.815197397368542
4.72073112241859,0.0813474430697917,-0.884877270964754,0.803529827894965
4.72079873562947,0.102034069359639,-0.89353383460026,0.791499765240599
4.72086634884035,0.122674583793905,-0.901787212575545,0.779112628781609
4.72095850808985,0.150716809933438,-0.912380656356977,0.761663846423489
4.72105066733936,0.178632783527251,-0.922209358932852,0.743576575405602
4.7211108672358,0.196789045617902,-0.928212927519946,0.731423881902024
4.72117106713224,0.214874827798723,-0.933884465691992,0.719009637893228
4.72123126702868,0.232883718052086,-0.93922197003589,0.706338251983767
4.72129146692513,0.250809261810925,-0.944223519341376,0.693414257530424
4.72136396718744,0.272277596500818,-0.949798514073515,0.677520917572674
4.72143646744976,0.293604684536902,-0.954880784005494,0.661276099468564
4.72150896771207,0.314779474636731,-0.959467706264245,0.644688231627518
4.72158146797438,0.3357909573645,-0.963556887054722,0.62776592969021
4.7216539682367,0.356628250756294,-0.967146218864888,0.610517968108578
4.72172646849901,0.377280525370461,-0.970233826827153,0.592953301456679
4.72181463579235,0.402130599484129,-0.973310242205619,0.57117964272149
4.72190280308569,0.426672236538966,-0.975639968803419,0.548967732264448
4.72199097037904,0.450886585295075,-0.977221229452663,0.526334644157583
4.72207913767238,0.474755043795252,-0.978052798155275,0.503297754360002
4.72216730496572,0.498259303263194,-0.978134048124838,0.479874744861649
4.72225547225906,0.521381319191585,-0.977464905499849,0.45608358630823
4.7223436395524,0.544103360563903,-0.976045894539399,0.431942533975504
4.72243180684574,0.566407986041521,-0.973878093070676,0.407470107029142
4.72251997413908,0.588278092426482,-0.970963174576185,0.382685082149691
4.72262837837142,0.614547176854491,-0.966358541530046,0.351811364675543
4.72273678260377,0.640103726004197,-0.960633201494778,0.320529475490538
4.72284518683611,0.664918010834429,-0.953793804235613,0.288875793401157
4.72295359106845,0.688961241869686,-0.94584829263707,0.256887050767365
4.72306199530079,0.71220550579597,-0.936805876661716,0.224600370865711
4.72317039953314,0.734623855945217,-0.926677048437205,0.192053192491956
4.72327880376548,0.756190272992205,-0.91547354831146,0.159283275319233
4.72338720799782,0.776879759044527,-0.903208373825415,0.126328614780854
4.72349561223017,0.796668302132197,-0.889895742989976,0.0932274408577561
4.72360401646251,0.815532966422464,-0.875551099152098,0.0600181327295864
4.72371242069485,0.833451857468761,-0.860191072231909,0.0267392147631192
4.72382082492719,0.85040420750278,-0.843833479860519,-0.00657072764232146
4.72392922915954,0.866370340818066,-0.826497286720931,-0.0398730540971635
4.72399684242372,0.875821419756705,-0.815197420126407,-0.0606239996303323
4.7240644556879,0.884877264566134,-0.8035298419455,-0.0813474226206373
4.72413206895208,0.893533835246918,-0.791499770007239,-0.102034065239668
4.72419968221626,0.901787219632483,-0.779112623700403,-0.122674595932095
4.72429184147982,0.912380664619542,-0.761663838334483,-0.150716826285092
4.72438400074338,0.922209368162674,-0.743576564123309,-0.178632804039372
4.72444420061373,0.928212933831681,-0.731423875632712,-0.196789058198988
4.72450440048409,0.933884469371831,-0.719009636866791,-0.214874832505029
4.72456460035444,0.939221971372617,-0.706338256424499,-0.232883714948119
4.7246248002248,0.944223518626392,-0.693414267656827,-0.250809250969592
4.7246973004891,0.949798513732478,-0.677520927424493,-0.272277586307991
4.7247698007534,0.954880784012527,-0.661276109022891,-0.293604674989695
4.72484230101769,0.959467706593443,-0.644688240862029,-0.314779465731432
4.72491480128199,0.963556887679619,-0.627765938583301,-0.335790949096318
4.72498730154629,0.967146219758831,-0.610517976639225,-0.356628243119609
4.72505980181059,0.970233827963259,-0.592953309604641,-0.377280518358621
4.72514796910815,0.973310243654924,-0.571179649928281,-0.40213059372664
4.7252361364057,0.975639970494948,-0.548967738484993,-0.426672232009988
4.72532430370325,0.977221231315146,-0.526334649348998,-0.450886581966146
4.72541247100081,0.978052800117085,-0.503297758481869,-0.474755041635224
4.72550063829836,0.978134050114371,-0.479874747876163,-0.4982593022382
4.72558880559592,0.977464907445284,-0.456083588180002,-0.52138131926528
4.72567697289347,0.976045896369136,-0.43194253467175,-0.544103361697439
4.72576514019103,0.973878094713311,-0.407470106519964,-0.566407988193385
4.72585330748858,0.970963175960556,-0.38268508040773,-0.588278095552843
4.72596171172092,0.966358542746905,-0.35181136287024,-0.614547179876687
4.72607011595326,0.960633202545022,-0.320529473627251,-0.640103728917776
4.72617852018561,0.953793805120348,-0.288875791485312,-0.664918013635034
4.72628692441795,0.945848293357637,-0.256887048804579,-0.68896124455306
4.72639532865029,0.936805877219471,-0.224600368861412,-0.71220550835809
4.72650373288263,0.926677048833942,-0.192053190451861,-0.734623858382111
4.72661213711497,0.915473548548999,-0.159283273248932,-0.756190275300056
4.72672054134731,0.903208373905796,-0.12632861268605,-0.776879761219744
4.72682894557966,0.889895742915453,-0.0932274387442491,-0.796668304171202
4.726937349812,0.875551098925113,-0.0600181306030504,-0.815532968322014
4.72704575404434,0.860191071854858,-0.0267392126291988,-0.833451859225649
4.72715415827668,0.84383347933631,0.00657072977773927,-0.850404209114054
4.72726256250902,0.82649728605245,0.0398730562283536,-0.866370342280831
4.72733017577273,0.815197419450126,0.0606240016104029,-0.875821421060527
4.72739778903644,0.803529841267711,0.0813474244479113,-0.88487726571563
4.72746540230014,0.791499769334209,0.102034066912594,-0.893533836246797
4.72753301556385,0.77911262303835,0.122674597449239,-0.901787220487587
4.72762517485358,0.761663832526236,0.150716835730688,-0.912380668256916
4.72771733414331,0.743576552812798,0.178632821331524,-0.922209374144288
4.7277775339917,0.731423868512524,0.196789068804545,-0.928212937317064
4.72783773384009,0.719009634131313,0.214874836470349,-0.933884470601671
4.72789793368848,0.706338258263105,0.232883712326843,-0.939221970589984
4.72795813353686,0.693414274253866,0.25080924182249,-0.944223516076341
4.72803063380108,0.677520934145189,0.272277577174949,-0.949798511320141
4.72810313406529,0.661276115865614,0.293604665874394,-0.954880781739989
4.7281756343295,0.644688247824987,0.314779456637525,-0.959467704462548
4.72824813459371,0.627765945664755,0.335790940027462,-0.963556885692263
4.72832063485792,0.610517983837381,0.356628234079403,-0.967146217916811
4.72839313512213,0.592953316917518,0.377280509350739,-0.970233826268239
4.72848130244302,0.57117965153071,0.402130591328834,-0.973310242859516
4.72856946976391,0.548967734145124,0.426672236058867,-0.975639970204006
4.7286576370848,0.526334638848754,0.450886592283323,-0.977221231132046
4.72874580440569,0.503297741617114,0.474755058027517,-0.978052799644606
4.72883397172658,0.4798747244569,0.498259324498154,-0.978134048955031
4.72892213904747,0.456083558030873,0.521381347171384,-0.977464905202247
4.72901030636835,0.431942497632343,0.544103395014304,-0.97604589264663
4.72909847368924,0.407470062444693,0.566408026672451,-0.973878089117158
4.72918664101013,0.382685029166464,0.588278138932511,-0.970963168098944
4.72929504524255,0.351811310866723,0.614547222064123,-0.966358532930829
4.72940344947497,0.32052942092369,0.640103769859597,-0.96063319078326
4.72951185370739,0.288875738144674,0.664918053279318,-0.953793791423977
4.72962025793981,0.256886994890594,0.688961282849459,-0.945848277740036
4.72972866217223,0.224600314438575,0.712205545257658,-0.936805859696269
4.72983706640465,0.192053135585224,0.734623893837593,-0.926677029422797
4.72994547063707,0.159283218004172,0.756190309265836,-0.915473527270038
4.73005387486948,0.126328557129212,0.776879793651906,-0.903208350781106
4.7301622791019,0.0932273829418466,0.796668335027579,-0.889895717969422
4.73027068333432,0.0600180746219615,0.815532997562203,-0.875551072184142
4.73037908756674,0.0267391565366276,0.833451886811046,-0.860191043347647
4.73048749179916,-0.00657078591450993,0.850404235008008,-0.843833449093482
4.73059589603158,-0.039873112341952,0.866370366448641,-0.826497254106697
4.73066350924078,-0.0606240409417366,0.875821436668052,-0.815197395726321
4.73073112244997,-0.0813474470224783,0.884877273391711,-0.803529826369222
4.73079873565917,-0.10203407277846,0.893533836630424,-0.791499763851919
4.73086634886837,-0.122674586677056,0.901787214227277,-0.779112627550174
4.73095850817022,-0.150716828675981,0.912380663578047,-0.76166383490202
4.73105066747208,-0.178632817965585,0.922209370847257,-0.743576552881638
4.73111086732478,-0.196789066740695,0.928212934462927,-0.7314238677222
4.73117106717747,-0.214874835698548,0.933884468142932,-0.719009632444359
4.73123126703017,-0.232883712835703,0.939221968478715,-0.706338255642973
4.73129146688287,-0.250809243599078,0.944223514264234,-0.69341427066512
4.73136396714483,-0.272277578262792,0.949798509256579,-0.677520930993719
4.73143646740678,-0.293604666280728,0.954880779455217,-0.661276113174476
4.73150896766874,-0.314779456370453,0.959467701987043,-0.644688245616545
4.7315814679307,-0.33579093909632,0.963556883056746,-0.627765943960424
4.73165396819266,-0.356628232494432,0.967146215152289,-0.610517982657822
4.73172646845462,-0.377280507123235,0.970233823405953,-0.592953316282696
4.73181463579445,-0.402130594409508,0.973310240585069,-0.571179646175583
4.73190280313427,-0.426672244311401,0.975639968196213,-0.548967723884803
4.7319909704741,-0.450886605559252,0.977221229068791,-0.526334623509511
4.73207913781393,-0.474755076166678,0.978052797203233,-0.503297721036523
4.73216730515376,-0.498259347328647,0.978134045812925,-0.479874698484249
4.73225547249359,-0.521381374509933,0.977464901037261,-0.456083526527261
4.73234363983341,-0.544103426666616,0.976045887137627,-0.431942460470956
4.73243180717324,-0.566408062433416,0.973878081944554,-0.407470019511108
4.73251997451307,-0.588278178586518,0.970963158945134,-0.382684980358568
4.73262837874555,-0.614547260642103,0.966358522016112,-0.351811261373957
4.73273678297804,-0.640103807313572,0.960633178115749,-0.320529370802166
4.73284518721052,-0.664918089562648,0.953793777013806,-0.288875687451125
4.732953591443,-0.688961317916786,0.94584826159929,-0.256886943682492
4.73306199567548,-0.712205579065125,0.936805841839122,-0.224600262773967
4.73317039990796,-0.734623926342648,0.926677009865497,-0.192053083522807
4.73327880414045,-0.756190340427547,0.915473506030555,-0.159283165602969
4.73338720837293,-0.776879823430754,0.90320832787968,-0.126328504448894
4.73349561260541,-0.796668363385669,0.889895693428049,-0.0932273300423646
4.73360401683789,-0.815533024463219,0.875551046026842,-0.0600180215635974
4.73371242107037,-0.833451912220463,0.860191015600333,-0.0267391033798383
4.73382082530286,-0.850404258892906,0.843833419783831,0.00657083910905982
4.73392922953534,-0.866370388777821,0.826497223264278,0.0398731655135531
4.73399684269131,-0.875821450721591,0.815197372991251,0.0606240777303749
4.73406445584728,-0.884877279784506,0.803529812329466,0.0813474674550405
4.73413206900324,-0.893533835987224,0.79149975908334,0.102034076903902
4.73419968215921,-0.901787207182301,0.779112632615949,0.122674574566342
4.73429184144708,-0.912380655332885,0.761663842964037,0.150716812368864
4.73438400073494,-0.922209361639454,0.743576564124553,0.178632797514933
4.73444420061364,-0.928212928164698,0.731423873966913,0.196789054197804
4.73450440049235,-0.933884464468948,0.719009633461456,0.214874831007501
4.73456460037106,-0.939221967140959,0.706338251208841,0.232883715932098
4.73462480024976,-0.944223514972169,0.693414260562017,0.250809254410175
4.7346973005097,-0.94979850958817,0.677520921175021,0.272277588413182
4.73476980076963,-0.954880779436847,0.661276103663414,0.293604675773434
4.73484230102956,-0.959467701645301,0.644688236435924,0.314779465209382
4.73491480128949,-0.963556882418677,0.627765935132152,0.335790947286523
4.73498730154942,-0.967146214245011,0.610517974203274,0.356628240041744
4.73505980180936,-0.970233822257013,0.592953308222391,0.377280514034647
4.73514796914493,-0.973310239124714,0.571179639068232,0.402130600056488
4.7352361364805,-0.97563996649603,0.548967717775942,0.426672248720072
4.73532430381608,-0.977221227200795,0.526334618442333,0.450886608758447
4.73541247115165,-0.97805279523967,0.503297717051687,0.474755078187982
4.73550063848723,-0.978134043826187,0.479874695619946,0.498259348206252
4.7355888058228,-0.977464899099776,0.456083524819066,0.52138137428075
4.73567697315837,-0.976045885321711,0.431942459951684,0.544103425370059
4.73576514049395,-0.973878080322335,0.407470020210985,0.56640806011139
4.73585330782952,-0.97096315758847,0.382684982305132,0.588278175283333
4.73596171206199,-0.966358520834896,0.351811263389374,0.61454725744549
4.73607011629447,-0.960633177109153,0.320529372880785,0.640103804228359
4.73617852052694,-0.953793776180825,0.288875689587297,0.664918086593551
4.73628692475942,-0.945848260938814,0.256886945870497,0.688961315068326
4.73639532899189,-0.936805841349726,0.224600265008039,0.712205576341697
4.73650373322437,-0.926677009545649,0.192053085797071,0.734623923748547
4.73661213745684,-0.915473505878464,0.159283167911563,0.756190337966888
4.73672054168931,-0.903208327893386,0.126328506785864,0.776879821107501
4.73682894592179,-0.889895693605355,0.0932273324017616,0.796668361203623
4.73693735015426,-0.875551046365471,0.0600180239393951,0.815533022426062
4.73704575438674,-0.860191016097636,0.0267391057660275,0.833451910331623
4.73715415861921,-0.843833420437154,-0.00657083671854484,0.850404257155715
4.73726256285168,-0.8264972240707,-0.0398731631247465,0.866370387195439
4.73733017600839,-0.815197373765854,-0.0606240755727452,0.875821449338605
4.73739778916509,-0.803529813063101,-0.0813474655301827,0.884877278593292
4.73746540232179,-0.791499759766876,-0.102034075213154,0.89353383498005
4.7375330154785,-0.77911263324049,-0.12267457311064,0.901787206351103
4.73762517474017,-0.761663848737305,-0.150716802978125,0.91238065171544
4.73771733400184,-0.743576575403077,-0.178632780270949,0.922209355674054
4.73777753390244,-0.731423881067551,-0.196789043620778,0.928212924688328
4.73783773380305,-0.719009636190498,-0.214874827051133,0.933884463241626
4.73789793370366,-0.706338249377489,-0.2328837185429,0.939221967920404
4.73795813360427,-0.693414253986287,-0.250809263527724,0.944223517514003
4.73803063386436,-0.677520914461269,-0.272277597536613,0.94979851199783
4.73810313412444,-0.661276096812631,-0.293604684898802,0.954880781711425
4.73817563438453,-0.644688229449118,-0.314779474332847,0.959467703781974
4.73824813464461,-0.627765928010698,-0.335790956403935,0.96355688441461
4.7383206349047,-0.610517966948339,-0.356628249149249,0.967146216097585
4.73839313516479,-0.592953300835346,-0.377280523128137,0.970233823963455
4.73848130247713,-0.57117963736534,-0.402130602566664,0.97331023993201
4.73856946978946,-0.548967721988078,-0.426672244809602,0.975639966797653
4.7386576371018,-0.526334628786698,-0.450886598604969,0.97722122739168
4.73874580441414,-0.503297733731648,-0.474755061983656,0.978052795715322
4.73883397172648,-0.479874718824706,-0.498259326157635,0.978134044982351
4.73892213903882,-0.456083554723298,-0.521381346608331,0.977464901331639
4.73901030635116,-0.431942496715466,-0.544103392307974,0.976045889023432
4.7390984736635,-0.407470063979174,-0.566408021907184,0.973878085886341
4.73918664097584,-0.382685033207363,-0.588278132197493,0.970963165404847
4.73929504520825,-0.3518113150455,-0.614547215547139,0.966358530592656
4.73940344944066,-0.320529425228954,-0.640103763570399,0.960633188799315
4.73951185367306,-0.28887574256491,-0.664918047227287,0.95379378979217
4.73962025790547,-0.256886999414071,-0.688961277043772,0.945848276457853
4.73972866213788,-0.224600319053618,-0.71220553970711,0.936805858760716
4.73983706637029,-0.19205314027985,-0.734623888550833,0.926677028830703
4.7399454706027,-0.159283222766401,-0.756190304251104,0.91547352701748
4.74005387483511,-0.126328561946976,-0.776879788917066,0.903208350864042
4.74016227906752,-0.0932273878030993,-0.796668330580277,0.889895718383388
4.74027068329993,-0.0600180795145409,-0.81553299340967,0.875551072924209
4.74037908753234,-0.0267391614482405,-0.833451882960347,0.860191044408553
4.74048749176475,0.00657078099607041,-0.850404231465665,0.843833450469555
4.74059589599716,0.0398731074289924,-0.866370363220917,0.826497255791899
4.74066350920795,0.0606240365310176,-0.875821433859416,0.815197397328399
4.74073112241875,0.0813474431171802,-0.884877270985395,0.803529827868174
4.74079873562955,0.102034069381175,-0.893533834609399,0.791499765228218
4.74086634884034,0.122674583789658,-0.901787212574142,0.77911262878449
4.74095850808988,0.15071680993947,-0.912380656359352,0.761663846419838
4.74105066733943,0.178632783543383,-0.922209358938416,0.743576575395018
4.74111086723584,0.196789045626992,-0.928212927522958,0.731423881895932
4.74117106713226,0.214874827800901,-0.933884465692625,0.719009637891705
4.74123126702868,0.232883718047361,-0.93922197003441,0.706338251987046
4.7412914669251,0.25080926179927,-0.944223519338064,0.693414257538802
4.74136396718736,0.272277596474592,-0.949798514066759,0.677520917592189
4.74143646744963,0.293604684496263,-0.954880783995978,0.66127609949968
4.74150896771189,0.314779474581895,-0.959467706252657,0.644688231670744
4.74158146797416,0.33579095729571,-0.963556887041751,0.627765929746
4.74165396823642,0.356628250673896,-0.96714621885111,0.610517968177227
4.74172646849869,0.377280525274677,-0.97023382681339,0.592953301538672
4.74181463579199,0.402130599379314,-0.973310242193512,0.571179642814158
4.7419028030853,0.426672236425394,-0.975639968793586,0.548967732368201
4.7419909703786,0.450886585173137,-0.977221229445753,0.526334644272605
4.7420791376719,0.474755043665327,-0.978052798151841,0.503297754486532
4.74216730496521,0.498259303125609,-0.978134048125592,0.479874744999984
4.74225547225851,0.521381319046818,-0.977464905505335,0.456083586458509
4.74234363955182,0.544103360412395,-0.976045894550254,0.431942534137882
4.74243180684512,0.566407985883698,-0.973878093087568,0.407470107203838
4.74251997413843,0.588278092262905,-0.970963174599616,0.382685082336697
4.74262837837077,0.614547176695534,-0.966358541560243,0.351811364864631
4.74273678260312,0.640103725850127,-0.960633201531537,0.320529475681413
4.74284518683546,0.664918010685365,-0.953793804278903,0.2888757935935
4.7429535910678,0.688961241725762,-0.945848292686807,0.256887050961051
4.74306199530015,0.712205505657292,-0.936805876717764,0.224600371060455
4.74317039953249,0.73462385581191,-0.926677048499539,0.192053192687603
4.74327880376484,0.756190272864391,-0.915473548379944,0.159283275515536
4.74338720799718,0.776879758922343,-0.903208373899918,0.126328614977531
4.74349561222953,0.7966683020157,-0.889895743070352,0.0932274410546472
4.74360401646187,0.815532966311838,-0.875551099238245,0.0600181329263887
4.74371242069422,0.833451857364036,-0.860191072323619,0.0267392149595716
4.74382082492656,0.850404207404065,-0.843833479957708,-0.00657072744634629
4.7439292291589,0.866370340725368,-0.826497286823491,-0.0398730539018788
4.74399684242329,0.875821419695062,-0.815197420198445,-0.0606239994966099
4.74406445568767,0.884877264533246,-0.803529841984754,-0.0813474225484881
4.74413206895205,0.89353383524043,-0.791499770011469,-0.102034065228956
4.74419968221643,0.901787219649986,-0.779112623667574,-0.122674595982432
4.74429184147997,0.912380664632763,-0.761663838305365,-0.150716826327358
4.7443840007435,0.922209368171958,-0.743576564098414,-0.17863280407357
4.74444420061381,0.92821293383611,-0.731423875616064,-0.196789058220022
4.74450440048412,0.93388446937179,-0.719009636858922,-0.214874832512897
4.74456460035443,0.939221971368674,-0.706338256425776,-0.232883714942922
4.74462480022475,0.944223518619034,-0.693414267667532,-0.250809250951479
4.74469730048908,0.949798513728427,-0.677520927426403,-0.272277586302013
4.74476980075342,0.954880784011355,-0.661276109015586,-0.293604674995787
4.74484230101776,0.959467706594471,-0.644688240845135,-0.314779465749317
4.7449148012821,0.963556887682336,-0.627765938556462,-0.335790949125897
4.74498730154644,0.967146219762677,-0.610517976602096,-0.356628243160593
4.74505980181078,0.97023382796761,-0.592953309556822,-0.377280518410826
4.74514796910839,0.973310243659318,-0.571179649866087,-0.402130593793268
4.745236136406,0.975639970498479,-0.548967738407859,-0.42667223209064
4.74532430370361,0.977221231316829,-0.526334649256437,-0.450886582060406
4.74541247100122,0.978052800116039,-0.50329775837344,-0.474755041742613
4.74550063829883,0.978134050109622,-0.47987474775148,-0.498259302358163
4.74558880559643,0.977464907435996,-0.456083588038719,-0.521381319397261
4.74567697289404,0.976045896354387,-0.431942534513608,-0.544103361840778
4.74576514019165,0.973878094692137,-0.407470106344613,-0.566407988347523
4.74585330748926,0.970963175932053,-0.382685080214906,-0.588278095717154
4.74596171172161,0.966358542711117,-0.351811362673218,-0.614547180037896
4.74607011595395,0.960633202501849,-0.320529473426248,-0.640103729075601
4.7461785201863,0.953793805069708,-0.288875791280468,-0.66491801378925
4.74628692441865,0.945848293299534,-0.256887048596163,-0.688961244703412
4.746395328651,0.936805877153877,-0.224600368649641,-0.71220550850422
4.74650373288334,0.926677048760809,-0.192053190236981,-0.734623858523821
4.74661213711569,0.91547354846824,-0.159283273031089,-0.756190275437177
4.74672054134804,0.903208373817454,-0.126328612465515,-0.77687976135196
4.74682894558038,0.889895742819499,-0.0932274385212067,-0.796668304298295
4.74693734981273,0.875551098821536,-0.0600181303778045,-0.815532968443726
4.74704575404508,0.860191071743798,-0.0267392124020221,-0.833451859341742
4.74715415827743,0.843833479217719,0.00657073000657328,-0.850404209224303
4.74726256250977,0.82649728592636,0.0398730564586628,-0.866370342385018
4.74733017577325,0.815197419358829,0.0606240017702036,-0.875821421129024
4.74739778903673,0.803529841213743,0.0813474245373605,-0.884877265751091
4.74746540230021,0.791499769320065,0.102034066931861,-0.893533836251913
4.74753301556368,0.779112623066412,0.122674597398657,-0.901787220465052
4.74762517485338,0.761663832562028,0.150716835669986,-0.912380668232009
4.74771733414308,0.743576552856768,0.178632821260832,-0.922209374117605
4.74777753399156,0.731423868538021,0.196789068762969,-0.928212937301001
4.74783773384004,0.719009634137404,0.214874836457722,-0.933884470595117
4.74789793368853,0.706338258248977,0.232883712342962,-0.939221970591886
4.74795813353701,0.693414274218744,0.250809241866983,-0.944223516085711
4.74803063380117,0.677520934120753,0.272277577204003,-0.949798511324708
4.74810313406533,0.661276115852311,0.293604665888207,-0.954880781740495
4.74817563432949,0.644688247823472,0.314779456636217,-0.959467704459671
4.74824813459365,0.62776594567535,0.335790940011386,-0.963556885686723
4.74832063485781,0.610517983860502,0.356628234048773,-0.967146217909265
4.74839313512197,0.592953316953688,0.377280509305842,-0.970233826259529
4.74848130244279,0.571179651584533,0.402130591265631,-0.973310242850149
4.74856946976362,0.548967734217188,0.426672235977892,-0.975639970195066
4.74865763708444,0.526334638939647,0.450886592185087,-0.977221231124731
4.74874580440526,0.503297741727336,0.47475505791271,-0.97805279964005
4.74883397172608,0.479874724587023,0.498259324367373,-0.978134048954394
4.7489221390469,0.456083558181345,0.521381347025278,-0.977464905206589
4.74901030636772,0.431942497803546,0.544103394853652,-0.976045892657154
4.74909847368854,0.407470062637022,0.566408026498015,-0.973878089135001
4.74918664100936,0.382685029380305,0.588278138745022,-0.970963168125316
4.74929504524178,0.35181131108446,0.614547221880846,-0.966358532965299
4.7494034494742,0.32052942114506,0.640103769680797,-0.960633190825882
4.74951185370661,0.288875738369347,0.664918053105358,-0.953793791474676
4.74962025793903,0.256886995118356,0.688961282680511,-0.94584827779889
4.74972866217144,0.224600314669208,0.71220554509393,-0.936805859763146
4.74983706640386,0.192053135818423,0.734623893679391,-0.926677029497797
4.74994547063628,0.159283218239555,0.756190309113422,-0.915473527352974
4.75005387486869,0.126328557366591,0.776879793505466,-0.903208350872015
4.75016227910111,0.0932273831810222,0.796668334887245,-0.889895718068268
4.75027068333353,0.0600180748626356,0.815532997428244,-0.875551072290843
4.75037908756594,0.0267391567784596,0.833451886683699,-0.860191043462137
4.75048749179836,-0.00657078567177539,0.850404234887471,-0.843833449215656
4.75059589603078,-0.0398731120985382,0.866370366335019,-0.82649725423648
4.75066350924021,-0.060624040772114,0.875821436591936,-0.815197395819807
4.75073112244965,-0.0813474469265671,0.884877273350302,-0.803529826423706
4.75079873565909,-0.102034072756021,0.893533836620878,-0.79149976386488
4.75086634886852,-0.122674586727812,0.901787214246789,-0.779112627518973
4.75095850817038,-0.150716828725206,0.912380663595796,-0.761663834870559
4.75105066747223,-0.178632818013241,0.922209370863293,-0.74357655285004
4.75111086732487,-0.196789066770925,0.928212934472628,-0.731423867701692
4.75117106717751,-0.214874835711532,0.933884468146895,-0.719009632435341
4.75123126703015,-0.232883712831575,0.939221968477549,-0.706338255645981
4.75129146688279,-0.250809243578045,0.944223514258584,-0.693414270680534
4.75136396714475,-0.272277578243407,0.94979850925185,-0.677520931008449
4.75143646740671,-0.293604666262881,0.954880779451365,-0.661276113188456
4.75150896766868,-0.314779456354148,0.95946770198396,-0.644688245629785
4.75158146793064,-0.335790939081485,0.963556883054437,-0.627765943972927
4.7516539681926,-0.356628232481101,0.967146215150584,-0.610517982669477
4.75172646845456,-0.377280507111404,0.970233823404834,-0.592953316293397
4.75181463579438,-0.402130594393587,0.973310240583981,-0.57117964619039
4.75190280313419,-0.426672244291487,0.975639968195341,-0.54896772390383
4.751990970474,-0.450886605535516,0.977221229068448,-0.526334623532915
4.75207913781382,-0.474755076139289,0.978052797203597,-0.503297721064285
4.75216730515363,-0.49825934729769,0.978134045814315,-0.479874698516628
4.75225547249344,-0.521381374475638,0.977464901039883,-0.456083526564253
4.75234363983326,-0.54410342662914,0.976045887141845,-0.43194246051266
4.75243180717307,-0.56640806239289,0.973878081950505,-0.407470019557633
4.75251997451288,-0.588278178543144,0.970963158953152,-0.382684980409994
4.75262837874536,-0.614547260599829,0.966358522026147,-0.351811261426257
4.75273678297785,-0.640103807272493,0.960633178127748,-0.320529370855227
4.75284518721033,-0.664918089522823,0.953793777027718,-0.28887568750488
4.75295359144281,-0.688961317878288,0.94584826161514,-0.256886943736867
4.75306199567529,-0.712205579027967,0.936805841856877,-0.224600262828901
4.75317039990777,-0.734623926306949,0.926677009885172,-0.192053083578196
4.75327880414026,-0.75619034039335,0.915473506052162,-0.159283165658767
4.75338720837274,-0.776879823398062,0.903208327903108,-0.126328504505029
4.75349561260522,-0.79666836335454,0.889895693453331,-0.093227330098759
4.7536040168377,-0.815533024433765,0.875551046053948,-0.0600180216201811
4.75371242107019,-0.833451912192627,0.860191015629196,-0.0267391034365476
4.75382082530267,-0.850404258866764,0.843833419814467,0.00657083905229939
4.75392922953515,-0.866370388753396,0.826497223296636,0.0398731654567955
4.75399684269117,-0.875821450706133,0.815197373014909,0.0606240776912378
4.7540644558472,-0.884877279777289,0.803529812343909,0.0813474674333923
4.75413206900322,-0.89353383598766,0.791499759087917,0.102034076899745
4.75419968215925,-0.901787207189563,0.779112632610054,0.122674574579543
4.75429184144711,-0.912380655339668,0.761663842958251,0.150716812381431
4.75438400073497,-0.922209361645746,0.743576564118993,0.178632797526763
4.75444420061366,-0.928212928168858,0.731423873965397,0.196789054203475
4.75450440049234,-0.933884464471174,0.719009633464123,0.21487483100707
4.75456460037103,-0.939221967141454,0.706338251215939,0.232883715925552
4.75462480024971,-0.944223514971279,0.693414260573669,0.25080925439763
4.75469730050965,-0.949798509587829,0.677520921186249,0.272277588401618
4.75476980076958,-0.954880779436999,0.661276103674242,0.293604675762757
4.75484230102952,-0.959467701645943,0.644688236446313,0.31477946519967
4.75491480128945,-0.963556882419736,0.627765935142056,0.335790947277746
4.75498730154939,-0.967146214246559,0.610517974212645,0.356628240033918
4.75505980180932,-0.970233822258887,0.592953308231227,0.377280514027674
4.75514796914485,-0.973310239125472,0.571179639088765,0.402130600036744
4.75523613648038,-0.975639966496463,0.548967717808556,0.426672248687926
4.75532430381591,-0.977221227201678,0.526334618487419,0.450886608714277
4.75541247115143,-0.978052795241752,0.503297717109682,0.474755078132099
4.75550063848696,-0.978134043830349,0.479874695691254,0.498259348139118
4.75558880582249,-0.977464899106704,0.456083524903971,0.521381374202768
4.75567697315802,-0.976045885332257,0.431942460050453,0.544103425281813
4.75576514049354,-0.97387808033726,0.407470020323907,0.566408060013343
4.75585330782907,-0.970963157608486,0.382684982432493,0.588278175176021
4.75596171206154,-0.966358520859698,0.351811263519624,0.614547257340086
4.75607011629401,-0.960633177138865,0.320529373013738,0.640103804125116
4.75617852052648,-0.95379377621545,0.288875689722832,0.664918086492644
4.75628692475895,-0.945848260978376,0.256886946008479,0.688961314969934
4.75639532899142,-0.936805841394236,0.224600265148221,0.712205576246027
4.7565037332239,-0.926677009595141,0.192053085939363,0.734623923655789
4.75661213745637,-0.915473505932983,0.159283168055826,0.756190337877132
4.75672054168884,-0.903208327952885,0.126328506931958,0.776879821020971
4.75682894592131,-0.889895693669945,0.09322733254951,0.796668361120462
4.75693735015378,-0.875551046435045,0.0600180240886542,0.815533022346411
4.75704575438625,-0.860191016172259,0.0267391059166196,0.833451910255647
4.75715415861872,-0.843833420516766,-0.0065708365667805,0.850404257083565
4.75726256285119,-0.826497224155299,-0.039873162971988,0.866370387127286
4.75733017600804,-0.815197373827403,-0.0606240754666278,0.875821449294031
4.7573977891649,-0.803529813099935,-0.0813474654706628,0.884877278570588
4.75746540232175,-0.791499759777382,-0.102034075200021,0.893533834977417
4.75753301547861,-0.779112633222931,-0.122674573143855,0.901787206366779
4.75762517474034,-0.761663848706452,-0.150716803030915,0.912380651737369
4.75771733400208,-0.743576575358107,-0.17863278034304,0.92220935570114
4.7577775339026,-0.73142388103999,-0.196789043665332,0.928212924705312
4.75783773380311,-0.719009636181199,-0.214874827068257,0.933884463249475
4.75789793370363,-0.70633824938719,-0.232883718532856,0.939221967920072
4.75795813360415,-0.693414254015867,-0.250809263490692,0.944223517506519
4.75803063386425,-0.67752091448808,-0.272277597504226,0.949798511992317
4.75810313412435,-0.661276096836566,-0.293604684871039,0.9548807817076
4.75817563438445,-0.644688229469991,-0.314779474309648,0.959467703779658
4.75824813464455,-0.627765928028257,-0.33579095638535,0.963556884413609
4.75832063490466,-0.610517966962521,-0.356628249135148,0.967146216097643
4.75839313516476,-0.592953300846103,-0.37728052311836,0.970233823964449
4.75848130247705,-0.571179637386591,-0.402130602545387,0.973310239931959
4.75856946978935,-0.548967722020256,-0.42667224477706,0.975639966797315
4.75865763710165,-0.526334628830236,-0.45088659856147,0.97722122739166
4.75874580441395,-0.503297733786886,-0.474755061929591,0.978052795716491
4.75883397172624,-0.479874718891998,-0.498259326093319,0.978134044985315
4.75892213903854,-0.456083554802879,-0.521381346534268,0.977464901337109
4.75901030635084,-0.431942496807544,-0.544103392224597,0.976045889032159
4.75909847366313,-0.407470064084079,-0.56640802181494,0.973878085899007
4.75918664097543,-0.382685033325348,-0.588278132096797,0.970963165422118
4.75929504520784,-0.351811315166439,-0.614547215447976,0.966358530614402
4.75940344944024,-0.32052942535262,-0.640103763472918,0.960633188825535
4.75951185367265,-0.288875742691196,-0.664918047131778,0.953793789822985
4.75962025790505,-0.256886999542977,-0.688961276950278,0.94584827649325
4.75972866213746,-0.224600319184836,-0.712205539615927,0.93680585880074
4.75983706636986,-0.192053140413416,-0.734623888462004,0.926677028875393
4.75994547060227,-0.159283222902121,-0.756190304164881,0.915473527066993
4.76005387483467,-0.126328562084809,-0.776879788833576,0.90320835091836
4.76016227906708,-0.0932273879427269,-0.796668330499699,0.889895718442444
4.76027068329948,-0.0600180796558735,-0.815532993332219,0.875551072988079
4.76037908753189,-0.0267391615912068,-0.833451882886091,0.860191044477299
4.76048749176429,0.00657078085176412,-0.850404231394847,0.843833450543067
4.76059589599669,0.0398731072833995,-0.866370363153697,0.826497255870281
4.76066350920763,0.0606240364271812,-0.875821433813436,0.81519739738627
4.76073112241856,0.0813474430550791,-0.884877270959155,0.803529827904053
4.76079873562949,0.102034069360685,-0.893533834601246,0.791499765240569
4.76086634884042,0.122674583810628,-0.901787212582518,0.77911262877189
4.76095850809,0.150716809969855,-0.912380656370505,0.76166384640062
4.76105066733957,0.178632783583057,-0.922209358951914,0.74357657536883
4.76111086723594,0.196789045652018,-0.928212927530971,0.731423881878913
4.76117106713231,0.214874827811331,-0.933884465695718,0.719009637884389
4.76123126702868,0.232883718043366,-0.939221970033117,0.706338251989729
4.76129146692505,0.25080926178102,-0.944223519332956,0.693414257551904
4.76136396718734,0.272277596463321,-0.949798514063695,0.677520917600335
4.76143646744962,0.293604684491883,-0.954880783994594,0.661276099502705
4.76150896771191,0.314779474584265,-0.959467706252684,0.644688231668426
4.7615814679742,0.335790957304761,-0.963556887042876,0.6277659297381
4.76165396823649,0.356628250689403,-0.96714621885309,0.610517968163668
4.76172646849878,0.377280525296571,-0.970233826815792,0.59295330151918
4.76181463579213,0.402130599415581,-0.973310242196782,0.571179642781162
4.76190280308549,0.426672236475598,-0.975639968796813,0.548967732321188
4.76199097037885,0.450886585236912,-0.977221229448024,0.526334644211116
4.7620791376722,0.474755043742171,-0.978052798152315,0.503297754410149
4.76216730496556,0.498259303215048,-0.978134048123297,0.479874744908265
4.76225547225892,0.52138131914832,-0.977464905499454,0.456083586351111
4.76234363955227,0.544103360525434,-0.976045894539917,0.431942534014444
4.76243180684563,0.566407986007651,-0.973878093071809,0.407470107064153
4.76251997413899,0.588278092397123,-0.970963174577616,0.382685082180499
4.76262837837133,0.614547176825352,-0.96635854153253,0.351811364707181
4.76273678260367,0.640103725975356,-0.960633201498333,0.320529475522983
4.76284518683601,0.664918010805886,-0.953793804240303,0.288875793434388
4.76295359106835,0.688961241841446,-0.945848292642951,0.256887050801468
4.76306199530069,0.712205505768185,-0.936805876668704,0.224600370900545
4.76317039953303,0.734623855917811,-0.926677048445416,0.192053192527592
4.76327880376537,0.756190272965328,-0.915473548320877,0.159283275355521
4.76338720799771,0.77687975901826,-0.903208373836056,0.126328614817789
4.76349561223006,0.796668302106501,-0.889895743001874,0.0932274408953535
4.7636040164624,0.815532966397448,-0.87555109916523,0.0600181327677845
4.76371242069474,0.833451857444432,-0.860191072246268,0.0267392148018298
4.76382082492708,0.850404207479226,-0.843833479876205,-0.00657072760302915
4.76392922915942,0.866370340795322,-0.826497286737919,-0.0398730540574188
4.76399684242364,0.875821419740304,-0.815197420136967,-0.0606239996033518
4.76406445568787,0.884877264555635,-0.803529841949203,-0.0813474226064728
4.76413206895209,0.893533835241837,-0.791499770003536,-0.102034065238293
4.76419968221631,0.901787219632328,-0.779112623688927,-0.122674595943394
4.76429184147988,0.91238066462046,-0.761663838319914,-0.150716826300555
4.76438400074346,0.922209368164471,-0.743576564105567,-0.178632804058933
4.76444420061379,0.928212933831191,-0.731423875618515,-0.196789058212659
4.76450440048413,0.933884469369154,-0.719009636856443,-0.214874832512753
4.76456460035446,0.939221971368071,-0.706338256418097,-0.232883714950008
4.7646248002248,0.944223518620225,-0.693414267654512,-0.250809250965697
4.76469730048913,0.949798513728559,-0.677520927415282,-0.272277586313287
4.76476980075346,0.95488078401057,-0.661276109006377,-0.293604675004214
4.76484230101779,0.959467706592877,-0.644688240838022,-0.314779465754856
4.76491480128212,0.963556887680078,-0.627765938551443,-0.335790949128635
4.76498730154645,0.967146219759829,-0.610517976599323,-0.356628243160519
4.76505980181078,0.970233827964403,-0.592953309556378,-0.377280518408036
4.76514796910841,0.973310243656716,-0.571179649860827,-0.402130593795887
4.76523613640603,0.975639970496096,-0.548967738397577,-0.42667223209858
4.76532430370366,0.977221231314474,-0.526334649240954,-0.450886582073523
4.76541247100129,0.978052800113318,-0.503297758352597,-0.474755041760723
4.76550063829892,0.978134050106219,-0.47987474772512,-0.49825930238111
4.76558880559655,0.9774649074315,-0.456083588006644,-0.521381319424841
4.76567697289418,0.976045896348518,-0.431942534475728,-0.544103361872807
4.7657651401918,0.973878094684591,-0.4074701063008,-0.566407988383788
4.76585330748943,0.970963175922502,-0.382685080165051,-0.588278095757428
4.76596171172178,0.966358542699777,-0.351811362623046,-0.614547180076747
4.76607011595412,0.960633202488817,-0.320529473375793,-0.640103729113062
4.76617852018647,0.953793805054983,-0.288875791229726,-0.664918013825302
4.76628692441882,0.94584829328314,-0.256887048545185,-0.688961244737951
4.76639532865116,0.936805877135895,-0.224600368598564,-0.712205508537324
4.76650373288351,0.926677048741246,-0.192053190185838,-0.734623858555442
4.76661213711585,0.915473548447144,-0.159283272979907,-0.756190275467254
4.7667205413482,0.903208373794825,-0.126328612414336,-0.776879761380501
4.76682894558055,0.889895742795422,-0.0932274384701853,-0.796668304325273
4.76693734981289,0.875551098795975,-0.060018130326839,-0.815532968469128
4.76704575404524,0.860191071716875,-0.0267392123513191,-0.833451859365543
4.76715415827759,0.843833479189477,0.00657073005701607,-0.850404209246476
4.76726256250993,0.826497285896849,0.0398730565087152,-0.866370342405569
4.76733017577337,0.815197419335166,0.0606240018080664,-0.875821421143215
4.76739778903681,0.803529841196436,0.0813474245629237,-0.884877265759356
4.76746540230025,0.791499769309544,0.102034066945178,-0.893533836254728
4.76753301556368,0.779112623063137,0.12267459739973,-0.901787220462901
4.76762517485338,0.761663832558519,0.150716835671437,-0.912380668229937
4.76771733414308,0.743576552852983,0.178632821262699,-0.922209374115662
4.76777753399155,0.731423868536398,0.196789068761585,-0.928212937297959
4.76783773384003,0.719009634138084,0.214874836453144,-0.933884470591209
4.7678979336885,0.706338258251972,0.232883712335171,-0.939221970587161
4.76795813353697,0.693414274224127,0.250809241856145,-0.944223516080293
4.76803063380118,0.677520934116362,0.272277577206549,-0.949798511322909
4.76810313406538,0.661276115837637,0.293604665904039,-0.954880781741661
4.76817563432959,0.64468824779807,0.314779456665146,-0.959467704463182
4.76824813459379,0.627765945638914,0.335790940053059,-0.963556885691963
4.768320634858,0.6105179838126,0.356628234103044,-0.967146217915631
4.7683931351222,0.592953316893943,0.377280509372422,-0.970233826266351
4.76848130244308,0.571179651508899,0.402130591347947,-0.973310242856806
4.76856946976396,0.548967734125222,0.42667223607536,-0.97563997020059
4.76865763708484,0.52633463883084,0.450886592297272,-0.977221231128099
4.76874580440572,0.503297741601245,0.474755058039003,-0.978052799640255
4.7688339717266,0.479874724443198,0.498259324507241,-0.978134048950431
4.76892213904748,0.456083558019479,0.521381347178066,-0.977464905197537
4.76901030636836,0.4319424976232,0.544103395018765,-0.976045892641947
4.76909847368924,0.407470062437979,0.566408026674682,-0.973878089112663
4.76918664101012,0.382685029162206,0.588278138932607,-0.970963168094789
4.76929504524254,0.351811310863865,0.614547222063133,-0.966358532926985
4.76940344947495,0.32052942092232,0.640103769857567,-0.960633190779902
4.76951185370737,0.288875738144721,0.664918053276386,-0.953793791421082
4.76962025793978,0.256886994892051,0.688961282845682,-0.94584827773769
4.7697286621722,0.224600314441444,0.712205545253131,-0.936805859694567
4.76983706640461,0.1920531355896,0.734623893832365,-0.926677029421943
4.76994547063702,0.159283218009897,0.756190309260049,-0.915473527269904
4.77005387486944,0.126328557136353,0.776879793645606,-0.903208350781959
4.77016227910185,0.0932273829503859,0.796668335020848,-0.889895717971252
4.77027068333427,0.0600180746319001,0.815532997555105,-0.875551072187006
4.77037908756668,0.0267391565480316,0.833451886803709,-0.860191043351711
4.7704874917991,-0.00657078590170141,0.850404235000509,-0.843833449098774
4.77059589603151,-0.0398731123277829,0.866370366441071,-0.826497254113265
4.77066350924072,-0.0606240409306146,0.875821436662269,-0.815197395731595
4.77073112244993,-0.0813474470144393,0.884877273387516,-0.803529826373063
4.77079873565913,-0.102034072773531,0.893533836627762,-0.791499763854212
4.77086634886834,-0.122674586675142,0.901787214226004,-0.779112627550846
4.77095850817011,-0.150716828646469,0.912380663566896,-0.761663834920437
4.77105066747187,-0.17863281790881,0.922209370827784,-0.743576552918964
4.77111086732464,-0.196789066706729,0.928212934451888,-0.731423867745165
4.77117106717742,-0.214874835687247,0.933884468139496,-0.719009632452257
4.77123126703019,-0.232883712846893,0.939221968482041,-0.706338255635123
4.77129146688296,-0.250809243632634,0.944223514273469,-0.69341427064085
4.77136396714494,-0.272277578303175,0.949798509266935,-0.677520930963765
4.77143646740692,-0.293604666327766,0.954880779466371,-0.661276113138589
4.7715089676689,-0.314779456423934,0.959467701998658,-0.644688245574697
4.77158146793089,-0.335790939156152,0.963556883068498,-0.627765943912357
4.77165396819287,-0.356628232560463,0.96714621516387,-0.610517982603375
4.77172646845485,-0.377280507195412,0.970233823416978,-0.592953316221544
4.77181463579468,-0.402130594481805,0.973310240594286,-0.571179646112439
4.77190280313451,-0.426672244383794,0.975639968203485,-0.548967723819666
4.77199097047434,-0.450886605631708,0.977221229074085,-0.526334623442363
4.77207913781418,-0.474755076239083,0.978052797206468,-0.503297720967349
4.77216730515401,-0.498259347400897,0.978134045814044,-0.479874698413157
4.77225547249384,-0.521381374582042,0.977464901036177,-0.45608352645414
4.77234363983367,-0.544103426738494,0.976045887134375,-0.431942460395865
4.7724318071735,-0.566408062504947,0.97387808193902,-0.407470019434059
4.77251997451333,-0.588278178657566,0.970963158937266,-0.382684980279715
4.77262837874581,-0.61454726071075,0.966358522005696,-0.351811261294923
4.77273678297829,-0.640103807379852,0.960633178102836,-0.320529370722953
4.77284518721077,-0.664918089626476,0.953793776998386,-0.288875687371895
4.77295359144325,-0.688961317978155,0.945848261581526,-0.256886943603367
4.77306199567573,-0.712205579124021,0.936805841819011,-0.224600262694974
4.77317039990821,-0.734623926399087,0.926677009843207,-0.192053083444068
4.77327880414069,-0.756190340481535,0.91547350600609,-0.159283165524543
4.77338720837317,-0.776879823482223,0.90320832785313,-0.126328504370906
4.77349561260565,-0.796668363434605,0.889895693399567,-0.0932273299649583
4.77360401683813,-0.815533024509641,0.875551045996462,-0.0600180214867653
4.77371242107061,-0.833451912264372,0.860191015568127,-0.0267391033037433
4.77382082530309,-0.850404258934264,0.843833419749939,0.00657083918432745
4.77392922953557,-0.866370388816706,0.826497223228759,0.0398731655879687
4.77399684269146,-0.875821450748762,0.815197372967424,0.060624077781376
4.77406445584735,-0.884877279800798,0.803529812318222,0.0813474674826045
4.77413206900324,-0.893533835993597,0.791499759085454,0.10203407690818
4.77419968215913,-0.901787207179557,0.779112632632252,0.122674574547359
4.77429184144695,-0.91238065532565,0.761663842989808,0.150716812335857
4.77438400073477,-0.922209361628476,0.743576564160583,0.178632797467925
4.77444420061353,-0.928212928159998,0.731423873992489,0.196789054167516
4.77450440049229,-0.933884464469907,0.719009633476019,0.214874830993901
4.77456460037105,-0.93922196714695,0.706338251212049,0.232883715934946
4.77462480024981,-0.944223514982699,0.693414260553253,0.25080925442943
4.77469730050974,-0.94979850959776,0.677520921167768,0.272277588430011
4.77476980076966,-0.954880779445572,0.66127610365787,0.293604675787748
4.77484230102958,-0.959467701653346,0.644688236431991,0.314779465221386
4.77491480128951,-0.963556882426137,0.62776593513002,0.3357909472961
4.77498730154943,-0.967146214251998,0.61051797420295,0.356628240049077
4.77505980180936,-0.970233822263585,0.592953308223884,0.377280514039712
4.77514796914491,-0.973310239130499,0.571179639076141,0.402130600054359
4.77523613648045,-0.975639966501455,0.548967717790586,0.426672248710911
4.775324303816,-0.977221227206284,0.526334618463766,0.450886608742551
4.77541247115155,-0.978052795245678,0.503297717080271,0.474755078165468
4.7755006384871,-0.978134043833198,0.479874695655786,0.498259348177417
4.77558880582265,-0.977464899108168,0.45608352486239,0.521381374245772
4.77567697315819,-0.976045885331936,0.431942460002654,0.544103425329288
4.77576514049374,-0.973878080334859,0.407470020269806,0.566408060065041
4.77585330782929,-0.970963157603672,0.382684982371972,0.588278175231699
4.77596171206176,-0.966358520852579,0.351811263458088,0.614547257394491
4.77607011629423,-0.960633177129459,0.320529372951383,0.640103804178057
4.7761785205267,-0.953793776203834,0.288875689659717,0.66491808654412
4.77628692475917,-0.945848260964515,0.256886945944688,0.688961315019843
4.77639532899164,-0.936805841378208,0.224600265083955,0.712205576294277
4.77650373322411,-0.926677009576954,0.192053085874611,0.73462392370234
4.77661213745658,-0.91547350591263,0.159283167990678,0.756190337921987
4.77672054168905,-0.903208327930444,0.126328506866467,0.776879821063962
4.77682894592153,-0.8898956936454,0.0932273324837652,0.796668361161647
4.776937350154,-0.875551046408442,0.0600180240227253,0.815533022385686
4.77704575438647,-0.860191016143576,0.0267391058504871,0.833451910293096
4.77715415861894,-0.843833420486066,-0.00657083663298193,0.850404257119037
4.77726256285141,-0.826497224122602,-0.0398731630381647,0.86637038716079
4.7773301760082,-0.815197373804433,-0.0606240755131061,0.875821449317523
4.77739778916499,-0.803529813087317,-0.0813474654974559,0.884877278584811
4.77746540232178,-0.79149975977586,-0.102034075207245,0.893533834983105
4.77753301547857,-0.779112633233122,-0.122674573131606,0.901787206364717
4.77762517474034,-0.761663848711044,-0.150716803027861,0.912380651738929
4.7777173340021,-0.743576575356792,-0.178632780349036,0.922209355705837
4.77777753390261,-0.731423881040237,-0.196789043668847,0.92821292470908
4.77783773380312,-0.719009636183025,-0.214874827069399,0.933884463252417
4.77789793370363,-0.706338249390762,-0.232883718531515,0.939221967922283
4.77795813360414,-0.693414254021105,-0.250809263487024,0.944223517508121
4.77803063386424,-0.677520914494775,-0.272277597498703,0.949798511993478
4.77810313412433,-0.661276096844791,-0.293604684863649,0.954880781708434
4.77817563438443,-0.644688229479825,-0.31477947430044,0.95946770378026
4.77824813464452,-0.627765928039692,-0.335790956374387,0.963556884414077
4.77832063490462,-0.610517966975609,-0.356628249122438,0.967146216098073
4.77839313516471,-0.592953300860853,-0.377280523103992,0.970233823964882
4.778481302477,-0.571179637402344,-0.402130602530342,0.97331023993267
4.7785694697893,-0.548967722037022,-0.426672244761358,0.975639966798361
4.77865763710159,-0.526334628847908,-0.450886598545243,0.977221227393121
4.77874580441389,-0.503297733805576,-0.474755061912778,0.978052795718335
4.77883397172618,-0.479874718911609,-0.498259326076069,0.978134044987682
4.77892213903848,-0.456083554823603,-0.521381346516464,0.977464901340059
4.77901030635077,-0.431942496829262,-0.544103392206396,0.976045889035662
4.77909847366307,-0.407470064106826,-0.566408021796325,0.973878085903137
4.77918664097536,-0.382685033349056,-0.588278132077873,0.970963165426971
4.77929504520777,-0.35181131518987,-0.61454721542998,0.966358530619821
4.77940344944017,-0.320529425375779,-0.640103763455856,0.960633188831628
4.77951185367258,-0.288875742713992,-0.664918047115612,0.953793789829624
4.77962025790499,-0.25688699956534,-0.688961276935056,0.9458482765004
4.77972866213739,-0.224600319206925,-0.712205539601545,0.936805858808418
4.7798370663698,-0.192053140435086,-0.734623888448459,0.926677028883539
4.77994547060221,-0.159283222923305,-0.756190304152223,0.915473527075498
4.78005387483461,-0.126328562105446,-0.776879788821769,0.903208350927216
4.78016227906702,-0.093227387962995,-0.796668330488673,0.889895718451655
4.78027068329943,-0.0600180796756102,-0.815532993322003,0.875551072997559
4.78037908753183,-0.026739161610355,-0.833451882876656,0.860191044486983
4.78048749176424,0.00657078083313935,-0.850404231386148,0.843833450553019
4.78059589599665,0.0398731072652915,-0.866370363145686,0.82649725588038
4.78066350920761,0.0606240364188433,-0.875821433810108,0.81519739739124
4.78073112241858,0.0813474430565945,-0.884877270960064,0.803529827903477
4.78079873562954,0.102034069371952,-0.893533834606087,0.791499765234119
4.7808663488405,0.122674583831593,-0.901787212590888,0.779112628759277
4.78095850809008,0.15071680999063,-0.912380656378171,0.761663846387509
4.78105066733965,0.178632783603651,-0.922209358958888,0.743576575355199
4.78111086723599,0.196789045665123,-0.928212927535123,0.731423881869978
4.78117106713234,0.214874827817102,-0.933884465697344,0.719009637880236
4.78123126702868,0.232883718041742,-0.939221970032492,0.706338251990726
4.78129146692503,0.25080926177211,-0.944223519330332,0.693414257558217
4.7813639671873,0.272277596448105,-0.949798514059626,0.677520917611503
4.78143646744956,0.293604684470524,-0.954880783989458,0.661276099518882
4.78150896771183,0.314779474556812,-0.959467706246672,0.644688231689857
4.7815814679741,0.335790957271367,-0.963556887036307,0.627765929764895
4.78165396823636,0.356628250650221,-0.967146218846281,0.610517968196018
4.78172646849863,0.377280525251658,-0.970233826809003,0.592953301557332
4.78181463579196,0.402130599365277,-0.973310242190605,0.571179642825307
4.7819028030853,0.426672236420128,-0.97563996879162,0.54896773237148
4.78199097037864,0.450886585176394,-0.977221229444189,0.52633464426778
4.78207913767197,0.474755043676878,-0.978052798150173,0.503297754473307
4.78216730496531,0.498259303145146,-0.978134048123251,0.47987474497811
4.78225547225864,0.521381319074129,-0.977464905501792,0.456083586427659
4.78234363955198,0.544103360447124,-0.97604589454504,0.431942534097857
4.78243180684531,0.566407985925501,-0.973878093080041,0.40747010715452
4.78251997413865,0.588278092311389,-0.97096317458936,0.382685082277969
4.78262837837099,0.61454717674158,-0.966358541547828,0.351811364806197
4.78273678260333,0.640103725893707,-0.960633201517125,0.320529475623401
4.78284518683567,0.664918010726512,-0.953793804262512,0.288875793535986
4.78295359106801,0.688961241764508,-0.945848292668579,0.256887050904083
4.78306199530035,0.712205505693647,-0.936805876697791,0.224600371004118
4.78317039953269,0.734623855845926,-0.926677048477909,0.192053192631961
4.78327880376504,0.75619027289607,-0.915473548356686,0.1592832754606
4.78338720799738,0.77687975895173,-0.903208373875155,0.126328614923404
4.78349561222972,0.796668302042779,-0.889895743044246,0.0932274410014337
4.78360401646206,0.815532966336625,-0.875551099210834,0.0600181328741649
4.7837124206944,0.833451857386595,-0.860191072295035,0.0267392149084251
4.78382082492674,0.850404207424409,-0.843833479928052,-0.00657072749637614
4.78392922915908,0.86637034074357,-0.826497286792789,-0.0398730539508052
4.78399684242341,0.875821419705334,-0.815197420175383,-0.0606239995299472
4.78406445568774,0.884877264536139,-0.803529841969871,-0.0813474225662802
4.78413206895207,0.893533835236611,-0.79149977000534,-0.102034065231264
4.78419968221641,0.901787219640005,-0.779112623670652,-0.122674595969371
4.78429184148,0.912380664630189,-0.761663838296134,-0.150716826334045
4.7843840007436,0.922209368175777,-0.743576564075955,-0.178632804099842
4.78444420061388,0.928212933836043,-0.731423875600138,-0.196789058235909
4.78450440048416,0.933884469368305,-0.719009636849742,-0.214874832518562
4.78456460035444,0.939221971362097,-0.706338256423579,-0.232883714938525
4.78462480022471,0.944223518609715,-0.69341426767266,-0.250809250937046
4.78469730048901,0.949798513715952,-0.677520927441899,-0.272277586274081
4.7847698007533,0.954880783996339,-0.661276109041892,-0.293604674954464
4.78484230101759,0.959467706577567,-0.644688240882754,-0.314779465694841
4.78491480128189,0.963556887664153,-0.627765938605695,-0.335790949058448
4.78498730154618,0.967146219743865,-0.610517976663405,-0.356628243080478
4.78505980181047,0.970233827948871,-0.592953309630608,-0.377280518318255
4.78514796910807,0.973310243642822,-0.571179649944063,-0.402130593698799
4.78523613640567,0.975639970484475,-0.548967738490041,-0.42667223199444
4.78532430370327,0.977221231305523,-0.526334649342927,-0.450886581962616
4.78541247100086,0.978052800107609,-0.503297758464295,-0.474755041643322
4.78550063829846,0.978134050104226,-0.479874747846634,-0.498259302257623
4.78558880559606,0.977464907433772,-0.456083588138221,-0.521381319295586
4.78567697289366,0.976045896355585,-0.431942534617492,-0.544103361738117
4.78576514019126,0.973878094696891,-0.407470106452905,-0.566407988244019
4.78585330748885,0.970963175940584,-0.382685080327504,-0.588278095613066
4.78596171172121,0.96635854272364,-0.35181136278627,-0.614547179937372
4.78607011595356,0.960633202518268,-0.320529473539453,-0.640103728978836
4.78617852018591,0.953793805089856,-0.288875791393683,-0.664918013696207
4.78628692441826,0.945848293323347,-0.256887048709214,-0.688961244614139
4.78639532865061,0.9368058771812,-0.224600368762413,-0.712205508418804
4.78650373288296,0.926677048791515,-0.192053190349231,-0.734623858442271
4.78661213711532,0.915473548502226,-0.159283273142793,-0.756190275359469
4.78672054134767,0.903208373854556,-0.126328612576412,-0.77687976127818
4.78682894558002,0.889895742859608,-0.0932274386311845,-0.796668304228396
4.78693734981237,0.875551098864481,-0.0600181304867454,-0.815532968377728
4.78704575404472,0.860191071789446,-0.0267392125097912,-0.833451859279642
4.78715415827707,0.843833479265911,0.00657072990018579,-0.85040420916611
4.78726256250942,0.826497285977009,0.0398730563536469,-0.866370342330659
4.78733017577301,0.815197419393635,0.0606240016973575,-0.875821421091014
4.78739778903659,0.803529841231625,0.0813474244965544,-0.884877265728178
4.78746540230017,0.791499769319859,0.102034066923015,-0.893533836242866
4.78753301556375,0.77911262304709,0.122674597421581,-0.901787220468664
4.78762517485345,0.761663832541909,0.150716835693304,-0.912380668235236
4.78771733414315,0.743576552835805,0.178632821284606,-0.922209374120438
4.7877775339916,0.731423868522728,0.196789068777814,-0.928212937300549
4.78783773384006,0.719009634128099,0.214874836463677,-0.933884470591762
4.78789793368851,0.706338258245886,0.232883712340053,-0.939221970585954
4.78795813353697,0.693414274222038,0.250809241855401,-0.944223516077455
4.78803063380116,0.677520934116169,0.272277577203309,-0.949798511319523
4.78810313406536,0.661276115839476,0.293604665898319,-0.954880781737787
4.78817563432956,0.644688247802046,0.314779456656899,-0.959467704458938
4.78824813459375,0.627765945645101,0.335790940042386,-0.963556885687494
4.78832063485795,0.610517983821068,0.356628234089982,-0.967146217911039
4.78839313512215,0.592953316904754,0.377280509357041,-0.970233826261773
4.788481302443,0.571179651525599,0.402130591326475,-0.973310242852052
4.78856946976386,0.548967734147971,0.426672236048046,-0.975639970195999
4.78865763708472,0.526334638859844,0.450886592264257,-0.977221231124098
4.78874580440558,0.503297741636717,0.474755058000478,-0.978052799637195
4.78883397172643,0.479874724485293,0.498259324463419,-0.978134048948704
4.78892213904729,0.456083558068268,0.521381347129227,-0.977464905197478
4.78901030636815,0.431942497678853,0.544103394965106,-0.976045892643963
4.78909847368901,0.407470062500597,0.566408026616524,-0.973878089117114
4.78918664100986,0.38268502923202,0.588278138870101,-0.970963168102099
4.78929504524228,0.351811310935494,0.614547222001657,-0.966358532937108
4.78940344947469,0.320529420995505,0.640103769797317,-0.960633190792772
4.7895118537071,0.288875738219499,0.664918053217415,-0.953793791436888
4.78962025793951,0.256886994968413,0.688961282788032,-0.945848277756462
4.78972866217192,0.224600314519321,0.712205545196948,-0.936805859716245
4.78983706640434,0.192053135668825,0.734623893777762,-0.92667702944658
4.78994547063675,0.159283218090459,0.756190309207125,-0.915473527297544
4.79005387486916,0.126328557218161,0.776879793594419,-0.903208350812581
4.79016227910157,0.0932273830333693,0.796668334971534,-0.88989571800491
4.79027068333398,0.0600180747159705,0.815532997507756,-0.87555107222375
4.7903790875664,0.0267391566330056,0.833451886758485,-0.860191043391443
4.79048749179881,-0.00657078581596402,0.850404234957482,-0.8438334491415
4.79059589603122,-0.0398731122413032,0.866370366400379,-0.826497254159041
4.7906635092405,-0.0606240408668699,0.875821436633304,-0.815197395766459
4.79073112244978,-0.0813474469733226,0.884877273369534,-0.803529826396191
4.79079873565906,-0.102034072755032,0.893533836619864,-0.791499763864792
4.79086634886834,-0.12267458667918,0.901787214227304,-0.779112627548111
4.79095850817011,-0.150716828650503,0.912380663568193,-0.761663834917636
4.79105066747187,-0.178632817912837,0.92220937082904,-0.74357655291615
4.79111086732464,-0.196789066709095,0.928212934452617,-0.731423867743487
4.79117106717741,-0.214874835688108,0.93388446813974,-0.719009632451602
4.79123126703017,-0.232883712846139,0.939221968481863,-0.70633825563568
4.79129146688294,-0.250809243630332,0.944223514272964,-0.693414270642616
4.79136396714488,-0.272277578289089,0.949798509263603,-0.677520930974471
4.79143646740682,-0.293604666302122,0.954880779460817,-0.661276113158655
4.79150896766877,-0.314779456386903,0.959467701991382,-0.64468824560445
4.79158146793071,-0.33579093910794,0.96355688306007,-0.62776594395213
4.79165396819265,-0.356628232501332,0.967146215154826,-0.610517982653484
4.79172646845459,-0.377280507125441,0.970233823407871,-0.592953316282419
4.79181463579433,-0.402130594385904,0.973310240584447,-0.571179646198529
4.79190280313406,-0.426672244262643,0.97563996819453,-0.548967723931893
4.7919909704738,-0.450886605486133,0.977221229067663,-0.526334623581512
4.79207913781353,-0.474755076070005,0.978052797204194,-0.503297721134136
4.79216730515327,-0.498259347209184,0.978134045817568,-0.479874698608358
4.792255472493,-0.52138137436864,0.977464901047177,-0.456083526678461
4.79234363983274,-0.544103426504422,0.976045887154322,-0.431942460649873
4.79243180717248,-0.566408062251371,0.973878081969627,-0.407470019718258
4.79251997451221,-0.588278178385633,0.97096315898015,-0.382684980594501
4.79262837874469,-0.61454726044641,0.966358522060095,-0.351811261613678
4.79273678297717,-0.640103807123361,0.960633178168661,-0.320529371045289
4.79284518720966,-0.664918089378234,0.953793777075608,-0.288875687697354
4.79295359144214,-0.688961317738363,0.945848261669899,-0.256886943931502
4.79306199567462,-0.712205578892963,0.936805841918468,-0.224600263025504
4.7931703999071,-0.734623926176991,0.926677009953523,-0.192053083776503
4.79327880413958,-0.756190340268567,0.915473506127266,-0.159283165858651
4.79338720837206,-0.7768798232787,0.903208327984877,-0.126328504706196
4.79349561260454,-0.796668363240746,0.889895693541682,-0.0932273303009519
4.79360401683702,-0.815533024325607,0.875551046148771,-0.0600180218231506
4.79371242106951,-0.833451912090346,0.860191015730422,-0.0267391036400598
4.79382082530199,-0.850404258770408,0.843833419922028,0.00657083884840643
4.79392922953447,-0.866370388663219,0.826497223410429,0.0398731652528181
4.7939968426907,-0.875821450648499,0.815197373096844,0.0606240775516784
4.79406445584694,-0.88487727974987,0.80352981239167,0.0813474673582252
4.79413206900317,-0.893533835987972,0.791499759099257,0.10203407688873
4.79419968215941,-0.901787207215126,0.779112632582712,0.122674574632446
4.79429184144724,-0.912380655361182,0.761663842934586,0.150716812426589
4.79438400073508,-0.922209361663585,0.743576564099469,0.178632797564129
4.79444420061372,-0.928212928181712,0.731423873954492,0.196789054227268
4.79450440049236,-0.933884464479577,0.719009633462199,0.214874831017419
4.794564600371,-0.939221967145923,0.70633825122338,0.232883715922569
4.79462480024964,-0.944223514972257,0.693414260590912,0.250809254381387
4.79469730050956,-0.949798509587977,0.677520921207933,0.272277588380064
4.79476980076948,-0.954880779436501,0.661276103700463,0.293604675736033
4.79484230102939,-0.959467701645057,0.644688236477318,0.314779465167792
4.79491480128931,-0.963556882418756,0.627765935177993,0.335790947240789
4.79498730154923,-0.967146214245688,0.6105179742537,0.356628239992007
4.79505980180914,-0.970233822258434,0.59295330827744,0.377280513980965
4.79514796914462,-0.973310239125019,0.571179639148377,0.402130599976642
4.7952361364801,-0.975639966496871,0.548967717882025,0.426672248614843
4.79532430381558,-0.977221227203759,0.526334618575171,0.450886608628614
4.79541247115105,-0.978052795246442,0.503297717212002,0.474755078034434
4.79550063848653,-0.978134043838355,0.479874695808514,0.498259348029854
4.79558880582201,-0.977464899118951,0.456083525036468,0.521381374082508
4.79567697315749,-0.97604588534961,0.431942460198621,0.544103425150986
4.79576514049296,-0.973878080360502,0.407470020487895,0.566408059872599
4.79585330782844,-0.970963157638519,0.38268498261259,0.588278175025957
4.79596171206092,-0.966358520896096,0.351811263701148,0.61454725719494
4.79607011629339,-0.960633177181451,0.320529373196466,0.640103803985007
4.79617852052586,-0.953793776264198,0.288875689906537,0.664918086357652
4.79628692475834,-0.945848261033133,0.2568869461929,0.68896131484022
4.79639532899081,-0.936805841454901,0.224600265333268,0.712205576121642
4.79650373322329,-0.92667700966157,0.192053086124706,0.734623923536848
4.79661213745576,-0.915473506005005,0.159283168241245,0.756190337763762
4.79672054168824,-0.903208328030406,0.126328507117219,0.776879820913192
4.79682894592071,-0.889895693752742,0.093227332734398,0.796668361018342
4.79693735015318,-0.875551046522966,0.0600180242729111,0.815533022250075
4.79704575438566,-0.860191016265198,0.0267391061000642,0.833451910165166
4.79715415861813,-0.84383342061451,-0.00657083638439081,0.850404256998901
4.79726256285061,-0.826497224257685,-0.0398731627908382,0.866370387048538
4.79733017600764,-0.815197373902529,-0.0606240753407208,0.875821449243274
4.79739778916467,-0.803529813145827,-0.0813474653998169,0.884877278545641
4.79746540232171,-0.791499759792033,-0.102034075184222,0.893533834976269
4.79753301547874,-0.779112633204558,-0.122674573182723,0.901787206387237
4.79762517474051,-0.761663848681285,-0.150716803078769,0.912380651760085
4.79771733400227,-0.743576575325793,-0.178632780399788,0.922209355725555
4.79777753390272,-0.73142388102131,-0.19678904370047,0.928212924721783
4.79783773380317,-0.719009636176731,-0.214874827082056,0.933884463258806
4.79789793370361,-0.706338249397645,-0.232883718525361,0.939221967922998
4.79795813360406,-0.693414254041672,-0.250809263462232,0.94422351750389
4.79803063386416,-0.677520914513915,-0.272277597476501,0.949798511990429
4.79810313412427,-0.661276096862461,-0.293604684844002,0.954880781706412
4.79817563438437,-0.64468822949581,-0.314779474283401,0.95946770377923
4.79824813464447,-0.627765928054058,-0.335790956359811,0.963556884413866
4.79832063490457,-0.61051796698827,-0.356628249110318,0.96714621609858
4.79839313516468,-0.592953300871718,-0.377280523094274,0.970233823966005
4.798481302477,-0.571179637406768,-0.402130602528131,0.973310239934911
4.79856946978932,-0.54896772203474,-0.426672244766474,0.975639966801209
4.79865763710164,-0.52633462883869,-0.450886598557451,0.977221227396154
4.79874580441396,-0.503297733789085,-0.474755061931985,0.978052795721074
4.79883397172628,-0.479874718887766,-0.498259326101961,0.978134044989726
4.7989221390386,-0.456083554792075,-0.521381346548805,0.977464901340883
4.79901030635093,-0.431942496789899,-0.544103392244956,0.976045889034868
4.79909847366325,-0.407470064059454,-0.566408021840803,0.973878085900243
4.79918664097557,-0.38268503329362,-0.588278132127919,0.970963165421554
4.79929504520797,-0.35181131513535,-0.614547215477248,0.966358530612587
4.79940344944037,-0.32052942532224,-0.640103763500385,0.96063318882265
4.79951185367277,-0.288875742661646,-0.664918047157366,0.95379378981903
4.79962025790517,-0.256886999514331,-0.688961276974057,0.94584827648838
4.79972866213757,-0.224600319157256,-0.712205539637909,0.936805858795108
4.79983706636997,-0.192053140386903,-0.73462388848221,0.92667702886908
4.79994547060237,-0.159283222876724,-0.756190304183339,0.915473527060034
4.80005387483477,-0.126328562060478,-0.776879788850441,0.9032083509109
4.80016227906717,-0.0932273879196576,-0.796668330514939,0.889895718434584
4.80027068329957,-0.0600180796340567,-0.815532993345888,0.875551072979926
4.80037908753197,-0.0267391615706886,-0.833451882898229,0.86019104446891
4.80048749176437,0.00657078087086396,-0.850404231405528,0.843833450534666
4.80059589599677,0.0398731073011089,-0.866370363162966,0.826497255861851
4.8006635092077,0.060624036444207,-0.875821433821985,0.815197397377742
4.80073112241863,0.0813474430713348,-0.884877270966922,0.803529827895582
4.80079873562956,0.102034069376129,-0.893533834608287,0.791499765232135
4.80086634884049,0.122674583825243,-0.901787212588851,0.779112628763597
4.80095850809014,0.150716810008338,-0.912380656384996,0.76166384637664
4.8010506673398,0.178632783645151,-0.922209358973269,0.74357657532809
4.80111086723608,0.196789045689598,-0.928212927543264,0.731423881853633
4.80117106713237,0.214874827824617,-0.933884465699867,0.719009637875236
4.80123126702866,0.232883718032491,-0.93922197003,0.706338251997465
4.80129146692495,0.250809261746267,-0.944223519323426,0.693414257577141
4.80136396718725,0.27227759643119,-0.949798514055473,0.677520917624245
4.80143646744955,0.293604684462493,-0.954880783987578,0.661276099525029
4.80150896771184,0.314779474557561,-0.959467706246687,0.644688231689142
4.80158146797414,0.335790957280775,-0.963556887037791,0.627765929757003
4.80165396823644,0.356628250668059,-0.967146218848832,0.610517968180768
4.80172646849873,0.377280525277843,-0.970233826812222,0.592953301534365
4.80181463579212,0.402130599405194,-0.973310242194481,0.571179642789246
4.8019028030855,0.426672236473385,-0.975639968795261,0.548967732321868
4.80199097037889,0.450886585242598,-0.977221229446797,0.526334644204179
4.80207913767228,0.474755043755583,-0.978052798150857,0.503297754395256
4.80216730496566,0.498259303235901,-0.97813404812115,0.479874744885234
4.80225547225905,0.521381319176355,-0.977464905496068,0.456083586319677
4.80234363955244,0.544103360560299,-0.976045894534765,0.431942533974437
4.80243180684582,0.566407986049128,-0.973878093064461,0.407470107015332
4.80251997413921,0.58827809244479,-0.970963174567606,0.382685082122753
4.80262837837155,0.61454717687171,-0.966358541520164,0.351811364648474
4.80273678260389,0.640103726020408,-0.960633201483635,0.320529475463198
4.80284518683623,0.664918010849573,-0.953793804223208,0.288875793373614
4.80295359106858,0.688961241883757,-0.945848292623525,0.256887050739781
4.80306199530092,0.712205505808888,-0.936805876646973,0.224600370838087
4.80317039953326,0.734623855956988,-0.926677048421388,0.192053192464406
4.8032788037656,0.756190273002768,-0.915473548294567,0.159283275291721
4.80338720799794,0.776879759053976,-0.903208373807417,0.126328614753423
4.80349561223028,0.796668302140478,-0.889895742970939,0.0932274408304309
4.80360401646263,0.815532966429591,-0.87555109913205,0.0600181327024119
4.80371242069497,0.833451857474661,-0.860191072210809,0.0267392147361353
4.80382082492731,0.850404207507523,-0.843833479838561,-0.00657072766898601
4.80392922915965,0.866370340821564,-0.826497286698075,-0.0398730541235153
4.80399684242381,0.875821419756978,-0.815197420106153,-0.0606239996508211
4.80406445568798,0.884877264563327,-0.803529841928084,-0.0813474226352595
4.80413206895214,0.893533835241279,-0.791499769992792,-0.102034065248535
4.8041996822163,0.901787219624268,-0.779112623689098,-0.122674595935178
4.80429184147994,0.912380664620335,-0.761663838306554,-0.150716826313811
4.80438400074359,0.92220936817106,-0.743576564077714,-0.17863280409339
4.80444420061387,0.928212933832135,-0.731423875600487,-0.196789058231669
4.80450440048416,0.933884469365089,-0.719009636848576,-0.21487483251654
4.80456460035444,0.939221971359502,-0.706338256420935,-0.232883714938593
4.80462480022473,0.944223518607688,-0.693414267668395,-0.250809250939323
4.80469730048906,0.949798513716571,-0.677520927429303,-0.27227758628728
4.80476980075339,0.954880783999142,-0.661276109020586,-0.293604674978532
4.80484230101772,0.959467706581986,-0.644688240852363,-0.314779465729624
4.80491480128205,0.963556887669666,-0.627765938565993,-0.335790949103714
4.80498730154638,0.967146219749995,-0.610517976613939,-0.356628243136047
4.80505980181071,0.970233827955062,-0.592953309571112,-0.377280518383954
4.80514796910838,0.973310243649274,-0.571179649865073,-0.402130593784224
4.80523613640606,0.975639970489884,-0.548967738390864,-0.426672232099005
4.80532430370373,0.977221231308636,-0.526334649222931,-0.45088658208571
4.8054124710014,0.978052800107171,-0.503297758322849,-0.474755041784334
4.80550063829907,0.978134050099008,-0.479874747683201,-0.498259302415818
4.80558880559674,0.977464907422512,-0.456083587952306,-0.521381319470223
4.80567697289441,0.976045896337042,-0.431942534408642,-0.544103361928397
4.80576514019208,0.973878094669801,-0.407470106220696,-0.566407988449111
4.80585330748976,0.970963175903705,-0.382685080071707,-0.58827809583203
4.8059617117221,0.96635854267766,-0.351811362528318,-0.614547180149379
4.80607011595445,0.960633202463324,-0.320529473279693,-0.640103729183671
4.8061785201868,0.953793805026206,-0.288875791132555,-0.664918013893641
4.80628692441914,0.945848293251094,-0.256887048447026,-0.688961244804066
4.80639532865149,0.936805877100549,-0.224600368499452,-0.712205508601077
4.80650373288383,0.926677048702612,-0.192053190085902,-0.734623858616768
4.80661213711618,0.915473548405362,-0.159283272879387,-0.756190275525986
4.80672054134853,0.903208373749908,-0.126328612313316,-0.776879761436596
4.80682894558087,0.889895742747375,-0.0932274383686587,-0.796668304378698
4.80693734981322,0.875551098744889,-0.0600181302250826,-0.815532968519823
4.80704575404557,0.860191071662744,-0.0267392122493883,-0.833451859413361
4.80715415827791,0.843833479132304,0.0065707301590913,-0.850404209291417
4.80726256251026,0.82649728583674,0.0398730566107687,-0.866370342447532
4.80733017577357,0.815197419294433,0.0606240018718624,-0.875821421166298
4.80739778903688,0.803529841176362,0.0813474245886524,-0.884877265765022
4.8074654023002,0.791499769311499,0.102034066932916,-0.893533836244419
4.80753301556351,0.779112623088459,0.122674597349624,-0.901787220438081
4.80762517485313,0.761663832600196,0.150716835597667,-0.912380668197865
4.80771733414275,0.743576552912015,0.178632821165592,-0.922209374077585
4.80777753399135,0.731423868571016,0.196789068702999,-0.928212937274018
4.80783773383995,0.719009634147084,0.214874836432853,-0.933884470579918
4.80789793368855,0.706338258234331,0.232883712352909,-0.939221970587232
4.80795813353715,0.693414274178781,0.250809241911465,-0.944223516090233
4.8080306338013,0.67752093408183,0.272277577245908,-0.949798511327735
4.80810313406546,0.661276115814562,0.293604665927527,-0.954880781742078
4.80817563432961,0.644688247786979,0.31477945667298,-0.959467704459937
4.80824813459376,0.627765945640218,0.335790940045526,-0.963556885685753
4.80832063485791,0.610517983826876,0.356628234080355,-0.967146217907204
4.80839313512206,0.592953316921567,0.377280509334906,-0.970233826256452
4.8084813024429,0.571179651548444,0.40213059129829,-0.973310242846716
4.80856946976373,0.548967734177019,0.426672236014005,-0.975639970191021
4.80865763708457,0.526334638895308,0.45088659222457,-0.977221231119877
4.80874580440541,0.503297741678714,0.474755057955388,-0.978052799634095
4.80883397172624,0.479874724534007,0.498259324413131,-0.978134048947138
4.80892213904708,0.456083558123862,0.521381347073959,-0.977464905197858
4.80901030636791,0.431942497741407,0.544103394905176,-0.976045892646583
4.80909847368875,0.407470062570262,0.566408026552136,-0.97387808912238
4.80918664100958,0.382685029308809,0.588278138801603,-0.970963168110366
4.80929504524199,0.351811311013131,0.614547221935121,-0.966358532948249
4.80940344947441,0.320529421073932,0.640103769732872,-0.960633190806771
4.80951185370682,0.288875738298634,0.664918053155095,-0.953793791453687
4.80962025793923,0.256886995048131,0.688961282727919,-0.945848277776046
4.80972866217165,0.224600314599547,0.712205545139047,-0.936805859738563
4.80983706640406,0.192053135749347,0.734623893722232,-0.92667702947158
4.80994547063647,0.159283218171253,0.756190309153952,-0.915473527325216
4.81005387486888,0.126328557299139,0.776879793543683,-0.903208350842801
4.8101622791013,0.0932273831143534,0.796668334923293,-0.889895718037655
4.81027068333371,0.060018074796916,0.815532997462039,-0.875551072258923
4.81037908756612,0.0267391567138341,0.833451886715255,-0.8601910434291
4.81048749179854,-0.00657078573533702,0.850404234916856,-0.843833449181517
4.81059589603095,-0.0398731121609849,0.866370366362334,-0.82649725420136
4.81066350924031,-0.0606240408117662,0.875821436608119,-0.815197395796333
4.81073112244967,-0.0813474469434753,0.884877273356209,-0.803529826412697
4.81079873565904,-0.102034072750219,0.893533836617409,-0.79149976386717
4.8108663488684,-0.122674586699332,0.90178721423472,-0.779112627535381
4.81095850817012,-0.150716828657952,0.912380663570576,-0.761663834912581
4.81105066747185,-0.178632817907739,0.922209370827065,-0.743576552919291
4.81111086732462,-0.196789066706436,0.928212934451569,-0.731423867745083
4.8111710671774,-0.214874835687865,0.933884468139551,-0.719009632451656
4.81123126703017,-0.232883712848296,0.939221968482421,-0.706338255634101
4.81129146688295,-0.25080924363486,0.944223514274169,-0.693414270639318
4.8113639671449,-0.27227757829621,0.94979850926541,-0.677520930969197
4.81143646740685,-0.293604666311643,0.954880779463055,-0.661276113151377
4.8115089676688,-0.31477945639895,0.959467701993991,-0.644688245595047
4.81158146793075,-0.335790939122406,0.963556883062945,-0.627765943940527
4.8116539681927,-0.356628232518174,0.967146215157845,-0.610517982639634
4.81172646845465,-0.377280507144678,0.970233823410858,-0.592953316266155
4.81181463579439,-0.402130594406626,0.973310240587163,-0.571179646180493
4.81190280313413,-0.426672244284869,0.975639968196828,-0.548967723911963
4.81199097047387,-0.450886605509744,0.977221229069444,-0.526334623559656
4.81207913781362,-0.474755076094894,0.978052797205336,-0.50329772111043
4.81216730515336,-0.498259347235407,0.978134045817943,-0.479874698582549
4.8122554724931,-0.521381374396073,0.977464901046724,-0.45608352665065
4.81234363983284,-0.544103426532996,0.976045887152982,-0.431942460619983
4.81243180717258,-0.566408062280971,0.97387808196728,-0.407470019686298
4.81251997451233,-0.588278178416151,0.970963158976687,-0.382684980560496
4.8126283787448,-0.614547260475755,0.966358522055552,-0.351811261579768
4.81273678297728,-0.640103807151448,0.960633178163101,-0.320529371011664
4.81284518720976,-0.664918089404981,0.953793777069131,-0.288875687664131
4.81295359144224,-0.688961317763809,0.945848261662599,-0.25688694389876
4.81306199567472,-0.712205578917081,0.93680584191041,-0.22460026299329
4.8131703999072,-0.734623926199833,0.926677009944712,-0.192053083744879
4.81327880413968,-0.756190340290157,0.91547350611775,-0.159283165827589
4.81338720837215,-0.776879823299027,0.903208327974753,-0.126328504675682
4.81349561260463,-0.796668363259847,0.889895693530987,-0.0932273302711301
4.81360401683711,-0.815533024343521,0.875551046137609,-0.0600180217940788
4.81371242106959,-0.833451912107058,0.860191015718866,-0.0267391036117795
4.81382082530207,-0.850404258786012,0.843833419910088,0.00657083887594721
4.81392922953455,-0.866370388677686,0.826497223398172,0.0398731652795179
4.81399684269074,-0.875821450657307,0.815197373090657,0.0606240775666461
4.81406445584694,-0.884877279753498,0.80352981239194,0.0813474673615592
4.81413206900314,-0.893533835986786,0.791499759106388,0.102034076880404
4.81419968215933,-0.901787207209613,0.779112632597105,0.122674574612509
4.81429184144711,-0.912380655349931,0.761663842960612,0.150716812389323
4.81438400073489,-0.922209361647517,0.74357656413773,0.178632797509837
4.8144442006136,-0.928212928173725,0.731423873978894,0.196789054194852
4.81450440049232,-0.93388446447878,0.719009633472129,0.214874831006692
4.81456460037103,-0.939221967151584,0.706338251218157,0.232883715933437
4.81462480024974,-0.94422351498352,0.693414260569894,0.25080925441365
4.81469730050968,-0.949798509599628,0.677520921183176,0.272277588416461
4.81476980076961,-0.954880779448356,0.661276103671817,0.293604675776546
4.81484230102954,-0.959467701656906,0.644688236444581,0.314779465212364
4.81491480128947,-0.963556882430419,0.627765935141064,0.335790947289347
4.8149873015494,-0.967146214256901,0.61051797421246,0.356628240044465
4.81505980180933,-0.970233822268965,0.592953308231883,0.37728051403713
4.8151479691448,-0.973310239133591,0.571179639104541,0.402130600029096
4.81523613648027,-0.975639966503715,0.54896771784014,0.42667224866356
4.81532430381573,-0.977221227209046,0.52633461853544,0.450886608673607
4.8154124711512,-0.978052795250268,0.503297717174575,0.474755078075759
4.81550063848666,-0.97813404384106,0.479874695773548,0.498259348067534
4.81558880582213,-0.977464899120703,0.456083525004054,0.521381374116667
4.8156769731576,-0.976045885350559,0.431942460168898,0.544103425181642
4.81576514049306,-0.973878080360855,0.407470020460965,0.566408059899863
4.81585330782853,-0.970963157638453,0.382684982588549,0.588278175049897
4.815961712061,-0.966358520895102,0.351811263676733,0.614547257218384
4.81607011629348,-0.960633177179589,0.320529373171725,0.640103804007863
4.81617852052595,-0.953793776261413,0.288875689881493,0.664918086379931
4.81628692475843,-0.945848261029477,0.256886946167571,0.688961314861899
4.8163953289909,-0.936805841450358,0.224600265307684,0.712205576142645
4.81650373322337,-0.926677009656092,0.192053086098907,0.734623923557168
4.81661213745585,-0.915473505998657,0.159283168215259,0.756190337783416
4.81672054168832,-0.903208328023215,0.126328507091072,0.776879820932161
4.8168289459208,-0.889895693744738,0.0932273327081279,0.796668361036593
4.81693735015327,-0.875551046514126,0.0600180242465569,0.815533022267568
4.81704575438575,-0.860191016255516,0.0267391060736587,0.833451910181845
4.81715415861822,-0.843833420604037,-0.00657083641082656,0.850404257014861
4.81726256285069,-0.826497224246399,-0.0398731628172692,0.866370387063668
4.8173301760077,-0.815197373895192,-0.0606240753591696,0.875821449254351
4.81739778916471,-0.803529813142636,-0.0813474654103724,0.884877278552995
4.81746540232172,-0.791499759793318,-0.102034075186852,0.89353383498016
4.81753301547873,-0.779112633210496,-0.122674573177524,0.901787206388028
4.81762517474049,-0.761663848686803,-0.150716803074488,0.912380651761286
4.81771733400226,-0.743576575330821,-0.178632780396306,0.922209355727137
4.81777753390271,-0.731423881026287,-0.196789043697227,0.928212924723491
4.81783773380316,-0.719009636181602,-0.21487482707893,0.933884463260546
4.81789793370361,-0.706338249402346,-0.232883718522496,0.939221967924859
4.81795813360405,-0.693414254046287,-0.250809263459573,0.944223517505848
4.81803063386419,-0.677520914512082,-0.272277597482468,0.949798511994544
4.81810313412432,-0.661276096853826,-0.293604684858537,0.954880781712384
4.81817563438445,-0.644688229480204,-0.314779474306313,0.95946770378655
4.81824813464458,-0.627765928031128,-0.335790956391004,0.963556884422139
4.81832063490471,-0.610517966957767,-0.356628249149659,0.967146216107438
4.81839313516485,-0.592953300833495,-0.377280523141535,0.970233823975041
4.81848130247718,-0.571179637364347,-0.402130602578587,0.973310239942905
4.81856946978952,-0.548967721987914,-0.426672244820065,0.975639966807959
4.81865763710185,-0.526334628787443,-0.450886598614,0.977221227401429
4.81874580441418,-0.503297733733429,-0.474755061991228,0.978052795724662
4.81883397172652,-0.479874718827543,-0.498259326163821,0.978134044991365
4.81892213903885,-0.45608355472719,-0.521381346613145,0.977464901340332
4.81901030635119,-0.431942496720453,-0.544103392311498,0.976045889031944
4.81909847366352,-0.407470063985281,-0.566408021909445,0.973878085894701
4.81918664097586,-0.382685033214646,-0.588278132198511,0.970963165413161
4.81929504520827,-0.351811315052768,-0.614547215548002,0.96635853060075
4.81940344944068,-0.320529425236086,-0.640103763571166,0.960633188807269
4.81951185367309,-0.288875742571957,-0.66491804722794,0.953793789799856
4.81962025790549,-0.25688699942103,-0.688961277044254,0.945848276465317
4.8197286621379,-0.224600319060508,-0.712205539707489,0.936805858767974
4.81983706637031,-0.192053140286781,-0.734623888550984,0.926677028837782
4.81994547060272,-0.159283222773235,-0.756190304251111,0.915473527024347
4.82005387483513,-0.126328561953846,-0.776879788916922,0.903208350870714
4.82016227906754,-0.0932273878098763,-0.796668330579977,0.889895718389838
4.82027068329995,-0.0600180795212708,-0.815532993409222,0.875551072930474
4.82037908753236,-0.0267391614549536,-0.83345188295967,0.860191044414613
4.82048749176477,0.0065707809893619,-0.850404231464817,0.843833450475425
4.82059589599718,0.039873107422193,-0.866370363219851,0.826497255797649
4.820663509208,0.0606240365317898,-0.875821433861582,0.815197397329812
4.82073112241882,0.0813474431255382,-0.884877270990594,0.803529827865019
4.82079873562964,0.102034069397019,-0.893533834617272,0.791499765220186
4.82086634884046,0.122674583813021,-0.901787212584385,0.779112628771334
4.82095850809013,0.150716810001531,-0.912380656382744,0.761663846381172
4.8210506673398,0.178632783643655,-0.922209358972883,0.743576575329228
4.82111086723609,0.19678904568922,-0.928212927543222,0.731423881853982
4.82117106713239,0.21487482782534,-0.933884465700095,0.719009637874741
4.82123126702868,0.232883718034322,-0.939221970030481,0.70633825199612
4.82129146692497,0.25080926174915,-0.944223519324122,0.693414257574942
4.82136396718727,0.272277596434526,-0.949798514056121,0.677520917621551
4.82143646744957,0.293604684466201,-0.954880783988135,0.661276099521901
4.82150896771187,0.314779474561739,-0.959467706247252,0.644688231685454
4.82158146797417,0.335790957285266,-0.963556887038183,0.62776592975294
4.82165396823647,0.356628250672961,-0.967146218849111,0.610517968176122
4.82172646849876,0.377280525283161,-0.970233826812389,0.592953301529192
4.82181463579222,0.402130599428682,-0.973310242196343,0.571179642767611
4.82190280308567,0.426672236514495,-0.975639968797768,0.548967732283258
4.82199097037912,0.450886585300849,-0.977221229448835,0.526334644147936
4.82207913767257,0.474755043830325,-0.9780527981513,0.503297754320939
4.82216730496602,0.498259303326605,-0.978134048118898,0.479874744792269
4.82225547225947,0.521381319282323,-0.977464905490012,0.45608358620769
4.82234363955292,0.544103360680927,-0.976045894523841,0.431942533842906
4.82243180684637,0.566407986183663,-0.973878093047559,0.407470106863854
4.82251997413982,0.588278092592529,-0.970963174543611,0.382685081951073
4.82262837837216,0.614547177014937,-0.966358541489954,0.351811364475002
4.8227367826045,0.640103726158924,-0.960633201447298,0.320529475288347
4.82284518683684,0.664918010983298,-0.953793804180791,0.288875793197464
4.82295359106918,0.688961242012497,-0.945848292575174,0.256887050562641
4.82306199530152,0.712205505932635,-0.936805876592732,0.224600370660089
4.82317039953386,0.734623856075521,-0.926677048361406,0.192053192285848
4.8232788037662,0.756190273116089,-0.915473548228933,0.159283275112832
4.82338720799854,0.776879759161918,-0.903208373736303,0.126328614574357
4.82349561223088,0.796668302242905,-0.889895742894489,0.093227440651561
4.82360401646321,0.815532966526538,-0.875551099050332,0.0600181325238206
4.82371242069555,0.833451857565995,-0.860191072124094,0.0267392145580871
4.82382082492789,0.850404207593177,-0.843833479746834,-0.00657072784635306
4.82392922916023,0.866370340901515,-0.82649728660159,-0.0398730542999438
4.82399684242421,0.87582141980888,-0.815197420037078,-0.0606239997718132
4.8240644556882,0.884877264589289,-0.803529841888388,-0.0813474227009283
4.82413206895218,0.893533835243449,-0.791499769984427,-0.102034065259017
4.82419968221616,0.901787219604697,-0.779112623714065,-0.122674595890643
4.82429184147976,0.91238066459708,-0.761663838340961,-0.150716826256126
4.82438400074336,0.922209368144861,-0.743576564122097,-0.178632804022774
4.82444420061374,0.928212933816104,-0.731423875627073,-0.196789058189013
4.82450440048411,0.933884469358182,-0.719009636856585,-0.214874832501617
4.82456460035449,0.939221971360759,-0.706338256409464,-0.232883714951305
4.82462480022487,0.944223518616034,-0.693414267636739,-0.250809250979318
4.82469730048917,0.949798513721782,-0.6775209274034,-0.272277586318413
4.82476980075347,0.954880784001621,-0.661276109000771,-0.293604675000854
4.82484230101777,0.95946770658214,-0.644688240838978,-0.314779465743191
4.82491480128208,0.963556887667938,-0.627765938559235,-0.335790949108724
4.82498730154638,0.967146219746722,-0.610517976614081,-0.356628243132635
4.82505980181068,0.97023382795065,-0.592953309578429,-0.377280518372242
4.82514796910834,0.973310243644915,-0.571179649874321,-0.402130593770613
4.82523613640601,0.975639970485728,-0.548967738402158,-0.42667223208359
4.82532430370367,0.977221231304808,-0.52633464923619,-0.450886582068603
4.82541247100134,0.978052800103753,-0.503297758338235,-0.47475504176553
4.825500638299,0.978134050096138,-0.479874747700832,-0.498259302395335
4.82558880559666,0.977464907420323,-0.456083587972108,-0.521381319448238
4.82567697289433,0.976045896335637,-0.431942534430691,-0.544103361904941
4.82576514019199,0.973878094669348,-0.407470106245059,-0.566407988424282
4.82585330748966,0.97096317590424,-0.382685080098309,-0.58827809580596
4.82596171172201,0.966358542679002,-0.351811362553856,-0.614547180125137
4.82607011595436,0.960633202465319,-0.320529473304124,-0.640103729161159
4.82617852018671,0.953793805028677,-0.288875791155693,-0.664918013872986
4.82628692441906,0.94584829325397,-0.256887048468874,-0.688961244785124
4.82639532865142,0.936805877103723,-0.224600368519958,-0.712205508583771
4.82650373288377,0.926677048706005,-0.192053190104965,-0.73462385860106
4.82661213711612,0.915473548408827,-0.159283272897001,-0.756190275511799
4.82672054134847,0.903208373753298,-0.126328612329385,-0.776879761423918
4.82682894558082,0.889895742750654,-0.0932274383832714,-0.796668304367378
4.82693734981317,0.875551098747913,-0.0600181302381242,-0.815532968509808
4.82704575404553,0.860191071665405,-0.0267392122607568,-0.833451859404624
4.82715415827788,0.843833479134578,0.00657073014922368,-0.850404209283813
4.82726256251023,0.826497285838434,0.039873056602558,-0.866370342440999
4.82733017577357,0.815197419291428,0.060624001872355,-0.875821421163777
4.82739778903691,0.80352984116849,0.0813474245977091,-0.884877265766193
4.82746540230025,0.791499769298322,0.102034066950608,-0.893533836248922
4.8275330155636,0.779112623069691,0.122674597375968,-0.901787220445624
4.82762517485328,0.761663832567639,0.150716835644679,-0.912380668212293
4.82771733414297,0.743576552864809,0.178632821233022,-0.922209374097781
4.82777753399149,0.731423868539961,0.196789068744895,-0.928212937284848
4.82783773384,0.719009634132957,0.214874836449361,-0.93388447058232
4.82789793368852,0.706338258237861,0.232883712344253,-0.939221970582128
4.82795813353704,0.693414274200729,0.250809241877836,-0.944223516078547
4.8280306338012,0.677520934102596,0.272277577214805,-0.949798511317429
4.82810313406536,0.661276115834062,0.293604665898985,-0.954880781733045
4.82817563432952,0.644688247805102,0.314779456646941,-0.959467704452045
4.82824813459368,0.627765945656925,0.33579094002201,-0.963556885678943
4.82832063485784,0.610517983842031,0.35662823405931,-0.967146217901305
4.828393135122,0.592953316935115,0.377280509316325,-0.97023382625143
4.82848130244281,0.571179651568706,0.402130591272765,-0.973310242841457
4.82856946976362,0.548967734204352,0.426672235981689,-0.975639970186012
4.82865763708442,0.526334638929821,0.450886592185701,-0.977221231115519
4.82874580440523,0.503297741720664,0.4747550579102,-0.978052799630852
4.82883397172604,0.479874724583549,0.498259324361876,-0.978134048945433
4.82892213904685,0.456083558181213,0.521381347016887,-0.977464905198117
4.82901030636766,0.431942497806777,0.544103394842514,-0.976045892649282
4.82909847368847,0.407470062643779,0.566408026484191,-0.973878089127955
4.82918664100928,0.382685029390533,0.588278138728702,-0.970963168119259
4.8292950452417,0.351811311095453,0.614547221864685,-0.966358532960134
4.82940344947411,0.320529421156906,0.640103769664807,-0.960633190821669
4.82951185370653,0.28887573838202,0.664918053089525,-0.953793791471523
4.82962025793894,0.256886995131809,0.688961282664883,-0.945848277796657
4.82972866217136,0.224600314683347,0.712205545078653,-0.936805859762007
4.82983706640377,0.192053135833371,0.734623893664395,-0.92667702949778
4.82994547063618,0.159283218255254,0.756190309098799,-0.915473527354023
4.8300538748686,0.126328557382981,0.776879793491259,-0.903208350874231
4.83016227910101,0.0932273831979972,0.796668334873583,-0.889895718071564
4.83027068333343,0.0600180748801985,0.815532997415097,-0.875551072295268
4.83037908756584,0.0267391567967172,0.833451886671139,-0.860191043467786
4.83048749179826,-0.00657078565292357,0.850404234875464,-0.843833449222552
4.83059589603067,-0.0398731120792175,0.866370366323768,-0.82649725424457
4.83066350924012,-0.0606240407561984,0.875821436582831,-0.815197395826584
4.83073112244957,-0.0813474469139916,0.884877273343154,-0.803529826429137
4.83079873565901,-0.102034072746815,0.893533836615622,-0.791499763868765
4.83086634886846,-0.122674586721911,0.901787214243193,-0.77911262752128
4.83095850817021,-0.150716828686117,0.912380663580574,-0.761663834894427
4.83105066747195,-0.178632817941347,0.922209370838269,-0.743576552896908
4.83111086732468,-0.196789066726675,0.928212934457958,-0.731423867731255
4.83117106717741,-0.214874835694844,0.93388446814162,-0.719009632446743
4.83123126703014,-0.232883712842108,0.939221968480617,-0.706338255638475
4.83129146688287,-0.250809243615566,0.944223514269021,-0.693414270653439
4.8313639671448,-0.272277578271341,0.949798509259363,-0.677520930988035
4.83143646740673,-0.293604666281383,0.954880779456429,-0.661276113175007
4.83150896766866,-0.31477945636325,0.959467701986973,-0.644688245623687
4.83158146793059,-0.335790939081418,0.963556883055842,-0.627765943974388
4.83165396819252,-0.35662823247201,0.967146215150903,-0.610517982678839
4.83172646845446,-0.377280507093485,0.970233823404419,-0.592953316310905
4.83181463579413,-0.402130594337655,0.97331024058027,-0.5711796462426
4.83190280313381,-0.426672244198672,0.975639968190701,-0.548967723992004
4.83199097047348,-0.45088660540688,0.977221229065154,-0.526334623658255
4.83207913781316,-0.474755075975932,0.978052797204074,-0.503297721228098
4.83216730515284,-0.498259347100994,0.978134045820801,-0.479874698719789
4.83225547249251,-0.521381374246867,0.977464901054782,-0.456083526807906
4.83234363983219,-0.544103426369804,0.976045887167363,-0.431942460797534
4.83243180717187,-0.566408062104446,0.973878081989043,-0.407470019884592
4.83251997451154,-0.588278178227105,0.970963159007002,-0.382684980779864
4.83262837874402,-0.614547260290575,0.966358522094251,-0.351811261803629
4.83273678297649,-0.640103806970463,0.960633178210202,-0.320529371239701
4.83284518720896,-0.664918089228524,0.953793777124617,-0.28887568789607
4.83295359144144,-0.688961317592173,0.945848261726566,-0.256886944134358
4.83306199567391,-0.712205578750501,0.93680584198281,-0.224600263232275
4.83317039990639,-0.734623926038591,0.926677010025575,-0.192053083987011
4.83327880413886,-0.756190340134518,0.915473506207092,-0.159283166072583
4.83338720837133,-0.776879823149234,0.903208328072608,-0.126328504923366
4.83349561260381,-0.796668363116091,0.889895693637332,-0.0932273305211654
4.83360401683628,-0.815533024206138,0.875551046252307,-0.0600180220461502
4.83371242106876,-0.833451911976279,0.860191015841885,-0.0267391038655905
4.83382082530123,-0.850404258662041,0.843833420041378,0.00657083862068213
4.83392922953371,-0.866370388560805,0.826497223537675,0.0398731650231171
4.83399684269015,-0.875821450579851,0.815197373191898,0.0606240773879759
4.8340644558466,-0.884877279712535,0.803529812452132,0.0813474672604234
4.83413206900305,-0.893533835979413,0.791499759122795,0.102034076856635
4.8341996821595,-0.90178720723282,0.779112632567097,0.122674574665704
4.83429184144729,-0.912380655372392,0.76166384292827,0.15071681244414
4.83438400073507,-0.922209361669178,0.743576564102994,0.178632797566191
4.83444420061371,-0.928212928187502,0.731423873957687,0.196789054229848
4.83450440049236,-0.933884464485572,0.719009633465121,0.214874831020473
4.834564600371,-0.939221967152054,0.706338251226003,0.232883715926071
4.83462480024964,-0.944223514978534,0.693414260593079,0.250809254385495
4.83469730050961,-0.949798509598328,0.677520921197745,0.272277588400613
4.83476980076959,-0.954880779450239,0.661276103677425,0.293604675772835
4.83484230102956,-0.959467701661399,0.644688236440758,0.314779465220653
4.83491480128953,-0.963556882436886,0.627765935127521,0.335790947309402
4.8349873015495,-0.967146214264879,0.610517974188777,0.356628240076112
4.83505980180948,-0.970233822277852,0.592953308197675,0.377280514080184
4.83514796914497,-0.97331023914199,0.571179639063994,0.402130600077991
4.83523613648046,-0.975639966511154,0.54896771779298,0.426672248718176
4.83532430381594,-0.977221227215136,0.52633461848142,0.450886608733759
4.83541247115143,-0.978052795254701,0.503297717113526,0.474755078141204
4.83550063848692,-0.978134043843402,0.479874695705293,0.498259348138117
4.83558880582241,-0.977464899120578,0.45608352492858,0.521381374191989
4.8356769731579,-0.976045885347513,0.431942460085905,0.544103425261594
4.83576514049339,-0.973878080354571,0.407470020370501,0.566408059984069
4.83585330782888,-0.970963157628518,0.382684982490385,0.588278175138168
4.83596171206135,-0.966358520881588,0.351811263577413,0.614547257304185
4.83607011629383,-0.960633177162493,0.320529373071374,0.640103804091141
4.8361785205263,-0.953793776240813,0.2888756897802,0.664918086460638
4.83628692475877,-0.94584826100535,0.256886946065493,0.688961314939904
4.83639532899125,-0.93680584142282,0.224600265204904,0.712205576217916
4.83650373322372,-0.92667700962523,0.19205308599567,0.734623923629573
4.83661213745619,-0.915473505964527,0.159283168111627,0.756190337852871
4.83672054168867,-0.903208327985768,0.126328506987165,0.776879820998609
4.83682894592114,-0.889895693704077,0.093227332604037,0.796668361100033
4.83693735015361,-0.875551046470338,0.0600180241424202,0.815533022327909
4.83704575438609,-0.860191016208703,0.0267391059696668,0.833451910239034
4.83715415861856,-0.84383342055422,-0.00657083651457415,0.850404257068816
4.83726256285103,-0.826497224193689,-0.0398731629206921,0.86637038711439
4.83733017600794,-0.815197373857944,-0.0606240754312084,0.875821449289137
4.83739778916485,-0.803529813122015,-0.0813474654509999,0.884877278573013
4.83746540232175,-0.791499759790411,-0.102034075196201,0.893533834986623
4.83753301547866,-0.779112633226397,-0.122674573155746,0.901787206382149
4.83762517474046,-0.761663848697064,-0.150716803062396,0.912380651759443
4.83771733400226,-0.743576575335029,-0.178632780393853,0.922209355728877
4.83777753390271,-0.731423881029441,-0.196789043696302,0.92821292472572
4.83783773380316,-0.7190096361837,-0.214874827079602,0.93388446326327
4.83789793370362,-0.706338249403314,-0.232883718524681,0.93922196792801
4.83795813360407,-0.693414254046059,-0.25080926346327,0.944223517509362
4.83803063386417,-0.677520914519083,-0.272277597476415,0.949798511995486
4.83810313412427,-0.661276096868412,-0.293604684842786,0.954880781711177
4.83817563438437,-0.644688229502641,-0.314779474281044,0.959467703783707
4.83824813464447,-0.627765928061789,-0.335790956356343,0.963556884418134
4.83832063490457,-0.61051796699694,-0.356628249105758,0.967146216102693
4.83839313516467,-0.592953300881264,-0.377280523088743,0.970233823969993
4.83848130247702,-0.57117963740866,-0.402130602531251,0.973310239939964
4.83856946978937,-0.54896772202875,-0.426672244778066,0.975639966806767
4.83865763710172,-0.52633462882453,-0.450886598577195,0.977221227401729
4.83874580441407,-0.503297733766593,-0.474755061959575,0.978052795726202
4.83883397172642,-0.47987471885665,-0.498259326137142,0.978134044993785
4.83892213903877,-0.456083554752098,-0.521381346591326,0.977464901343412
4.83901030635113,-0.431942496740957,-0.544103392294397,0.976045889035345
4.83909847366348,-0.407470064001277,-0.566408021896901,0.973878085898161
4.83918664097583,-0.382685033226014,-0.588278132190366,0.970963165416369
4.83929504520823,-0.351811315065182,-0.614547215539263,0.966358530604446
4.83940344944064,-0.320529425249728,-0.64010376356176,0.960633188811454
4.83951185367305,-0.288875742586681,-0.664918047218062,0.953793789804715
4.83962025790545,-0.256886999437005,-0.68896127703388,0.945848276470831
4.83972866213786,-0.224600319077588,-0.712205539696701,0.936805858774248
4.83983706637026,-0.192053140305026,-0.73462388853986,0.926677028844885
4.83994547060267,-0.159283222792631,-0.756190304239719,0.915473527032324
4.84005387483507,-0.126328561974411,-0.776879788905288,0.903208350879681
4.84016227906748,-0.0932273878315944,-0.796668330568202,0.889895718399812
4.84027068329989,-0.0600180795441347,-0.815532993397366,0.87555107294149
4.84037908753229,-0.0267391614789507,-0.833451882947816,0.860191044426747
4.8404874917647,0.00657078096426074,-0.850404231453027,0.843833450488758
4.8405958959971,0.0398731073961003,-0.866370363208237,0.826497255812128
4.84066350920794,0.0606240365103365,-0.875821433852512,0.815197397342126
4.84073112241878,0.0813474431087611,-0.884877270983852,0.803529827875061
4.84079873562961,0.10203406938492,-0.893533834612678,0.791499765227716
4.84086634884045,0.122674583805576,-0.901787212581791,0.779112628776185
4.84095850809014,0.150716810000365,-0.912380656382556,0.76166384638217
4.84105066733983,0.178632783648758,-0.922209358974786,0.743576575325978
4.84111086723611,0.196789045692151,-0.928212927544253,0.731423881852079
4.8411710671324,0.214874827826079,-0.933884465700381,0.719009637874291
4.84123126702869,0.232883718032904,-0.939221970030092,0.706338251997147
4.84129146692497,0.250809261745602,-0.944223519323126,0.693414257577511
4.84136396718726,0.27227759642753,-0.949798514054246,0.677520917626729
4.84143646744954,0.293604684455814,-0.954880783985618,0.661276099529793
4.84150896771183,0.314779474548021,-0.959467706244175,0.644688231696118
4.84158146797412,0.335790957268351,-0.963556887034776,0.627765929766424
4.84165396823641,0.356628250652877,-0.967146218845497,0.610517968192597
4.84172646849869,0.37728052525987,-0.970233826808705,0.592953301548825
4.84181463579212,0.402130599399719,-0.973310242192635,0.571179642792882
4.84190280308555,0.42667223648002,-0.975639968794359,0.548967732314357
4.84199097037898,0.450886585260993,-0.977221229446091,0.52633464418508
4.84207913767241,0.474755043785339,-0.978052798149632,0.50329775436427
4.84216730496584,0.498259303276621,-0.97813404811861,0.479874744841985
4.84225547225927,0.521381319227621,-0.977464905491517,0.456083586263863
4.8423436395527,0.544103360621683,-0.97604589452747,0.431942533905766
4.84243180684613,0.566407986120124,-0.973878093053664,0.407470106933523
4.84251997413956,0.588278092524972,-0.970963174552576,0.382685082027575
4.8426283783719,0.614547176949927,-0.96635854150145,0.351811364551501
4.84273678260424,0.640103726096467,-0.960633201461258,0.320529475364745
4.84284518683659,0.664918010923452,-0.953793804197089,0.288875793273656
4.84295359106893,0.688961241955259,-0.945848292593762,0.256887050638481
4.84306199530127,0.712205505877921,-0.936805876613553,0.224600370735595
4.84317039953362,0.734623856023496,-0.926677048384246,0.19205319236074
4.84327880376596,0.756190273066685,-0.915473548253782,0.15928327518709
4.8433872079983,0.77687975911512,-0.903208373763075,0.126328614647942
4.84349561223064,0.796668302198736,-0.889895742923023,0.0932274407242653
4.84360401646299,0.815532966484908,-0.875551099080634,0.0600181325956869
4.84371242069533,0.833451857527012,-0.860191072155889,0.0267392146288787
4.84382082492767,0.850404207556736,-0.843833479780147,-0.00657072777657948
4.84392922916001,0.866370340867569,-0.826497286636278,-0.0398730542312952
4.84399684242408,0.875821419787863,-0.815197420058498,-0.0606239997293872
4.84406445568815,0.884877264580183,-0.803529841895563,-0.0813474226846566
4.84413206895222,0.893533835245263,-0.791499769976497,-0.10203406526877
4.84419968221628,0.901787219616461,-0.779112623690066,-0.122674595926408
4.84429184147996,0.912380664616145,-0.761663838301559,-0.150716826314598
4.84438400074363,0.922209368169909,-0.743576564066292,-0.178632804103662
4.84444420061391,0.928212933829995,-0.731423875590307,-0.196789058239699
4.84450440048419,0.933884469362038,-0.719009636839809,-0.214874832522207
4.84456460035447,0.939221971355635,-0.706338256413547,-0.232883714942061
4.84462480022475,0.944223518603048,-0.69341426766248,-0.250809250940556
4.8446973004891,0.949798513713544,-0.677520927417928,-0.272277586295636
4.84476980075346,0.954880783997364,-0.66127610900362,-0.293604674993776
4.84484230101781,0.959467706581174,-0.644688240829566,-0.314779465751656
4.84491480128217,0.963556887669529,-0.627765938537065,-0.335790949132515
4.84498730154652,0.967146219750139,-0.610517976578742,-0.356628243171409
4.84505980181087,0.970233827955177,-0.592953309529435,-0.377280518425746
4.8451479691086,0.973310243649565,-0.571179649809848,-0.402130593839733
4.84523613640632,0.975639970489479,-0.548967738321671,-0.426672232167805
4.84532430370404,0.977221231306691,-0.526334649139346,-0.450886582167358
4.84541247100176,0.97805280010282,-0.503297758224465,-0.474755041878353
4.84550063829949,0.978134050091396,-0.479874747569741,-0.498259302521652
4.84558880559721,0.977464907410749,-0.456083587823386,-0.521381319587386
4.84567697289493,0.976045896320276,-0.43194253426395,-0.54410336205634
4.84576514019265,0.97387809464721,-0.407470106059946,-0.566407988587254
4.84585330749037,0.970963175874415,-0.382685079894656,-0.588278095979782
4.84596171172272,0.966358542641917,-0.351811362348519,-0.614547180293384
4.84607011595507,0.960633202421175,-0.320529473097502,-0.640103729323671
4.84617852018742,0.953793804977618,-0.288875790948041,-0.664918014029557
4.84628692441976,0.945848293196061,-0.256887048260347,-0.688961244935726
4.84639532865211,0.936805877039164,-0.224600368310967,-0.712205508728213
4.84650373288446,0.926677048634952,-0.192053189895731,-0.734623858739236
4.8466121371168,0.915473548331407,-0.159283272687774,-0.75619027564367
4.84672054134915,0.903208373669738,-0.126328612120396,-0.776879761549333
4.8468289455815,0.889895742661082,-0.0932274381748074,-0.796668304486261
4.84693734981385,0.875551098652542,-0.0600181300304075,-0.81553296862217
4.84704575404619,0.860191071564421,-0.0267392120541444,-0.833451859510289
4.84715415827854,0.84383347902818,0.00657073035464613,-0.850404209382811
4.84726256251089,0.826497285726822,0.039873056806428,-0.866370342533267
4.84733017577402,0.815197419212646,0.060624002010262,-0.875821421222896
4.84739778903714,0.803529841124744,0.0813474246698645,-0.884877265794644
4.84746540230027,0.791499769292018,0.102034066957169,-0.893533836249208
4.8475330155634,0.779112623103115,0.122674597317204,-0.901787220420295
4.847625174853,0.76166383261813,0.150716835561421,-0.912380668179569
4.84771733414261,0.743576552933469,0.178632821125529,-0.922209374059007
4.84777753399127,0.731423868581886,0.196789068679638,-0.928212937261514
4.84783773383992,0.719009634146827,0.214874836426062,-0.933884470572937
4.84789793368858,0.706338258222545,0.232883712362542,-0.939221970585051
4.84795813353723,0.693414274154931,0.250809241937374,-0.944223516092326
4.84803063380138,0.677520934059596,0.272277577269058,-0.949798511328633
4.84810313406552,0.661276115793931,0.293604665947987,-0.954880781741905
4.84817563432966,0.644688247768043,0.314779456690758,-0.959467704458797
4.84824813459381,0.627765945623119,0.335790940060663,-0.963556885683768
4.84832063485795,0.610517983811717,0.356628234092819,-0.967146217904516
4.84839313512209,0.592953316908389,0.3772805093448,-0.970233826253168
4.84848130244293,0.57117965153526,0.402130591307912,-0.973310242843161
4.84856946976376,0.548967734163908,0.426672236023349,-0.975639970187277
4.8486576370846,0.526334638882225,0.450886592233644,-0.977221231115873
4.84874580440543,0.503297741665677,0.474755057964199,-0.978052799629859
4.84883397172626,0.479874724521059,0.498259324421649,-0.978134048942697
4.8489221390471,0.456083558111065,0.521381347082144,-0.977464905193208
4.84901030636793,0.431942497728813,0.544103394912988,-0.97604589264181
4.84909847368877,0.407470062557814,0.566408026559635,-0.973878089117441
4.8491866410096,0.382685029296521,0.588278138808795,-0.970963168105287
4.84929504524202,0.351811310999797,0.614547221943037,-0.9663585329428
4.84940344947443,0.320529421059474,0.640103769741421,-0.960633190800894
4.84951185370685,0.288875738283067,0.664918053164211,-0.9537937914473
4.84962025793927,0.256886995031427,0.688961282737584,-0.945848277769021
4.84972866217168,0.224600314581697,0.712205545149212,-0.936805859730884
4.8498370664041,0.19205313573034,0.734623893732818,-0.92667702946312
4.84994547063652,0.159283218151069,0.756190309164897,-0.915473527315927
4.85005387486893,0.126328557277798,0.77687979355491,-0.903208350832693
4.85016227910135,0.0932273830919547,0.796668334934709,-0.889895718026671
4.85027068333377,0.0600180747734037,0.815532997473586,-0.875551072246957
4.85037908756618,0.0267391566891152,0.833451886726913,-0.860191043416011
4.8504874917986,-0.00657078576110456,0.850404234928498,-0.84383344916737
4.85059589603101,-0.039873112187806,0.866370366373876,-0.826497254186043
4.85066350924035,-0.0606240408316365,0.875821436616181,-0.815197395784533
4.85073112244969,-0.0813474469562838,0.884877273360981,-0.803529826404678
4.85079873565903,-0.102034072756143,0.893533836619217,-0.791499763863059
4.85086634886837,-0.122674586698443,0.901787214233871,-0.779112627535419
4.8509585081701,-0.150716828656886,0.912380663569798,-0.761663834912856
4.85105066747182,-0.178632817906402,0.922209370826356,-0.74357655291993
4.85111086732459,-0.196789066703,0.928212934450339,-0.731423867747284
4.85117106717736,-0.214874835682341,0.933884468137854,-0.719009632455469
4.85123126703013,-0.232883712840774,0.939221968480308,-0.706338255639544
4.85129146688289,-0.250809243625237,0.944223514271784,-0.693414270646514
4.85136396714482,-0.272277578280655,0.949798509261887,-0.677520930981213
4.85143646740675,-0.293604666290285,0.954880779458678,-0.661276113168391
4.85150896766868,-0.314779456371874,0.959467701989017,-0.644688245617143
4.85158146793061,-0.335790939089752,0.963556883057732,-0.627765943967953
4.85165396819254,-0.356628232479945,0.967146215152566,-0.610517982672588
4.85172646845447,-0.3772805071011,0.970233823405905,-0.592953316304792
4.85181463579413,-0.402130594339059,0.97331024058096,-0.571179646241893
4.85190280313378,-0.426672244193905,0.975639968190939,-0.548967723997014
4.85199097047343,-0.450886605396206,0.977221229065342,-0.526334623669117
4.85207913781309,-0.474755075959546,0.978052797204529,-0.503297721244947
4.85216730515274,-0.49825934707897,0.97813404582199,-0.479874698742988
4.8522554724924,-0.521381374219505,0.977464901056996,-0.456083526837475
4.85234363983205,-0.544103426337291,0.976045887171048,-0.431942460833751
4.8524318071717,-0.566408062067113,0.973878081994543,-0.407470019927437
4.85251997451136,-0.588278178185107,0.970963159014659,-0.38268498082956
4.85262837874383,-0.614547260249762,0.966358522103832,-0.351811261854026
4.85273678297631,-0.64010380693087,0.960633178221681,-0.320529371290776
4.85284518720878,-0.66491808919019,0.953793777137986,-0.288875687947754
4.85295359144126,-0.688961317555155,0.945848261741749,-0.256886944186573
4.85306199567373,-0.712205578714888,0.936805841999872,-0.224600263284971
4.8531703999062,-0.734623926004365,0.926677010044496,-0.192053084040117
4.85327880413868,-0.756190340101745,0.915473506227774,-0.159283166126037
4.85338720837115,-0.776879823117963,0.903208328095085,-0.12632850497711
4.85349561260363,-0.79666836308639,0.889895693661552,-0.0932273305751218
4.8536040168361,-0.815533024178,0.875551046278295,-0.06001802210027
4.85371242106857,-0.833451911949782,0.860191015869579,-0.0267391039198111
4.85382082530105,-0.850404258637172,0.843833420070756,0.00657083856644229
4.85392922953352,-0.866370388537604,0.826497223568705,0.0398731649689115
4.85399684269002,-0.875821450564893,0.815197373215044,0.0606240773498434
4.85406445584653,-0.884877279705214,0.803529812466821,0.0813474672384076
4.85413206900303,-0.893533835979079,0.791499759128457,0.102034076850627
4.85419968215953,-0.901787207238873,0.779112632563144,0.122674574675718
4.85429184144731,-0.912380655377662,0.761663842925121,0.150716812452555
4.85438400073509,-0.922209361673773,0.743576564100727,0.178632797573043
4.85444420061372,-0.928212928191176,0.7314238739572,0.196789054234004
4.85450440049236,-0.93388446448839,0.719009633466456,0.214874831021992
4.85456460037099,-0.939221967154172,0.706338251229191,0.232883715925008
4.85462480024962,-0.944223514980002,0.693414260598253,0.25080925438177
4.85469730050957,-0.949798509597959,0.677520921209035,0.272277588388918
4.85476980076951,-0.954880779448337,0.661276103695153,0.293604675753194
4.85484230102946,-0.959467701658406,0.644688236465163,0.314779465193235
4.8549148012894,-0.963556882433148,0.627765935158841,0.335790947274302
4.85498730154935,-0.967146214260758,0.610517974227314,0.356628240033417
4.85505980180929,-0.970233822273788,0.592953308243651,0.377280514030109
4.85514796914474,-0.973310239138138,0.571179639121487,0.402130600016672
4.85523613648019,-0.975639966508284,0.548967717862482,0.426672248645821
4.85532430381563,-0.977221227214044,0.526334618563165,0.450886608650874
4.85541247115108,-0.978052795256039,0.503297717207987,0.474755078048076
4.85550063848653,-0.978134043847869,0.479874695812675,0.498259348035246
4.85558880582197,-0.97746489912894,0.456083525049161,0.521381374079816
4.85567697315742,-0.976045885360552,0.431942460219931,0.544103425140589
4.85576514049287,-0.973878080372887,0.407470020518104,0.566408059854789
4.85585330782831,-0.97096315765291,0.382684982651901,0.588278175000992
4.85596171206078,-0.966358520912006,0.351811263742178,0.61454725716984
4.85607011629325,-0.960633177199011,0.320529373239221,0.640103803959802
4.85617852052572,-0.953793776283494,0.288875689950984,0.664918086332485
4.85628692475819,-0.945848261054211,0.256886946239029,0.688961314815153
4.85639532899066,-0.936805841477887,0.224600265381134,0.712205576096735
4.85650373322313,-0.926677009686459,0.192053086174251,0.734623923512217
4.8566121374556,-0.915473506031908,0.159283168292397,0.75619033773953
4.85672054168807,-0.903208328059363,0.126328507169937,0.776879820889451
4.85682894592054,-0.889895693783896,0.0932273327886134,0.796668360995259
4.85693735015301,-0.875551046556285,0.0600180243285995,0.81553302222768
4.85704575438548,-0.860191016300733,0.0267391061571493,0.833451910143621
4.85715415861795,-0.843833420652392,-0.00657083632585926,0.850404256978286
4.85726256285042,-0.826497224297949,-0.0398731627310051,0.866370387028924
4.85733017600753,-0.815197373931621,-0.0606240753029034,0.875821449234533
4.85739778916463,-0.803529813162966,-0.081347465384068,0.884877278547033
4.85746540232174,-0.79149975979645,-0.102034075190415,0.893533834986838
4.85753301547884,-0.779112633195381,-0.122674573210842,0.901787206406205
4.85762517474065,-0.761663848663164,-0.150716803119754,0.912380651782913
4.85771733400246,-0.743576575298152,-0.178632780453453,0.922209355751592
4.85777753390283,-0.731423881008301,-0.196789043731117,0.928212924739405
4.8578377338032,-0.719009636179071,-0.214874827089795,0.933884463268871
4.85789793370357,-0.706338249415896,-0.232883718510466,0.939221967926367
4.85795813360394,-0.693414254076552,-0.250809263424858,0.94422351750141
4.85803063386405,-0.677520914547638,-0.272277597441643,0.949798511989264
4.85810313412417,-0.661276096894817,-0.293604684811741,0.954880781706526
4.85817563438428,-0.644688229526893,-0.314779474253576,0.959467703780445
4.85824813464439,-0.627765928083714,-0.335790956332437,0.96355688441612
4.8583206349045,-0.610517967016298,-0.356628249085459,0.967146216101749
4.85839313516461,-0.59295330089815,-0.377280523071887,0.970233823970032
4.85848130247694,-0.571179637431548,-0.402130602508181,0.973310239939722
4.85856946978927,-0.548967722057692,-0.426672244749041,0.975639966806728
4.8586576371016,-0.526334628859842,-0.450886598542424,0.977221227402248
4.85874580441393,-0.503297733808392,-0.474755061919231,0.978052795727604
4.85883397172626,-0.479874718904987,-0.498259326091504,0.978134044996498
4.85892213903858,-0.456083554807242,-0.521381346540599,0.977464901347856
4.85901030635091,-0.431942496803018,-0.54410339223881,0.976045889041841
4.85909847366324,-0.407470064070329,-0.566408021836765,0.973878085907072
4.85918664097557,-0.382685033302209,-0.588278132125897,0.970963165428093
4.85929504520798,-0.35181131514256,-0.614547215476346,0.966358530618912
4.85940344944038,-0.320529425328098,-0.640103763500493,0.960633188828573
4.85951185367279,-0.288875742666118,-0.664918047158443,0.95379378982454
4.85962025790519,-0.256886999517397,-0.688961276976027,0.945848276493419
4.8597286621376,-0.224600319158832,-0.712205539640702,0.936805858799506
4.85983706637,-0.192053140387024,-0.734623888485781,0.926677028872746
4.85994547060241,-0.159283222875411,-0.75619030418755,0.915473527062904
4.86005387483481,-0.12632856205781,-0.776879788855142,0.903208350912951
4.86016227906722,-0.093227387915522,-0.796668330520143,0.889895718435673
4.86027068329962,-0.0600180796285033,-0.815532993351479,0.875551072979985
4.86037908753203,-0.0267391615637271,-0.83345188290412,0.860191044467863
4.86048749176443,0.00657078087929287,-0.850404231411656,0.843833450532368
4.86059589599684,0.0398731073109254,-0.866370363169202,0.826497255858259
4.86066350920775,0.0606240364497474,-0.875821433825943,0.815197397376201
4.86073112241867,0.081347443072686,-0.884877270968847,0.803529827896137
4.86079873562958,0.102034069373344,-0.893533834608273,0.791499765234914
4.8608663488405,0.122674583818267,-0.901787212587066,0.779112628768781
4.86095850809019,0.150716810012619,-0.912380656387248,0.761663846374607
4.86105066733988,0.178632783660639,-0.922209358978951,0.74357657531828
4.86111086723615,0.196789045700376,-0.928212927546992,0.731423881846598
4.86117106713243,0.214874827830712,-0.933884465701813,0.719009637871083
4.8612312670287,0.23288371803395,-0.939221970030316,0.70633825199634
4.86129146692497,0.2508092617432,-0.944223519322341,0.693414257579109
4.86136396718729,0.272277596433692,-0.94979851405563,0.677520917621864
4.86143646744961,0.293604684470373,-0.954880783988636,0.661276099518244
4.86150896771192,0.314779474570797,-0.95946770624851,0.644688231677709
4.86158146797424,0.335790957299197,-0.963556887040095,0.627765929740856
4.86165396823655,0.356628250691672,-0.967146218851324,0.610517968159609
4.86172646849887,0.377280525306478,-0.970233826814634,0.592953301508125
4.86181463579237,0.402130599466274,-0.973310242199318,0.571179642733042
4.86190280308587,0.426672236566012,-0.975639968800604,0.548967732234577
4.86199097037938,0.450886585365824,-0.977221229450577,0.526334644084746
4.86207913767288,0.474755043908377,-0.978052798151079,0.503297754242724
4.86216730496638,0.498259303417158,-0.978134048115851,0.479874744698678
4.86225547225989,0.521381319384893,-0.977464905483246,0.456083586098298
4.86234363955339,0.54410336079489,-0.976045894512493,0.431942533717575
4.86243180684689,0.566407986308429,-0.973878093030678,0.407470106722229
4.8625199741404,0.588278092727534,-0.970963174520331,0.382685081792821
4.86262837837274,0.614547177147695,-0.966358541460455,0.351811364312741
4.86273678260509,0.640103726289298,-0.960633201411371,0.320529475122074
4.86284518683743,0.664918011110959,-0.953793804138429,0.288875793027464
4.86295359106978,0.688961242137204,-0.945848292526262,0.256887050389019
4.86306199530212,0.712205506054128,-0.936805876537247,0.224600370483102
4.86317039953447,0.73462385619362,-0.926677048299269,0.192053192105607
4.86327880376682,0.756190273230528,-0.915473548160069,0.159283274929507
4.86338720799916,0.77687975927242,-0.903208373660661,0.126328614388216
4.86349561223151,0.796668302349265,-0.88989574281207,0.093227440462761
4.86360401646385,0.815532966628502,-0.875551098961112,0.0600181323326325
4.8637124206962,0.83345185766333,-0.860191072027991,0.026739214364664
4.86382082492854,0.850404207685648,-0.843833479643975,-0.00657072804171269
4.86392922916089,0.866370340988919,-0.826497286491852,-0.0398730544970701
4.86399684242468,0.875821419866501,-0.81519741995596,-0.0606239999105631
4.86406445568847,0.884877264619358,-0.803529841837922,-0.0813474227814685
4.86413206895227,0.893533835248138,-0.791499769966709,-0.102034065281468
4.86419968221606,0.901787219586362,-0.779112623730987,-0.122674595855391
4.86429184147971,0.912380664584976,-0.761663838349153,-0.150716826235841
4.86438400074336,0.922209368138201,-0.743576564120843,-0.178632804017378
4.86444420061374,0.928212933809878,-0.731423875624951,-0.196789058184967
4.86450440048412,0.933884469352386,-0.719009636853511,-0.214874832498885
4.8645646003545,0.939221971355252,-0.706338256405479,-0.232883714949809
4.86462480022488,0.944223518610829,-0.693414267631782,-0.250809250979064
4.8646973004892,0.949798513717843,-0.677520927394259,-0.27227758632363
4.86476980075352,0.95488078399867,-0.661276108987253,-0.293604675011459
4.86484230101784,0.95946770657996,-0.644688240820886,-0.314779465759118
4.86491480128216,0.963556887666228,-0.627765938536382,-0.335790949129879
4.86498730154648,0.967146219745241,-0.610517976586443,-0.356628243158869
4.8650598018108,0.970233827949213,-0.592953309545759,-0.377280518403449
4.86514796910854,0.973310243644587,-0.571179649823234,-0.402130593821361
4.86523613640628,0.975639970485289,-0.548967738332013,-0.42667223215328
4.86532430370401,0.977221231303008,-0.526334649146391,-0.450886582156634
4.86541247100175,0.978052800099469,-0.503297758228216,-0.474755041871276
4.86550063829948,0.978134050088133,-0.479874747569964,-0.498259302518191
4.86558880559722,0.977464907407383,-0.456083587820034,-0.521381319587355
4.86567697289495,0.976045896316509,-0.431942534256872,-0.544103362059683
4.86576514019269,0.973878094642895,-0.407470106049105,-0.566407988593819
4.86585330749042,0.970963175869286,-0.382685079879872,-0.588278095989416
4.86596171172277,0.966358542636279,-0.351811362333678,-0.614547180302639
4.86607011595512,0.960633202414997,-0.320529473082446,-0.640103729332544
4.86617852018747,0.953793804970989,-0.288875790932926,-0.664918014038047
4.86628692441981,0.945848293188938,-0.256887048245163,-0.688961244943789
4.86639532865216,0.936805877031535,-0.22460036829569,-0.71220550873589
4.86650373288451,0.926677048626872,-0.192053189880398,-0.734623858746473
4.86661213711685,0.915473548322859,-0.159283272672367,-0.756190275650525
4.8667205413492,0.903208373660696,-0.126328612104962,-0.776879761555786
4.86682894558155,0.889895742651632,-0.0932274381593297,-0.796668304492295
4.8669373498139,0.875551098642628,-0.0600181300149165,-0.815532968627726
4.86704575404624,0.860191071554108,-0.0267392120386506,-0.833451859515427
4.86715415827859,0.843833479017385,0.00657073037012045,-0.850404209387495
4.86726256251094,0.826497285715623,0.039873056821871,-0.86637034253748
4.86733017577405,0.815197419203381,0.0606240020217347,-0.875821421225093
4.86739778903717,0.803529841117606,0.0813474246772743,-0.884877265794884
4.86746540230028,0.791499769287156,0.102034066960567,-0.893533836247719
4.86753301556339,0.779112623100636,0.122674597316553,-0.901787220417201
4.867625174853,0.761663832614985,0.15071683556196,-0.912380668176944
4.86771733414261,0.743576552929582,0.178632821127223,-0.922209374056781
4.86777753399126,0.731423868579947,0.196789068678401,-0.928212937258361
4.86783773383991,0.719009634147031,0.214874836421912,-0.933884470568915
4.86789793368855,0.706338258224781,0.232883712355554,-0.939221970580322
4.8679581335372,0.693414274159467,0.25080924192753,-0.944223516087006
4.86803063380134,0.677520934065208,0.272277577258011,-0.949798511323217
4.86810313406547,0.661276115800791,0.293604665935692,-0.954880781736483
4.86817563432961,0.644688247776183,0.314779456677246,-0.959467704453437
4.86824813459375,0.627765945632567,0.335790940045944,-0.963556885678506
4.86832063485789,0.610517983822447,0.356628234077,-0.96714621789944
4.86839313512203,0.592953316920414,0.377280509327918,-0.970233826248349
4.86848130244285,0.571179651550349,0.402130591288156,-0.973310242838526
4.86856946976368,0.548967734182103,0.426672236000871,-0.975639970182968
4.8686576370845,0.526334638903644,0.450886592208485,-0.977221231112142
4.86874580440532,0.503297741690415,0.474755057936517,-0.978052799626915
4.86883397172615,0.479874724549085,0.49825932439158,-0.97813404894066
4.86892213904697,0.456083558142415,0.521381347049871,-0.977464905192267
4.8690103063678,0.431942497763618,0.544103394878532,-0.976045892642169
4.86909847368862,0.40747006259613,0.566408026523192,-0.973878089119305
4.86918664100944,0.382685029338411,0.588278138770412,-0.970963168108806
4.86929504524186,0.351811311042482,0.614547221905511,-0.966358532948006
4.86940344947427,0.32052942110304,0.640103769704764,-0.960633190807772
4.86951185370669,0.288875738327361,0.664918053128535,-0.953793791455903
4.86962025793911,0.256886995076424,0.68896128270293,-0.945848277779337
4.86972866217152,0.224600314627304,0.712205545115656,-0.936805859742922
4.86983706640394,0.192053135776624,0.734623893700317,-0.926677029476896
4.86994547063635,0.159283218197923,0.756190309133566,-0.91547352733146
4.87005387486877,0.126328557325144,0.776879793524768,-0.903208350849907
4.87016227910118,0.0932273831397179,0.796668334905848,-0.889895718045553
4.8702706833336,0.0600180748215387,0.815532997446053,-0.875551072267549
4.87037908756601,0.0267391567376426,0.83345188670072,-0.860191043438357
4.87048749179843,-0.00657078571229745,0.850404234903692,-0.843833449191352
4.87059589603084,-0.039873112138812,0.866370366350509,-0.826497254211715
4.87066350924023,-0.060624040796927,0.87582143660016,-0.815197395803199
4.87073112244962,-0.0813474469358632,0.884877273351779,-0.803529826415928
4.870798735659,-0.102034072749938,0.89353383661626,-0.791499763866304
4.87086634886839,-0.122674586706336,0.901787214236656,-0.779112627530312
4.87095850817006,-0.150716828648281,0.912380663566455,-0.761663834918159
4.87105066747173,-0.178632817881487,0.922209370817816,-0.74357655293634
4.87111086732453,-0.1967890666894,0.928212934445877,-0.731423867756464
4.87117106717734,-0.214874835680017,0.933884468137127,-0.719009632457094
4.87123126703014,-0.232883712849559,0.939221968482915,-0.706338255633315
4.87129146688295,-0.250809243645091,0.944223514277243,-0.693414270632165
4.87136396714489,-0.272277578302611,0.94979850926753,-0.67752093096489
4.87143646740682,-0.293604666314305,0.954880779464395,-0.661276113150092
4.87150896766876,-0.314779456397814,0.959467701994752,-0.644688245596901
4.8715814679307,-0.335790939117597,0.963556883063286,-0.627765943945659
4.87165396819263,-0.356628232509687,0.967146215157883,-0.610517982648183
4.87172646845457,-0.377280507132658,0.970233823410899,-0.592953316278226
4.87181463579421,-0.402130594367247,0.973310240584779,-0.571179646217482
4.87190280313386,-0.426672244218852,0.975639968193772,-0.548967723974889
4.8719909704735,-0.450886605417925,0.977221229067329,-0.526334623649381
4.87207913781314,-0.474755075978113,0.978052797205934,-0.503297721227767
4.87216730515279,-0.49825934709444,0.978134045822895,-0.479874698728445
4.87225547249243,-0.521381374231967,0.977464901057688,-0.456083526825714
4.87234363983207,-0.544103426346832,0.976045887171659,-0.431942460824799
4.87243180717172,-0.566408062073815,0.973878081995284,-0.407470019921455
4.87251997451136,-0.588278178189177,0.970963159015643,-0.382684980826482
4.87262837874384,-0.614547260254667,0.96635852210461,-0.351811261849917
4.87273678297632,-0.640103806936576,0.960633178222206,-0.320529371285577
4.87284518720879,-0.664918089196662,0.95379377713814,-0.288875687941452
4.87295359144127,-0.688961317562318,0.945848261741512,-0.256886944179168
4.87306199567375,-0.712205578722612,0.936805841999057,-0.224600263276436
4.87317039990623,-0.734623926012705,0.926677010043158,-0.192053084030451
4.8732788041387,-0.756190340110586,0.915473506225839,-0.159283166115231
4.87338720837118,-0.776879823127248,0.903208328092402,-0.126328504965155
4.87349561260366,-0.796668363096076,0.889895693658114,-0.0932273305620197
4.87360401683614,-0.815533024188003,0.875551046274033,-0.0600180220860218
4.87371242106862,-0.833451911959937,0.86019101586449,-0.0267391039045281
4.87382082530109,-0.850404258647542,0.843833420064727,0.00657083858280108
4.87392922953357,-0.866370388548037,0.826497223561694,0.0398731649863638
4.87399684269005,-0.875821450572144,0.81519737321137,0.060624077360788
4.87406445584653,-0.884877279709499,0.803529812466723,0.0813474672427938
4.87413206900301,-0.893533835980648,0.791499759132207,0.102034076848459
4.87419968215949,-0.901787207238009,0.779112632570909,0.122674574667086
4.87429184144728,-0.912380655378451,0.761663842930682,0.150716812447809
4.87438400073508,-0.922209361676069,0.743576564103988,0.178632797572085
4.8744442006137,-0.928212928192987,0.73142387396159,0.196789054231436
4.87450440049233,-0.933884464489842,0.71900963347199,0.214874831017884
4.87456460037096,-0.939221967155281,0.706338251235916,0.232883715919398
4.87462480024959,-0.944223514980853,0.693414260606282,0.250809254374601
4.8746973005095,-0.94979850959642,0.677520921225003,0.272277588371433
4.87476980076941,-0.954880779444929,0.661276103719343,0.293604675725599
4.87484230102932,-0.959467701653587,0.644688236497903,0.314779465155671
4.87491480128923,-0.963556882427432,0.627765935200462,0.335790947226978
4.87498730154914,-0.96714621425459,0.610517974278003,0.356628239976604
4.87505980180905,-0.970233822267656,0.592953308303717,0.37728051396398
4.87514796914443,-0.973310239131862,0.571179639200262,0.402130599931632
4.8752361364798,-0.975639966503096,0.54896771796067,0.426672248542436
4.87532430381518,-0.977221227211137,0.526334618681366,0.450886608529761
4.87541247115056,-0.978052795256606,0.503297717346627,0.474755077909951
4.87550063848593,-0.97813404385311,0.479874695972428,0.498259347880679
4.87558880582131,-0.977464899139999,0.456083525230352,0.521381373909646
4.87567697315669,-0.976045885378615,0.431942460423149,0.544103424955478
4.87576514049206,-0.97387808039925,0.407470020743656,0.566408059655586
4.87585330782744,-0.970963157688644,0.382684982900104,0.588278174788575
4.87596171205991,-0.966358520956614,0.351811263992534,0.614547256964072
4.87607011629239,-0.960633177252326,0.320529373491449,0.640103803760896
4.87617852052486,-0.953793776345339,0.288875690204755,0.664918086140576
4.87628692475734,-0.945848261124452,0.256886946494012,0.68896131463042
4.87639532898981,-0.936805841556328,0.22460026563694,0.712205575919356
4.87650373322229,-0.926677009772975,0.1920530864306,0.734623923342334
4.87661213745476,-0.915473506126295,0.159283168549018,0.756190337577272
4.87672054168723,-0.903208328161385,0.126328507426412,0.776879820734986
4.87682894591971,-0.889895693893359,0.0932273330447145,0.796668360848638
4.87693735015218,-0.875551046673039,0.0600180245840267,0.815533022089022
4.87704575438466,-0.86019101642453,0.0267391064116156,0.833451910012925
4.87715415861713,-0.843833420782992,-0.00657083607274049,0.850404256855735
4.8772625628496,-0.826497224435132,-0.0398731624794603,0.866370386914573
4.87733017600695,-0.815197374032381,-0.0606240751254791,0.875821449157844
4.8773977891643,-0.803529813224657,-0.0813474652806162,0.88487727850525
4.87746540232164,-0.791499759816438,-0.102034075160783,0.893533834977197
4.87753301547899,-0.77911263317117,-0.122674573254639,0.901787206425826
4.87762517474082,-0.761663848633653,-0.150716803170125,0.912380651803757
4.87771733400265,-0.743576575263034,-0.178632780510242,0.922209355773288
4.87777753390296,-0.731423880985687,-0.196789043768069,0.928212924753752
4.87783773380326,-0.71900963616954,-0.214874827106987,0.933884463276546
4.87789793370357,-0.706338249420051,-0.232883718508021,0.939221967928102
4.87795813360387,-0.693414254094902,-0.250809263403026,0.94422351749794
4.87803063386402,-0.67752091455811,-0.272277597430868,0.949798511988989
4.87810313412417,-0.661276096897096,-0.293604684811903,0.954880781708981
4.87817563438432,-0.644688229520535,-0.314779474264577,0.959467703785115
4.87824813464447,-0.627765928068344,-0.335790956354152,0.963556884422464
4.87832063490461,-0.610517966991679,-0.356628249117614,0.967146216109297
4.87839313516476,-0.592953300863866,-0.377280523114336,0.970233823978188
4.87848130247713,-0.571179637387043,-0.402130602560734,0.97331023994775
4.8785694697895,-0.548967722002754,-0.426672244811295,0.975639966813994
4.87865763710186,-0.52633462879412,-0.450886598614007,0.977221227408146
4.87874580441423,-0.503297733731591,-0.474755061999861,0.978052795731442
4.8788339717266,-0.479874718816907,-0.498259326180758,0.978134044997646
4.87892213903896,-0.456083554707564,-0.521381346638106,0.977464901345672
4.87901030635133,-0.431942496691501,-0.544103392344207,0.976045889035693
4.87909847366369,-0.407470063946855,-0.566408021949514,0.97387808589639
4.87918664097606,-0.382685033166582,-0.588278132245592,0.970963165412177
4.87929504520847,-0.351811315004944,-0.614547215592919,0.966358530597862
4.87940344944087,-0.320529425188607,-0.640103763613904,0.960633188802475
4.87951185367328,-0.288875742524884,-0.664918047268499,0.953793789793368
4.87962025790568,-0.25688699937448,-0.688961277082641,0.945848276457098
4.87972866213809,-0.224600319014541,-0.712205539743704,0.936805858758235
4.8798370663705,-0.1920531402414,-0.734623888585055,0.926677028826451
4.8799454706029,-0.159283222728647,-0.756190304283019,0.915473527011659
4.88005387483531,-0.126328561910021,-0.776879788946728,0.903208350856726
4.88016227906771,-0.0932273877669109,-0.796668330607702,0.889895718374615
4.88027068330012,-0.060018079479277,-0.81553299343485,0.875551072914116
4.88037908753252,-0.0267391614139713,-0.833451882983241,0.860191044397215
4.88048749176493,0.00657078102925717,-0.850404231486382,0.84383345045709
4.88059589599734,0.0398731074610431,-0.866370363239443,0.826497255778387
4.88066350920811,0.0606240365566328,-0.875821433874088,0.815197397317397
4.88073112241889,0.0813474431364013,-0.88487727099644,0.803529827860007
4.88079873562966,0.102034069393933,-0.893533834616999,0.791499765223048
4.88086634884044,0.122674583796038,-0.901787212578559,0.779112628782546
4.88095850809019,0.150716810008376,-0.912380656385826,0.76166384637743
4.88105066733993,0.178632783674185,-0.922209358983581,0.74357657530938
4.88111086723619,0.196789045708016,-0.92821292754944,0.731423881841407
4.88117106713244,0.214874827832491,-0.933884465702265,0.719009637869783
4.8812312670287,0.232883718029984,-0.939221970029078,0.706338251999049
4.88129146692495,0.250809261733402,-0.94422351931951,0.693414257586089
4.88136396718723,0.272277596412569,-0.949798514050085,0.677520917637507
4.88143646744951,0.293604684438096,-0.954880783981023,0.661276099542907
4.88150896771178,0.314779474527627,-0.95946770623931,0.644688231711628
4.88158146797406,0.335790957245261,-0.963556887029701,0.627765929784424
4.88165396823634,0.356628250627193,-0.967146218840381,0.610517968213161
4.88172646849862,0.377280525231705,-0.970233826803662,0.59295330157196
4.88181463579211,0.402130599388767,-0.973310242190173,0.571179642801355
4.8819028030856,0.42667223648585,-0.975639968793404,0.548967732307522
4.88199097037909,0.450886585283162,-0.977221229445527,0.526334644162367
4.88207913767258,0.474755043823354,-0.978052798148515,0.503297754325158
4.88216730496607,0.498259303329962,-0.97813404811593,0.479874744785939
4.88225547225956,0.521381319295751,-0.977464905486166,0.456083586190394
4.88234363955305,0.544103360703939,-0.976045894518499,0.431942533814533
4.88243180684654,0.566407986215902,-0.973878093039983,0.407470106824072
4.88251997414003,0.588278092633521,-0.970963174533213,0.382685081899643
4.88262837837237,0.614547177055196,-0.966358541477295,0.351811364422097
4.88273678260471,0.640103726198378,-0.96063320143233,0.320529475233942
4.88284518683705,0.664918011021905,-0.953793804163538,0.288875793141593
4.88295359106939,0.688961242050142,-0.945848292555462,0.256887050505305
4.88306199530174,0.712205505969183,-0.93680587657065,0.22460037060146
4.88317039953408,0.734623856110964,-0.92667704833693,0.192053192225913
4.88327880376642,0.756190273150284,-0.915473548201951,0.159283275051657
4.88338720799876,0.776879759194777,-0.903208373706838,0.126328614512067
4.8834956122311,0.796668302274358,-0.889895742862468,0.0932274405880883
4.88360401646344,0.815532966556452,-0.87555109901582,0.0600181324593719
4.88371242069579,0.833451857594312,-0.860191072086981,0.0267392144926843
4.88382082492813,0.850404207619768,-0.84383347970724,-0.00657072791254259
4.88392922916047,0.8663703409263,-0.826497286559418,-0.0398730543669026
4.8839968424244,0.875821419824429,-0.815197420003301,-0.0606239998211054
4.88406445568832,0.884877264596285,-0.803529841863637,-0.0813474227326509
4.88413206895225,0.893533835242489,-0.791499769969338,-0.102034065273192
4.88419968221617,0.901787219596568,-0.779112623709184,-0.12267459588739
4.88429184147983,0.912380664595035,-0.761663838325196,-0.150716826269825
4.88438400074348,0.92220936814795,-0.743576564094671,-0.178632804053306
4.88444420061382,0.928212933814727,-0.731423875607093,-0.196789058207634
4.88450440048416,0.93388446935272,-0.71900963684438,-0.214874832508367
4.8845646003545,0.939221971351672,-0.706338256405441,-0.232883714946247
4.88462480022484,0.94422351860375,-0.693414267641169,-0.250809250962584
4.88469730048915,0.949798513710664,-0.6775209274053,-0.272277586305399
4.88476980075346,0.954880783991484,-0.661276108999879,-0.29360467499157
4.88484230101778,0.959467706572763,-0.644688240835227,-0.314779465737554
4.88491480128209,0.963556887659171,-0.627765938552549,-0.335790949106643
4.88498730154641,0.967146219738416,-0.610517976604348,-0.356628243134067
4.88505980181072,0.970233827942638,-0.592953309565582,-0.377280518377075
4.88514796910845,0.973310243638612,-0.5711796498448,-0.402130593793806
4.88523613640618,0.975639970479919,-0.548967738355346,-0.426672232124614
4.88532430370391,0.97722123129842,-0.526334649171499,-0.45088658212692
4.88541247100164,0.978052800095702,-0.503297758255099,-0.474755041840622
4.88550063829937,0.978134050085297,-0.47987474759876,-0.498259302486573
4.8855888055971,0.977464907405534,-0.456083587850684,-0.521381319554884
4.88567697289483,0.976045896315789,-0.431942534289449,-0.544103362026364
4.88576514019256,0.973878094643371,-0.407470106083602,-0.566407988559767
4.88585330749029,0.970963175871048,-0.382685079916377,-0.588278095954697
4.88596171172264,0.96635854263942,-0.351811362370608,-0.614547180268846
4.88607011595499,0.960633202419524,-0.320529473119871,-0.640103729299626
4.88617852018733,0.953793804976804,-0.288875790970686,-0.664918014006129
4.88628692441968,0.94584829319616,-0.256887048283349,-0.688961244912813
4.88639532865203,0.936805877040085,-0.224600368334147,-0.712205508705914
4.88650373288437,0.926677048636727,-0.192053189919182,-0.734623858717532
4.88661213711672,0.915473548334002,-0.159283272711326,-0.756190275622692
4.88672054134907,0.903208373673177,-0.126328612144155,-0.776879761529
4.88682894558142,0.889895742665316,-0.0932274381986152,-0.796668304466702
4.88693734981376,0.875551098657541,-0.0600181300542536,-0.815532968603288
4.88704575404611,0.860191071570209,-0.0267392120780362,-0.83345185949219
4.88715415827846,0.843833479034685,0.00657073033075793,-0.850404209365469
4.8872625625108,0.826497285734121,0.0398730567825402,-0.866370342516692
4.88733017577395,0.815197419216436,0.0606240019935592,-0.87582142121001
4.88739778903711,0.803529841124833,0.0813474246602946,-0.884877265785103
4.88746540230026,0.791499769288082,0.102034066954728,-0.893533836242819
4.88753301556341,0.779112623094974,0.122674597321763,-0.901787220416709
4.88762517485297,0.76166383261805,0.150716835553231,-0.912380668171301
4.88771733414254,0.743576552942,0.178632821104684,-0.922209374046708
4.88777753399122,0.731423868585623,0.19678906866643,-0.92821293725205
4.8878377338399,0.719009634145629,0.21487483642037,-0.933884470565972
4.88789793368858,0.706338258216117,0.232883712364285,-0.939221970580433
4.88795813353726,0.693414274143201,0.250809241946476,-0.944223516089677
4.88803063380141,0.67752093404628,0.272277577279945,-0.949798511326258
4.88810313406556,0.661276115779167,0.293604665960558,-0.954880781739733
4.88817563432971,0.64468824775177,0.314779456704925,-0.959467704456682
4.88824813459386,0.627765945605164,0.335790940076511,-0.963556885681681
4.888320634858,0.610517983792094,0.356628234110298,-0.967146217902367
4.88839313512215,0.592953316887033,0.377280509363813,-0.970233826250847
4.88848130244295,0.571179651522119,0.40213059131721,-0.973310242839324
4.88856946976376,0.548967734159144,0.426672236023238,-0.975639970182398
4.88865763708456,0.526334638886313,0.450886592224289,-0.977221231110599
4.88874580440536,0.503297741678876,0.474755057945914,-0.97805279962478
4.88883397172616,0.479874724543579,0.498259324394733,-0.97813404893832
4.88892213904696,0.456083558143176,0.52138134704698,-0.977464905190145
4.88901030636776,0.431942497770802,0.544103394869828,-0.976045892640622
4.88909847368856,0.407470062609923,0.566408026508825,-0.973878089118752
4.88918664100936,0.382685029358843,0.588278138750766,-0.970963168109588
4.88929504524178,0.351811311062478,0.614547221887081,-0.966358532949553
4.8894034494742,0.320529421122502,0.640103769687506,-0.960633190810029
4.88951185370661,0.288875738346249,0.664918053112459,-0.953793791458682
4.88962025793903,0.256886995094773,0.688961282687987,-0.945848277782723
4.88972866217145,0.224600314645027,0.712205545101801,-0.936805859746784
4.88983706640387,0.192053135793653,0.73462389368758,-0.926677029481211
4.88994547063629,0.159283218214311,0.756190309121885,-0.915473527336164
4.89005387486871,0.126328557340785,0.776879793514154,-0.903208350854921
4.89016227910112,0.093227383154581,0.796668334896215,-0.889895718050774
4.89027068333354,0.0600180748356685,0.815532997437361,-0.875551072273009
4.89037908756596,0.0267391567509728,0.83345188669295,-0.860191043443933
4.89048749179838,-0.00657078569982353,0.850404234896865,-0.84383344919701
4.8905958960308,-0.0398731121272078,0.866370366344569,-0.826497254217347
4.89066350924018,-0.0606240407852578,0.875821436594427,-0.815197395809173
4.89073112244957,-0.0813474469241757,0.884877273346347,-0.803529826422145
4.89079873565895,-0.10203407273826,0.893533836611098,-0.791499763872818
4.89086634886834,-0.122674586694675,0.901787214231769,-0.779112627537078
4.89095850816997,-0.15071682862475,0.912380663557595,-0.761663834932804
4.8910506674716,-0.17863281784622,0.922209370805651,-0.743576552959419
4.89111086732445,-0.196789066668066,0.928212934438926,-0.731423867770838
4.8911710671773,-0.214874835672413,0.933884468134771,-0.719009632462328
4.89123126703015,-0.232883712855625,0.939221968484644,-0.706338255629007
4.891291466883,-0.250809243664711,0.944223514282606,-0.693414270617872
4.89136396714497,-0.272277578329627,0.949798509274421,-0.67752093094477
4.89143646740693,-0.293604666348658,0.954880779472429,-0.661276113123779
4.89150896766889,-0.314779456439432,0.959467702003569,-0.644688245564115
4.89158146793085,-0.335790939166276,0.963556883072524,-0.627765943906236
4.89165396819282,-0.356628232565337,0.967146215167238,-0.610517982601883
4.89172646845478,-0.377280507195091,0.970233823419985,-0.592953316224885
4.89181463579443,-0.402130594430538,0.973310240592272,-0.571179646161717
4.89190280313408,-0.426672244282889,0.975639968199586,-0.548967723916703
4.89199097047373,-0.450886605482677,0.977221229071384,-0.526334623588679
4.89207913781337,-0.474755076043438,0.978052797208081,-0.503297721164622
4.89216730515302,-0.498259347160296,0.978134045823129,-0.479874698662802
4.89225547249267,-0.521381374298249,0.977464901055817,-0.456083526757532
4.89234363983232,-0.544103426413418,0.97604588716763,-0.431942460754188
4.89243180717197,-0.566408062140553,0.973878081989031,-0.407470019848445
4.89251997451162,-0.588278178256023,0.970963159007059,-0.382684980751015
4.8926283787441,-0.614547260320681,0.966358522093167,-0.351811261772461
4.89273678297658,-0.640103807001563,0.960633178207892,-0.32052937120629
4.89284518720906,-0.664918089260546,0.953793777120884,-0.288875687860308
4.89295359144154,-0.688961317625007,0.945848261721222,-0.256886944096214
4.89306199567402,-0.712205578784015,0.936805841975803,-0.224600263191741
4.89317039990651,-0.734623926072645,0.926677010016755,-0.192053083944073
4.89327880413899,-0.756190340169024,0.915473506196287,-0.159283166027258
4.89338720837147,-0.776879823183971,0.903208328059715,-0.126328504875753
4.89349561260395,-0.796668363150985,0.889895693622281,-0.0932273304712562
4.89360401683643,-0.815533024240971,0.87555104623496,-0.0600180219939462
4.89371242106891,-0.833451912010972,0.860191015822127,-0.0267391038111379
4.89382082530139,-0.850404258696425,0.843833420019093,0.00657083867735913
4.89392922953387,-0.866370388594637,0.826497223512722,0.0398731650819437
4.89399684269025,-0.875821450602803,0.815197373178395,0.0606240774244127
4.89406445584663,-0.884877279725339,0.803529812450883,0.0813474672744861
4.894132069003,-0.893533835982976,0.791499759134597,0.102034076848383
4.89419968215938,-0.901787207227992,0.779112632592687,0.122674574635329
4.89429184144713,-0.912380655364785,0.761663842961284,0.150716812403539
4.89438400073488,-0.922209361659391,0.743576564143956,0.178632797515448
4.89444420061358,-0.928212928184751,0.731423873986979,0.196789054197807
4.89450440049229,-0.93388446448917,0.719009633482148,0.214874831007046
4.89456460037099,-0.939221967161336,0.706338251230218,0.232883715931148
4.8946248002497,-0.944223514992792,0.693414260583995,0.250809254408801
4.89469730050964,-0.949798509609828,0.677520921195657,0.272277588414175
4.89476980076958,-0.954880779459369,0.661276103682736,0.293604675776665
4.89484230102951,-0.959467701668666,0.644688236453675,0.314779465214981
4.89491480128945,-0.963556882442702,0.627765935148432,0.335790947294295
4.89498730154939,-0.967146214269712,0.610517974217967,0.356628240051747
4.89505980180933,-0.970233822282149,0.592953308235358,0.377280514046811
4.89514796914477,-0.973310239145725,0.571179639116404,0.40213060002933
4.8952361364802,-0.975639966515315,0.548967717860677,0.42667224865463
4.89532430381563,-0.977221227220758,0.526334618564875,0.450886608655885
4.89541247115107,-0.97805279526267,0.503297717213203,0.474755078049455
4.8955006384865,-0.978134043854615,0.479874695821506,0.498259348033119
4.89558880582193,-0.977464899136003,0.456083525061686,0.521381374074341
4.89567697315737,-0.976045885368141,0.431942460236359,0.544103425131828
4.8957651404928,-0.973878080381369,0.407470020538537,0.566408059842849
4.89585330782823,-0.970963157662401,0.382684982676352,0.588278174986086
4.89596171206071,-0.966358520922127,0.35181126376563,0.614547257156497
4.89607011629318,-0.960633177209654,0.320529373261669,0.640103803947968
4.89617852052566,-0.953793776294508,0.288875689972377,0.664918086322123
4.89628692475813,-0.94584826106553,0.256886946259305,0.688961314806233
4.8963953289906,-0.936805841489404,0.224600265400159,0.71220557608925
4.89650373322308,-0.926677009698104,0.192053086192042,0.734623923506039
4.89661213745555,-0.915473506043625,0.159283168308942,0.756190337734659
4.89672054168803,-0.903208328071021,0.126328507185215,0.776879820885802
4.8968289459205,-0.889895693795372,0.0932273328026015,0.79666836099275
4.89693735015298,-0.875551046567558,0.0600180243412881,0.815533022226264
4.89704575438545,-0.860191016311682,0.026739106168505,0.833451910143175
4.89715415861792,-0.843833420662918,-0.00657083631593721,0.850404256978826
4.8972625628504,-0.8264972243079,-0.0398731627224588,0.866370387030358
4.8973301760075,-0.815197373941809,-0.0606240752942195,0.875821449236038
4.89739778916461,-0.803529813173391,-0.081347465375154,0.884877278548574
4.89746540232171,-0.791499759807117,-0.102034075181311,0.893533834988418
4.89753301547882,-0.779112633206347,-0.12267457320155,0.901787206407885
4.89762517474066,-0.761663848667044,-0.15071680312197,0.912380651789005
4.89771733400251,-0.74357657529431,-0.178632780467157,0.92220935576148
4.89777753390287,-0.731423881006335,-0.196789043741638,0.928212924747984
4.89783773380323,-0.719009636179069,-0.214874827097206,0.933884463276279
4.89789793370359,-0.706338249418004,-0.232883718514732,0.939221967932723
4.89795813360395,-0.693414254080848,-0.250809263425971,0.944223517506811
4.89803063386402,-0.677520914560942,-0.272277597430699,0.949798511991618
4.89810313412409,-0.661276096917539,-0.293604684788874,0.954880781706396
4.89817563438416,-0.644688229559364,-0.314779474219016,0.959467703778358
4.89824813464423,-0.627765928126257,-0.33579095628641,0.963556884412678
4.8983206349043,-0.610517967069373,-0.356628249028123,0.967146216097511
4.89839313516437,-0.592953300962001,-0.377280523003524,0.970233823965506
4.89848130247668,-0.571179637501818,-0.40213060243475,0.973310239936581
4.89856946978899,-0.54896772213462,-0.426672244670688,0.975639966805299
4.8986576371013,-0.526334628943598,-0.450886598459306,0.977221227402905
4.8987458044136,-0.503297733899051,-0.474755061831641,0.978052795730667
4.89883397172591,-0.479874719002751,-0.498259325999638,0.978134045002371
4.89892213903822,-0.456083554912138,-0.521381346444759,0.977464901356888
4.89901030635053,-0.431942496915093,-0.5441033921393,0.976045889054385
4.89909847366284,-0.40747006418977,-0.566408021733759,0.973878085923495
4.89918664097514,-0.382685033429025,-0.588278132019746,0.970963165448779
4.89929504520755,-0.351811315271288,-0.614547215372738,0.966358530644007
4.89940344943995,-0.320529425458459,-0.640103763399629,0.960633188858097
4.89951185367236,-0.288875742798012,-0.664918047060434,0.953793789858448
4.89962025790476,-0.256886999650647,-0.688961276880977,0.9458482765316
4.89972866213717,-0.224600319293347,-0.712205539548715,0.936805858842068
4.89983706636957,-0.192053140522529,-0.734623888397075,0.926677028919595
4.89994547060198,-0.15928322301177,-0.756190304102156,0.915473527113942
4.90005387483438,-0.126328562194892,-0.776879788773218,0.90320835096814
4.90016227906679,-0.0932273880531573,-0.796668330441787,0.889895718494958
4.90027068329919,-0.0600180797665416,-0.815532993276758,0.875551073043317
4.9003790875316,-0.0267391617020147,-0.833451882833181,0.860191044535173
4.900487491764,0.00657078074082729,-0.850404231344483,0.843833450603661
4.90059589599641,0.0398731071725782,-0.866370363105954,0.826497255933352
4.90066350920747,0.0606240363566993,-0.875821433785347,0.815197397428643
4.90073112241854,0.0813474430249064,-0.884877270949179,0.803529827924229
4.9007987356296,0.102034069370638,-0.893533834607862,0.791499765237165
4.90086634884066,0.122674583860561,-0.901787212604104,0.779112628743495
4.90095850809047,0.150716810089871,-0.912380656415804,0.761663846325927
4.90105066734027,0.178632783772449,-0.922209359017029,0.743576575244587
4.9011108672364,0.196789045768239,-0.928212927568917,0.731423881800638
4.90117106713253,0.214874827854912,-0.933884465709144,0.719009637854227
4.90123126702866,0.232883718014858,-0.939221970024633,0.706338252009774
4.90129146692479,0.250809261681112,-0.944223519305295,0.693414257624171
4.90136396718709,0.272277596367765,-0.94979851403879,0.677520917670992
4.90143646744939,0.293604684400638,-0.954880783972268,0.6612760995716
4.90150896771169,0.314779474497419,-0.959467706232754,0.644688231735306
4.90158146797399,0.335790957222204,-0.963556887025141,0.62776592980289
4.90165396823629,0.35662825061118,-0.967146218837343,0.610517968226144
4.9017264684986,0.377280525222609,-0.970233826801931,0.592953301579297
4.90181463579211,0.402130599387362,-0.97331024218938,0.571179642802004
4.90190280308563,0.426672236492032,-0.975639968793162,0.54896773230111
4.90199097037915,0.450886585296633,-0.97722122944542,0.526334644148766
4.90207913767267,0.47475504384398,-0.978052798147961,0.503297754303989
4.90216730496618,0.498259303357418,-0.978134048114534,0.479874744757135
4.9022554722597,0.521381319329765,-0.977464905483459,0.456083586153671
4.90234363955322,0.544103360744337,-0.976045894513983,0.43194253376961
4.90243180684674,0.566407986262282,-0.973878093033206,0.407470106770936
4.90251997414025,0.588278092685725,-0.970963174523761,0.38268508183799
4.9026283783726,0.6145471771059,-0.96635854146549,0.351811364359587
4.90273678260494,0.640103726247519,-0.960633201418172,0.32052947517066
4.90284518683728,0.664918011069356,-0.953793804147061,0.288875793077702
4.90295359106962,0.688961242095906,-0.945848292536744,0.256887050440825
4.90306199530196,0.712205506013255,-0.936805876549668,0.224600370536365
4.9031703995343,0.734623856153283,-0.926677048313588,0.192053192160311
4.90327880376665,0.756190273190796,-0.915473548176437,0.159283274985639
4.90338720799899,0.776879759233382,-0.903208373679119,0.126328614445732
4.90349561223133,0.796668302311026,-0.889895742832631,0.0932274405216088
4.90360401646367,0.81553296659112,-0.875551098983894,0.0600181323927639
4.90371242069601,0.833451857627025,-0.860191072052954,0.0267392144259205
4.90382082492836,0.850404207650435,-0.843833479671119,-0.00657072797934355
4.9039292291607,0.866370340954882,-0.826497286521288,-0.0398730544336291
4.90399684242456,0.875821419842916,-0.815197419974935,-0.0606239998680016
4.90406445568842,0.884877264605375,-0.803529841845623,-0.0813474227597774
4.90413206895228,0.893533835243011,-0.791499769962477,-0.102034065280526
4.90419968221614,0.901787219589229,-0.779112623714224,-0.122674595874981
4.90429184147979,0.912380664587146,-0.761663838331898,-0.150716826255245
4.90438400074344,0.922209368139626,-0.743576564103145,-0.178632804036503
4.9044442006138,0.928212933809105,-0.731423875610568,-0.196789058198551
4.90450440048416,0.933884469349591,-0.719009636842756,-0.214874832506862
4.90456460035453,0.939221971350705,-0.706338256398393,-0.2328837149523
4.90462480022489,0.944223518604675,-0.693414267628629,-0.250809250976053
4.90469730048921,0.949798513711602,-0.677520927391303,-0.272277586320309
4.90476980075353,0.954880783992356,-0.661276108984479,-0.293604675007861
4.90484230101785,0.959467706573545,-0.644688240818362,-0.31477946575517
4.90491480128217,0.963556887659764,-0.627765938534109,-0.335790949125657
4.90498730154648,0.967146219738719,-0.610517976584363,-0.356628243154371
4.9050598018108,0.970233827942607,-0.592953309543959,-0.377280518398654
4.90514796910855,0.973310243638444,-0.571179649817863,-0.402130593820578
4.9052361364063,0.975639970479333,-0.548967738322935,-0.426672232156398
4.90532430370405,0.977221231297045,-0.52633464913355,-0.450886582163506
4.9054124710018,0.978052800093202,-0.503297758211393,-0.474755041881828
4.90550063829955,0.978134050081373,-0.479874747549143,-0.498259302532198
4.9055888055973,0.977464907399848,-0.456083587795059,-0.521381319604778
4.90567697289505,0.976045896307972,-0.431942534227685,-0.544103362080295
4.9057651401928,0.973878094633099,-0.407470106015588,-0.566407988617522
4.90585330749055,0.970963175858002,-0.382685079841948,-0.588278096016084
4.9059617117229,0.966358542623496,-0.351811362293918,-0.614547180329574
4.90607011595525,0.960633202400578,-0.320529473040926,-0.640103729359674
4.90617852018761,0.953793804954823,-0.288875790889535,-0.664918014065312
4.90628692441996,0.94584829317105,-0.2568870482001,-0.688961244970957
4.90639532865231,0.936805877011804,-0.224600368248853,-0.712205508762944
4.90650373288466,0.926677048605179,-0.192053189831843,-0.734623858773317
4.90661213711701,0.915473548299205,-0.159283272622185,-0.756190275677004
4.90672054134936,0.90320837363497,-0.126328612053167,-0.776879761581785
4.90682894558172,0.889895742623673,-0.0932274381059119,-0.79666830451777
4.90693734981407,0.875551098612531,-0.0600181299600561,-0.815532968652501
4.90704575404642,0.860191071521726,-0.0267392119822918,-0.833451859539429
4.90715415827877,0.843833478982731,0.00657073042780012,-0.850404209410559
4.90726256251112,0.826497285678648,0.0398730568809155,-0.866370342559551
4.90733017577418,0.81519741917427,0.0606240020646769,-0.875821421238909
4.90739778903725,0.803529841096935,0.0813474247041676,-0.884877265801104
4.90746540230031,0.791499769275493,0.102034066971411,-0.893533836246902
4.90753301556337,0.779112623098523,0.122674597311523,-0.901787220410031
4.90762517485299,0.761663832610589,0.150716835560789,-0.91238066817134
4.90771733414262,0.743576552922642,0.178632821129998,-0.922209374052609
4.90777753399126,0.731423868572422,0.196789068682062,-0.92821293725447
4.90783773383991,0.719009634138853,0.214874836426425,-0.933884470565238
4.90789793368856,0.706338258216012,0.232883712360851,-0.93922197057687
4.90795813353721,0.693414274150058,0.250809241933622,-0.944223516083656
4.90803063380137,0.677520934052048,0.272277577268958,-0.949798511321047
4.90810313406552,0.661276115783703,0.29360466595149,-0.954880781735183
4.90817563432968,0.644688247755048,0.314779456697733,-0.959467704452778
4.90824813459383,0.627765945607219,0.335790940071096,-0.963556885678286
4.90832063485799,0.610517983792696,0.356628234106738,-0.967146217899411
4.90839313512214,0.592953316886207,0.377280509362102,-0.970233826248289
4.90848130244295,0.571179651520373,0.40213059131655,-0.973310242836924
4.90856946976375,0.548967734156553,0.426672236023599,-0.975639970180163
4.90865763708456,0.526334638882747,0.450886592225676,-0.977221231108432
4.90874580440536,0.503297741674377,0.474755057948238,-0.97805279962259
4.90883397172616,0.47987472453817,0.498259324397958,-0.978134048936134
4.90892213904697,0.456083558136777,0.521381347051093,-0.977464905187851
4.90901030636777,0.431942497763356,0.544103394874781,-0.976045892638144
4.90909847368858,0.407470062601357,0.56640802651468,-0.973878089116018
4.90918664100938,0.382685029349257,0.588278138757367,-0.970963168106617
4.9092950452418,0.35181131105334,0.614547221893085,-0.966358532946384
4.90940344947421,0.320529421113876,0.640103769692916,-0.960633190806783
4.90951185370663,0.288875738338181,0.664918053117285,-0.953793791455418
4.90962025793905,0.256886995087098,0.688961282692308,-0.945848277779372
4.90972866217146,0.224600314637858,0.712205545105602,-0.936805859743451
4.90983706640388,0.192053135787064,0.734623893690884,-0.926677029477937
4.9099454706363,0.159283218208231,0.756190309124723,-0.915473527332937
4.91005387486871,0.126328557335214,0.776879793516597,-0.90320835085182
4.91016227910113,0.093227383149576,0.796668334898267,-0.889895718047836
4.91027068333355,0.0600180748311796,0.815532997439073,-0.875551072270221
4.91037908756596,0.0267391567470709,0.833451886694349,-0.860191043441396
4.91048749179838,-0.00657078570320182,0.85040423489793,-0.843833449194679
4.9105958960308,-0.0398731121299889,0.86637036634535,-0.826497254215322
4.91066350924018,-0.060624040786725,0.875821436594652,-0.815197395807906
4.91073112244956,-0.0813474469243202,0.884877273346022,-0.803529826421691
4.91079873565894,-0.102034072737099,0.893533836610307,-0.79149976387319
4.91086634886832,-0.122674586692211,0.901787214230523,-0.779112627538299
4.91095850816993,-0.150716828616115,0.91238066355425,-0.761663834938143
4.91105066747154,-0.178632817831488,0.922209370800569,-0.743576552969059
4.91111086732441,-0.196789066659481,0.928212934436103,-0.731423867776581
4.91117106717728,-0.214874835669933,0.933884468134009,-0.719009632464042
4.91123126703015,-0.232883712859198,0.939221968485748,-0.706338255626511
4.91129146688302,-0.250809243674272,0.944223514285318,-0.693414270611023
4.91136396714499,-0.27227757833929,0.949798509276977,-0.677520930937661
4.91143646740695,-0.293604666358438,0.9548807794749,-0.661276113116428
4.91150896766892,-0.314779456449401,0.959467702005897,-0.644688245556464
4.91158146793088,-0.335790939176384,0.963556883074735,-0.627765943898283
4.91165396819284,-0.356628232575568,0.967146215169233,-0.610517982593666
4.91172646845481,-0.377280507205427,0.970233823421817,-0.592953316216364
4.91181463579443,-0.402130594434661,0.973310240593233,-0.571179646158569
4.91190280313406,-0.426672244280942,0.975639968200043,-0.548967723919054
4.91199097047369,-0.450886605474681,0.977221229071711,-0.526334623596977
4.91207913781331,-0.474755076029676,0.978052797208602,-0.503297721178895
4.91216730515294,-0.498259347140979,0.978134045824219,-0.479874698683221
4.91225547249257,-0.521381374273487,0.977464901057916,-0.456083526784399
4.91234363983219,-0.544103426383498,0.976045887171064,-0.431942460787566
4.91243180717182,-0.566408062105744,0.973878081994177,-0.407470019888403
4.91251997451145,-0.588278178216457,0.970963159014346,-0.382684980797888
4.91262837874392,-0.614547260280934,0.966358522102489,-0.351811261821544
4.9127367829764,-0.640103806961826,0.960633178219363,-0.320529371257487
4.91284518720887,-0.664918089220947,0.953793777134606,-0.288875687913628
4.91295359144135,-0.688961317585595,0.945848261737307,-0.256886944151693
4.91306199567383,-0.712205578744959,0.936805841994279,-0.224600263249291
4.9131703999063,-0.734623926034038,0.926677010037807,-0.192053084003724
4.91327880413878,-0.756190340130936,0.915473506219965,-0.159283166088979
4.91338720837125,-0.776879823146673,0.903208328086043,-0.126328504939337
4.91349561260373,-0.796668363114558,0.889895693651342,-0.0932273305367371
4.9136040168362,-0.815533024205569,0.875551046266832,-0.0600180220612174
4.91371242106868,-0.833451911976709,0.860191015856896,-0.0267391038801949
4.91382082530116,-0.850404258663414,0.843833420056809,0.00657083860664003
4.91392922953363,-0.866370388563085,0.826497223553472,0.0398731650096019
4.91399684269009,-0.875821450583424,0.815197373207041,0.0606240773764182
4.91406445584654,-0.884877279717314,0.803529812466594,0.0813474672507607
4.914132069003,-0.893533835985312,0.791499759136483,0.102034076848844
4.91419968215945,-0.901787207239799,0.779112632579869,0.122674574659934
4.91429184144722,-0.912380655378133,0.761663842944239,0.150716812433919
4.91438400073499,-0.922209361673932,0.74357656412232,0.178632797551651
4.91444420061366,-0.928212928194834,0.731423873972995,0.196789054221855
4.91450440049232,-0.93388446449517,0.719009633476228,0.214874831018947
4.91456460037099,-0.939221967163687,0.706338251232693,0.232883715931041
4.91462480024965,-0.944223514991986,0.693414260595188,0.250809254396821
4.91469730050963,-0.949798509612186,0.677520921198528,0.272277588413679
4.91476980076961,-0.95488077946438,0.661276103676749,0.293604675787627
4.91484230102959,-0.959467701675732,0.644688236438627,0.314779465237125
4.91491480128956,-0.963556882451394,0.627765935123834,0.33579094732756
4.91498730154954,-0.967146214279405,0.610517974183526,0.356628240095891
4.91505980180952,-0.970233822292372,0.592953308190745,0.377280514101613
4.91514796914494,-0.973310239154012,0.571179639073801,0.402130600080228
4.91523613648036,-0.975639966521855,0.548967717820287,0.426672248701597
4.91532430381578,-0.97722122722577,0.526334618526886,0.450886608698886
4.91541247115121,-0.978052795266315,0.50329771717776,0.474755078088593
4.91550063848663,-0.978134043857216,0.479874695788837,0.498259348068403
4.91558880582205,-0.977464899137719,0.456083525031838,0.521381374105876
4.91567697315747,-0.976045885369186,0.431942460209461,0.544103425159711
4.91576514049289,-0.973878080381875,0.407470020514671,0.5664080598672
4.91585330782831,-0.970963157662659,0.382684982655638,0.588278175007024
4.91596171206078,-0.96635852092166,0.351811263745093,0.614547257176564
4.91607011629325,-0.960633177208525,0.320529373241393,0.64010380396716
4.91617852052573,-0.953793776292756,0.288875689952327,0.664918086340428
4.9162869247582,-0.945848261063245,0.256886946239638,0.688961314823618
4.91639532899067,-0.936805841486534,0.224600265380798,0.71220557610576
4.91650373322314,-0.926677009694754,0.192053086173093,0.734623923521704
4.91661213745562,-0.915473506039825,0.159283168290374,0.75619033774945
4.91672054168809,-0.903208328066801,0.126328507167019,0.7768798208998
4.91682894592056,-0.889895693790775,0.0932273327849072,0.796668361005887
4.91693735015303,-0.8755510465626,0.0600180243240365,0.815533022238594
4.91704575438551,-0.860191016306491,0.0267391061518066,0.833451910154696
4.91715415861798,-0.843833420657432,-0.00657083633213672,0.850404256989574
4.91726256285045,-0.826497224302285,-0.0398731627380666,0.86637038704034
4.91733017600754,-0.81519737393862,-0.0606240753048701,0.875821449243508
4.91739778916463,-0.8035298131728,-0.0813474653808834,0.884877278553719
4.91746540232172,-0.791499759809322,-0.102034075182142,0.893533834991482
4.91753301547881,-0.779112633211476,-0.122674573197502,0.901787206408987
4.91762517474065,-0.761663848671894,-0.150716803118459,0.912380651790336
4.9177173340025,-0.743576575298897,-0.178632780464115,0.922209355763017
4.91777753390287,-0.731423881010256,-0.196789043739666,0.928212924749939
4.91783773380323,-0.719009636182342,-0.214874827096217,0.933884463278548
4.9178979337036,-0.706338249420536,-0.232883718514766,0.939221967935268
4.91795813360396,-0.693414254082528,-0.250809263427107,0.944223517509657
4.9180306338641,-0.677520914547332,-0.272277597452142,0.949798511999473
4.91810313412424,-0.66127609688791,-0.293604684830378,0.954880781718291
4.91817563438438,-0.644688229513077,-0.314779474280328,0.959467703793393
4.91824813464452,-0.627765928062775,-0.335790956367119,0.963556884429857
4.91832063490466,-0.610517966988043,-0.356628249127889,0.967146216115936
4.9183931351648,-0.592953300862284,-0.377280523121876,0.970233823984184
4.91848130247719,-0.571179637379117,-0.402130602575093,0.973310239954197
4.91856946978958,-0.54896772198823,-0.426672244832247,0.975639966820484
4.91865763710197,-0.526334628772778,-0.450886598641412,0.977221227414198
4.91874580441436,-0.503297733703281,-0.474755062033448,0.978052795736721
4.91883397172675,-0.479874718781346,-0.498259326220342,0.978134045001709
4.91892213903914,-0.456083554664623,-0.521381346683427,0.977464901348054
4.91901030635154,-0.431942496641067,-0.544103392394956,0.976045889036
4.91909847366393,-0.407470063888689,-0.566408022005519,0.973878085894207
4.91918664097632,-0.382685033100637,-0.588278132306503,0.970963165407113
4.91929504520872,-0.351811314937639,-0.614547215652435,0.966358530590066
4.91940344944113,-0.320529425120183,-0.640103763671836,0.960633188792006
4.91951185367354,-0.288875742455302,-0.66491804732487,0.953793789780177
4.91962025790594,-0.256886999303884,-0.688961277137341,0.945848276441207
4.91972866213835,-0.224600318943026,-0.712205539796612,0.936805858739629
4.91983706637076,-0.192053140169072,-0.734623888636149,0.926677028805195
4.91994547060316,-0.159283222655477,-0.756190304332209,0.915473526987673
4.92005387483557,-0.126328561836172,-0.776879788993944,0.903208350830107
4.92016227906798,-0.0932273876926027,-0.796668330652768,0.889895718345346
4.92027068330038,-0.0600180794044457,-0.815532993477803,0.875551072882249
4.92037908753279,-0.0267391613387566,-0.833451883024013,0.860191044362766
4.9204874917652,0.00657078110483402,-0.8504042315249,0.843833450420036
4.9205958959976,0.0398731075367413,-0.866370363275619,0.826497255738854
4.92066350920831,0.0606240366111749,-0.875821433899282,0.815197397288086
4.92073112241902,0.0813474431697303,-0.884877271011481,0.803529827841736
4.92079873562972,0.102034069406153,-0.893533834622658,0.791499765216518
4.92086634884043,0.122674583787165,-0.901787212575687,0.779112628788516
4.92095850809023,0.150716810016165,-0.912380656389103,0.761663846372918
4.92105066734004,0.178632783698503,-0.92220935899208,0.743576575293581
4.92111086723626,0.196789045723612,-0.928212927554572,0.731423881830992
4.92117106713249,0.214874827839455,-0.933884465704425,0.719009637864993
4.92123126702871,0.23288371802832,-0.939221970028473,0.706338252000179
4.92129146692494,0.250809261723241,-0.944223519316556,0.693414257593324
4.92136396718722,0.272277596402053,-0.949798514047159,0.677520917645067
4.92143646744949,0.293604684427225,-0.954880783978068,0.661276099550823
4.92150896771177,0.314779474516302,-0.959467706236341,0.644688231720031
4.92158146797404,0.335790957233572,-0.96355688702687,0.627765929793273
4.92165396823632,0.356628250615065,-0.967146218837588,0.610517968222507
4.92172646849859,0.377280525219185,-0.970233826801,0.592953301581774
4.92181463579214,0.402130599392727,-0.973310242189401,0.571179642796672
4.92190280308569,0.426672236506027,-0.975639968793619,0.548967732287594
4.92199097037924,0.450886585319114,-0.977221229445794,0.526334644126649
4.92207913767279,0.474755043874621,-0.978052798147714,0.503297754273073
4.92216730496634,0.498259303395923,-0.97813404811309,0.479874744717148
4.92225547225989,0.521381319375854,-0.977464905480292,0.456083586104436
4.92234363955344,0.544103360797678,-0.976045894508553,0.431942533710862
4.92243180684699,0.566407986322576,-0.973878093024955,0.407470106702396
4.92251997414054,0.588278092752486,-0.970963174512158,0.382685081759639
4.92262837837288,0.614547177170091,-0.96635854145111,0.351811364281002
4.92273678260522,0.640103726309059,-0.960633201401081,0.320529475092008
4.92284518683755,0.664918011128187,-0.953793804127382,0.288875792999145
4.92295359106989,0.688961242152034,-0.94584829251454,0.256887050362485
4.92306199530223,0.712205506066637,-0.936805876524978,0.224600370458348
4.92317039953457,0.734623856203865,-0.926677048286653,0.192053192082767
4.92327880376691,0.756190273238559,-0.915473548147255,0.159283274908667
4.92338720799925,0.776879759278408,-0.903208373647836,0.126328614369424
4.92349561223158,0.796668302353278,-0.889895742799278,0.0932274404459841
4.92360401646392,0.815532966630611,-0.875551098948638,0.0600181323179803
4.92371242069626,0.8334518576637,-0.860191072015902,0.0267392143521816
4.9238208249286,0.850404207684329,-0.843833479632381,-0.00657072805199149
4.92392922916094,0.866370340986124,-0.826497286480911,-0.0398730545052101
4.92399684242473,0.875821419862994,-0.815197419945279,-0.0606239999177005
4.92406445568852,0.884877264615131,-0.803529841827626,-0.0813474227875551
4.92413206895231,0.893533835243261,-0.791499769956796,-0.102034065286497
4.92419968221609,0.901787219580821,-0.779112623721608,-0.122674595859257
4.92429184147978,0.912380664583367,-0.761663838332172,-0.1507168262512
4.92438400074347,0.92220936813985,-0.743576564095837,-0.178632804044022
4.92444420061381,0.928212933807555,-0.731423875606513,-0.19678905820108
4.92450440048416,0.933884469346479,-0.719009636841883,-0.2148748325046
4.92456460035451,0.93922197134616,-0.706338256401046,-0.232883714945162
4.92462480022486,0.944223518598932,-0.693414267634809,-0.250809250964122
4.92469730048914,0.94979851370343,-0.67752092740562,-0.272277586297824
4.92476980075342,0.954880783982242,-0.661276109007393,-0.293604674974855
4.9248423010177,0.959467706562017,-0.644688240850022,-0.314779465711967
4.92491480128199,0.963556887647254,-0.627765938574964,-0.335790949072294
4.92498730154627,0.967146219725753,-0.610517976634781,-0.356628243091009
4.92505980181055,0.970233827929746,-0.592953309604103,-0.377280518325664
4.92514796910833,0.973310243628461,-0.571179649873299,-0.402130593755164
4.9252361364061,0.975639970471813,-0.548967738373368,-0.426672232098453
4.92532430370387,0.977221231291592,-0.526334649178617,-0.450886582112962
4.92541247100165,0.9780528000894,-0.50329775825091,-0.47475504183849
4.92550063829942,0.978134050078776,-0.479874747582873,-0.498259302495918
4.9255888055972,0.97746490739811,-0.45608358782279,-0.521381319575309
4.92567697289497,0.976045896306685,-0.431942534249106,-0.54410336205757
4.92576514019274,0.973878094631786,-0.407470106030558,-0.566407988601211
4.92585330749052,0.970963175856294,-0.38268507985039,-0.58827809600593
4.92596171172286,0.966358542622487,-0.351811362304819,-0.614547180317697
4.9260701159552,0.960633202400511,-0.3205294730544,-0.640103729346117
4.92617852018755,0.953793804955818,-0.288875790905591,-0.664918014050206
4.92628692441989,0.945848293173202,-0.256887048218626,-0.688961244954573
4.92639532865223,0.936805877015378,-0.224600368270041,-0.712205508745331
4.92650373288458,0.926677048610282,-0.19205318985564,-0.734623858754626
4.92661213711692,0.915473548305908,-0.159283272648495,-0.756190275657419
4.92672054134927,0.903208373643539,-0.126328612082118,-0.776879761561424
4.92682894558161,0.889895742634238,-0.0932274381374445,-0.796668304496775
4.92693734981395,0.875551098625178,-0.0600181299941458,-0.815532968631038
4.9270457540463,0.860191071536599,-0.0267392120189011,-0.833451859517674
4.92715415827864,0.843833478999926,0.00657073038881001,-0.850404209388732
4.92726256251098,0.82649728569834,0.039873056839443,-0.866370342537744
4.92733017577408,0.815197419188991,0.0606240020335241,-0.875821421222505
4.92739778903718,0.80352984110632,0.0813474246833627,-0.884877265789688
4.92746540230027,0.791499769279225,0.102034066960852,-0.893533836240076
4.92753301556337,0.779112623096208,0.12267459731116,-0.901787220407368
4.92762517485295,0.761663832616903,0.150716835546999,-0.912380668163855
4.92771733414252,0.74357655293805,0.178632821102916,-0.922209374040951
4.92777753399121,0.731423868581376,0.196789068665194,-0.928212937246562
4.92783773383989,0.719009634140997,0.214874836419751,-0.933884470560765
4.92789793368857,0.706338258211163,0.232883712364233,-0.939221970575446
4.92795813353725,0.693414274137854,0.250809241947026,-0.94422351608486
4.9280306338014,0.677520934040463,0.272277577281211,-0.949798511321662
4.92810313406556,0.661276115772747,0.29360466596258,-0.954880781735328
4.92817563432971,0.644688247744683,0.314779456707757,-0.95946770445247
4.92824813459386,0.627765945597567,0.335790940080027,-0.963556885677539
4.92832063485801,0.610517983783744,0.356628234114568,-0.967146217898341
4.92839313512216,0.592953316878024,0.377280509368819,-0.970233826246833
4.92848130244297,0.571179651511858,0.402130591323501,-0.973310242835326
4.92856946976377,0.548967734147767,0.426672236030631,-0.97563997017839
4.92865763708458,0.526334638873685,0.450886592232811,-0.977221231106502
4.92874580440539,0.503297741664927,0.474755057955555,-0.978052799620488
4.92883397172619,0.479874724528422,0.498259324405391,-0.978134048933795
4.928922139047,0.456083558126611,0.521381347058669,-0.977464905185234
4.9290103063678,0.431942497752839,0.544103394882477,-0.976045892635306
4.92909847368861,0.407470062590579,0.566408026522396,-0.973878089112937
4.92918664100941,0.382685029338113,0.588278138765196,-0.970963168103266
4.92929504524183,0.351811311041751,0.614547221900969,-0.966358532942695
4.92940344947425,0.320529421101812,0.640103769700913,-0.960633190802692
4.92951185370666,0.288875738325697,0.664918053125311,-0.953793791451001
4.92962025793908,0.256886995074225,0.688961282700369,-0.945848277774545
4.9297286621715,0.224600314624641,0.712205545113611,-0.936805859738239
4.92983706640391,0.192053135773401,0.734623893698891,-0.926677029472253
4.92994547063633,0.159283218194195,0.75619030913265,-0.915473527326826
4.93005387486875,0.126328557320928,0.776879793524386,-0.903208350845275
4.93016227910117,0.0932273831349323,0.79666833490594,-0.889895718040842
4.93027068333358,0.0600180748162139,0.815532997446585,-0.875551072262771
4.930379087566,0.0267391567317279,0.833451886701697,-0.860191043433401
4.93048749179842,-0.00657078571874793,0.850404234905047,-0.84383344918627
4.93059589603084,-0.0398731121458476,0.866370366352262,-0.826497254206362
4.93066350924021,-0.0606240407998707,0.875821436600112,-0.815197395800219
4.93073112244958,-0.0813474469347483,0.884877273350111,-0.803529826415369
4.93079873565895,-0.102034072744742,0.893533836613154,-0.791499763868369
4.93086634886833,-0.12267458669713,0.901787214232217,-0.779112627535064
4.93095850816992,-0.150716828614637,0.912380663553591,-0.761663834938948
4.9310506674715,-0.178632817823713,0.922209370797918,-0.743576552974194
4.93111086732438,-0.196789066654077,0.92821293443436,-0.731423867780251
4.93117106717726,-0.214874835666891,0.933884468133158,-0.719009632466229
4.93123126703014,-0.232883712858531,0.939221968485712,-0.706338255627143
4.93129146688302,-0.250809243675957,0.944223514285947,-0.69341427060996
4.93136396714498,-0.272277578339336,0.949798509277224,-0.677520930937862
4.93143646740693,-0.293604666356776,0.954880779474853,-0.661276113118046
4.93150896766889,-0.314779456446023,0.959467702005639,-0.644688245559587
4.93158146793085,-0.335790939171388,0.963556883074317,-0.627765943902886
4.93165396819281,-0.356628232568935,0.967146215168814,-0.610517982599882
4.93172646845476,-0.377280507197211,0.970233823421402,-0.592953316224169
4.93181463579436,-0.402130594416887,0.973310240592083,-0.571179646175167
4.93190280313395,-0.426672244253926,0.975639968198717,-0.548967723944792
4.93199097047354,-0.450886605438797,0.977221229070825,-0.526334623632003
4.93207913781314,-0.474755075985198,0.978052797208743,-0.503297721223566
4.93216730515273,-0.498259347088201,0.978134045826009,-0.479874698737775
4.93225547249232,-0.521381374212841,0.977464901061894,-0.456083526849038
4.93234363983191,-0.544103426315271,0.976045887177811,-0.431942460862539
4.93243180717151,-0.566408062030328,0.973878082004277,-0.407470019973917
4.9325199745111,-0.588278178134295,0.970963159028324,-0.382684980894018
4.93262837874358,-0.614547260201735,0.966358522119927,-0.351811261918192
4.93273678297606,-0.64010380688562,0.960633178240182,-0.32052937135453
4.93284518720853,-0.664918089147743,0.953793777158746,-0.288875688010915
4.93295359144101,-0.688961317515527,0.945848261764659,-0.256886944249084
4.93306199567349,-0.712205578677974,0.936805842024777,-0.224600263346771
4.93317039990597,-0.734623925970206,0.926677010071312,-0.192053084101089
4.93327880413845,-0.756190340070325,0.915473506256433,-0.159283166186097
4.93338720837093,-0.776879823089247,0.903208328125427,-0.126328505036164
4.93349561260341,-0.796668363060352,0.889895693693476,-0.0932273306330955
4.93360401683588,-0.815533024154617,0.875551046311652,-0.0600180221569726
4.93371242106836,-0.833451911929008,0.860191015904278,-0.0267391039752107
4.93382082530084,-0.850404258619026,0.843833420106662,0.00657083851239471
4.93392922953332,-0.866370388521957,0.826497223605678,0.0398731649162839
4.93399684268987,-0.875821450556651,0.815197373245462,0.0606240773111859
4.93406445584641,-0.884877279703748,0.803529812490128,0.0813474672136427
4.93413206900296,-0.893533835983924,0.791499759144251,0.102034076839707
4.93419968215951,-0.901787207249507,0.779112632570885,0.122674574678656
4.93429184144724,-0.912380655383221,0.761663842942076,0.150716812441203
4.93438400073497,-0.922209361675077,0.743576564127535,0.178632797547545
4.93444420061364,-0.928212928196111,0.731423873978162,0.196789054217974
4.9345044004923,-0.933884464496617,0.719009633481275,0.214874831015354
4.93456460037097,-0.939221967165331,0.706338251237667,0.23288371592771
4.93462480024963,-0.9442235149938,0.693414260600071,0.250809254393726
4.93469730050958,-0.949798509611557,0.677520921211024,0.272277588400512
4.93476980076952,-0.954880779461774,0.661276103697416,0.293604675764377
4.93484230102946,-0.959467701671696,0.64468823646763,0.314779465204072
4.93491480128941,-0.963556882446327,0.627765935161615,0.33579094728474
4.93498730154935,-0.967146214273824,0.610517974230261,0.3566282400436
4.9350598018093,-0.970233822286757,0.592953308246782,0.37728051404001
4.93514796914468,-0.97331023914921,0.571179639140142,0.402130600009049
4.93523613648007,-0.975639966518419,0.548967717897204,0.426672248621246
4.93532430381545,-0.977221227224343,0.526334618614611,0.450886608609772
4.93541247115083,-0.978052795267595,0.503297717276623,0.474755077990978
4.93550063848622,-0.978134043861723,0.479874695899014,0.498259347962704
4.9355888058216,-0.977464899146097,0.45608352515368,0.521381373992458
4.93567697315699,-0.976045885382096,0.431942460343074,0.544103425039034
4.93576514049237,-0.973878080399945,0.407470020660214,0.566408059739709
4.93585330782776,-0.970963157686417,0.382684982813314,0.588278174873114
4.93596171206023,-0.966358520951239,0.351811263905513,0.614547257045761
4.9360701162927,-0.960633177243925,0.320529373404221,0.64010380383974
4.93617852052517,-0.953793776333983,0.288875690117513,0.664918086216493
4.93628692475764,-0.945848261110267,0.256886946406918,0.688961314703317
4.93639532899011,-0.936805841539405,0.224600265550099,0.712205575989293
4.93650373322258,-0.926677009753395,0.192053086344157,0.734623923409253
4.93661213745505,-0.915473506104214,0.159283168463083,0.756190337641139
4.93672054168752,-0.903208328136921,0.126328507341206,0.776879820795735
4.93682894591999,-0.889895693866575,0.0932273329602793,0.796668360906319
4.93693735015246,-0.875551046644073,0.0600180245004828,0.815533022143618
4.93704575438493,-0.860191016393522,0.0267391063290355,0.833451910064475
4.9371541586174,-0.843833420750003,-0.00657083615424212,0.850404256904262
4.93726256284987,-0.826497224400222,-0.039873162559893,0.866370386960101
4.93733017600714,-0.815197374009832,-0.0606240751808187,0.875821449190672
4.9373977891644,-0.803529813215325,-0.0813474653109877,0.884877278526291
4.93746540232167,-0.791499759821283,-0.102034075166097,0.893533834987391
4.93753301547893,-0.779112633190987,-0.122674573235125,0.901787206426146
4.93762517474079,-0.761663848649152,-0.150716803158136,0.912380651807257
4.93771733400264,-0.74357657527388,-0.178632780505722,0.922209355779579
4.93777753390296,-0.731423880995313,-0.196789043765359,0.928212924760656
4.93783773380327,-0.719009636177861,-0.214874827106142,0.933884463283999
4.93789793370358,-0.706338249427026,-0.232883718509037,0.939221967936031
4.93795813360389,-0.693414254100495,-0.250809263405815,0.944223517506304
4.938030633864,-0.677520914573209,-0.272277597420801,0.949798511994043
4.9381031341241,-0.661276096922244,-0.293604684789019,0.954880781711241
4.93817563438421,-0.644688229556106,-0.314779474229137,0.959467703785232
4.93824813464431,-0.62776592811468,-0.335790956306374,0.963556884421076
4.93832063490442,-0.610517967049231,-0.356628249057743,0.967146216106965
4.93839313516452,-0.592953300932972,-0.377280523042532,0.970233823975533
4.93848130247684,-0.57117963746778,-0.402130602478069,0.973310239945866
4.93856946978917,-0.54896772209549,-0.426672244718088,0.975639966813588
4.93865763710149,-0.526334628899198,-0.450886598510679,0.977221227409841
4.93874580441382,-0.503297733849322,-0.474755061886754,0.978052795736063
4.93883397172614,-0.47987471894756,-0.498259326058364,0.9781340450059
4.93892213903847,-0.456083554851407,-0.521381346506855,0.977464901358239
4.93901030635079,-0.431942496848795,-0.54410339220451,0.97604588905331
4.93909847366312,-0.407470064117821,-0.566408021801929,0.973878085919767
4.93918664097544,-0.382685033351304,-0.588278132090671,0.970963165441965
4.93929504520785,-0.351811315191023,-0.614547215442856,0.966358530633855
4.93940344944026,-0.320529425375903,-0.640103763468753,0.960633188844676
4.93951185367267,-0.288875742713042,-0.664918047128507,0.953793789841539
4.93962025790508,-0.256886999563404,-0.688961276947831,0.945848276511213
4.93972866213749,-0.224600319203854,-0.712205539614193,0.936805858818068
4.9398370663699,-0.192053140431023,-0.734623888460947,0.92667702889196
4.93994547060231,-0.159283222918334,-0.756190304164348,0.915473527082701
4.94005387483472,-0.126328562099514,-0.776879788833573,0.903208350933096
4.94016227906713,-0.0932273879560936,-0.796668330500121,0.889895718456206
4.94027068329954,-0.0600180796677724,-0.815532993332967,0.875551073000716
4.94037908753195,-0.0267391616016917,-0.833451882887091,0.860191044488769
4.94048749176435,0.00657078084264729,-0.85040423139596,0.843833450553339
4.94059589599676,0.0398731072756127,-0.866370363154856,0.826497255879219
4.94066350920772,0.060624036427608,-0.875821433817891,0.815197397390276
4.94073112241868,0.081347443063684,-0.884877270966555,0.803529827902867
4.94079873562964,0.102034069377332,-0.89353383461126,0.791499765233939
4.9408663488406,0.122674583835324,-0.901787212594835,0.779112628759485
4.94095850809046,0.150716810080861,-0.912380656412936,0.761663846332079
4.94105066734031,0.17863278377951,-0.922209359019723,0.743576575240218
4.94111086723644,0.196789045773,-0.928212927570613,0.731423881797605
4.94117106713256,0.214874827857501,-0.933884465709996,0.719009637852484
4.94123126702868,0.232883718015229,-0.939221970024747,0.706338252009465
4.9412914669248,0.250809261679304,-0.944223519304613,0.693414257625336
4.94136396718707,0.272277596355717,-0.949798514035464,0.677520917679743
4.94143646744934,0.293604684378578,-0.954880783966801,0.661276099588222
4.9415089677116,0.314779474465359,-0.959467706225616,0.644688231760214
4.94158146797387,0.335790957180427,-0.963556887016765,0.627765929836317
4.94165396823614,0.356628250559813,-0.967146218828268,0.610517968268421
4.9417264684984,0.377280525161838,-0.970233826792578,0.592953301630723
4.94181463579192,0.402130599328483,-0.973310242181786,0.571179642853287
4.94190280308545,0.426672236435058,-0.975639968787285,0.548967732352214
4.94199097037897,0.450886585241656,-0.977221229441144,0.526334644199497
4.94207913767249,0.47475504379084,-0.978052798145287,0.503297754354399
4.94216730496601,0.498259303306245,-0.978134048113286,0.479874744807044
4.94225547225953,0.521381319280526,-0.977464905483608,0.456083586203063
4.94234363955306,0.544103360696999,-0.976045894515439,0.431942533818437
4.94243180684658,0.566407986216858,-0.973878093035931,0.407470106819076
4.9425199741401,0.588278092642136,-0.970963174527601,0.382685081885441
4.94262837837244,0.614547177062937,-0.966358541471029,0.351811364408039
4.94273678260478,0.640103726205191,-0.960633201425389,0.320529475220174
4.94284518683712,0.664918011027791,-0.953793804156006,0.288875793128176
4.94295359106946,0.688961242055139,-0.945848292547373,0.256887050492215
4.9430619953018,0.712205505973349,-0.936805876562031,0.224600370588682
4.94317039953414,0.734623856114204,-0.926677048327824,0.192053192213558
4.94327880376648,0.756190273152681,-0.915473548192381,0.159283275039695
4.94338720799882,0.776879759196362,-0.903208373696907,0.126328614500495
4.94349561223116,0.796668302275088,-0.88989574285223,0.0932274405771267
4.9436040164635,0.815532966556363,-0.875551099005264,0.0600181324489087
4.94371242069584,0.833451857593452,-0.860191072076184,0.0267392144827108
4.94382082492818,0.850404207618118,-0.843833479696187,-0.00657072792194616
4.94392922916052,0.86637034092393,-0.826497286548197,-0.0398730543757668
4.94399684242445,0.875821419822275,-0.815197419991182,-0.0606239998310984
4.94406445568838,0.884877264594291,-0.803529841850555,-0.0813474227437473
4.94413206895231,0.893533835240644,-0.791499769955268,-0.102034065285381
4.94419968221624,0.901787219594737,-0.779112623694189,-0.122674595900565
4.94429184147993,0.912380664596395,-0.761663838303279,-0.150716826293135
4.94438400074362,0.922209368151925,-0.743576564065358,-0.178632804086582
4.94444420061391,0.928212933813959,-0.731423875585614,-0.196789058228369
4.94450440048421,0.933884469347742,-0.71900963683116,-0.214874832516583
4.94456460035451,0.939221971342816,-0.706338256400776,-0.232883714942067
4.9446248002248,0.944223518591567,-0.693414267645509,-0.250809250946062
4.94469730048912,0.949798513698837,-0.677520927409329,-0.272277586289527
4.94476980075343,0.954880783979989,-0.661276109003706,-0.293604674976298
4.94484230101775,0.959467706561614,-0.644688240838704,-0.314779465722931
4.94491480128206,0.963556887648346,-0.627765938555761,-0.335790949092612
4.94498730154638,0.967146219727864,-0.610517976607256,-0.356628243120582
4.9450598018107,0.970233827932338,-0.592953309568106,-0.37728051836425
4.94514796910851,0.973310243631038,-0.571179649826716,-0.402130593804328
4.94523613640632,0.975639970473669,-0.548967738315689,-0.426672232158
4.94532430370414,0.977221231292097,-0.526334649109708,-0.450886582182428
4.94541247100195,0.978052800087913,-0.503297758170266,-0.474755041917622
4.94550063829976,0.978134050074546,-0.479874747490277,-0.498259302584272
4.94558880559758,0.977464907390445,-0.456083587717885,-0.521381319672575
4.94567697289539,0.976045896294939,-0.43194253413182,-0.544103362163137
4.94576514019321,0.973878094615318,-0.407470105900549,-0.566407988714768
4.94585330749102,0.970963175834421,-0.382685079707508,-0.588278096126909
4.94596171172337,0.966358542595231,-0.351811362159097,-0.61454718043617
4.94607011595571,0.960633202367891,-0.320529472906009,-0.640103729461909
4.94617852018806,0.953793804917804,-0.288875790754787,-0.664918014163082
4.9462869244204,0.94584829312981,-0.256887048065479,-0.688961245064356
4.94639532865275,0.936805876966581,-0.224600368114725,-0.712205508851854
4.9465037328851,0.926677048556072,-0.192053189698384,-0.734623858857695
4.94661213711744,0.915473548246316,-0.159283272489517,-0.756190275756821
4.94672054134979,0.903208373578564,-0.126328611921423,-0.776879761657099
4.94682894558214,0.889895742563896,-0.0932274379753441,-0.796668304588564
4.94693734981448,0.875551098549499,-0.0600181298307601,-0.815532968718729
4.94704575404683,0.860191071455559,-0.026739211854394,-0.833451859601176
4.94715415827917,0.843833478913635,0.00657073055415684,-0.850404209467797
4.94726256251152,0.826497285606818,0.0398730570054973,-0.866370342612313
4.94733017577445,0.815197419122595,0.0606240021486757,-0.875821421271279
4.94739778903738,0.803529841066968,0.0813474247476302,-0.884877265814562
4.94746540230031,0.791499769268563,0.102034066974549,-0.893533836243107
4.94753301556324,0.779112623116059,0.122674597274394,-0.90178722039047
4.94762517485279,0.76166383264367,0.150716835500715,-0.912380668144382
4.94771733414234,0.743576552972342,0.178632821047157,-0.922209374019516
4.94777753399109,0.731423868602443,0.1967890686304,-0.928212937232825
4.94783773383984,0.719009634148201,0.214874836405806,-0.933884470553967
4.94789793368859,0.706338258203843,0.232883712370972,-0.939221970574836
4.94795813353734,0.693414274115415,0.250809241974289,-0.944223516089683
4.94803063380148,0.677520934021498,0.272277577303121,-0.949798511324618
4.94810313406561,0.661276115757373,0.293604665979229,-0.954880781736609
4.94817563432974,0.64468824773318,0.314779456719139,-0.959467704452328
4.94824813459388,0.627765945590061,0.335790940086189,-0.963556885676252
4.94832063485801,0.610517983780439,0.356628234115667,-0.967146217896083
4.94839313512215,0.592953316879029,0.377280509364877,-0.970233826243947
4.94848130244293,0.571179651517421,0.402130591314601,-0.973310242832019
4.94856946976372,0.548967734157999,0.426672236016975,-0.975639970174977
4.94865763708451,0.526334638888708,0.450886592214555,-0.977221231103258
4.9487458044053,0.503297741685004,0.474755057932782,-0.978052799617765
4.94883397172608,0.479874724553549,0.498259324378343,-0.978134048931898
4.94892213904687,0.456083558157106,0.521381347027389,-0.977464905184466
4.94901030636766,0.43194249778872,0.544103394847258,-0.976045892635944
4.94909847368845,0.407470062631874,0.566408026483438,-0.973878089115334
4.94918664100923,0.382685029385015,0.588278138722635,-0.970963168107636
4.94929504524165,0.351811311089895,0.614547221859098,-0.966358532948981
4.94940344947406,0.320529421151198,0.640103769659765,-0.960633190810965
4.94951185370648,0.288875738376206,0.66491805308501,-0.953793791461189
4.9496202579389,0.256886995125881,0.688961282660883,-0.945848277786731
4.94972866217131,0.224600314677308,0.712205545075197,-0.93680585975249
4.94983706640373,0.192053135827085,0.734623893661464,-0.926677029488579
4.94994547063614,0.159283218248782,0.756190309096374,-0.915473527345169
4.95005387486856,0.126328557376315,0.776879793489347,-0.903208350865669
4.95016227910097,0.0932273831911315,0.796668334872189,-0.88989571806328
4.95027068333339,0.0600180748731243,0.81553299741419,-0.875551072287283
4.9503790875658,0.0267391567893383,0.833451886670718,-0.860191043460061
4.95048749179822,-0.006570785660582,0.850404234875576,-0.843833449214988
4.95059589603064,-0.039873112087134,0.866370366324361,-0.826497254237182
4.95066350924007,-0.0606240407588758,0.875821436581217,-0.815197395822344
4.9507311224495,-0.0813474469114794,0.884877273339635,-0.803529826428159
4.95079873565893,-0.102034072739162,0.893533836610373,-0.791499763871157
4.95086634886836,-0.122674586709087,0.901787214236457,-0.779112627527335
4.95095850816988,-0.15071682860757,0.912380663550646,-0.761663834943054
4.95105066747141,-0.178632817797637,0.922209370788746,-0.743576552991126
4.95111086732431,-0.196789066636018,0.928212934428316,-0.731423867792278
4.95117106717722,-0.214874835656726,0.9338844681299,-0.719009632473148
4.95123126703012,-0.232883712856218,0.939221968484924,-0.706338255628699
4.95129146688303,-0.250809243681444,0.944223514287426,-0.693414270605952
4.95136396714502,-0.272277578354946,0.949798509281205,-0.677520930926231
4.95143646740701,-0.293604666382509,0.954880779480808,-0.661276113098293
4.951508967669,-0.31477945648162,0.959467702013133,-0.644688245531519
4.951581467931,-0.33579093921672,0.963556883082949,-0.627765943866179
4.95165396819299,-0.356628232623801,0.967146215178001,-0.610517982554205
4.95172646845498,-0.377280507261445,0.970233823430713,-0.592953316169261
4.95181463579458,-0.402130594482475,0.97331024059984,-0.571179646117329
4.95190280313418,-0.426672244320756,0.975639968204768,-0.548967723884002
4.95199097047378,-0.450886605506773,0.977221229075021,-0.526334623568236
4.95207913781338,-0.474755076054183,0.978052797211013,-0.503297721156793
4.95216730515298,-0.498259347158131,0.978134045826162,-0.479874698668007
4.95225547249258,-0.521381374283554,0.977464901059825,-0.456083526776269
4.95234363983218,-0.544103426386672,0.976045887173419,-0.431942460786709
4.95243180717178,-0.566408062102211,0.973878081997427,-0.407470019895166
4.95251997451138,-0.588278178206606,0.970963159018895,-0.382684980812287
4.95262837874386,-0.614547260271856,0.96635852210768,-0.351811261835833
4.95273678297633,-0.640103806953541,0.960633178225067,-0.320529371271529
4.95284518720881,-0.664918089213414,0.953793777140873,-0.288875687927433
4.95295359144129,-0.688961317578875,0.945848261744029,-0.256886944165158
4.95306199567377,-0.712205578738986,0.936805842001499,-0.224600263262453
4.95317039990624,-0.734623926028886,0.926677010045405,-0.192053084016483
4.95327880413872,-0.756190340126621,0.91547350622791,-0.159283166101274
4.9533872083712,-0.77687982314307,0.903208328094306,-0.126328504951225
4.95349561260368,-0.796668363111667,0.88989569365992,-0.0932273305482141
4.95360401683616,-0.81553302420339,0.875551046275682,-0.0600180220722856
4.95371242106863,-0.833451911975214,0.860191015865961,-0.0267391038907409
4.95382082530111,-0.850404258662602,0.843833420066073,0.00657083859658382
4.95392922953359,-0.866370388562941,0.826497223562829,0.0398731650001174
4.95399684269005,-0.875821450584834,0.815197373215122,0.0606240773697275
4.95406445584652,-0.884877279720088,0.803529812473292,0.0813474672468295
4.95413206900298,-0.893533835989408,0.791499759141677,0.102034076847736
4.95419968215944,-0.901787207245027,0.779112632583492,0.122674574661577
4.95429184144718,-0.912380655379444,0.76166384295491,0.150716812424557
4.95438400073491,-0.922209361671904,0.74357656414062,0.178632797531315
4.9544442006136,-0.928212928195703,0.731423873986405,0.19678905420935
4.95450440049229,-0.933884464498704,0.719009633484483,0.214874831014229
4.95456460037098,-0.939221967169634,0.706338251235654,0.232883715933984
4.95462480024967,-0.944223515000019,0.693414260592652,0.250809254407373
4.95469730050962,-0.949798509617586,0.677520921203269,0.272277588414322
4.95476980076956,-0.954880779467636,0.661276103689203,0.293604675778447
4.95484230102951,-0.959467701677307,0.644688236459033,0.314779465218305
4.95491480128945,-0.963556882451745,0.627765935152553,0.335790947299223
4.9549873015494,-0.967146214279025,0.610517974220768,0.356628240058251
4.95505980180934,-0.970233822291669,0.592953308236855,0.37728051405481
4.95514796914469,-0.973310239152805,0.571179639137706,0.402130600015064
4.95523613648005,-0.975639966521275,0.548967717902587,0.426672248618699
4.9553243038154,-0.977221227226918,0.526334618628079,0.450886608598865
4.95541247115075,-0.978052795270455,0.503297717298491,0.474755077971958
4.95550063848611,-0.978134043865355,0.47987469592954,0.498259347935852
4.95558880582146,-0.977464899151064,0.456083525192985,0.521381373958091
4.95567697315681,-0.976045885388889,0.431942460391524,0.544103424997372
4.95576514049217,-0.97387808040908,0.407470020717975,0.566408059691128
4.95585330782752,-0.970963157698437,0.382684982880477,0.58827817481801
4.95596171206,-0.966358520965503,0.351811263972192,0.614547256993326
4.95607011629247,-0.960633177260251,0.320529373470285,0.640103803789956
4.95617852052495,-0.953793776352263,0.288875690182869,0.66491808616942
4.95628692475742,-0.945848261130375,0.256886946471426,0.688961314658948
4.9563953289899,-0.93680584156121,0.224600265613572,0.71220557594763
4.95650373322238,-0.926677009776766,0.192053086406566,0.734623923370186
4.95661213745485,-0.915473506128976,0.159283168524245,0.756190337604738
4.95672054168733,-0.903208328163051,0.126328507401089,0.776879820761923
4.9568289459198,-0.889895693893812,0.093227333018743,0.79666836087507
4.95693735015228,-0.875551046672394,0.0600180245575117,0.815533022114892
4.95704575438476,-0.860191016422701,0.0267391063844867,0.833451910038213
4.95715415861723,-0.843833420779957,-0.00657083610038067,0.850404256880346
4.95726256284971,-0.826497224430868,-0.0398731625076493,0.866370386938526
4.95733017600703,-0.815197374032088,-0.0606240751454738,0.875821449177569
4.95739778916435,-0.803529813228524,-0.0813474652924934,0.884877278521041
4.95746540232167,-0.791499759824851,-0.102034075164515,0.893533834989343
4.95753301547899,-0.779112633184404,-0.122674573250226,0.901787206434631
4.95762517474082,-0.76166384864749,-0.15071680316479,0.912380651812268
4.95771733400264,-0.743576575277471,-0.178632780504079,0.922209355781551
4.95777753390296,-0.731423880998004,-0.196789043765053,0.928212924763038
4.95783773380328,-0.719009636179636,-0.214874827107139,0.933884463286757
4.95789793370359,-0.706338249427818,-0.232883718511335,0.939221967939155
4.95795813360391,-0.693414254100285,-0.250809263409394,0.944223517509697
4.95803063386401,-0.677520914573335,-0.272277597423833,0.949798511997207
4.95810313412411,-0.661276096922664,-0.293604684791551,0.954880781714203
4.95817563438422,-0.64468822955681,-0.314779474231213,0.959467703787997
4.95824813464432,-0.627765928115763,-0.335790956307896,0.963556884423681
4.95832063490442,-0.610517967050694,-0.356628249058722,0.967146216109436
4.95839313516453,-0.592953300934776,-0.377280523043106,0.970233823977851
4.9584813024769,-0.571179637456796,-0.402130602492973,0.973310239949738
4.95856946978928,-0.548967722071137,-0.426672244746982,0.975639966818132
4.95865763710165,-0.526334628860969,-0.450886598553252,0.977221227414201
4.95874580441403,-0.503297733796806,-0.474755061942517,0.978052795739306
4.95883397172641,-0.479874718880344,-0.498259326126848,0.978134045007174
4.95892213903878,-0.456083554769137,-0.521381346587524,0.97746490135663
4.95901030635116,-0.43194249675116,-0.544103392296905,0.976045889048059
4.95909847366354,-0.407470064004413,-0.566408021905477,0.973878085909865
4.95918664097591,-0.382685033221965,-0.588278132204716,0.97096316542669
4.95929504520832,-0.351811315060697,-0.614547215553174,0.966358530613866
4.95940344944072,-0.320529425244857,-0.640103763575172,0.960633188820014
4.95951185367313,-0.288875742581506,-0.664918047230948,0.953793789812416
4.95962025790554,-0.256886999431546,-0.688961277046176,0.945848276477681
4.95972866213794,-0.224600319071856,-0.712205539708468,0.936805858780277
4.95983706637035,-0.192053140299068,-0.734623888550969,0.926677028850041
4.95994547060275,-0.159283222786493,-0.756190304250227,0.915473527036711
4.96005387483516,-0.126328561968099,-0.776879788915152,0.903208350883236
4.96016227906756,-0.0932273878251688,-0.796668330577346,0.889895718402555
4.96027068329997,-0.0600180795376235,-0.815532993405845,0.875551072943423
4.96037908753238,-0.0267391614723695,-0.833451882955576,0.860191044427941
4.96048749176478,0.00657078097087071,-0.850404231460038,0.843833450489163
4.96059589599719,0.0398731074027081,-0.866370363214515,0.826497255811783
4.96066350920803,0.0606240365193472,-0.875821433859353,0.815197397340014
4.96073112241888,0.0813474431201604,-0.884877270991185,0.803529827871018
4.96079873562972,0.102034069398696,-0.89353383462043,0.79149976522172
4.96086634884056,0.122674583821684,-0.901787212589877,0.77911262876815
4.96095850809043,0.150716810069025,-0.912380656408918,0.761663846339877
4.96105066734029,0.178632783769523,-0.922209359016532,0.743576575246966
4.96111086723643,0.19678904576831,-0.928212927569255,0.731423881800923
4.96117106713257,0.214874827857887,-0.933884465710235,0.719009637852307
4.96123126702871,0.23288371802076,-0.939221970026374,0.706338252005593
4.96129146692485,0.250809261689845,-0.944223519307492,0.693414257617636
4.96136396718714,0.272277596373707,-0.949798514039916,0.677520917666202
4.96143646744943,0.293604684403865,-0.954880783972433,0.66127609956852
4.96150896771173,0.31477947449789,-0.959467706232082,0.644688231734167
4.96158146797402,0.335790957220009,-0.963556887023727,0.627765929803717
4.96165396823631,0.356628250606386,-0.96714621883537,0.610517968228974
4.9617264684986,0.377280525215236,-0.970233826799501,0.592953301584214
4.96181463579221,0.402130599404031,-0.973310242189503,0.571179642785442
4.96190280308581,0.426672236532049,-0.975639968794408,0.5489677322623
4.96199097037941,0.450886585359477,-0.977221229446279,0.526334644086792
4.96207913767302,0.474755043928849,-0.978052798147001,0.50329775421815
4.96216730496662,0.498259303463544,-0.97813404811029,0.479874744646715
4.96225547226022,0.521381319456323,-0.977464905474484,0.456083586018104
4.96234363955383,0.544103360890382,-0.976045894498791,0.431942533608385
4.96243180684743,0.566407986426957,-0.973878093010383,0.407470106583376
4.96251997414104,0.588278092868018,-0.970963174491718,0.382685081623677
4.96262837837338,0.614547177284414,-0.966358541425147,0.351811364140705
4.96273678260573,0.64010372642204,-0.960633201369388,0.320529474947333
4.96284518683808,0.664918011239533,-0.953793804089813,0.288875792850236
4.96295359107042,0.688961242261517,-0.945848292470928,0.256887050209406
4.96306199530277,0.712205506173886,-0.936805876475289,0.224600370301382
4.96317039953512,0.734623856308737,-0.926677048230649,0.192053191921906
4.96327880376747,0.756190273340767,-0.915473548084881,0.159283274744109
4.96338720799981,0.776879759377669,-0.903208373578991,0.126328614201289
4.96349561223216,0.796668302449291,-0.889895742723888,0.0932274402745824
4.96360401646451,0.815532966723167,-0.875551098866576,0.0600181321433689
4.96371242069685,0.833451857752546,-0.860191071927149,0.0267392141746037
4.9638208249292,0.850404207769168,-0.843833479536811,-0.00657072823238984
4.96392922916155,0.866370341066596,-0.82649728637856,-0.0398730546880762
4.96399684242516,0.875821419915634,-0.815197419869765,-0.060624000045902
4.96406445568877,0.884877264641991,-0.803529841780825,-0.0813474228612078
4.96413206895238,0.893533835246409,-0.791499769940705,-0.102034065305748
4.964199682216,0.901787219562341,-0.779112623738101,-0.122674595824282
4.96429184147967,0.912380664564127,-0.761663838352116,-0.150716826212038
4.96438400074334,0.922209368120142,-0.743576564119338,-0.178632804000816
4.96444420061374,0.928212933794098,-0.731423875618905,-0.196789058175235
4.96450440048415,0.933884469338605,-0.719009636842764,-0.214874832495902
4.96456460035455,0.939221971343285,-0.706338256389866,-0.23288371495343
4.96462480022496,0.944223518600379,-0.693414267611133,-0.25080925098929
4.96469730048926,0.949798513705896,-0.67752092737639,-0.272277586329559
4.96476980075357,0.954880783985408,-0.661276108972347,-0.293604675013079
4.96484230101787,0.959467706565542,-0.644688240809068,-0.314779465756473
4.96491480128218,0.963556887650831,-0.627765938527754,-0.335790949123105
4.96498730154649,0.96714621972907,-0.610517976581169,-0.356628243147956
4.96505980181079,0.970233827932457,-0.592953309544007,-0.37728051838847
4.9651479691086,0.973310243630155,-0.57117964980382,-0.402130593826338
4.96523613640641,0.975639970471905,-0.548967738294166,-0.426672232177757
4.96532430370421,0.977221231289522,-0.526334649089643,-0.450886582199923
4.96541247100202,0.978052800084668,-0.503297758151783,-0.474755041932904
4.96550063829983,0.978134050070772,-0.479874747473321,-0.498259302597441
4.96558880559763,0.977464907386291,-0.456083587702714,-0.521381319683577
4.96567697289544,0.976045896290494,-0.431942534118373,-0.544103362172112
4.96576514019324,0.973878094610644,-0.407470105888926,-0.566407988721753
4.96585330749105,0.970963175829731,-0.382685079697785,-0.58827809613197
4.9659617117234,0.966358542590356,-0.351811362149765,-0.614547180440591
4.96607011595574,0.960633202362788,-0.320529472897041,-0.640103729465776
4.96617852018808,0.953793804912531,-0.288875790746186,-0.664918014166381
4.96628692442043,0.94584829312442,-0.256887048057343,-0.688961245067116
4.96639532865277,0.936805876961147,-0.224600368107094,-0.712205508854027
4.96650373288512,0.92667704855059,-0.192053189691231,-0.734623858859362
4.96661213711746,0.915473548240828,-0.159283272482793,-0.75619027575805
4.96672054134981,0.903208373573094,-0.126328611915242,-0.776879761657847
4.96682894558215,0.889895742558461,-0.0932274379696423,-0.796668304588837
4.9669373498145,0.875551098544131,-0.0600181298255324,-0.81553296871863
4.96704575404684,0.860191071450419,-0.0267392118498186,-0.833451859600571
4.96715415827919,0.843833478908686,0.0065707305581881,-0.850404209466879
4.96726256251153,0.826497285602012,0.0398730570090258,-0.86637034261103
4.96733017577445,0.815197419119127,0.0606240021497988,-0.875821421268914
4.96739778903738,0.803529841064833,0.0813474247463602,-0.884877265811199
4.9674654023003,0.791499769267965,0.102034066970782,-0.893533836238752
4.96753301556322,0.779112623116996,0.122674597268278,-0.901787220385267
4.96762517485279,0.761663832640725,0.150716835500998,-0.912380668141742
4.96771733414236,0.743576552965185,0.178632821053874,-0.922209374019066
4.9677775339911,0.731423868596559,0.196789068635074,-0.928212937231634
4.96783773383984,0.719009634143685,0.214874836408432,-0.933884470552112
4.96789793368859,0.706338258200815,0.23288371237154,-0.939221970572323
4.96795813353733,0.693414274113909,0.250809241972794,-0.944223516086688
4.96803063380148,0.677520934017244,0.272277577305302,-0.949798511322544
4.96810313406563,0.661276115750417,0.293604665984937,-0.954880781735328
4.96817563432977,0.644688247723268,0.314779456728438,-0.959467704451692
4.96824813459392,0.627765945577042,0.335790940099072,-0.963556885676096
4.96832063485807,0.61051798376429,0.356628234131908,-0.967146217896182
4.96839313512221,0.592953316859602,0.37728050938454,-0.97023382624421
4.96848130244301,0.571179651495859,0.402130591336077,-0.973310242831923
4.9685694697638,0.548967734134332,0.42667223604009,-0.97563997017444
4.9686576370846,0.526334638862842,0.45088659223931,-0.977221231102154
4.96874580440539,0.503297741656809,0.474755057959125,-0.978052799615916
4.96883397172619,0.479874724523131,0.498259324406086,-0.978134048929248
4.96892213904698,0.456083558124289,0.521381347056592,-0.977464905180873
4.96901030636777,0.431942497753484,0.544103394877802,-0.976045892631272
4.96909847368857,0.407470062594296,0.566408026515152,-0.973878089109434
4.96918664100936,0.382685029344997,0.588278138755482,-0.970963168100466
4.96929504524178,0.351811311049578,0.614547221890971,-0.966358532940493
4.96940344947419,0.320529421110705,0.64010376969053,-0.960633190801223
4.96951185370661,0.288875738335561,0.664918053114695,-0.953793791450231
4.96962025793902,0.256886995085061,0.688961282689513,-0.945848277774582
4.96972866217144,0.224600314636378,0.712205545102685,-0.936805859739066
4.96983706640385,0.192053135786113,0.734623893687857,-0.92667702947398
4.96994547063627,0.159283218207892,0.756190309121574,-0.915473527329484
4.97005387486868,0.126328557335489,0.776879793513367,-0.903208350848856
4.9701622791011,0.093227383150408,0.79666833489501,-0.889895718045404
4.97027068333351,0.0600180748325352,0.815532997435858,-0.875551072268353
4.97037908756592,0.0267391567489129,0.833451886691171,-0.860191043440045
4.97048749179834,-0.00657078570070064,0.850404234894791,-0.843833449194099
4.97059589603075,-0.0398731121269555,0.866370366342319,-0.82649725421535
4.97066350924015,-0.0606240407889598,0.875821436594218,-0.815197395805256
4.97073112244955,-0.0813474469317332,0.884877273347948,-0.803529826416199
4.97079873565895,-0.102034072749666,0.893533836614375,-0.791499763864691
4.97086634886835,-0.122674586709969,0.90178721423658,-0.779112627526609
4.97095850816992,-0.150716828621761,0.912380663555704,-0.76166383493392
4.97105066747149,-0.178632817825146,0.922209370798059,-0.743576552972901
4.97111086732436,-0.196789066654817,0.928212934434368,-0.731423867779593
4.97117106717724,-0.214874835666979,0.93388446813309,-0.719009632466126
4.97123126703012,-0.232883712857917,0.939221968485532,-0.706338255627613
4.97129146688299,-0.250809243674618,0.944223514285768,-0.693414270611113
4.97136396714493,-0.27227757833248,0.94979850927584,-0.677520930943355
4.97143646740687,-0.293604666344578,0.954880779472518,-0.661276113127926
4.97150896766881,-0.314779456428531,0.959467702002614,-0.64468824557408
4.97158146793075,-0.335790939148665,0.963556883070882,-0.627765943922206
4.97165396819269,-0.356628232541144,0.967146215165198,-0.610517982624045
4.97172646845463,-0.377280507164464,0.970233823417904,-0.592953316253445
4.97181463579414,-0.402130594361734,0.973310240587272,-0.571179646225534
4.97190280313365,-0.426672244176977,0.975639968193982,-0.548967724016974
4.97199097047316,-0.450886605340721,0.977221229067535,-0.526334623726788
4.97207913781267,-0.474755075866685,0.9780527972083,-0.503297721341605
4.97216730515218,-0.498259346950054,0.978134045829782,-0.479874698879721
4.97225547249169,-0.521381374055844,0.977464901071303,-0.456083527015402
4.9723436398312,-0.544103426140396,0.976045887194199,-0.431942461053786
4.97243180717071,-0.566408061838422,0.973878082029026,-0.407470020190581
4.97251997451022,-0.588278177926328,0.97096315906285,-0.382684981136489
4.9726283787427,-0.614547259998623,0.966358522163633,-0.351811262164987
4.97273678297518,-0.640103806687757,0.960633178293067,-0.320529371605298
4.97284518720765,-0.664918088955323,0.953793777220832,-0.288875688265468
4.97295359144013,-0.688961317328822,0.945848261835899,-0.256886944507038
4.9730619956726,-0.71220557849731,0.936805842105182,-0.224600263607851
4.97317039990508,-0.734623925795885,0.926677010160805,-0.192053084364943
4.97327880413756,-0.756190339902541,0.915473506355012,-0.15928316645247
4.97338720837003,-0.776879822928265,0.903208328232953,-0.126328505304695
4.97349561260251,-0.796668362906431,0.88989569380997,-0.0932273309035143
4.97360401683498,-0.815533024007936,0.875551046437046,-0.0600180224290965
4.97371242106746,-0.833451911789825,0.86019101603841,-0.0267391042485801
4.97382082529994,-0.850404258487541,0.843833420249539,0.00657083823804147
4.97392922953241,-0.866370388398416,0.82649722375706,0.039873164641375
4.97399684268923,-0.875821450475713,0.815197373355517,0.060624077120223
4.97406445584605,-0.884877279662335,0.80352981255579,0.0813474671065377
4.97413206900287,-0.893533835978781,0.791499759162562,0.102034076816215
4.97419968215969,-0.901787207277378,0.779112632539,0.122674574738416
4.97429184144741,-0.912380655408379,0.761663842911063,0.150716812497323
4.97438400073513,-0.922209361697621,0.743576564097674,0.178632797599978
4.97444420061373,-0.928212928211231,0.73142387396145,0.196789054249796
4.97450440049232,-0.933884464505025,0.719009633478419,0.214874831026636
4.97456460037092,-0.939221967167774,0.706338251249195,0.232883715918588
4.97462480024952,-0.944223514991028,0.693414260626564,0.250809254364457
4.97469730050951,-0.949798509612919,0.677520921228008,0.272277588384909
4.9747698007695,-0.954880779466669,0.661276103704249,0.293604675762452
4.97484230102949,-0.959467701679504,0.644688236463998,0.314779465215518
4.97491480128948,-0.963556882456402,0.627765935146934,0.335790947309494
4.97498730154947,-0.967146214285544,0.61051797420423,0.356628240081314
4.97505980180946,-0.970233822299477,0.592953308209046,0.377280514090402
4.97514796914479,-0.973310239158994,0.5711796391141,0.402130600044903
4.97523613648013,-0.975639966526183,0.548967717883391,0.426672248642792
4.97532430381546,-0.977221227230907,0.526334618613544,0.450886608617373
4.97541247115079,-0.978052795273778,0.503297717288838,0.474755077984975
4.97550063848613,-0.978134043868455,0.479874695924902,0.498259347943553
4.97558880582146,-0.977464899154203,0.456083525193564,0.521381373960634
4.9756769731568,-0.976045885392408,0.431942460397474,0.54410342499495
4.97576514049213,-0.973878080413348,0.407470020729463,0.566408059683879
4.97585330782746,-0.970963157703768,0.382684982897618,0.588278174806169
4.97596171205994,-0.966358520971351,0.351811263989239,0.614547256982115
4.97607011629242,-0.960633177266613,0.320529373487252,0.640103803779408
4.97617852052489,-0.953793776359127,0.288875690199642,0.664918086159505
4.97628692475737,-0.945848261137733,0.256886946488068,0.68896131464967
4.97639532898985,-0.936805841568983,0.224600265630055,0.712205575938949
4.97650373322232,-0.92667700978498,0.192053086422795,0.734623923362174
4.9766121374548,-0.915473506137653,0.159283168540349,0.756190337597307
4.97672054168728,-0.903208328172064,0.126328507416947,0.77687982075513
4.97682894591976,-0.889895693903207,0.0932273330343601,0.796668360868845
4.97693735015223,-0.875551046682099,0.0600180245728835,0.815533022109215
4.97704575438471,-0.860191016432738,0.0267391063996071,0.833451910033128
4.97715415861719,-0.843833420790292,-0.00657083608561243,0.850404256875876
4.97726256284966,-0.8264972244414,-0.039873162493181,0.866370386934582
4.97733017600699,-0.815197374041845,-0.0606240751329057,0.875821449174747
4.97739778916432,-0.803529813237471,-0.081347465281785,0.884877278519247
4.97746540232164,-0.791499759832866,-0.10203407515563,0.89353383498845
4.97753301547897,-0.779112633191427,-0.122674573243246,0.901787206434666
4.97762517474084,-0.761663848646398,-0.150716803170821,0.91238065181719
4.97771733400271,-0.743576575267666,-0.17863278052299,0.922209355790663
4.977777533903,-0.731423880993319,-0.196789043775907,0.928212924769234
4.97783773380329,-0.719009636180331,-0.214874827109985,0.933884463290307
4.97789793370358,-0.706338249434121,-0.232883718506232,0.939221967940373
4.97795813360387,-0.693414254112387,-0.250809263396476,0.944223517508843
4.97803063386401,-0.677520914577038,-0.272277597422459,0.949798511999492
4.97810313412415,-0.661276096917525,-0.293604684801605,0.954880781719107
4.97817563438429,-0.644688229542461,-0.314779474252504,0.959467703794978
4.97824813464443,-0.627765928091898,-0.335790956340258,0.963556884432202
4.97832063490458,-0.610517967016956,-0.356628249101955,0.967146216118914
4.97839313516472,-0.592953300890902,-0.377280523096921,0.970233823987816
4.97848130247712,-0.571179637405509,-0.402130602553338,0.973310239958839
4.97856946978952,-0.54896772201224,-0.426672244813718,0.975639966825925
4.97865763710192,-0.526334628794284,-0.450886598626034,0.977221227420314
4.97874580441433,-0.503297733722083,-0.474755062021167,0.978052795743243
4.97883397172673,-0.479874718797489,-0.498259326211008,0.978134045008477
4.97892213903913,-0.456083554677989,-0.521381346676964,0.977464901354951
4.97901030635153,-0.431942496651514,-0.544103392391323,0.976045889042816
4.97909847366393,-0.407470063896226,-0.56640802200452,0.973878085900718
4.97918664097634,-0.3826850331051,-0.588278132308103,0.970963165413187
4.97929504520874,-0.351811314942416,-0.614547215653638,0.966358530596032
4.97940344944115,-0.320529425125271,-0.640103763672612,0.960633188797881
4.97951185367355,-0.288875742460867,-0.664918047325165,0.953793789786017
4.97962025790596,-0.256886999309923,-0.688961277137158,0.945848276447075
4.97972866213836,-0.224600318949425,-0.712205539796085,0.936805858745486
4.97983706637077,-0.19205314017593,-0.734623888635198,0.926677028811135
4.97994547060317,-0.1592832226629,-0.756190304330858,0.915473526993764
4.98005387483558,-0.126328561844061,-0.776879788992235,0.903208350836299
4.98016227906798,-0.0932273877009342,-0.79666833065078,0.8898957183517
4.98027068330039,-0.0600180794133222,-0.815532993475472,0.875551072888811
4.98037908753279,-0.0267391613482141,-0.833451883021393,0.860191044369586
4.98048749176519,0.00657078109488373,-0.850404231522032,0.843833450427133
4.9805958959976,0.039873107526315,-0.866370363272565,0.826497255746276
4.98066350920831,0.0606240366018686,-0.87582143389675,0.815197397294845
4.98073112241902,0.0813474431617015,-0.884877271009423,0.803529827847692
4.98079873562973,0.102034069399384,-0.893533834621107,0.791499765221725
4.98086634884044,0.122674583781721,-0.901787212574562,0.779112628792855
4.98095850809031,0.150716810030974,-0.912380656395258,0.76166384636427
4.98105066734018,0.178632783733301,-0.922209359004402,0.743576575271072
4.98111086723636,0.196789045743655,-0.928212927561393,0.731423881817727
4.98117106713254,0.21487482784478,-0.933884465706293,0.719009637861444
4.98123126702871,0.232883718019104,-0.939221970025882,0.706338252006766
4.98129146692489,0.250809261699555,-0.944223519310049,0.693414257610497
4.98136396718717,0.272277596379321,-0.949798514041159,0.677520917661845
4.98143646744945,0.29360468440548,-0.954880783972595,0.66127609956709
4.98150896771173,0.314779474495605,-0.959467706231348,0.64468823173573
4.98158146797401,0.335790957213812,-0.963556887022258,0.62776592980842
4.98165396823629,0.356628250596302,-0.967146218833363,0.610517968237019
4.98172646849857,0.377280525201459,-0.970233826797092,0.592953301595614
4.98181463579221,0.402130599402354,-0.973310242188737,0.571179642786354
4.98190280308586,0.426672236542175,-0.975639968794531,0.548967732252338
4.9819909703795,0.450886585381058,-0.977221229446573,0.526334644065479
4.98207913767315,0.474755043961473,-0.978052798146761,0.503297754185291
4.9821673049668,0.498259303506919,-0.978134048108734,0.479874744601805
4.98225547226044,0.521381319509993,-0.977464905470953,0.456083585960928
4.98234363955409,0.544103360953975,-0.976045894492509,0.43194253353852
4.98243180684774,0.56640798650002,-0.973878093000623,0.407470106500599
4.98251997414138,0.588278092949975,-0.970963174477871,0.38268508152788
4.98262837837372,0.614547177362483,-0.966358541408004,0.351811364045482
4.98273678260606,0.64010372649615,-0.960633201349198,0.320529474853013
4.9828451868384,0.664918011309772,-0.953793804066635,0.288875792756848
4.98295359107074,0.688961242327864,-0.945848292445049,0.256887050117142
4.98306199530308,0.71220550623644,-0.936805876446784,0.224600370210331
4.98317039953542,0.73462385636741,-0.926677048199807,0.192053191832369
4.98327880376776,0.756190273395652,-0.915473548051774,0.159283274656107
4.9833872080001,0.776879759428822,-0.903208373543796,0.126328614114973
4.98349561223244,0.796668302496742,-0.889895742686859,0.0932274401901018
4.98360401646478,0.815532966766931,-0.875551098827829,0.0600181320608475
4.98371242069712,0.833451857792739,-0.860191071886822,0.0267392140940554
4.98382082492946,0.850404207805884,-0.843833479495175,-0.00657072831072493
4.9839292291618,0.866370341099924,-0.826497286335727,-0.0398730547642177
4.98399684242535,0.875821419938393,-0.815197419836723,-0.060624000101703
4.9840644556889,0.884877264655033,-0.803529841758336,-0.0813474228967076
4.98413206895244,0.893533835250459,-0.791499769929431,-0.102034065321021
4.98419968221599,0.901787219558206,-0.779112623738723,-0.122674595819479
4.9842918414797,0.912380664564903,-0.761663838344387,-0.150716826220509
4.98438400074342,0.922209368125062,-0.743576564102742,-0.178632804022314
4.9844442006138,0.928212933795942,-0.731423875607567,-0.196789058188371
4.98450440048417,0.933884469337679,-0.719009636836941,-0.214874832500739
4.98456460035455,0.939221971339858,-0.706338256389754,-0.232883714950131
4.98462480022493,0.944223518594777,-0.693414267616941,-0.250809250977856
4.98469730048922,0.949798513699805,-0.677520927384529,-0.272277586315304
4.98476980075352,0.954880783978938,-0.661276108982804,-0.293604674996114
4.98484230101781,0.959467706558831,-0.644688240822056,-0.314779465736784
4.98491480128211,0.963556887644046,-0.627765938543355,-0.335790949100723
4.98498730154641,0.967146219722365,-0.610517976599378,-0.356628243122987
4.9850598018107,0.970233827925924,-0.592953309564919,-0.377280518361034
4.98514796910853,0.973310243625076,-0.571179649819161,-0.402130593805933
4.98523613640636,0.975639970467933,-0.548967738303831,-0.42667223216412
4.98532430370419,0.977221231286305,-0.526334649093232,-0.450886582193036
4.98541247100202,0.978052800081653,-0.503297758149132,-0.474755041932537
4.98550063829985,0.978134050067667,-0.479874747464257,-0.498259302603403
4.98558880559769,0.977464907382609,-0.456083587686919,-0.521381319695683
4.98567697289552,0.976045896285861,-0.431942534095808,-0.544103362190055
4.98576514019335,0.973878094604705,-0.407470105859407,-0.566407988745281
4.98585330749118,0.970963175821977,-0.382685079661058,-0.588278096160931
4.98596171172353,0.966358542581007,-0.351811362110844,-0.614547180470183
4.98607011595588,0.960633202351735,-0.320529472855818,-0.640103729495923
4.98617852018823,0.953793804899675,-0.288875790702745,-0.664918014196916
4.98628692442058,0.945848293109557,-0.256887048011633,-0.688961245097908
4.98639532865293,0.936805876944153,-0.224600368059106,-0.712205508885023
4.98650373288528,0.926677048531416,-0.192053189640966,-0.734623858890449
4.98661213711763,0.915473548219401,-0.159283272430376,-0.75619027578903
4.98672054134998,0.903208373549277,-0.126328611860746,-0.776879761688534
4.98682894558233,0.889895742532185,-0.0932274379130265,-0.796668304619169
4.98693734981468,0.875551098515298,-0.0600181297669201,-0.815532968748385
4.98704575404703,0.860191071418867,-0.0267392117891119,-0.833451859629765
4.98715415827939,0.843833478874391,0.00657073062080754,-0.850404209495203
4.98726256251174,0.826497285564944,0.0398730570735392,-0.866370342638424
4.9873301757746,0.815197419091452,0.0606240021951615,-0.875821421286622
4.98739778903746,0.803529841047241,0.0813474247727067,-0.884877265819925
4.98746540230032,0.791499769261113,0.102034066978141,-0.893533836239273
4.98753301556318,0.779112623121586,0.122674597256697,-0.901787220378266
4.9876251748527,0.761663832655389,0.15071683547413,-0.912380668129477
4.98771733414221,0.743576552990554,0.178632821011874,-0.922209374002403
4.98777753399101,0.73142386861147,0.196789068609507,-0.928212937221014
4.98783773383981,0.719009634147703,0.214874836399199,-0.933884470546911
4.98789793368861,0.706338258193467,0.232883712378515,-0.939221970571977
4.98795813353741,0.693414274094804,0.250809241995745,-0.944223516090544
4.98803063380151,0.677520934006758,0.27227757731618,-0.94979851132292
4.98810313406562,0.661276115748936,0.293604665983866,-0.954880781732815
4.98817563432972,0.644688247731251,0.314779456715528,-0.959467704446791
4.98824813459383,0.627765945594891,0.335790940074477,-0.963556885669351
4.98832063485794,0.61051798379232,0.356628234095928,-0.967146217888229
4.98839313512204,0.592953316898123,0.377280509337377,-0.970233826235511
4.98848130244283,0.571179651537755,0.40213059128664,-0.97331024282441
4.98856946976361,0.548967734179601,0.426672235988585,-0.975639970168185
4.9886576370844,0.526334638911593,0.450886592185798,-0.977221231097374
4.98874580440518,0.503297741709112,0.474755057903701,-0.978052799612824
4.98883397172597,0.479874724578955,0.498259324348984,-0.978134048927903
4.98892213904675,0.456083558183627,0.52138134699792,-0.977464905181547
4.98901030636753,0.431942497816456,0.544103394817653,-0.976045892634085
4.98909847368832,0.407470062660862,0.566408026453727,-0.973878089114567
4.9891866410091,0.382685029415224,0.588278138692861,-0.970963168108078
4.98929504524152,0.351811311121026,0.614547221829822,-0.966358532950838
4.98940344947393,0.320529421183307,0.640103769630944,-0.960633190814257
4.98951185370634,0.288875738409215,0.664918053056774,-0.953793791465977
4.98962025793876,0.256886995159803,0.688961282633257,-0.945848277793048
4.98972866217117,0.22460031471208,0.712205545048208,-0.936805859760293
4.98983706640359,0.19205313586271,0.734623893635229,-0.926677029497944
4.989945470636,0.159283218285171,0.756190309070929,-0.915473527356074
4.99005387486841,0.126328557413381,0.776879793464769,-0.90320835087815
4.99016227910083,0.0932273832289381,0.796668334848479,-0.889895718077408
4.99027068333324,0.0600180749115315,0.815532997391452,-0.875551072302949
4.99037908756566,0.0267391568283828,0.833451886648971,-0.860191043477356
4.99048749179807,-0.00657078562102519,0.850404234854919,-0.843833449233874
4.99059589603048,-0.039873112047048,0.866370366304813,-0.826497254257751
4.99066350923995,-0.0606240407296778,0.875821436567418,-0.815197395837738
4.99073112244941,-0.0813474468931625,0.884877273331122,-0.803529826437977
4.99079873565888,-0.102034072731706,0.893533836606752,-0.791499763875067
4.99086634886835,-0.122674586712543,0.901787214237348,-0.779112627524789
4.99095850816985,-0.150716828604381,0.912380663549184,-0.761663834944779
4.99105066747136,-0.178632817787869,0.922209370785336,-0.743576552997437
4.99111086732428,-0.196789066631351,0.92821293442676,-0.731423867795418
4.9911710671772,-0.214874835657168,0.933884468130095,-0.719009632472896
4.99123126703012,-0.232883712861698,0.939221968486669,-0.706338255624967
4.99129146688304,-0.250809243691889,0.944223514290498,-0.693414270598609
4.99136396714501,-0.272277578357991,0.949798509282337,-0.677520930924339
4.99143646740698,-0.293604666378162,0.954880779480336,-0.661276113102151
4.99150896766894,-0.314779456470048,0.959467702011401,-0.644688245541334
4.99158146793091,-0.335790939197991,0.963556883080218,-0.627765943882208
4.99165396819288,-0.356628232598118,0.967146215174743,-0.61051798257659
4.99172646845484,-0.377280507228878,0.97023382342718,-0.592953316198268
4.99181463579437,-0.402130594428257,0.973310240595005,-0.571179646166722
4.99190280313389,-0.426672244245482,0.975639968200011,-0.548967723954483
4.99199097047341,-0.450886605410975,0.977221229071684,-0.526334623660674
4.99207913781293,-0.474755075938647,0.978052797210414,-0.503297721271734
4.99216730515245,-0.498259347023514,0.978134045829676,-0.47987469880613
4.99225547249197,-0.5213813741307,0.977464901068762,-0.456083526938053
4.99234363983149,-0.544103426216451,0.976045887189159,-0.431942460972681
4.99243180717101,-0.56640806191551,0.973878082021266,-0.407470020105725
4.99251997451053,-0.588278178004356,0.970963159052227,-0.382684981047846
4.99262837874301,-0.614547260075171,0.966358522149778,-0.351811262074564
4.99273678297549,-0.640103806762621,0.960633178275887,-0.32052937151323
4.99284518720796,-0.664918089028484,0.953793777200329,-0.288875688171844
4.99295359144044,-0.688961317400106,0.945848261812134,-0.256886944412013
4.99306199567292,-0.712205578566652,0.93680584207811,-0.224600263511433
4.9931703999054,-0.734623925863062,0.926677010130484,-0.192053084267408
4.99327880413788,-0.756190339967566,0.915473506321366,-0.159283166353788
4.99338720837035,-0.776879822991011,0.903208328196007,-0.126328505205026
4.99349561260283,-0.796668362966786,0.88989569376972,-0.0932273308029042
4.99360401683531,-0.81553302406586,0.875551046393487,-0.0600180223276131
4.99371242106779,-0.833451911845172,0.860191015991627,-0.0267391041464301
4.99382082530026,-0.850404258540238,0.843833420199441,0.00657083834083381
4.99392922953274,-0.866370388448364,0.826497223703769,0.0398731647445942
4.99399684268946,-0.87582145050941,0.815197373318207,0.0606240771912434
4.99406445584617,-0.884877279680966,0.803529812535689,0.0813474671452758
4.99413206900288,-0.893533835983602,0.791499759160731,0.102034076822888
4.9941996821596,-0.901787207269644,0.779112632556532,0.122674574713127
4.99429184144732,-0.912380655401421,0.761663842929214,0.150716812472204
4.99438400073504,-0.92220936169144,0.743576564116415,0.178632797575043
4.99444420061367,-0.928212928208653,0.731423873974088,0.196789054234586
4.9945044004923,-0.933884464505715,0.719009633484618,0.214874831021087
4.99456460037093,-0.939221967171341,0.706338251248696,0.23288371592268
4.99462480024956,-0.944223514997099,0.693414260619153,0.250809254377981
4.99469730050952,-0.94979850961676,0.677520921226443,0.272277588390292
4.99476980076948,-0.954880779468624,0.661276103708933,0.293604675759708
4.99484230102944,-0.959467701679884,0.644688236475034,0.314779465204866
4.99491480128941,-0.963556882455682,0.62776593516472,0.33579094729097
4.99498730154937,-0.96714621428402,0.610517974228959,0.35662824005507
4.99505980180933,-0.970233822297568,0.592953308240851,0.377280514056726
4.99514796914467,-0.973310239158212,0.571179639146133,0.402130600012087
4.99523613648,-0.975639966526524,0.548967717915691,0.426672248610859
4.99532430381534,-0.977221227232292,0.526334618646008,0.450886608586317
4.99541247115067,-0.978052795276247,0.503297717321344,0.474755077954921
4.99550063848601,-0.978134043871897,0.47987469595751,0.498259347914412
4.99558880582135,-0.977464899158664,0.456083525226171,0.521381373932492
4.99567697315668,-0.976045885397817,0.431942460429989,0.544103424967818
4.99576514049202,-0.973878080419639,0.407470020761913,0.566408059657736
4.99585330782735,-0.970963157710996,0.382684982930014,0.588278174780949
4.99596171205983,-0.966358520979888,0.351811264023092,0.614547256956783
4.9960701162923,-0.960633177276577,0.320529373522652,0.640103803753944
4.99617852052477,-0.953793776370543,0.288875690236529,0.664918086134026
4.99628692475725,-0.945848261150664,0.256886946526341,0.688961314624327
4.99639532898972,-0.9368058415835,0.224600265669739,0.712205575913753
4.99650373322219,-0.926677009801087,0.192053086463846,0.734623923337256
4.99661213745467,-0.915473506155485,0.159283168582761,0.756190337572708
4.99672054168714,-0.903208328191641,0.126328507460673,0.77687982073095
4.99682894591961,-0.889895693924583,0.0932273330793806,0.796668360845236
4.99693735015209,-0.875551046705295,0.0600180246190548,0.815533022086255
4.99704575438456,-0.860191016457878,0.0267391064470308,0.833451910010856
4.99715415861703,-0.843833420817346,-0.00657083603702787,0.850404256854407
4.99726256284951,-0.826497224470488,-0.0398731624435031,0.866370386914013
4.99733017600689,-0.815197374061915,-0.0606240751010573,0.875821449162995
4.99739778916427,-0.803529813247941,-0.0813474652677201,0.884877278515659
4.99746540232166,-0.791499759833115,-0.102034075159286,0.893533834992407
4.99753301547904,-0.779112633180849,-0.122674573264548,0.901787206445395
4.99762517474093,-0.761663848631867,-0.150716803197453,0.9123806518293
4.99771733400282,-0.743576575248934,-0.178632780554934,0.922209355803863
4.99777753390307,-0.731423880982498,-0.196789043795379,0.928212924777866
4.99783773380331,-0.719009636177704,-0.214874827117136,0.933884463294853
4.99789793370356,-0.706338249440064,-0.232883718501199,0.939221967941219
4.99795813360381,-0.693414254127242,-0.250809263379294,0.944223517506536
4.99803063386392,-0.677520914598983,-0.272277597396301,0.94979851199528
4.99810313412403,-0.661276096946923,-0.293604684766554,0.954880781713446
4.99817563438415,-0.64468822957956,-0.314779474208724,0.959467703788273
4.99824813464426,-0.627765928136945,-0.335790956287901,0.963556884424828
4.99832063490437,-0.610517967070252,-0.35662824904117,0.967146216111403
4.99839313516448,-0.592953300952601,-0.377280523027995,0.970233823980594
4.99848130247686,-0.571179637473074,-0.402130602480016,0.973310239953064
4.99856946978924,-0.548967722085828,-0.426672244736147,0.97563996682199
4.99865763710163,-0.526334628873966,-0.450886598544439,0.977221227418391
4.99874580441401,-0.503297733808072,-0.474755061935734,0.978052795743798
4.99883397172639,-0.479874718889762,-0.498259326122036,0.978134045011811
4.99892213903878,-0.45608355477666,-0.521381346584648,0.977464901361304
4.99901030635116,-0.431942496756728,-0.544103392295832,0.976045889052548
4.99909847366354,-0.407470064008017,-0.566408021906153,0.97387808591415
4.99918664097593,-0.382685033223435,-0.58827813220714,0.970963165430576
4.99929504520834,-0.35181131506149,-0.614547215556023,0.966358530617522
4.99940344944075,-0.320529425244852,-0.640103763578458,0.960633188823311
4.99951185367315,-0.288875742580747,-0.664918047234609,0.953793789815321
4.99962025790556,-0.25688699942997,-0.688961277050235,0.945848276480173
4.99972866213797,-0.224600319069435,-0.712205539712806,0.936805858782234
4.99983706637038,-0.192053140295773,-0.734623888555645,0.926677028851413
4.99994547060279,-0.159283222782406,-0.756190304255049,0.915473527037479
5,-0.142726348653587,-0.766709180996155,0.909435529649666
